X1	X2	X3	X4	X1.1	X2.1	X3.1	X4.1	X1.2	X2.2	X3.2	X4.2
NA	NA	NA	NA	NA	NA	NA	NA	NA	NA	NA	NA
NA	NA	NA	NA	NA	NA	NA	NA	NA	NA	NA	NA
NA	NA	NA	NA	NA	NA	NA	NA	NA	NA	NA	NA
NA	NA	NA	NA	NA	NA	NA	NA	NA	NA	NA	NA
NA	NA	NA	NA	NA	NA	NA	NA	NA	NA	NA	NA
NA	NA	NA	NA	NA	NA	NA	NA	NA	NA	NA	NA
NA	NA	NA	NA	NA	NA	NA	NA	NA	NA	NA	NA
NA	NA	NA	NA	NA	NA	NA	NA	NA	NA	NA	NA
NA	NA	NA	NA	NA	NA	NA	NA	NA	NA	NA	NA
NA	NA	NA	NA	NA	NA	NA	NA	NA	NA	NA	NA
NA	NA	NA	NA	NA	NA	NA	NA	NA	NA	NA	NA
NA	NA	NA	NA	NA	NA	NA	NA	NA	NA	NA	NA
NA	NA	NA	NA	NA	NA	NA	NA	NA	NA	NA	NA
NA	NA	NA	NA	NA	NA	NA	NA	NA	NA	NA	NA
NA	NA	NA	NA	NA	NA	NA	NA	NA	NA	NA	NA
NA	NA	NA	NA	NA	NA	NA	NA	NA	NA	NA	NA
NA	NA	NA	NA	NA	NA	NA	NA	NA	NA	NA	NA
NA	NA	NA	NA	NA	NA	NA	NA	NA	NA	NA	NA
NA	NA	NA	NA	NA	NA	NA	NA	NA	NA	NA	NA
NA	NA	NA	NA	NA	NA	NA	NA	NA	NA	NA	NA
NA	NA	NA	NA	NA	NA	NA	NA	NA	NA	NA	NA
NA	NA	NA	NA	NA	NA	NA	NA	NA	NA	NA	NA
NA	NA	NA	NA	NA	NA	NA	NA	NA	NA	NA	NA
NA	NA	NA	NA	NA	NA	NA	NA	NA	NA	NA	NA
NA	NA	NA	NA	NA	NA	NA	NA	NA	NA	NA	NA
NA	NA	NA	NA	NA	NA	NA	NA	NA	NA	NA	NA
NA	NA	NA	NA	NA	NA	NA	NA	NA	NA	NA	NA
NA	NA	NA	NA	NA	NA	NA	NA	NA	NA	NA	NA
NA	NA	NA	NA	NA	NA	NA	NA	NA	NA	NA	NA
NA	NA	NA	NA	NA	NA	NA	NA	NA	NA	NA	NA
NA	NA	NA	NA	NA	NA	NA	NA	NA	NA	NA	NA
NA	NA	NA	NA	NA	NA	NA	NA	NA	NA	NA	NA
NA	NA	NA	NA	NA	NA	NA	NA	NA	NA	NA	NA
NA	NA	NA	NA	NA	NA	NA	NA	NA	NA	NA	NA
NA	NA	NA	NA	NA	NA	NA	NA	NA	NA	NA	NA
NA	NA	NA	NA	NA	NA	NA	NA	NA	NA	NA	NA
NA	NA	NA	NA	NA	NA	NA	NA	NA	NA	NA	NA
NA	NA	NA	NA	NA	NA	NA	NA	NA	NA	NA	NA
NA	NA	NA	NA	NA	NA	NA	NA	NA	NA	NA	NA
NA	NA	NA	NA	NA	NA	NA	NA	NA	NA	NA	NA
NA	NA	NA	NA	NA	NA	NA	NA	NA	NA	NA	NA
NA	NA	NA	NA	NA	NA	NA	NA	NA	NA	NA	NA
NA	NA	NA	NA	NA	NA	NA	NA	NA	NA	NA	NA
NA	NA	NA	NA	NA	NA	NA	NA	NA	NA	NA	NA
NA	NA	NA	NA	NA	NA	NA	NA	NA	NA	NA	NA
NA	NA	NA	NA	NA	NA	NA	NA	NA	NA	NA	NA
NA	NA	NA	NA	NA	NA	NA	NA	NA	NA	NA	NA
NA	NA	NA	NA	NA	NA	NA	NA	NA	NA	NA	NA
NA	NA	NA	NA	NA	NA	NA	NA	NA	NA	NA	NA
NA	NA	NA	NA	NA	NA	NA	NA	NA	NA	NA	NA
NA	NA	NA	NA	NA	NA	NA	NA	NA	NA	NA	NA
NA	NA	NA	NA	NA	NA	NA	NA	NA	NA	NA	NA
NA	NA	NA	NA	NA	NA	NA	NA	NA	NA	NA	NA
NA	NA	NA	NA	NA	NA	NA	NA	NA	NA	NA	NA
NA	NA	NA	NA	NA	NA	NA	NA	NA	NA	NA	NA
NA	NA	NA	NA	NA	NA	NA	NA	NA	NA	NA	NA
NA	NA	NA	NA	NA	NA	NA	NA	NA	NA	NA	NA
NA	NA	NA	NA	NA	NA	NA	NA	NA	NA	NA	NA
NA	NA	NA	NA	NA	NA	NA	NA	NA	NA	NA	NA
NA	NA	NA	NA	NA	NA	NA	NA	NA	NA	NA	NA
NA	NA	NA	NA	NA	NA	NA	NA	NA	NA	NA	NA
NA	NA	NA	NA	NA	NA	NA	NA	NA	NA	NA	NA
NA	NA	NA	NA	NA	NA	NA	NA	NA	NA	NA	NA
NA	NA	NA	NA	NA	NA	NA	NA	NA	NA	NA	NA
NA	NA	NA	NA	NA	NA	NA	NA	NA	NA	NA	NA
NA	NA	NA	NA	NA	NA	NA	NA	NA	NA	NA	NA
NA	NA	NA	NA	NA	NA	NA	NA	NA	NA	NA	NA
NA	NA	NA	NA	NA	NA	NA	NA	NA	NA	NA	NA
NA	NA	NA	NA	NA	NA	NA	NA	NA	NA	NA	NA
NA	NA	NA	NA	NA	NA	NA	NA	NA	NA	NA	NA
NA	NA	NA	NA	NA	NA	NA	NA	NA	NA	NA	NA
NA	NA	NA	NA	NA	NA	NA	NA	NA	NA	NA	NA
NA	NA	NA	NA	NA	NA	NA	NA	NA	NA	NA	NA
NA	NA	NA	NA	NA	NA	NA	NA	NA	NA	NA	NA
NA	NA	NA	NA	NA	NA	NA	NA	NA	NA	NA	NA
NA	NA	NA	NA	NA	NA	NA	NA	NA	NA	NA	NA
NA	NA	NA	NA	NA	NA	NA	NA	NA	NA	NA	NA
NA	NA	NA	NA	NA	NA	NA	NA	NA	NA	NA	NA
NA	NA	NA	NA	NA	NA	NA	NA	NA	NA	NA	NA
NA	NA	NA	NA	NA	NA	NA	NA	NA	NA	NA	NA
NA	NA	NA	NA	NA	NA	NA	NA	NA	NA	NA	NA
NA	NA	NA	NA	NA	NA	NA	NA	NA	NA	NA	NA
NA	NA	NA	NA	NA	NA	NA	NA	NA	NA	NA	NA
NA	NA	NA	NA	NA	NA	NA	NA	NA	NA	NA	NA
NA	NA	NA	NA	NA	NA	NA	NA	NA	NA	NA	NA
NA	NA	NA	NA	NA	NA	NA	NA	NA	NA	NA	NA
NA	NA	NA	NA	NA	NA	NA	NA	NA	NA	NA	NA
NA	NA	NA	NA	NA	NA	NA	NA	NA	NA	NA	NA
NA	NA	NA	NA	NA	NA	NA	NA	NA	NA	NA	NA
NA	NA	NA	NA	NA	NA	NA	NA	NA	NA	NA	NA
NA	NA	NA	NA	NA	NA	NA	NA	NA	NA	NA	NA
NA	NA	NA	NA	NA	NA	NA	NA	NA	NA	NA	NA
NA	NA	NA	NA	NA	NA	NA	NA	NA	NA	NA	NA
NA	NA	NA	NA	NA	NA	NA	NA	NA	NA	NA	NA
NA	NA	NA	NA	NA	NA	NA	NA	NA	NA	NA	NA
NA	NA	NA	NA	NA	NA	NA	NA	NA	NA	NA	NA
NA	NA	NA	NA	NA	NA	NA	NA	NA	NA	NA	NA
NA	NA	NA	NA	NA	NA	NA	NA	NA	NA	NA	NA
NA	NA	NA	NA	NA	NA	NA	NA	NA	NA	NA	NA
NA	NA	NA	NA	NA	NA	NA	NA	NA	NA	NA	NA
1.93828324088578	0.210812059733466	1.52509160380819	2.35147487796337	1.92910170997938	0.187009236174742	1.56256360707689	2.29563981288188	1.92910170997938	0.210812059733466	1.4646508775201	2.31011177627076
1.85735206691992	0.185268742753824	1.49422533112243	2.22047880271742	1.81594640199447	0.160039146442321	1.50226967496752	2.12962312902142	1.81594640199447	0.185268742753824	1.4190853395825	2.1492358452627
1.66641002932612	0.340690900775494	0.998655863806153	2.33416419484609	1.80560533163809	0.271600617615977	1.27326812111078	2.33794254216541	1.80560533163809	0.340690900775494	1.12540082176422	2.42294980985634
1.96692937686915	0.265313772284817	1.44691438319091	2.48694437054739	1.92939090383354	0.214285072592167	1.50939216155289	2.34938964611419	1.92939090383354	0.265313772284817	1.3444135540227	2.41666508324967
1.87694983795199	0.199524509690282	1.48588179895903	2.26801787694494	1.83736126865536	0.173342347358952	1.49761026783182	2.17711226947891	1.83736126865536	0.199524509690282	1.40453218415374	2.20360244660567
2.25385006804663	0.1981701487222	1.86543657655112	2.64226355954214	2.24248169627388	0.174022775690558	1.90139705592039	2.58356633662737	2.24248169627388	0.1981701487222	1.86341454290655	2.62668314725975
2.44608072148049	0.202173618023509	2.04982043015441	2.84234101280656	2.46242658466254	0.184614474994976	2.10058221367238	2.82427095565269	2.46242658466254	0.202173618023509	2.0550538740896	2.85963781214963
1.68103292762586	0.228652698048914	1.23287363944998	2.12919221580173	1.76693775919157	0.191440635427043	1.39171411375456	2.14216140462857	1.76693775919157	0.228652698048914	1.32858109296554	2.24122544249022
2.00857091022763	0.237881285522061	1.54232359060439	2.47481822985087	2.01542011476499	0.213241848913585	1.59746609089436	2.43337413863562	2.01542011476499	0.237881285522061	1.55334971958062	2.45254723163962
2.1860351545645	0.194143236584094	1.80551441085968	2.56655589826932	2.11459386416995	0.177446336470528	1.76679904468772	2.46238868365218	2.11459386416995	0.194143236584094	1.72148080586673	2.50427610105692
1.88761516470053	0.18296099330531	1.52901161782213	2.24621871157894	1.93946544496274	0.168540968540973	1.60912514662243	2.26980574330305	1.93946544496274	0.18296099330531	1.5753513712516	2.34924362960796
1.83737215311858	0.236012241008619	1.37478816074169	2.29995614549548	1.80651616191863	0.199748918762638	1.41500828114386	2.1980240426934	1.80651616191863	0.236012241008619	1.28641175845062	2.20970963213529
2.2117730495795	0.221945769523019	1.77675934131438	2.64678675784462	2.17544626621511	0.192766429384457	1.79762406462157	2.55326846780864	2.17544626621511	0.221945769523019	1.74483633624093	2.60541729836804
2.10265507479703	0.192334424679552	1.72567960242511	2.47963054716895	1.97089540208411	0.171876710334184	1.63401704982911	2.30777375433911	1.97089540208411	0.192334424679552	1.57743802769997	2.3358114951159
2.2539542677225	0.181980482293391	1.89727252242745	2.61063601301754	2.19007074324607	0.172526958198278	1.85191790517744	2.52822358131469	2.19007074324607	0.181980482293391	1.83500413479245	2.55025125344519
2.35348662372501	0.213915946690239	1.93421136821214	2.77276187923787	2.28635303153647	0.186680419139017	1.920459410024	2.65224665304895	2.28635303153647	0.213915946690239	1.83442468631454	2.67055981963513
1.76451414829745	0.217095450364319	1.33900706558338	2.19002123101151	1.8570505555717	0.194672246242014	1.47549295293735	2.23860815820605	1.8570505555717	0.217095450364319	1.44840927567689	2.29025840692707
1.90467618179068	0.234806811767016	1.44445483072732	2.36489753285403	1.94820397180108	0.203396670660472	1.54954649730655	2.34686144629561	1.94820397180108	0.234806811767016	1.4805810813491	2.3831762787207
1.86401855682325	0.179779742267586	1.51165026197878	2.21638685166772	1.90192200262614	0.167456299633007	1.57370765534544	2.23013634990683	1.90192200262614	0.179779742267586	1.56035726213342	2.27494506152238
1.71099089622307	0.195065882850046	1.32866176583698	2.09332002660916	1.70358803588531	0.177745984010548	1.35520590722463	2.05197016454598	1.70358803588531	0.195065882850046	1.36130987450287	2.08892295969453
2.00542098203374	0.18171675845182	1.64925613546818	2.36158582859931	1.95745154875535	0.159377668889176	1.64507131773257	2.26983177977814	1.95745154875535	0.18171675845182	1.5918736588881	2.28802982538326
1.88201759495683	0.191875190034096	1.50594222249	2.25809296742366	1.88348168688613	0.169865606293703	1.55054509855047	2.21641827522178	1.88348168688613	0.191875190034096	1.50581984614056	2.24290422195249
2.22742888565526	0.206677545699438	1.82234089608436	2.63251687522615	2.29697892315802	0.177727758058001	1.94863251736433	2.6453253289517	2.29697892315802	0.206677545699438	1.90181227353058	2.70507564333921
1.81533236714751	0.204810875011084	1.41390305212579	2.21676168216924	1.82388296763438	0.185480041228243	1.46034208682703	2.18742384844174	1.82388296763438	0.204810875011084	1.44475648672345	2.23009089008243
2.20480068183551	0.192164092683	1.82815906017683	2.58144230349418	2.22873739074426	0.173579528104183	1.88852151566006	2.56895326582845	2.22873739074426	0.192164092683	1.86473182280269	2.62774444953998
1.86282775324609	0.22459473608878	1.42262207051208	2.3030334359801	1.85759513034372	0.199553488680773	1.46647029252941	2.24871996815804	1.85759513034372	0.22459473608878	1.41534409999762	2.29866944433043
1.61044242143968	0.289453156911284	1.04311423389356	2.1777706089858	1.68025988409633	0.232464515161981	1.22462943437885	2.13589033381381	1.68025988409633	0.289453156911284	1.05172504389702	2.18399232556915
1.92453990173882	0.222889629997823	1.48767622694309	2.36140357653456	2.03310748382097	0.204103728218099	1.6330641765135	2.43315079112845	2.03310748382097	0.222889629997823	1.60677961880196	2.50674066484434
2.14007781442707	0.22909732818591	1.69104705118268	2.58910857767145	2.12490955363914	0.218509379499241	1.69663116982063	2.55318793745765	2.12490955363914	0.22909732818591	1.58101989881737	2.51532160997863
1.93948616665772	0.217903448443442	1.51239540770858	2.36657692560687	2.0078834357945	0.183370074552389	1.64847808967182	2.36728878191718	2.0078834357945	0.217903448443442	1.54435682846819	2.42101278870696
2.21257351647162	0.213576230637473	1.79396410442218	2.63118292852107	2.22654165682249	0.178522356273705	1.87663783852603	2.57644547511895	2.22654165682249	0.213576230637473	1.81903389186302	2.65474352294591
2.21634067568675	0.200894022478785	1.82258839162833	2.61009295974517	2.28785625315198	0.1775367372936	1.93988424805653	2.63582825824744	2.28785625315198	0.200894022478785	1.91988577001052	2.69316987473746
1.97600517597408	0.214688847163123	1.55521503553436	2.3967953164138	1.93020945666603	0.213483774448103	1.51178125874775	2.34863765458431	1.93020945666603	0.214688847163123	1.47480940742963	2.31826222472324
2.30422498127551	0.170699662751406	1.96965364228275	2.63879632026826	2.29723119449052	0.158933801534529	1.98572094348284	2.6087414454982	2.29723119449052	0.170699662751406	1.97640259403282	2.64473467609281
1.83953420932777	0.286282201647656	1.27842109409836	2.40064732455718	1.85085530104692	0.221579951680692	1.41655859575276	2.28515200634107	1.85085530104692	0.286282201647656	1.2555712564526	2.36590272237699
1.93856466895439	0.254644811751102	1.43946083792222	2.43766849998655	1.95307218837154	0.224837586112069	1.51239051959188	2.39375385715119	1.95307218837154	0.254644811751102	1.45971685718171	2.46302077786258
2.31835049015997	0.213308952565987	1.90026494313064	2.73643603718931	2.3186297290505	0.200895446930087	1.92487465306753	2.71238480503348	2.3186297290505	0.213308952565987	1.8761550304668	2.71431813826026
2.13032054820478	0.243032999950127	1.65397586830253	2.60666522810702	2.19840866238288	0.219156024277995	1.76886285479801	2.62795446996775	2.19840866238288	0.243032999950127	1.71189195581456	2.65297876498425
2.13945845374683	0.192301958499146	1.7625466150885	2.51637029240515	2.16101501657059	0.187583100268588	1.79335214004416	2.52867789309702	2.16101501657059	0.192301958499146	1.75207868800211	2.50637741873856
2.1678591369702	0.226661948146198	1.72360171860365	2.61211655533674	2.1269603909523	0.185449490903855	1.76347938878075	2.49044139312386	2.1269603909523	0.226661948146198	1.64410903825415	2.54517530597422
2.14014773033562	0.197784472380804	1.75249016446924	2.527805296202	2.15637826068042	0.196491674372296	1.77125457891073	2.54150194245012	2.15637826068042	0.197784472380804	1.76318745969301	2.55332704275497
2.03804838453002	0.29796418594747	1.45403858007298	2.62205818898707	2.09117998129365	0.249237301109889	1.60267487111827	2.57968509146904	2.09117998129365	0.29796418594747	1.61570972693243	2.80579326940196
2.18932468545082	0.216435658043526	1.7651107956855	2.61353857521613	2.10798168119589	0.189793553960621	1.73598631543307	2.47997704695871	2.10798168119589	0.216435658043526	1.66831985101316	2.50564787069605
1.91398179902917	0.234983732169116	1.4534136839777	2.37454991408064	2.00484714674341	0.214743974867497	1.58394895600311	2.4257453374837	2.00484714674341	0.234983732169116	1.53700547865096	2.48158600272557
1.6045540600594	0.264574707074924	1.08598763419254	2.12312048592625	1.6614816997628	0.232868108589029	1.20506020692831	2.1179031925973	1.6614816997628	0.264574707074924	1.15056545366773	2.18890590559261
1.82637192576882	0.329440743478371	1.18066806855121	2.47207578298643	1.71031385444121	0.274474073858107	1.17234466967932	2.24828303920311	1.71031385444121	0.329440743478371	0.953375426163699	2.25726330416702
1.92409995410903	0.236171037419656	1.46120472076651	2.38699518745156	1.82815124585176	0.225897164690419	1.38539280305854	2.27090968864498	1.82815124585176	0.236171037419656	1.4132277584132	2.32412211880908
1.80777877702306	0.20719409321909	1.40167835431364	2.21387919973247	1.87352355605758	0.200034262794271	1.48145640098081	2.26559071113435	1.87352355605758	0.20719409321909	1.49839173432561	2.32564981888083
2.00822825693391	0.161429416625473	1.69182660034799	2.32462991351984	2.04726627146917	0.15150281286758	1.75032075824871	2.34421178468963	2.04726627146917	0.161429416625473	1.72476444897847	2.38133563640916
2.30624002542082	0.171138882106277	1.97080781649252	2.64167223434912	2.33750458792065	0.155670160934543	2.03239107248895	2.64261810335235	2.33750458792065	0.171138882106277	2.0124421414128	2.67014073057981
1.9257596170136	0.312409324977035	1.31343734005861	2.53808189396858	1.78493152501851	0.243082714195731	1.30848940519488	2.26137364484215	1.78493152501851	0.312409324977035	1.23061154073458	2.50863253523501
1.72621793808967	0.200870346723347	1.33251205851191	2.11992381766743	1.69386121967116	0.183131432897952	1.33492361119117	2.05279882815114	1.69386121967116	0.200870346723347	1.28421986632984	2.07420069153262
1.82269430683657	0.263079174803486	1.30705912422174	2.3383294894514	1.91157184241977	0.235610175217049	1.44977589899435	2.37336778584519	1.91157184241977	0.263079174803486	1.41478459495114	2.38187557238072
2.17846151942109	0.203463311547761	1.77967342878748	2.5772496100547	2.25708580172418	0.195874095908532	1.87317257374346	2.64099902970491	2.25708580172418	0.203463311547761	1.86908480634335	2.66420431245024
2.11873279619015	0.198357545683157	1.72995200665116	2.50751358572913	2.09714400160561	0.17588587381729	1.75240768892372	2.4418803142875	2.09714400160561	0.198357545683157	1.69752453185129	2.4760510015178
1.8177386068088	0.285860293650327	1.25745243125416	2.37802478236344	1.75844600919353	0.240457058936079	1.28715017367881	2.22974184470824	1.75844600919353	0.285860293650327	1.18140103238473	2.34310050311789
2.03916011821831	0.199864963898903	1.64742478897646	2.43089544746016	2.09804459952344	0.178854295347719	1.74749018064191	2.44859901840497	2.09804459952344	0.199864963898903	1.75035151545582	2.53623966943274
2.26058657407066	0.188301751800454	1.89151514054177	2.62965800759955	2.20511633709059	0.176363936474392	1.85944302160078	2.55078965258039	2.20511633709059	0.188301751800454	1.84359054550206	2.5678830151796
1.86524044577516	0.204489897599554	1.46444024648003	2.26604064507028	1.90572700659857	0.192071892683738	1.52926609693844	2.28218791625869	1.90572700659857	0.204489897599554	1.5032932565027	2.31270579762001
2.2297325498317	0.176747195518528	1.88330804661539	2.57615705304802	2.23626453500809	0.161387282400167	1.91994546150376	2.55258360851241	2.23626453500809	0.176747195518528	1.90555520555689	2.58388497821019
1.8959545218319	0.249719479473281	1.40650434206427	2.38540470159953	1.95105090787407	0.219516560153042	1.52079844997411	2.38130336577403	1.95105090787407	0.249719479473281	1.44570652558278	2.42223722001571
2.03753383192334	0.197711660098414	1.65001897813045	2.42504868571623	2.04418397536872	0.179072265288352	1.69320233540355	2.39516561533389	2.04418397536872	0.197711660098414	1.65949361257588	2.41048933247165
2.19026510229767	0.231915002006114	1.73571169836568	2.64481850622965	2.20085314256548	0.207794183679452	1.79357654255375	2.60812974257721	2.20085314256548	0.231915002006114	1.76038572932164	2.71279991475684
1.81422604679049	0.261358402176125	1.30196357852528	2.32648851505569	1.88127401706887	0.229597033949981	1.43126383052691	2.33128420361083	1.88127401706887	0.261358402176125	1.41097954380575	2.38418553078899
2.0638434561733	0.175768538735165	1.71933712025238	2.40834979209422	2.02736604154966	0.151536316941352	1.73035486034461	2.3243772227547	2.02736604154966	0.175768538735165	1.67159451010288	2.36009688673241
1.9755183391416	0.179168418582074	1.62434823872074	2.32668843956247	1.97732199131429	0.172837314166683	1.63856085554759	2.31608312708099	1.97732199131429	0.179168418582074	1.64956265587696	2.34225283664678
1.90749547077995	0.197869093461115	1.51967204759616	2.29531889396374	1.91411690493674	0.177532437846659	1.56615332675728	2.26208048311619	1.91411690493674	0.197869093461115	1.56277330333075	2.31546185606534
2.24336557011775	0.220813265380565	1.81057156997184	2.67615957026365	2.20670004859913	0.203119728070369	1.80858538158121	2.60481471561705	2.20670004859913	0.220813265380565	1.73008531594059	2.62024753657053
1.9650962796387	0.214308275244651	1.54505206015919	2.38514049911822	2.00677690351181	0.190368562837327	1.63365452035065	2.37989928667298	2.00677690351181	0.214308275244651	1.56933248263012	2.4072194950051
1.91751570493462	0.168193580081799	1.5878562879743	2.24717512189495	1.94096197373689	0.160521384976689	1.62634005918258	2.2555838882912	1.94096197373689	0.168193580081799	1.61878088496069	2.26410265638599
1.82751396547084	0.223208267695424	1.39002576078781	2.26500217015387	1.99041210009187	0.175605842376906	1.64622464903314	2.33459955115061	1.99041210009187	0.223208267695424	1.58196697231516	2.42631478480777
1.96875261769637	0.273333782340927	1.43301840430816	2.50448683108459	1.95913512325044	0.245658201504682	1.47764504830126	2.44062519819961	1.95913512325044	0.273333782340927	1.35538186786502	2.39822739918314
1.94966782468766	0.178169625639558	1.60045535843413	2.2988802909412	1.93735483335942	0.168581508316328	1.60693507705942	2.26777458965943	1.93735483335942	0.178169625639558	1.5877549881952	2.28249299392323
2.09252379640976	0.239456498085523	1.62318906016213	2.56185853265739	2.07452888980039	0.212370746867869	1.65828222593937	2.49077555366141	2.07452888980039	0.239456498085523	1.57684297983739	2.48220350028208
1.97975285082128	0.242540644322747	1.50437318794869	2.45513251369386	2.08169082192462	0.217017760826332	1.65633601070501	2.50704563314423	2.08169082192462	0.242540644322747	1.61917230665139	2.54618119875738
1.8090320734481	0.190873583648268	1.4349198494975	2.18314429739871	1.84105226112671	0.17049728342899	1.50687758560589	2.17522693664753	1.84105226112671	0.190873583648268	1.46869740721151	2.21290626551237
1.67213444631637	0.339648803093468	1.00642279225317	2.33784610037957	1.62679595371001	0.286777921851387	1.06471122688129	2.18888068053873	1.62679595371001	0.339648803093468	0.865449846628124	2.2121798186522
2.28188054191372	0.224186472186099	1.84247505642896	2.72128602739847	2.1954321326412	0.190801938741702	1.82146033270746	2.56940393257493	2.1954321326412	0.224186472186099	1.71777202602464	2.59161118212994
1.98697341852726	0.265991070980518	1.46563091940544	2.50831591764907	2.05467562026124	0.221379958919154	1.6207709007797	2.48858033974278	2.05467562026124	0.265991070980518	1.5884076999095	2.62067850922856
2.23787066798069	0.180908786090482	1.88328944724335	2.59245188871804	2.23306745431398	0.172261345973284	1.89543521620634	2.57069969242162	2.23306745431398	0.180908786090482	1.87700635295154	2.58933117447007
1.75912468607915	0.230696948707861	1.30695866661174	2.21129070554656	1.81671180662402	0.207310280674849	1.41038365650132	2.22303995674672	1.81671180662402	0.230696948707861	1.36589231858048	2.26662245249078
2.0588830777201	0.206112586624281	1.65490240793651	2.46286374750369	2.1043099476605	0.199258389538808	1.71376350416443	2.49485639115656	2.1043099476605	0.206112586624281	1.72991693527048	2.51413405402608
1.89804422661085	0.191726393895167	1.52226049457632	2.27382795864537	1.861111258757	0.184461559392415	1.49956660234786	2.22265591516613	1.861111258757	0.191726393895167	1.46091472123079	2.21954897989458
1.9346291928161	0.201228190407918	1.54022193961658	2.32903644601562	1.95412940633463	0.193677783645262	1.57452095038992	2.33373786227934	1.95412940633463	0.201228190407918	1.55092521970037	2.33658858046013
1.92482430568499	0.18597715086044	1.56030908999852	2.28933952137145	1.91597479845133	0.166385753422465	1.5898587217433	2.24209087515936	1.91597479845133	0.18597715086044	1.52894491114988	2.26683095067135
1.82356732524189	0.216361874570732	1.39949805108325	2.24763659940052	1.92808230557885	0.184693258759804	1.56608351840963	2.29008109274806	1.92808230557885	0.216361874570732	1.47447029270131	2.33264697014819
2.04878448274831	0.204600554747589	1.64776739544304	2.44980157005359	2.09071009023226	0.187404783232222	1.7233967150971	2.45802346536741	2.09071009023226	0.204600554747589	1.67370406841446	2.48194955004545
1.91564546232651	0.27592980739758	1.37482303982726	2.45646788482577	1.96736357927564	0.223045064603567	1.53019525265264	2.40453190589863	1.96736357927564	0.27592980739758	1.35086250223318	2.47807949425991
2.09386449312163	0.177633938356575	1.74570197394274	2.44202701230051	2.12216146997945	0.157399026545656	1.81365937794997	2.43066356200894	2.12216146997945	0.177633938356575	1.79567526137673	2.48540531360059
2.08155389866344	0.212260311282179	1.66552368855037	2.49758410877651	2.05164578519022	0.185202167902318	1.68864953610168	2.41464203427877	2.05164578519022	0.212260311282179	1.62838481497226	2.44894134591105
1.96788196466175	0.221141800097201	1.53444403647124	2.40131989285227	1.94954235793727	0.178033259667509	1.60059716898895	2.29848754688558	1.94954235793727	0.221141800097201	1.52618017101385	2.37553187276666
1.98597524716897	0.213117237997551	1.56826546069377	2.40368503364417	2.01975829729719	0.187708410910213	1.65184981191317	2.3876667826812	2.01975829729719	0.213117237997551	1.60253939927039	2.43808783166355
1.85740445048027	0.231101186922978	1.40444612411123	2.31036277684931	1.99066789134028	0.193562138292387	1.6112861002872	2.37004968239336	1.99066789134028	0.231101186922978	1.57329034072623	2.48666135670834
2.03135226019947	0.298649749036703	1.44599875208753	2.61670576831141	1.96249507095632	0.258046624926855	1.45672368609969	2.46826645581296	1.96249507095632	0.298649749036703	1.38524288330549	2.53642672131672
2.04433465082074	0.241821640905991	1.57036423464499	2.51830506699648	2.11995296448273	0.205627941121332	1.71692219988492	2.52298372908054	2.11995296448273	0.241821640905991	1.64795484169671	2.63830577562666
2.16225761643248	0.21645826068641	1.73799942548711	2.58651580737784	2.14634789412395	0.190503361809066	1.77296130497818	2.51973448326972	2.14634789412395	0.21645826068641	1.71647613391553	2.56193669836966
1.9468614281208	0.237942538704203	1.48049405226056	2.41322880398104	1.84299376539885	0.211565994003863	1.42832441715128	2.25766311364642	1.84299376539885	0.237942538704203	1.32193264000446	2.24149755076886
2.28095103229221	0.208404675672436	1.87247786797424	2.68942419661019	2.31010732902051	0.191959917752397	1.93386589022581	2.68634876781521	2.31010732902051	0.208404675672436	1.88771016634131	2.70680705052415
1.88702911126516	0.240503873567085	1.41564151907367	2.35841670345665	1.97628527053096	0.222143119708748	1.54088475590182	2.41168578516011	1.97628527053096	0.240503873567085	1.50147745321709	2.44436440865402
2.17065773088987	0.187674060281661	1.80281657273781	2.53849888904192	2.1340366499342	0.178469528022129	1.78423637501082	2.48383692485757	2.1340366499342	0.187674060281661	1.76521868330024	2.49523754642392
NA	NA	NA	NA	NA	NA	NA	NA	NA	NA	NA	NA
NA	NA	NA	NA	NA	NA	NA	NA	NA	NA	NA	NA
NA	NA	NA	NA	NA	NA	NA	NA	NA	NA	NA	NA
NA	NA	NA	NA	NA	NA	NA	NA	NA	NA	NA	NA
NA	NA	NA	NA	NA	NA	NA	NA	NA	NA	NA	NA
NA	NA	NA	NA	NA	NA	NA	NA	NA	NA	NA	NA
NA	NA	NA	NA	NA	NA	NA	NA	NA	NA	NA	NA
NA	NA	NA	NA	NA	NA	NA	NA	NA	NA	NA	NA
NA	NA	NA	NA	NA	NA	NA	NA	NA	NA	NA	NA
NA	NA	NA	NA	NA	NA	NA	NA	NA	NA	NA	NA
NA	NA	NA	NA	NA	NA	NA	NA	NA	NA	NA	NA
NA	NA	NA	NA	NA	NA	NA	NA	NA	NA	NA	NA
NA	NA	NA	NA	NA	NA	NA	NA	NA	NA	NA	NA
NA	NA	NA	NA	NA	NA	NA	NA	NA	NA	NA	NA
NA	NA	NA	NA	NA	NA	NA	NA	NA	NA	NA	NA
NA	NA	NA	NA	NA	NA	NA	NA	NA	NA	NA	NA
NA	NA	NA	NA	NA	NA	NA	NA	NA	NA	NA	NA
NA	NA	NA	NA	NA	NA	NA	NA	NA	NA	NA	NA
NA	NA	NA	NA	NA	NA	NA	NA	NA	NA	NA	NA
NA	NA	NA	NA	NA	NA	NA	NA	NA	NA	NA	NA
NA	NA	NA	NA	NA	NA	NA	NA	NA	NA	NA	NA
NA	NA	NA	NA	NA	NA	NA	NA	NA	NA	NA	NA
NA	NA	NA	NA	NA	NA	NA	NA	NA	NA	NA	NA
NA	NA	NA	NA	NA	NA	NA	NA	NA	NA	NA	NA
NA	NA	NA	NA	NA	NA	NA	NA	NA	NA	NA	NA
NA	NA	NA	NA	NA	NA	NA	NA	NA	NA	NA	NA
NA	NA	NA	NA	NA	NA	NA	NA	NA	NA	NA	NA
NA	NA	NA	NA	NA	NA	NA	NA	NA	NA	NA	NA
NA	NA	NA	NA	NA	NA	NA	NA	NA	NA	NA	NA
NA	NA	NA	NA	NA	NA	NA	NA	NA	NA	NA	NA
NA	NA	NA	NA	NA	NA	NA	NA	NA	NA	NA	NA
NA	NA	NA	NA	NA	NA	NA	NA	NA	NA	NA	NA
NA	NA	NA	NA	NA	NA	NA	NA	NA	NA	NA	NA
NA	NA	NA	NA	NA	NA	NA	NA	NA	NA	NA	NA
NA	NA	NA	NA	NA	NA	NA	NA	NA	NA	NA	NA
NA	NA	NA	NA	NA	NA	NA	NA	NA	NA	NA	NA
NA	NA	NA	NA	NA	NA	NA	NA	NA	NA	NA	NA
NA	NA	NA	NA	NA	NA	NA	NA	NA	NA	NA	NA
NA	NA	NA	NA	NA	NA	NA	NA	NA	NA	NA	NA
NA	NA	NA	NA	NA	NA	NA	NA	NA	NA	NA	NA
NA	NA	NA	NA	NA	NA	NA	NA	NA	NA	NA	NA
NA	NA	NA	NA	NA	NA	NA	NA	NA	NA	NA	NA
NA	NA	NA	NA	NA	NA	NA	NA	NA	NA	NA	NA
NA	NA	NA	NA	NA	NA	NA	NA	NA	NA	NA	NA
NA	NA	NA	NA	NA	NA	NA	NA	NA	NA	NA	NA
NA	NA	NA	NA	NA	NA	NA	NA	NA	NA	NA	NA
NA	NA	NA	NA	NA	NA	NA	NA	NA	NA	NA	NA
NA	NA	NA	NA	NA	NA	NA	NA	NA	NA	NA	NA
NA	NA	NA	NA	NA	NA	NA	NA	NA	NA	NA	NA
NA	NA	NA	NA	NA	NA	NA	NA	NA	NA	NA	NA
NA	NA	NA	NA	NA	NA	NA	NA	NA	NA	NA	NA
NA	NA	NA	NA	NA	NA	NA	NA	NA	NA	NA	NA
NA	NA	NA	NA	NA	NA	NA	NA	NA	NA	NA	NA
NA	NA	NA	NA	NA	NA	NA	NA	NA	NA	NA	NA
NA	NA	NA	NA	NA	NA	NA	NA	NA	NA	NA	NA
NA	NA	NA	NA	NA	NA	NA	NA	NA	NA	NA	NA
NA	NA	NA	NA	NA	NA	NA	NA	NA	NA	NA	NA
NA	NA	NA	NA	NA	NA	NA	NA	NA	NA	NA	NA
NA	NA	NA	NA	NA	NA	NA	NA	NA	NA	NA	NA
NA	NA	NA	NA	NA	NA	NA	NA	NA	NA	NA	NA
NA	NA	NA	NA	NA	NA	NA	NA	NA	NA	NA	NA
NA	NA	NA	NA	NA	NA	NA	NA	NA	NA	NA	NA
NA	NA	NA	NA	NA	NA	NA	NA	NA	NA	NA	NA
NA	NA	NA	NA	NA	NA	NA	NA	NA	NA	NA	NA
NA	NA	NA	NA	NA	NA	NA	NA	NA	NA	NA	NA
NA	NA	NA	NA	NA	NA	NA	NA	NA	NA	NA	NA
NA	NA	NA	NA	NA	NA	NA	NA	NA	NA	NA	NA
NA	NA	NA	NA	NA	NA	NA	NA	NA	NA	NA	NA
NA	NA	NA	NA	NA	NA	NA	NA	NA	NA	NA	NA
NA	NA	NA	NA	NA	NA	NA	NA	NA	NA	NA	NA
NA	NA	NA	NA	NA	NA	NA	NA	NA	NA	NA	NA
NA	NA	NA	NA	NA	NA	NA	NA	NA	NA	NA	NA
NA	NA	NA	NA	NA	NA	NA	NA	NA	NA	NA	NA
NA	NA	NA	NA	NA	NA	NA	NA	NA	NA	NA	NA
NA	NA	NA	NA	NA	NA	NA	NA	NA	NA	NA	NA
NA	NA	NA	NA	NA	NA	NA	NA	NA	NA	NA	NA
NA	NA	NA	NA	NA	NA	NA	NA	NA	NA	NA	NA
NA	NA	NA	NA	NA	NA	NA	NA	NA	NA	NA	NA
NA	NA	NA	NA	NA	NA	NA	NA	NA	NA	NA	NA
NA	NA	NA	NA	NA	NA	NA	NA	NA	NA	NA	NA
NA	NA	NA	NA	NA	NA	NA	NA	NA	NA	NA	NA
NA	NA	NA	NA	NA	NA	NA	NA	NA	NA	NA	NA
NA	NA	NA	NA	NA	NA	NA	NA	NA	NA	NA	NA
NA	NA	NA	NA	NA	NA	NA	NA	NA	NA	NA	NA
NA	NA	NA	NA	NA	NA	NA	NA	NA	NA	NA	NA
NA	NA	NA	NA	NA	NA	NA	NA	NA	NA	NA	NA
NA	NA	NA	NA	NA	NA	NA	NA	NA	NA	NA	NA
NA	NA	NA	NA	NA	NA	NA	NA	NA	NA	NA	NA
NA	NA	NA	NA	NA	NA	NA	NA	NA	NA	NA	NA
NA	NA	NA	NA	NA	NA	NA	NA	NA	NA	NA	NA
NA	NA	NA	NA	NA	NA	NA	NA	NA	NA	NA	NA
NA	NA	NA	NA	NA	NA	NA	NA	NA	NA	NA	NA
NA	NA	NA	NA	NA	NA	NA	NA	NA	NA	NA	NA
NA	NA	NA	NA	NA	NA	NA	NA	NA	NA	NA	NA
NA	NA	NA	NA	NA	NA	NA	NA	NA	NA	NA	NA
NA	NA	NA	NA	NA	NA	NA	NA	NA	NA	NA	NA
NA	NA	NA	NA	NA	NA	NA	NA	NA	NA	NA	NA
NA	NA	NA	NA	NA	NA	NA	NA	NA	NA	NA	NA
NA	NA	NA	NA	NA	NA	NA	NA	NA	NA	NA	NA
NA	NA	NA	NA	NA	NA	NA	NA	NA	NA	NA	NA
NA	NA	NA	NA	NA	NA	NA	NA	NA	NA	NA	NA
NA	NA	NA	NA	NA	NA	NA	NA	NA	NA	NA	NA
NA	NA	NA	NA	NA	NA	NA	NA	NA	NA	NA	NA
NA	NA	NA	NA	NA	NA	NA	NA	NA	NA	NA	NA
NA	NA	NA	NA	NA	NA	NA	NA	NA	NA	NA	NA
NA	NA	NA	NA	NA	NA	NA	NA	NA	NA	NA	NA
NA	NA	NA	NA	NA	NA	NA	NA	NA	NA	NA	NA
NA	NA	NA	NA	NA	NA	NA	NA	NA	NA	NA	NA
NA	NA	NA	NA	NA	NA	NA	NA	NA	NA	NA	NA
NA	NA	NA	NA	NA	NA	NA	NA	NA	NA	NA	NA
NA	NA	NA	NA	NA	NA	NA	NA	NA	NA	NA	NA
NA	NA	NA	NA	NA	NA	NA	NA	NA	NA	NA	NA
NA	NA	NA	NA	NA	NA	NA	NA	NA	NA	NA	NA
NA	NA	NA	NA	NA	NA	NA	NA	NA	NA	NA	NA
NA	NA	NA	NA	NA	NA	NA	NA	NA	NA	NA	NA
NA	NA	NA	NA	NA	NA	NA	NA	NA	NA	NA	NA
NA	NA	NA	NA	NA	NA	NA	NA	NA	NA	NA	NA
NA	NA	NA	NA	NA	NA	NA	NA	NA	NA	NA	NA
NA	NA	NA	NA	NA	NA	NA	NA	NA	NA	NA	NA
NA	NA	NA	NA	NA	NA	NA	NA	NA	NA	NA	NA
NA	NA	NA	NA	NA	NA	NA	NA	NA	NA	NA	NA
NA	NA	NA	NA	NA	NA	NA	NA	NA	NA	NA	NA
NA	NA	NA	NA	NA	NA	NA	NA	NA	NA	NA	NA
NA	NA	NA	NA	NA	NA	NA	NA	NA	NA	NA	NA
NA	NA	NA	NA	NA	NA	NA	NA	NA	NA	NA	NA
NA	NA	NA	NA	NA	NA	NA	NA	NA	NA	NA	NA
NA	NA	NA	NA	NA	NA	NA	NA	NA	NA	NA	NA
NA	NA	NA	NA	NA	NA	NA	NA	NA	NA	NA	NA
NA	NA	NA	NA	NA	NA	NA	NA	NA	NA	NA	NA
NA	NA	NA	NA	NA	NA	NA	NA	NA	NA	NA	NA
NA	NA	NA	NA	NA	NA	NA	NA	NA	NA	NA	NA
NA	NA	NA	NA	NA	NA	NA	NA	NA	NA	NA	NA
NA	NA	NA	NA	NA	NA	NA	NA	NA	NA	NA	NA
NA	NA	NA	NA	NA	NA	NA	NA	NA	NA	NA	NA
NA	NA	NA	NA	NA	NA	NA	NA	NA	NA	NA	NA
NA	NA	NA	NA	NA	NA	NA	NA	NA	NA	NA	NA
NA	NA	NA	NA	NA	NA	NA	NA	NA	NA	NA	NA
NA	NA	NA	NA	NA	NA	NA	NA	NA	NA	NA	NA
NA	NA	NA	NA	NA	NA	NA	NA	NA	NA	NA	NA
NA	NA	NA	NA	NA	NA	NA	NA	NA	NA	NA	NA
NA	NA	NA	NA	NA	NA	NA	NA	NA	NA	NA	NA
NA	NA	NA	NA	NA	NA	NA	NA	NA	NA	NA	NA
NA	NA	NA	NA	NA	NA	NA	NA	NA	NA	NA	NA
NA	NA	NA	NA	NA	NA	NA	NA	NA	NA	NA	NA
NA	NA	NA	NA	NA	NA	NA	NA	NA	NA	NA	NA
NA	NA	NA	NA	NA	NA	NA	NA	NA	NA	NA	NA
NA	NA	NA	NA	NA	NA	NA	NA	NA	NA	NA	NA
NA	NA	NA	NA	NA	NA	NA	NA	NA	NA	NA	NA
NA	NA	NA	NA	NA	NA	NA	NA	NA	NA	NA	NA
NA	NA	NA	NA	NA	NA	NA	NA	NA	NA	NA	NA
NA	NA	NA	NA	NA	NA	NA	NA	NA	NA	NA	NA
NA	NA	NA	NA	NA	NA	NA	NA	NA	NA	NA	NA
NA	NA	NA	NA	NA	NA	NA	NA	NA	NA	NA	NA
NA	NA	NA	NA	NA	NA	NA	NA	NA	NA	NA	NA
NA	NA	NA	NA	NA	NA	NA	NA	NA	NA	NA	NA
NA	NA	NA	NA	NA	NA	NA	NA	NA	NA	NA	NA
NA	NA	NA	NA	NA	NA	NA	NA	NA	NA	NA	NA
NA	NA	NA	NA	NA	NA	NA	NA	NA	NA	NA	NA
NA	NA	NA	NA	NA	NA	NA	NA	NA	NA	NA	NA
NA	NA	NA	NA	NA	NA	NA	NA	NA	NA	NA	NA
NA	NA	NA	NA	NA	NA	NA	NA	NA	NA	NA	NA
NA	NA	NA	NA	NA	NA	NA	NA	NA	NA	NA	NA
NA	NA	NA	NA	NA	NA	NA	NA	NA	NA	NA	NA
NA	NA	NA	NA	NA	NA	NA	NA	NA	NA	NA	NA
NA	NA	NA	NA	NA	NA	NA	NA	NA	NA	NA	NA
NA	NA	NA	NA	NA	NA	NA	NA	NA	NA	NA	NA
NA	NA	NA	NA	NA	NA	NA	NA	NA	NA	NA	NA
NA	NA	NA	NA	NA	NA	NA	NA	NA	NA	NA	NA
NA	NA	NA	NA	NA	NA	NA	NA	NA	NA	NA	NA
NA	NA	NA	NA	NA	NA	NA	NA	NA	NA	NA	NA
NA	NA	NA	NA	NA	NA	NA	NA	NA	NA	NA	NA
NA	NA	NA	NA	NA	NA	NA	NA	NA	NA	NA	NA
NA	NA	NA	NA	NA	NA	NA	NA	NA	NA	NA	NA
NA	NA	NA	NA	NA	NA	NA	NA	NA	NA	NA	NA
NA	NA	NA	NA	NA	NA	NA	NA	NA	NA	NA	NA
NA	NA	NA	NA	NA	NA	NA	NA	NA	NA	NA	NA
NA	NA	NA	NA	NA	NA	NA	NA	NA	NA	NA	NA
NA	NA	NA	NA	NA	NA	NA	NA	NA	NA	NA	NA
NA	NA	NA	NA	NA	NA	NA	NA	NA	NA	NA	NA
NA	NA	NA	NA	NA	NA	NA	NA	NA	NA	NA	NA
NA	NA	NA	NA	NA	NA	NA	NA	NA	NA	NA	NA
NA	NA	NA	NA	NA	NA	NA	NA	NA	NA	NA	NA
NA	NA	NA	NA	NA	NA	NA	NA	NA	NA	NA	NA
NA	NA	NA	NA	NA	NA	NA	NA	NA	NA	NA	NA
NA	NA	NA	NA	NA	NA	NA	NA	NA	NA	NA	NA
NA	NA	NA	NA	NA	NA	NA	NA	NA	NA	NA	NA
NA	NA	NA	NA	NA	NA	NA	NA	NA	NA	NA	NA
NA	NA	NA	NA	NA	NA	NA	NA	NA	NA	NA	NA
NA	NA	NA	NA	NA	NA	NA	NA	NA	NA	NA	NA
NA	NA	NA	NA	NA	NA	NA	NA	NA	NA	NA	NA
NA	NA	NA	NA	NA	NA	NA	NA	NA	NA	NA	NA
NA	NA	NA	NA	NA	NA	NA	NA	NA	NA	NA	NA
NA	NA	NA	NA	NA	NA	NA	NA	NA	NA	NA	NA
NA	NA	NA	NA	NA	NA	NA	NA	NA	NA	NA	NA
NA	NA	NA	NA	NA	NA	NA	NA	NA	NA	NA	NA
NA	NA	NA	NA	NA	NA	NA	NA	NA	NA	NA	NA
NA	NA	NA	NA	NA	NA	NA	NA	NA	NA	NA	NA
NA	NA	NA	NA	NA	NA	NA	NA	NA	NA	NA	NA
NA	NA	NA	NA	NA	NA	NA	NA	NA	NA	NA	NA
NA	NA	NA	NA	NA	NA	NA	NA	NA	NA	NA	NA
NA	NA	NA	NA	NA	NA	NA	NA	NA	NA	NA	NA
NA	NA	NA	NA	NA	NA	NA	NA	NA	NA	NA	NA
NA	NA	NA	NA	NA	NA	NA	NA	NA	NA	NA	NA
NA	NA	NA	NA	NA	NA	NA	NA	NA	NA	NA	NA
NA	NA	NA	NA	NA	NA	NA	NA	NA	NA	NA	NA
NA	NA	NA	NA	NA	NA	NA	NA	NA	NA	NA	NA
NA	NA	NA	NA	NA	NA	NA	NA	NA	NA	NA	NA
NA	NA	NA	NA	NA	NA	NA	NA	NA	NA	NA	NA
NA	NA	NA	NA	NA	NA	NA	NA	NA	NA	NA	NA
NA	NA	NA	NA	NA	NA	NA	NA	NA	NA	NA	NA
NA	NA	NA	NA	NA	NA	NA	NA	NA	NA	NA	NA
NA	NA	NA	NA	NA	NA	NA	NA	NA	NA	NA	NA
NA	NA	NA	NA	NA	NA	NA	NA	NA	NA	NA	NA
NA	NA	NA	NA	NA	NA	NA	NA	NA	NA	NA	NA
NA	NA	NA	NA	NA	NA	NA	NA	NA	NA	NA	NA
NA	NA	NA	NA	NA	NA	NA	NA	NA	NA	NA	NA
NA	NA	NA	NA	NA	NA	NA	NA	NA	NA	NA	NA
NA	NA	NA	NA	NA	NA	NA	NA	NA	NA	NA	NA
NA	NA	NA	NA	NA	NA	NA	NA	NA	NA	NA	NA
NA	NA	NA	NA	NA	NA	NA	NA	NA	NA	NA	NA
NA	NA	NA	NA	NA	NA	NA	NA	NA	NA	NA	NA
NA	NA	NA	NA	NA	NA	NA	NA	NA	NA	NA	NA
NA	NA	NA	NA	NA	NA	NA	NA	NA	NA	NA	NA
NA	NA	NA	NA	NA	NA	NA	NA	NA	NA	NA	NA
NA	NA	NA	NA	NA	NA	NA	NA	NA	NA	NA	NA
NA	NA	NA	NA	NA	NA	NA	NA	NA	NA	NA	NA
NA	NA	NA	NA	NA	NA	NA	NA	NA	NA	NA	NA
NA	NA	NA	NA	NA	NA	NA	NA	NA	NA	NA	NA
NA	NA	NA	NA	NA	NA	NA	NA	NA	NA	NA	NA
NA	NA	NA	NA	NA	NA	NA	NA	NA	NA	NA	NA
NA	NA	NA	NA	NA	NA	NA	NA	NA	NA	NA	NA
NA	NA	NA	NA	NA	NA	NA	NA	NA	NA	NA	NA
NA	NA	NA	NA	NA	NA	NA	NA	NA	NA	NA	NA
NA	NA	NA	NA	NA	NA	NA	NA	NA	NA	NA	NA
NA	NA	NA	NA	NA	NA	NA	NA	NA	NA	NA	NA
NA	NA	NA	NA	NA	NA	NA	NA	NA	NA	NA	NA
NA	NA	NA	NA	NA	NA	NA	NA	NA	NA	NA	NA
NA	NA	NA	NA	NA	NA	NA	NA	NA	NA	NA	NA
NA	NA	NA	NA	NA	NA	NA	NA	NA	NA	NA	NA
NA	NA	NA	NA	NA	NA	NA	NA	NA	NA	NA	NA
NA	NA	NA	NA	NA	NA	NA	NA	NA	NA	NA	NA
NA	NA	NA	NA	NA	NA	NA	NA	NA	NA	NA	NA
NA	NA	NA	NA	NA	NA	NA	NA	NA	NA	NA	NA
NA	NA	NA	NA	NA	NA	NA	NA	NA	NA	NA	NA
NA	NA	NA	NA	NA	NA	NA	NA	NA	NA	NA	NA
NA	NA	NA	NA	NA	NA	NA	NA	NA	NA	NA	NA
NA	NA	NA	NA	NA	NA	NA	NA	NA	NA	NA	NA
NA	NA	NA	NA	NA	NA	NA	NA	NA	NA	NA	NA
NA	NA	NA	NA	NA	NA	NA	NA	NA	NA	NA	NA
NA	NA	NA	NA	NA	NA	NA	NA	NA	NA	NA	NA
NA	NA	NA	NA	NA	NA	NA	NA	NA	NA	NA	NA
NA	NA	NA	NA	NA	NA	NA	NA	NA	NA	NA	NA
NA	NA	NA	NA	NA	NA	NA	NA	NA	NA	NA	NA
NA	NA	NA	NA	NA	NA	NA	NA	NA	NA	NA	NA
NA	NA	NA	NA	NA	NA	NA	NA	NA	NA	NA	NA
NA	NA	NA	NA	NA	NA	NA	NA	NA	NA	NA	NA
NA	NA	NA	NA	NA	NA	NA	NA	NA	NA	NA	NA
NA	NA	NA	NA	NA	NA	NA	NA	NA	NA	NA	NA
NA	NA	NA	NA	NA	NA	NA	NA	NA	NA	NA	NA
NA	NA	NA	NA	NA	NA	NA	NA	NA	NA	NA	NA
NA	NA	NA	NA	NA	NA	NA	NA	NA	NA	NA	NA
NA	NA	NA	NA	NA	NA	NA	NA	NA	NA	NA	NA
NA	NA	NA	NA	NA	NA	NA	NA	NA	NA	NA	NA
NA	NA	NA	NA	NA	NA	NA	NA	NA	NA	NA	NA
NA	NA	NA	NA	NA	NA	NA	NA	NA	NA	NA	NA
NA	NA	NA	NA	NA	NA	NA	NA	NA	NA	NA	NA
NA	NA	NA	NA	NA	NA	NA	NA	NA	NA	NA	NA
NA	NA	NA	NA	NA	NA	NA	NA	NA	NA	NA	NA
NA	NA	NA	NA	NA	NA	NA	NA	NA	NA	NA	NA
NA	NA	NA	NA	NA	NA	NA	NA	NA	NA	NA	NA
NA	NA	NA	NA	NA	NA	NA	NA	NA	NA	NA	NA
NA	NA	NA	NA	NA	NA	NA	NA	NA	NA	NA	NA
NA	NA	NA	NA	NA	NA	NA	NA	NA	NA	NA	NA
NA	NA	NA	NA	NA	NA	NA	NA	NA	NA	NA	NA
NA	NA	NA	NA	NA	NA	NA	NA	NA	NA	NA	NA
NA	NA	NA	NA	NA	NA	NA	NA	NA	NA	NA	NA
NA	NA	NA	NA	NA	NA	NA	NA	NA	NA	NA	NA
NA	NA	NA	NA	NA	NA	NA	NA	NA	NA	NA	NA
NA	NA	NA	NA	NA	NA	NA	NA	NA	NA	NA	NA
NA	NA	NA	NA	NA	NA	NA	NA	NA	NA	NA	NA
NA	NA	NA	NA	NA	NA	NA	NA	NA	NA	NA	NA
NA	NA	NA	NA	NA	NA	NA	NA	NA	NA	NA	NA
NA	NA	NA	NA	NA	NA	NA	NA	NA	NA	NA	NA
NA	NA	NA	NA	NA	NA	NA	NA	NA	NA	NA	NA
NA	NA	NA	NA	NA	NA	NA	NA	NA	NA	NA	NA
NA	NA	NA	NA	NA	NA	NA	NA	NA	NA	NA	NA
NA	NA	NA	NA	NA	NA	NA	NA	NA	NA	NA	NA
NA	NA	NA	NA	NA	NA	NA	NA	NA	NA	NA	NA
NA	NA	NA	NA	NA	NA	NA	NA	NA	NA	NA	NA
NA	NA	NA	NA	NA	NA	NA	NA	NA	NA	NA	NA
NA	NA	NA	NA	NA	NA	NA	NA	NA	NA	NA	NA
NA	NA	NA	NA	NA	NA	NA	NA	NA	NA	NA	NA
NA	NA	NA	NA	NA	NA	NA	NA	NA	NA	NA	NA
NA	NA	NA	NA	NA	NA	NA	NA	NA	NA	NA	NA
NA	NA	NA	NA	NA	NA	NA	NA	NA	NA	NA	NA
NA	NA	NA	NA	NA	NA	NA	NA	NA	NA	NA	NA
NA	NA	NA	NA	NA	NA	NA	NA	NA	NA	NA	NA
NA	NA	NA	NA	NA	NA	NA	NA	NA	NA	NA	NA
NA	NA	NA	NA	NA	NA	NA	NA	NA	NA	NA	NA
NA	NA	NA	NA	NA	NA	NA	NA	NA	NA	NA	NA
