X1	X2	X3	X4	X1.1	X2.1	X3.1	X4.1	X1.2	X2.2	X3.2	X4.2	X1.3	X2.3	X3.3	X4.3
NA	NA	NA	NA	NA	NA	NA	NA	NA	NA	NA	NA	NA	NA	NA	NA
NA	NA	NA	NA	NA	NA	NA	NA	NA	NA	NA	NA	NA	NA	NA	NA
NA	NA	NA	NA	NA	NA	NA	NA	NA	NA	NA	NA	NA	NA	NA	NA
NA	NA	NA	NA	NA	NA	NA	NA	NA	NA	NA	NA	NA	NA	NA	NA
NA	NA	NA	NA	NA	NA	NA	NA	NA	NA	NA	NA	NA	NA	NA	NA
NA	NA	NA	NA	NA	NA	NA	NA	NA	NA	NA	NA	NA	NA	NA	NA
NA	NA	NA	NA	NA	NA	NA	NA	NA	NA	NA	NA	NA	NA	NA	NA
NA	NA	NA	NA	NA	NA	NA	NA	NA	NA	NA	NA	NA	NA	NA	NA
NA	NA	NA	NA	NA	NA	NA	NA	NA	NA	NA	NA	NA	NA	NA	NA
NA	NA	NA	NA	NA	NA	NA	NA	NA	NA	NA	NA	NA	NA	NA	NA
NA	NA	NA	NA	NA	NA	NA	NA	NA	NA	NA	NA	NA	NA	NA	NA
NA	NA	NA	NA	NA	NA	NA	NA	NA	NA	NA	NA	NA	NA	NA	NA
NA	NA	NA	NA	NA	NA	NA	NA	NA	NA	NA	NA	NA	NA	NA	NA
NA	NA	NA	NA	NA	NA	NA	NA	NA	NA	NA	NA	NA	NA	NA	NA
NA	NA	NA	NA	NA	NA	NA	NA	NA	NA	NA	NA	NA	NA	NA	NA
NA	NA	NA	NA	NA	NA	NA	NA	NA	NA	NA	NA	NA	NA	NA	NA
NA	NA	NA	NA	NA	NA	NA	NA	NA	NA	NA	NA	NA	NA	NA	NA
NA	NA	NA	NA	NA	NA	NA	NA	NA	NA	NA	NA	NA	NA	NA	NA
NA	NA	NA	NA	NA	NA	NA	NA	NA	NA	NA	NA	NA	NA	NA	NA
NA	NA	NA	NA	NA	NA	NA	NA	NA	NA	NA	NA	NA	NA	NA	NA
NA	NA	NA	NA	NA	NA	NA	NA	NA	NA	NA	NA	NA	NA	NA	NA
NA	NA	NA	NA	NA	NA	NA	NA	NA	NA	NA	NA	NA	NA	NA	NA
NA	NA	NA	NA	NA	NA	NA	NA	NA	NA	NA	NA	NA	NA	NA	NA
NA	NA	NA	NA	NA	NA	NA	NA	NA	NA	NA	NA	NA	NA	NA	NA
NA	NA	NA	NA	NA	NA	NA	NA	NA	NA	NA	NA	NA	NA	NA	NA
NA	NA	NA	NA	NA	NA	NA	NA	NA	NA	NA	NA	NA	NA	NA	NA
NA	NA	NA	NA	NA	NA	NA	NA	NA	NA	NA	NA	NA	NA	NA	NA
NA	NA	NA	NA	NA	NA	NA	NA	NA	NA	NA	NA	NA	NA	NA	NA
NA	NA	NA	NA	NA	NA	NA	NA	NA	NA	NA	NA	NA	NA	NA	NA
NA	NA	NA	NA	NA	NA	NA	NA	NA	NA	NA	NA	NA	NA	NA	NA
NA	NA	NA	NA	NA	NA	NA	NA	NA	NA	NA	NA	NA	NA	NA	NA
NA	NA	NA	NA	NA	NA	NA	NA	NA	NA	NA	NA	NA	NA	NA	NA
NA	NA	NA	NA	NA	NA	NA	NA	NA	NA	NA	NA	NA	NA	NA	NA
NA	NA	NA	NA	NA	NA	NA	NA	NA	NA	NA	NA	NA	NA	NA	NA
NA	NA	NA	NA	NA	NA	NA	NA	NA	NA	NA	NA	NA	NA	NA	NA
NA	NA	NA	NA	NA	NA	NA	NA	NA	NA	NA	NA	NA	NA	NA	NA
NA	NA	NA	NA	NA	NA	NA	NA	NA	NA	NA	NA	NA	NA	NA	NA
NA	NA	NA	NA	NA	NA	NA	NA	NA	NA	NA	NA	NA	NA	NA	NA
NA	NA	NA	NA	NA	NA	NA	NA	NA	NA	NA	NA	NA	NA	NA	NA
NA	NA	NA	NA	NA	NA	NA	NA	NA	NA	NA	NA	NA	NA	NA	NA
NA	NA	NA	NA	NA	NA	NA	NA	NA	NA	NA	NA	NA	NA	NA	NA
NA	NA	NA	NA	NA	NA	NA	NA	NA	NA	NA	NA	NA	NA	NA	NA
NA	NA	NA	NA	NA	NA	NA	NA	NA	NA	NA	NA	NA	NA	NA	NA
NA	NA	NA	NA	NA	NA	NA	NA	NA	NA	NA	NA	NA	NA	NA	NA
NA	NA	NA	NA	NA	NA	NA	NA	NA	NA	NA	NA	NA	NA	NA	NA
NA	NA	NA	NA	NA	NA	NA	NA	NA	NA	NA	NA	NA	NA	NA	NA
NA	NA	NA	NA	NA	NA	NA	NA	NA	NA	NA	NA	NA	NA	NA	NA
NA	NA	NA	NA	NA	NA	NA	NA	NA	NA	NA	NA	NA	NA	NA	NA
NA	NA	NA	NA	NA	NA	NA	NA	NA	NA	NA	NA	NA	NA	NA	NA
NA	NA	NA	NA	NA	NA	NA	NA	NA	NA	NA	NA	NA	NA	NA	NA
NA	NA	NA	NA	NA	NA	NA	NA	NA	NA	NA	NA	NA	NA	NA	NA
NA	NA	NA	NA	NA	NA	NA	NA	NA	NA	NA	NA	NA	NA	NA	NA
NA	NA	NA	NA	NA	NA	NA	NA	NA	NA	NA	NA	NA	NA	NA	NA
NA	NA	NA	NA	NA	NA	NA	NA	NA	NA	NA	NA	NA	NA	NA	NA
NA	NA	NA	NA	NA	NA	NA	NA	NA	NA	NA	NA	NA	NA	NA	NA
NA	NA	NA	NA	NA	NA	NA	NA	NA	NA	NA	NA	NA	NA	NA	NA
NA	NA	NA	NA	NA	NA	NA	NA	NA	NA	NA	NA	NA	NA	NA	NA
NA	NA	NA	NA	NA	NA	NA	NA	NA	NA	NA	NA	NA	NA	NA	NA
NA	NA	NA	NA	NA	NA	NA	NA	NA	NA	NA	NA	NA	NA	NA	NA
NA	NA	NA	NA	NA	NA	NA	NA	NA	NA	NA	NA	NA	NA	NA	NA
NA	NA	NA	NA	NA	NA	NA	NA	NA	NA	NA	NA	NA	NA	NA	NA
NA	NA	NA	NA	NA	NA	NA	NA	NA	NA	NA	NA	NA	NA	NA	NA
NA	NA	NA	NA	NA	NA	NA	NA	NA	NA	NA	NA	NA	NA	NA	NA
NA	NA	NA	NA	NA	NA	NA	NA	NA	NA	NA	NA	NA	NA	NA	NA
NA	NA	NA	NA	NA	NA	NA	NA	NA	NA	NA	NA	NA	NA	NA	NA
NA	NA	NA	NA	NA	NA	NA	NA	NA	NA	NA	NA	NA	NA	NA	NA
NA	NA	NA	NA	NA	NA	NA	NA	NA	NA	NA	NA	NA	NA	NA	NA
NA	NA	NA	NA	NA	NA	NA	NA	NA	NA	NA	NA	NA	NA	NA	NA
NA	NA	NA	NA	NA	NA	NA	NA	NA	NA	NA	NA	NA	NA	NA	NA
NA	NA	NA	NA	NA	NA	NA	NA	NA	NA	NA	NA	NA	NA	NA	NA
NA	NA	NA	NA	NA	NA	NA	NA	NA	NA	NA	NA	NA	NA	NA	NA
NA	NA	NA	NA	NA	NA	NA	NA	NA	NA	NA	NA	NA	NA	NA	NA
NA	NA	NA	NA	NA	NA	NA	NA	NA	NA	NA	NA	NA	NA	NA	NA
NA	NA	NA	NA	NA	NA	NA	NA	NA	NA	NA	NA	NA	NA	NA	NA
NA	NA	NA	NA	NA	NA	NA	NA	NA	NA	NA	NA	NA	NA	NA	NA
NA	NA	NA	NA	NA	NA	NA	NA	NA	NA	NA	NA	NA	NA	NA	NA
NA	NA	NA	NA	NA	NA	NA	NA	NA	NA	NA	NA	NA	NA	NA	NA
NA	NA	NA	NA	NA	NA	NA	NA	NA	NA	NA	NA	NA	NA	NA	NA
NA	NA	NA	NA	NA	NA	NA	NA	NA	NA	NA	NA	NA	NA	NA	NA
NA	NA	NA	NA	NA	NA	NA	NA	NA	NA	NA	NA	NA	NA	NA	NA
NA	NA	NA	NA	NA	NA	NA	NA	NA	NA	NA	NA	NA	NA	NA	NA
NA	NA	NA	NA	NA	NA	NA	NA	NA	NA	NA	NA	NA	NA	NA	NA
NA	NA	NA	NA	NA	NA	NA	NA	NA	NA	NA	NA	NA	NA	NA	NA
NA	NA	NA	NA	NA	NA	NA	NA	NA	NA	NA	NA	NA	NA	NA	NA
NA	NA	NA	NA	NA	NA	NA	NA	NA	NA	NA	NA	NA	NA	NA	NA
NA	NA	NA	NA	NA	NA	NA	NA	NA	NA	NA	NA	NA	NA	NA	NA
NA	NA	NA	NA	NA	NA	NA	NA	NA	NA	NA	NA	NA	NA	NA	NA
NA	NA	NA	NA	NA	NA	NA	NA	NA	NA	NA	NA	NA	NA	NA	NA
NA	NA	NA	NA	NA	NA	NA	NA	NA	NA	NA	NA	NA	NA	NA	NA
NA	NA	NA	NA	NA	NA	NA	NA	NA	NA	NA	NA	NA	NA	NA	NA
NA	NA	NA	NA	NA	NA	NA	NA	NA	NA	NA	NA	NA	NA	NA	NA
NA	NA	NA	NA	NA	NA	NA	NA	NA	NA	NA	NA	NA	NA	NA	NA
NA	NA	NA	NA	NA	NA	NA	NA	NA	NA	NA	NA	NA	NA	NA	NA
NA	NA	NA	NA	NA	NA	NA	NA	NA	NA	NA	NA	NA	NA	NA	NA
NA	NA	NA	NA	NA	NA	NA	NA	NA	NA	NA	NA	NA	NA	NA	NA
NA	NA	NA	NA	NA	NA	NA	NA	NA	NA	NA	NA	NA	NA	NA	NA
NA	NA	NA	NA	NA	NA	NA	NA	NA	NA	NA	NA	NA	NA	NA	NA
NA	NA	NA	NA	NA	NA	NA	NA	NA	NA	NA	NA	NA	NA	NA	NA
NA	NA	NA	NA	NA	NA	NA	NA	NA	NA	NA	NA	NA	NA	NA	NA
NA	NA	NA	NA	NA	NA	NA	NA	NA	NA	NA	NA	NA	NA	NA	NA
2.26721017842487	0.203522098857247	1.86830686466467	2.66611349218508	2.24848669968877	0.172867226191671	1.9096669363531	2.58730646302445	2.24848669968877	0.203522098857247	1.83942516513578	2.65140772174868	2.2527391374149	0.197047067861915	1.86627583150132	2.63920244332848
2.11354482477295	0.183351143059954	1.75417658437544	2.47291306517046	2.07207103047953	0.170381801044473	1.73812270043236	2.4060193605267	2.07207103047953	0.183351143059954	1.68105413202922	2.40858821093792	2.06784117123685	0.167456714945939	1.73947215725914	2.39621018521456
1.9916216732404	0.192632131767724	1.61406269497566	2.36918065150514	1.90357314726991	0.16727596619016	1.57571225353719	2.23143404100262	1.90357314726991	0.192632131767724	1.52683474987751	2.25508039041841	1.90933052617656	0.18288470973014	1.55065543078053	2.2680056215726
1.72692488649045	0.221930942898841	1.29194023840872	2.16190953457218	1.73676609911595	0.186685825393432	1.37086188134482	2.10267031688708	1.73676609911595	0.221930942898841	1.31425460618475	2.1934630077355	1.73802804161229	0.205639143164981	1.33471886283812	2.14133722038646
1.85443926522861	0.187829599733745	1.48629324975047	2.22258528070675	1.89269690443752	0.156285951803658	1.58637643890235	2.19901736997269	1.89269690443752	0.187829599733745	1.55128070873461	2.27606996254277	1.89410541105464	0.178681665872873	1.54367694388442	2.24453387822486
1.80058021106912	0.201795271125793	1.40506147966257	2.19609894247568	1.88910500595363	0.178653723782403	1.53894370734012	2.23926630456714	1.88910500595363	0.201795271125793	1.46904869012723	2.29244956754847	1.8917762882721	0.177935375685402	1.54285217985363	2.24070039669057
2.15400366960352	0.200287257416532	1.76144064506712	2.54656669413993	2.15731134607341	0.17690404030726	1.81057942707118	2.50404326507564	2.15731134607341	0.200287257416532	1.77368127075088	2.53992397913044	2.15733047589426	0.183120149871258	1.79823839308654	2.51642255870198
1.673360541878	0.263857110271001	1.15620060574684	2.19052047800917	1.72301374054349	0.219930573005769	1.29194981745219	2.1540776636348	1.72301374054349	0.263857110271001	1.18350772574709	2.19365913529364	1.73663668602342	0.250039833780062	1.24617215280543	2.2271012192414
1.95308131755363	0.22353661873866	1.51494954482585	2.3912130902814	1.94229120290454	0.184694080303794	1.5802908055091	2.30429160029998	1.94229120290454	0.22353661873866	1.52537517069013	2.37372995405102	1.94083461398792	0.212236078481427	1.52457049384813	2.35709873412771
2.03282817081377	0.230551538127347	1.58094715608417	2.48470918554337	2.00634029754446	0.198368900031813	1.6175372534821	2.39514334160681	2.00634029754446	0.230551538127347	1.52460182897622	2.41649816446831	2.00784900780085	0.214701406417559	1.58673628841338	2.42896172718832
2.14063322560013	0.23082449931689	1.68821720693902	2.59304924426123	2.12716416488104	0.204207544947862	1.72691737678323	2.52741095297885	2.12716416488104	0.23082449931689	1.71452512200454	2.62591770359308	2.12372887240517	0.213094242651572	1.70576667698206	2.54169106782829
1.64853380921126	0.214928068612491	1.22727479473077	2.06979282369174	1.67125356854385	0.19795204515321	1.28326756004356	2.05923957704415	1.67125356854385	0.214928068612491	1.22092289156017	2.06973289817537	1.68232998958087	0.201406842079675	1.28733518612146	2.07732479304028
2.05194734175829	0.174096076138279	1.71071903252726	2.39317565098932	2.10055808807193	0.164631580297116	1.77788019068958	2.42323598545428	2.10055808807193	0.174096076138279	1.76541543580363	2.43727988173416	2.1056733769072	0.159825566054705	1.79227472425857	2.41907202955583
1.96309328641736	0.187309214493508	1.59596722601009	2.33021934682464	1.95098120021366	0.159517413857388	1.63832706905317	2.26363533137414	1.95098120021366	0.187309214493508	1.58805593925475	2.30159858321871	1.95284899637721	0.175027655419244	1.60960905363076	2.29608893912365
2.06091513332084	0.225600303641386	1.61873853818372	2.50309172845795	2.08080030525008	0.197264090790774	1.69416268730017	2.4674379232	2.08080030525008	0.225600303641386	1.62006685217138	2.48856573267317	2.08251128700429	0.209045328556236	1.67251323277873	2.49250934122984
2.0971564592255	0.220064277751078	1.66583047483339	2.52848244361762	2.04501342716302	0.170556845366061	1.71072201024555	2.3793048440805	2.04501342716302	0.220064277751078	1.65373597549614	2.50322227072949	2.04404733977161	0.213173972397108	1.62590776166286	2.46218691788036
1.79455734741418	0.190331075638519	1.42150843916268	2.16760625566568	1.80152492057721	0.166074730052142	1.47601844967502	2.12703139147941	1.80152492057721	0.190331075638519	1.47658502506893	2.23306651817372	1.80137648510121	0.177659754583632	1.45295115205015	2.14980181815227
2.11394375059958	0.206957061333295	1.70830791038632	2.51957959081284	2.05068865904749	0.18290641298071	1.6921920896053	2.40918522848968	2.05068865904749	0.206957061333295	1.65551139519616	2.46398874398959	2.04194810812879	0.187993783137867	1.6733049574215	2.41059125883608
1.91594582515279	0.203745866435259	1.51660392693968	2.31528772336589	1.98774890027928	0.172837935020563	1.64898654763898	2.32651125291959	1.98774890027928	0.203745866435259	1.58786861814072	2.36906642773721	1.98452606144971	0.1909204728336	1.61007323480625	2.35897888809318
1.79252427109667	0.195646947107362	1.40905625476624	2.17599228742709	1.85734424350033	0.171876054355238	1.52046717696406	2.1942213100366	1.85734424350033	0.195646947107362	1.48371550531152	2.2388839594506	1.85215922509026	0.180971804430334	1.49727433272374	2.20704411745678
2.20562422248624	0.171599489167067	1.86928922371879	2.5419592212537	2.24484158100397	0.150001600010573	1.95083844498324	2.53884471702469	2.24484158100397	0.171599489167067	1.93433017147697	2.56307739381929	2.24534520493217	0.160145703033601	1.93130278775051	2.55938762211382
1.97532023437974	0.170545063297334	1.64105191031696	2.30958855844251	1.84920159487511	0.138892581730607	1.57697213468312	2.1214310550671	1.84920159487511	0.170545063297334	1.49679036273833	2.20243181886872	1.85911538595518	0.16881674238932	1.52808885488744	2.19014191702293
2.01709971369928	0.18160475974422	1.66115438460061	2.37304504279795	2.07653751352246	0.156629971119357	1.76954277012852	2.3835322569164	2.07653751352246	0.18160475974422	1.74887619167622	2.44653460013629	2.07148754469429	0.166395170859932	1.74516938340815	2.39780570598043
1.84871871909227	0.179081875784162	1.49771824255531	2.19971919562923	1.7572495937544	0.15497349551302	1.45350154254888	2.06099764495992	1.7572495937544	0.179081875784162	1.41958623582007	2.10544647312961	1.75544133113606	0.170576263930466	1.42095502024985	2.08992764202228
2.07658572894443	0.217796927368072	1.64970375130301	2.50346770658585	2.04444637454263	0.195375960313052	1.66150949232905	2.42738325675621	2.04444637454263	0.217796927368072	1.65650520646871	2.49695269811829	2.0442125575475	0.199254245040922	1.65344470958502	2.43498040550999
1.93558998188496	0.224905625341294	1.49477495621602	2.37640500755389	1.93668321699719	0.193150858675013	1.55810753399416	2.31525890000022	1.93668321699719	0.224905625341294	1.52079708161931	2.36974815936536	1.94130955858773	0.199978052834868	1.54910790394186	2.3335112132336
1.87757502961869	0.202129132148788	1.48140193060706	2.27374812863031	1.94106464612012	0.175331337761378	1.59741522410782	2.28471406813242	1.94106464612012	0.202129132148788	1.55620894426311	2.3446629230834	1.93899527071416	0.193539320240937	1.55940640072026	2.31858414070807
1.80980838332437	0.227309782852269	1.36428120893392	2.25533555771482	1.85828308760379	0.190461708143208	1.4849781396431	2.23158803556447	1.85828308760379	0.227309782852269	1.41548215185718	2.30829010396793	1.86088426100765	0.208252540795865	1.45243730365568	2.26933121835963
1.98700733974918	0.185221523135848	1.62397315440292	2.35004152509545	2.08356564327745	0.172392069809388	1.74567718645105	2.42145410010385	2.08356564327745	0.185221523135848	1.74304152548336	2.45768521524582	2.07946722196581	0.17190712250142	1.74236771888329	2.41656672504834
2.11809804429066	0.228074972627902	1.67107109793997	2.56512499064135	2.12155282376916	0.178127429751933	1.77242306145537	2.47068258608295	2.12155282376916	0.228074972627902	1.63661841666177	2.52075182342097	2.11767924470693	0.214490124961071	1.69699181911384	2.53836667030002
2.15959141267288	0.200952302293299	1.76572490017801	2.55345792516775	2.121030972668	0.175069713613244	1.77789433398604	2.46416761134996	2.121030972668	0.200952302293299	1.73824034950975	2.52163408234051	2.12067260290912	0.187373305643729	1.75321192773531	2.48813327808293
2.29698539608915	0.215468124503106	1.87466787206306	2.71930292011523	2.23553448209628	0.177829859076785	1.88698795830578	2.58408100588678	2.23553448209628	0.215468124503106	1.82608423566916	2.62582261500937	2.23186134047072	0.198987286471032	1.84160451926421	2.62211816167724
2.07527504747783	0.192313019203621	1.69834152983873	2.45220856511693	1.95630426591411	0.160723985357451	1.64128525461351	2.27132327721472	1.95630426591411	0.192313019203621	1.58942220723836	2.34999913062465	1.95508045293183	0.180637459660482	1.60084283702887	2.30931806883479
2.15685514343432	0.172211631740621	1.8193203452227	2.49438994164594	2.08175864627535	0.135835461628581	1.81552114148333	2.34799615106736	2.08175864627535	0.172211631740621	1.75363795262962	2.42326285420354	2.08489464677908	0.174290534941833	1.74308215195878	2.42670714159939
1.86795236577629	0.214740842189367	1.44706031508513	2.28884441646745	2.03685169564237	0.177992142104068	1.68798709711839	2.38571629416634	2.03685169564237	0.214740842189367	1.66363771710442	2.48923514095498	2.03175614615231	0.207741784022379	1.62429898464409	2.43921330766053
2.00771434381527	0.231844397903805	1.55329932392381	2.46212936370673	2.06971179915805	0.203717038502851	1.67042640369246	2.46899719462364	2.06971179915805	0.231844397903805	1.65525681171678	2.55109484295715	2.06432682149404	0.215397780379805	1.64187355584865	2.48678008713944
2.00752929529036	0.200888603297439	1.61378763282738	2.40127095775334	2.09977359621617	0.170763233009945	1.76507765951668	2.43446953291566	2.09977359621617	0.200888603297439	1.69240573405369	2.48218675120129	2.09169234914439	0.185000432665865	1.72889575734688	2.45448894094189
2.14979897124983	0.245632302789564	1.66835965778229	2.63123828471738	2.0976176187638	0.21568834327198	1.67486846595072	2.52036677157688	2.0976176187638	0.245632302789564	1.6001657664239	2.56236532214538	2.09484829087442	0.230711140790821	1.64234477385906	2.54735180788978
2.04026018806607	0.191806021755289	1.66432038542571	2.41619999070644	1.95519078683356	0.178452675890586	1.60542354208801	2.30495803157911	1.95519078683356	0.191806021755289	1.55764594566587	2.31787990933552	1.95982753083339	0.176793793271612	1.6131182150814	2.30653684658537
1.82047543051523	0.196443714142275	1.43544575079637	2.20550511023409	2.02624727193063	0.163936360838707	1.70493200468677	2.3475625391745	2.02624727193063	0.196443714142275	1.66648307672752	2.40743971112432	2.02027091505537	0.190199292311749	1.64727664057604	2.39326518953469
2.16161247478718	0.192324217856142	1.78465700778914	2.53856794178522	2.18819374946662	0.159844987236377	1.87489757448332	2.50148992444992	2.18819374946662	0.192324217856142	1.82334778316706	2.59137867111522	2.17849121509191	0.180745221440104	1.82403761182725	2.53294481835657
1.82915388219452	0.179541331877071	1.47725287171546	2.18105489267358	1.92662706737291	0.154905431959103	1.62301242073307	2.23024171401275	1.92662706737291	0.179541331877071	1.58364470130015	2.27539971054108	1.92617518685329	0.172971221531191	1.5869391883632	2.26541118534338
1.98471980430545	0.188541468792966	1.61517852547123	2.35426108313966	2.08013263788272	0.155900758630853	1.77456715096625	2.38569812479919	2.08013263788272	0.188541468792966	1.72812725188803	2.44865558567157	2.08192010386577	0.18199882400283	1.72499986253568	2.43884034519585
2.09576768836611	0.226320094254938	1.65218030362643	2.53935507310579	2.19420965045845	0.200690949489172	1.80085538945968	2.58756391145723	2.19420965045845	0.226320094254938	1.76672330998142	2.63943858096998	2.1886819473322	0.20342887591076	1.78971806239946	2.58764583226493
2.0026864654165	0.200109193527875	1.61047244610187	2.39490048473114	1.95476257999029	0.178535719060132	1.60483257063243	2.30469258934815	1.95476257999029	0.200109193527875	1.54303580706284	2.31394824547125	1.94920882502549	0.190566689543955	1.57546550880641	2.32295214124456
1.91216953763407	0.332326915741644	1.26080878278045	2.56353029248769	1.64362162270471	0.261636450106716	1.13081418049554	2.15642906491387	1.64362162270471	0.332326915741644	1.0154844600771	2.2563384839689	1.65078234642243	0.298181996351427	1.06583692558067	2.23572776726418
2.14614485461148	0.250945781574315	1.65429112272582	2.63799858649714	1.99103047704657	0.219155495320926	1.56148570621756	2.42057524787559	1.99103047704657	0.250945781574315	1.48760471081862	2.48875552177065	1.99034665485367	0.233720824619051	1.53191968106882	2.44877362863853
1.68982282634398	0.199862697359708	1.29809193951895	2.08155371316901	1.74231701721666	0.185272333947701	1.37918324267916	2.10545079175415	1.74231701721666	0.199862697359708	1.38101516355398	2.15902480501368	1.73461004068285	0.181555579726915	1.37856214646742	2.09065793489828
2.36561550791575	0.213988314913548	1.9461984106852	2.7850326051463	2.29736311230833	0.191376684731326	1.92226481023493	2.67246141438173	2.29736311230833	0.213988314913548	1.89084818242468	2.73038387563667	2.29933646585522	0.199588038089988	1.90788725888345	2.69078567282699
2.0907967599285	0.175466041533744	1.74688331852236	2.43471020133464	2.02107967422522	0.155797861312756	1.71571586605222	2.32644348239822	2.02107967422522	0.175466041533744	1.67851981991602	2.36999289272396	2.0180706468727	0.165182777666545	1.69415749277344	2.34198380097195
1.79798500780135	0.233422863706173	1.34047619493725	2.25549382066545	1.84473491137739	0.176210038439585	1.4993632360358	2.19010658671898	1.84473491137739	0.233422863706173	1.39581525258054	2.3229529408445	1.83251740061939	0.229190945789	1.38299938109688	2.28203542014189
1.80276177081987	0.182285213844052	1.44548275168553	2.16004078995421	1.82577759807978	0.158076407199312	1.51594783996913	2.13560735619043	1.82577759807978	0.182285213844052	1.46426211760428	2.16905199072701	1.83007747408968	0.16710516343432	1.50239808911091	2.15775685906845
1.69841952526004	0.233332693391241	1.24108744621321	2.15575160430687	1.79251850854262	0.186649567613466	1.42668535602023	2.15835166106502	1.79251850854262	0.233332693391241	1.38549811262122	2.27428699450093	1.7930221294836	0.227698771279107	1.34637435665839	2.2396699023088
2.06813331080853	0.288879163651969	1.50193015005067	2.63433647156639	2.20444645469207	0.238330035877744	1.73731958437169	2.67157332501245	2.20444645469207	0.288879163651969	1.73070573472164	2.8801634810051	2.19717623867356	0.270055328630938	1.66741253661908	2.72693994072804
2.09605877390213	0.183569697755812	1.73626216630074	2.45585538150352	2.0974123786418	0.162879631908189	1.77816830010175	2.41665645718185	2.0974123786418	0.183569697755812	1.7220397184181	2.44446712942653	2.10462829143175	0.173410835079295	1.76456633724428	2.44469024561922
2.10244145640724	0.209370180821166	1.69207590199775	2.51280701081672	2.09695071346485	0.186831736394559	1.73076051013151	2.46314091679818	2.09695071346485	0.209370180821166	1.67254869498985	2.52189540117921	2.09279364683462	0.193588586034703	1.71312942124849	2.47245787242074
1.92856313174852	0.171096782707862	1.5932134376411	2.26391282585593	1.87285024128076	0.156664730298875	1.56578736989497	2.17991311266656	1.87285024128076	0.171096782707862	1.54637573704421	2.19704957744444	1.87409214129414	0.161703718729936	1.55701123515011	2.19117304743817
2.05026286734108	0.201963224539873	1.65441494724293	2.44611078743924	2.04987447365259	0.181071709951719	1.69497392214722	2.40477502515795	2.04987447365259	0.201963224539873	1.62157678228599	2.4208641218746	2.04973219217352	0.183136693845274	1.69059769325991	2.40886669108713
1.7595004585923	0.19476588467102	1.3777593246371	2.1412415925475	1.7095660260145	0.178977645632787	1.35876984057423	2.06036221145476	1.7095660260145	0.19476588467102	1.31003214296403	2.0780338057695	1.70877261267775	0.181075203512854	1.35369228746984	2.06385293788565
2.07167262982074	0.19243308333937	1.69450378647558	2.44884147316591	2.05702832683574	0.168053047706361	1.72764435333128	2.38641230034021	2.05702832683574	0.19243308333937	1.69404352513199	2.42367966062911	2.05868843536694	0.180648252559867	1.70444067162549	2.41293619910839
2.04141299492514	0.205733630726516	1.63817507870117	2.44465091114911	2.12498555401839	0.173467753608697	1.78498875694534	2.46498235109143	2.12498555401839	0.205733630726516	1.71386303561159	2.51492045720136	2.12910872410366	0.19521166382531	1.74624768856531	2.511969759642
2.14236388861076	0.189179741928159	1.77157159443157	2.51315618278995	2.09471926211646	0.153835847243428	1.79320100151934	2.39623752271358	2.09471926211646	0.189179741928159	1.74386745073414	2.46751675993444	2.09268146254894	0.179706527951918	1.74025372717611	2.44510919792178
1.98295599482451	0.245559111399703	1.5016601364811	2.46425185316793	1.97411100769659	0.213909401298874	1.5548485811508	2.39337343424238	1.97411100769659	0.245559111399703	1.4633362582414	2.43573482274897	1.97167062409876	0.226680800371705	1.52707058380782	2.41627066438969
2.28369658221028	0.265216482877088	1.76387227577119	2.80352088864937	2.31129741098496	0.224773714354624	1.8707409308499	2.75185389112003	2.31129741098496	0.265216482877088	1.84171991837384	2.81821940569423	2.31017741080327	0.254514252338497	1.81091621295961	2.80943860864693
1.69806486935348	0.186784851798146	1.33196655982911	2.06416317887784	1.62668536451393	0.160892317866998	1.31133642149461	1.94203430753324	1.62668536451393	0.186784851798146	1.2723765639099	1.99245919604241	1.62665849114133	0.177770567260986	1.27804405645107	1.97527292583159
1.8266675295193	0.212808731184968	1.40956241639677	2.24377264264184	1.93220400583537	0.183861242672403	1.57183597019746	2.29257204147328	1.93220400583537	0.212808731184968	1.52513605396722	2.34345154142508	1.9299230775913	0.201873212569867	1.53399752006221	2.32584863512039
1.92247459804892	0.178024874843897	1.57354584335489	2.27140335274296	1.88992148404852	0.167462175040082	1.56169562096996	2.21814734712708	1.88992148404852	0.178024874843897	1.5385401644195	2.24036794702799	1.88503387061566	0.161197593058705	1.56892928028559	2.20113846094574
2.11964509710254	0.210150947304618	1.70774924038549	2.53154095381959	2.19418061938685	0.187030992568962	1.82759987395169	2.56076136482202	2.19418061938685	0.210150947304618	1.77558935763252	2.56906190105119	2.19308961552475	0.189595865097188	1.82126539855754	2.56491383249197
1.61606707740177	0.205719563610201	1.21285673272577	2.01927742207776	1.69951378392684	0.187032086517708	1.33293089435214	2.06609667350155	1.69951378392684	0.205719563610201	1.28270365964641	2.09168150663096	1.70324210184007	0.186078480633873	1.33834505325251	2.06813915042762
1.97489763325391	0.183967420902647	1.61432148828472	2.3354737782231	1.98787172932093	0.167084743553445	1.66038563195618	2.31535782668568	1.98787172932093	0.183967420902647	1.62263585468282	2.33363748015901	1.98330550385678	0.165527459781179	1.65870743718692	2.30790357052663
1.8770764797831	0.237157701357349	1.41224738512269	2.3419055744435	1.89857672603034	0.197627984502675	1.5112258764051	2.28592757565558	1.89857672603034	0.237157701357349	1.47170361758324	2.39426675282591	1.90194775575411	0.22894358242196	1.45289113792678	2.35100437358144
2.20805854384082	0.28338777176841	1.65261851117474	2.7634985765069	1.99452195231153	0.219567634154554	1.5641693893686	2.42487451525445	1.99452195231153	0.28338777176841	1.41485079511745	2.44774880955146	2.00019720708527	0.264162023773734	1.48200615790682	2.51838825626373
2.24164143006567	0.180507364407592	1.88784699582679	2.59543586430455	2.24829079097477	0.164632941610942	1.92561022541733	2.57097135653222	2.24829079097477	0.180507364407592	1.9073499579644	2.58555562076458	2.24529862328384	0.161344367053899	1.92891271918927	2.56168452737841
1.97565575232239	0.205759500118353	1.57236713209041	2.37894437255436	1.98732092866935	0.19422378849613	1.60664230321694	2.36799955412176	1.98732092866935	0.205759500118353	1.59664770088112	2.37506907209357	1.98832807524	0.184291047589219	1.62691151211616	2.34974463836384
1.64612540268933	0.214194139363374	1.22630488953712	2.06594591584154	1.60677350985156	0.181654507144008	1.25073067584931	1.96281634385382	1.60677350985156	0.214194139363374	1.19338075299407	2.03243824504362	1.60182639269797	0.199074981112085	1.21140568022005	1.9922471051759
2.1351798176136	0.22488516064865	1.69440490274224	2.57595473248495	2.1058742166282	0.204080067440483	1.70587728444485	2.50587114881154	2.1058742166282	0.22488516064865	1.6931220485281	2.56534634254598	2.09959033563121	0.208740523225429	1.69018663876404	2.50899403249838
1.83887013808493	0.206692925668548	1.43375200377458	2.24398827239529	1.80431414473893	0.178387107876178	1.45467541330162	2.15395287617624	1.80431414473893	0.206692925668548	1.3750277947533	2.1978151028861	1.81007019602699	0.191835931927245	1.43384527017026	2.18629512188371
2.05298844895522	0.208788113989374	1.64376374553605	2.4622131523744	1.99853646532133	0.191092581192545	1.62399500618394	2.37307792445871	1.99853646532133	0.208788113989374	1.58123332163572	2.42911480325274	2.00504290201661	0.193070284207879	1.6263849503747	2.38370085365853
1.52537259889049	0.218643748437341	1.0968308519533	1.95391434582768	1.69021272769429	0.19784736334091	1.30243189554611	2.07799355984247	1.69021272769429	0.218643748437341	1.29164313350417	2.13936670328831	1.6905871313909	0.20135269740437	1.29569110377646	2.08548315900533
2.00777752927122	0.182151170233021	1.65076123561449	2.36479382292794	2.05524699807724	0.169129165839621	1.72375383303159	2.3867401631229	2.05524699807724	0.182151170233021	1.71217856431223	2.41471892041335	2.05082264405158	0.171402070259008	1.71470247345341	2.38694281464975
1.83393660566833	0.212210563065339	1.41800390206027	2.24986930927639	1.99759108528421	0.197011202356971	1.61144912866455	2.38373304190388	1.99759108528421	0.212210563065339	1.5809265314932	2.41618057530825	1.99148743071127	0.190980258926755	1.61694357365134	2.36603128777121
2.11913889739371	0.209687003362795	1.70815237080263	2.53012542398479	2.08518356389959	0.189799806195288	1.71317594375682	2.45719118404235	2.08518356389959	0.209687003362795	1.68101398835606	2.50106817992718	2.08130532041571	0.186772994634864	1.71504021395687	2.44757042687455
2.07870920980293	0.165696596057435	1.75394388153036	2.40347453807551	2.12492578851045	0.15116761862117	1.82863725601295	2.42121432100794	2.12492578851045	0.165696596057435	1.80373472759284	2.44946496840946	2.12973093687238	0.160224305260813	1.81555850596765	2.4439033677771
1.79658049345284	0.199819554716639	1.40493416620822	2.18822682069745	1.80571938017503	0.184690388237239	1.44372621923005	2.16771254112002	1.80571938017503	0.199819554716639	1.4185803957708	2.22102858205797	1.80956055606862	0.184977518319036	1.44680134584782	2.17231976628942
2.31422917511548	0.19024235423458	1.9413541608157	2.68710418941525	2.26113996743364	0.160636734597476	1.94629196762259	2.5759879672447	2.26113996743364	0.19024235423458	1.91191690300971	2.64256835176178	2.26972969288809	0.171739806778482	1.93292630150982	2.60653308426635
2.30659324961704	0.204000894505904	1.90675149638547	2.70643500284861	2.19379105032079	0.183002513690095	1.8351061234882	2.55247597715338	2.19379105032079	0.204000894505904	1.78572401640531	2.58751630364463	2.19348828653534	0.193225570956658	1.81455606128453	2.57242051178614
1.85821000738446	0.237795604954603	1.39213062167344	2.32428939309549	1.81559304117863	0.208417703293759	1.40709434272286	2.2240917396344	1.81559304117863	0.237795604954603	1.34463909602192	2.25016993203615	1.81413880515799	0.217949209256051	1.38667054852025	2.24160706179573
1.92901369058531	0.191497390707331	1.55367880479894	2.30434857637168	1.7950137033512	0.166496531482168	1.46868050164615	2.12134690505625	1.7950137033512	0.191497390707331	1.40559040765563	2.14255518649122	1.80420120861472	0.179292853474601	1.45261453321446	2.15578788401498
1.97869768679428	0.172057355991037	1.64146526905184	2.31593010453671	1.84978851502586	0.158088741856435	1.53993458098725	2.15964244906447	1.84978851502586	0.172057355991037	1.49901980118059	2.18467273125085	1.84495348669362	0.161713541339231	1.52786860332058	2.16203837006665
2.1349723927916	0.194894067230022	1.75298002102076	2.51696476456245	2.04078362149828	0.173559971603855	1.70060607715473	2.38096116584184	2.04078362149828	0.194894067230022	1.67666225206765	2.40454415721569	2.04904711824344	0.182699114084989	1.69075997128723	2.40733426519965
2.10004385012198	0.172767978438726	1.76141861238208	2.43866908786188	2.01809552039731	0.145310597460235	1.73328674937525	2.30290429141937	2.01809552039731	0.172767978438726	1.66883995874367	2.3598353298848	2.01461491051203	0.166681604563195	1.68774874441203	2.34148107661203
2.05377252254978	0.187755635917066	1.68577147615233	2.42177356894723	2.00861069034864	0.159971678618872	1.69506620025565	2.32215518044163	2.00861069034864	0.187755635917066	1.68582746634235	2.44399360080889	2.01260354200345	0.181529433144792	1.65660179826098	2.36860528574592
2.25304766790114	0.209279332551251	1.84286017610069	2.66323515970159	2.15832235132619	0.17596789943584	1.81342526843195	2.50321943422044	2.15832235132619	0.209279332551251	1.76071634852201	2.57567701848879	2.15508328054762	0.193673965061156	1.77524730343558	2.53491925765965
2.05938476889649	0.274800659760795	1.52077547576533	2.59799406202764	2.12166438876258	0.200217714836526	1.72923766768299	2.51409110984217	2.12166438876258	0.274800659760795	1.62315895941238	2.67307291159205	2.11860411629011	0.269910078760152	1.58915343757319	2.64805479500704
1.82127049160813	0.225290043893335	1.37970200557719	2.26283897763907	1.94864073965546	0.19675234463684	1.56300614416726	2.33427533514367	1.94864073965546	0.225290043893335	1.54376829650479	2.4115552598632	1.9384584298736	0.206869400316164	1.53272884914467	2.34418801060253
2.10988024256196	0.195102040533347	1.7274802431166	2.49228024200732	2.13969156657833	0.164718917557872	1.8168424881649	2.46254064499176	2.13969156657833	0.195102040533347	1.75113065354769	2.49522195135797	2.12850742560202	0.191175841541332	1.75357994388997	2.50343490731407
2.15701454371487	0.194774832548179	1.77525587192044	2.5387732155093	2.09714824331187	0.183945773049253	1.73661452813533	2.4576819584884	2.09714824331187	0.194774832548179	1.69812187918766	2.47211037115447	2.09712762259605	0.168060254957099	1.76756286622727	2.42669237896482
2.44567880708953	0.196614636998244	2.06031411857297	2.83104349560609	2.35158305769806	0.167124202877025	2.02401962005909	2.67914649533703	2.35158305769806	0.196614636998244	1.96429098983784	2.72711826834064	2.34707151777764	0.18963762318651	1.97515774920907	2.71898528634621
1.7099400930199	0.239263113126138	1.24098439129267	2.17889579474713	1.7986635651724	0.21013523017181	1.38679851403565	2.21052861630914	1.7986635651724	0.239263113126138	1.34377203326081	2.2893189183487	1.79618614787337	0.229399900632885	1.34622699349079	2.24614530225595
2.14802179136655	0.204456365962609	1.74728731407983	2.54875626865326	2.0226229674863	0.175462025428843	1.67871739764577	2.36652853732683	2.0226229674863	0.204456365962609	1.63352588099853	2.40745977842597	2.02271047303494	0.185070541617808	1.65977142113989	2.38564952492998
NA	NA	NA	NA	NA	NA	NA	NA	NA	NA	NA	NA	NA	NA	NA	NA
NA	NA	NA	NA	NA	NA	NA	NA	NA	NA	NA	NA	NA	NA	NA	NA
NA	NA	NA	NA	NA	NA	NA	NA	NA	NA	NA	NA	NA	NA	NA	NA
NA	NA	NA	NA	NA	NA	NA	NA	NA	NA	NA	NA	NA	NA	NA	NA
NA	NA	NA	NA	NA	NA	NA	NA	NA	NA	NA	NA	NA	NA	NA	NA
NA	NA	NA	NA	NA	NA	NA	NA	NA	NA	NA	NA	NA	NA	NA	NA
NA	NA	NA	NA	NA	NA	NA	NA	NA	NA	NA	NA	NA	NA	NA	NA
NA	NA	NA	NA	NA	NA	NA	NA	NA	NA	NA	NA	NA	NA	NA	NA
NA	NA	NA	NA	NA	NA	NA	NA	NA	NA	NA	NA	NA	NA	NA	NA
NA	NA	NA	NA	NA	NA	NA	NA	NA	NA	NA	NA	NA	NA	NA	NA
NA	NA	NA	NA	NA	NA	NA	NA	NA	NA	NA	NA	NA	NA	NA	NA
NA	NA	NA	NA	NA	NA	NA	NA	NA	NA	NA	NA	NA	NA	NA	NA
NA	NA	NA	NA	NA	NA	NA	NA	NA	NA	NA	NA	NA	NA	NA	NA
NA	NA	NA	NA	NA	NA	NA	NA	NA	NA	NA	NA	NA	NA	NA	NA
NA	NA	NA	NA	NA	NA	NA	NA	NA	NA	NA	NA	NA	NA	NA	NA
NA	NA	NA	NA	NA	NA	NA	NA	NA	NA	NA	NA	NA	NA	NA	NA
NA	NA	NA	NA	NA	NA	NA	NA	NA	NA	NA	NA	NA	NA	NA	NA
NA	NA	NA	NA	NA	NA	NA	NA	NA	NA	NA	NA	NA	NA	NA	NA
NA	NA	NA	NA	NA	NA	NA	NA	NA	NA	NA	NA	NA	NA	NA	NA
NA	NA	NA	NA	NA	NA	NA	NA	NA	NA	NA	NA	NA	NA	NA	NA
NA	NA	NA	NA	NA	NA	NA	NA	NA	NA	NA	NA	NA	NA	NA	NA
NA	NA	NA	NA	NA	NA	NA	NA	NA	NA	NA	NA	NA	NA	NA	NA
NA	NA	NA	NA	NA	NA	NA	NA	NA	NA	NA	NA	NA	NA	NA	NA
NA	NA	NA	NA	NA	NA	NA	NA	NA	NA	NA	NA	NA	NA	NA	NA
NA	NA	NA	NA	NA	NA	NA	NA	NA	NA	NA	NA	NA	NA	NA	NA
NA	NA	NA	NA	NA	NA	NA	NA	NA	NA	NA	NA	NA	NA	NA	NA
NA	NA	NA	NA	NA	NA	NA	NA	NA	NA	NA	NA	NA	NA	NA	NA
NA	NA	NA	NA	NA	NA	NA	NA	NA	NA	NA	NA	NA	NA	NA	NA
NA	NA	NA	NA	NA	NA	NA	NA	NA	NA	NA	NA	NA	NA	NA	NA
NA	NA	NA	NA	NA	NA	NA	NA	NA	NA	NA	NA	NA	NA	NA	NA
NA	NA	NA	NA	NA	NA	NA	NA	NA	NA	NA	NA	NA	NA	NA	NA
NA	NA	NA	NA	NA	NA	NA	NA	NA	NA	NA	NA	NA	NA	NA	NA
NA	NA	NA	NA	NA	NA	NA	NA	NA	NA	NA	NA	NA	NA	NA	NA
NA	NA	NA	NA	NA	NA	NA	NA	NA	NA	NA	NA	NA	NA	NA	NA
NA	NA	NA	NA	NA	NA	NA	NA	NA	NA	NA	NA	NA	NA	NA	NA
NA	NA	NA	NA	NA	NA	NA	NA	NA	NA	NA	NA	NA	NA	NA	NA
NA	NA	NA	NA	NA	NA	NA	NA	NA	NA	NA	NA	NA	NA	NA	NA
NA	NA	NA	NA	NA	NA	NA	NA	NA	NA	NA	NA	NA	NA	NA	NA
NA	NA	NA	NA	NA	NA	NA	NA	NA	NA	NA	NA	NA	NA	NA	NA
NA	NA	NA	NA	NA	NA	NA	NA	NA	NA	NA	NA	NA	NA	NA	NA
NA	NA	NA	NA	NA	NA	NA	NA	NA	NA	NA	NA	NA	NA	NA	NA
NA	NA	NA	NA	NA	NA	NA	NA	NA	NA	NA	NA	NA	NA	NA	NA
NA	NA	NA	NA	NA	NA	NA	NA	NA	NA	NA	NA	NA	NA	NA	NA
NA	NA	NA	NA	NA	NA	NA	NA	NA	NA	NA	NA	NA	NA	NA	NA
NA	NA	NA	NA	NA	NA	NA	NA	NA	NA	NA	NA	NA	NA	NA	NA
NA	NA	NA	NA	NA	NA	NA	NA	NA	NA	NA	NA	NA	NA	NA	NA
NA	NA	NA	NA	NA	NA	NA	NA	NA	NA	NA	NA	NA	NA	NA	NA
NA	NA	NA	NA	NA	NA	NA	NA	NA	NA	NA	NA	NA	NA	NA	NA
NA	NA	NA	NA	NA	NA	NA	NA	NA	NA	NA	NA	NA	NA	NA	NA
NA	NA	NA	NA	NA	NA	NA	NA	NA	NA	NA	NA	NA	NA	NA	NA
NA	NA	NA	NA	NA	NA	NA	NA	NA	NA	NA	NA	NA	NA	NA	NA
NA	NA	NA	NA	NA	NA	NA	NA	NA	NA	NA	NA	NA	NA	NA	NA
NA	NA	NA	NA	NA	NA	NA	NA	NA	NA	NA	NA	NA	NA	NA	NA
NA	NA	NA	NA	NA	NA	NA	NA	NA	NA	NA	NA	NA	NA	NA	NA
NA	NA	NA	NA	NA	NA	NA	NA	NA	NA	NA	NA	NA	NA	NA	NA
NA	NA	NA	NA	NA	NA	NA	NA	NA	NA	NA	NA	NA	NA	NA	NA
NA	NA	NA	NA	NA	NA	NA	NA	NA	NA	NA	NA	NA	NA	NA	NA
NA	NA	NA	NA	NA	NA	NA	NA	NA	NA	NA	NA	NA	NA	NA	NA
NA	NA	NA	NA	NA	NA	NA	NA	NA	NA	NA	NA	NA	NA	NA	NA
NA	NA	NA	NA	NA	NA	NA	NA	NA	NA	NA	NA	NA	NA	NA	NA
NA	NA	NA	NA	NA	NA	NA	NA	NA	NA	NA	NA	NA	NA	NA	NA
NA	NA	NA	NA	NA	NA	NA	NA	NA	NA	NA	NA	NA	NA	NA	NA
NA	NA	NA	NA	NA	NA	NA	NA	NA	NA	NA	NA	NA	NA	NA	NA
NA	NA	NA	NA	NA	NA	NA	NA	NA	NA	NA	NA	NA	NA	NA	NA
NA	NA	NA	NA	NA	NA	NA	NA	NA	NA	NA	NA	NA	NA	NA	NA
NA	NA	NA	NA	NA	NA	NA	NA	NA	NA	NA	NA	NA	NA	NA	NA
NA	NA	NA	NA	NA	NA	NA	NA	NA	NA	NA	NA	NA	NA	NA	NA
NA	NA	NA	NA	NA	NA	NA	NA	NA	NA	NA	NA	NA	NA	NA	NA
NA	NA	NA	NA	NA	NA	NA	NA	NA	NA	NA	NA	NA	NA	NA	NA
NA	NA	NA	NA	NA	NA	NA	NA	NA	NA	NA	NA	NA	NA	NA	NA
NA	NA	NA	NA	NA	NA	NA	NA	NA	NA	NA	NA	NA	NA	NA	NA
NA	NA	NA	NA	NA	NA	NA	NA	NA	NA	NA	NA	NA	NA	NA	NA
NA	NA	NA	NA	NA	NA	NA	NA	NA	NA	NA	NA	NA	NA	NA	NA
NA	NA	NA	NA	NA	NA	NA	NA	NA	NA	NA	NA	NA	NA	NA	NA
NA	NA	NA	NA	NA	NA	NA	NA	NA	NA	NA	NA	NA	NA	NA	NA
NA	NA	NA	NA	NA	NA	NA	NA	NA	NA	NA	NA	NA	NA	NA	NA
NA	NA	NA	NA	NA	NA	NA	NA	NA	NA	NA	NA	NA	NA	NA	NA
NA	NA	NA	NA	NA	NA	NA	NA	NA	NA	NA	NA	NA	NA	NA	NA
NA	NA	NA	NA	NA	NA	NA	NA	NA	NA	NA	NA	NA	NA	NA	NA
NA	NA	NA	NA	NA	NA	NA	NA	NA	NA	NA	NA	NA	NA	NA	NA
NA	NA	NA	NA	NA	NA	NA	NA	NA	NA	NA	NA	NA	NA	NA	NA
NA	NA	NA	NA	NA	NA	NA	NA	NA	NA	NA	NA	NA	NA	NA	NA
NA	NA	NA	NA	NA	NA	NA	NA	NA	NA	NA	NA	NA	NA	NA	NA
NA	NA	NA	NA	NA	NA	NA	NA	NA	NA	NA	NA	NA	NA	NA	NA
NA	NA	NA	NA	NA	NA	NA	NA	NA	NA	NA	NA	NA	NA	NA	NA
NA	NA	NA	NA	NA	NA	NA	NA	NA	NA	NA	NA	NA	NA	NA	NA
NA	NA	NA	NA	NA	NA	NA	NA	NA	NA	NA	NA	NA	NA	NA	NA
NA	NA	NA	NA	NA	NA	NA	NA	NA	NA	NA	NA	NA	NA	NA	NA
NA	NA	NA	NA	NA	NA	NA	NA	NA	NA	NA	NA	NA	NA	NA	NA
NA	NA	NA	NA	NA	NA	NA	NA	NA	NA	NA	NA	NA	NA	NA	NA
NA	NA	NA	NA	NA	NA	NA	NA	NA	NA	NA	NA	NA	NA	NA	NA
NA	NA	NA	NA	NA	NA	NA	NA	NA	NA	NA	NA	NA	NA	NA	NA
NA	NA	NA	NA	NA	NA	NA	NA	NA	NA	NA	NA	NA	NA	NA	NA
NA	NA	NA	NA	NA	NA	NA	NA	NA	NA	NA	NA	NA	NA	NA	NA
NA	NA	NA	NA	NA	NA	NA	NA	NA	NA	NA	NA	NA	NA	NA	NA
NA	NA	NA	NA	NA	NA	NA	NA	NA	NA	NA	NA	NA	NA	NA	NA
NA	NA	NA	NA	NA	NA	NA	NA	NA	NA	NA	NA	NA	NA	NA	NA
NA	NA	NA	NA	NA	NA	NA	NA	NA	NA	NA	NA	NA	NA	NA	NA
NA	NA	NA	NA	NA	NA	NA	NA	NA	NA	NA	NA	NA	NA	NA	NA
NA	NA	NA	NA	NA	NA	NA	NA	NA	NA	NA	NA	NA	NA	NA	NA
NA	NA	NA	NA	NA	NA	NA	NA	NA	NA	NA	NA	NA	NA	NA	NA
NA	NA	NA	NA	NA	NA	NA	NA	NA	NA	NA	NA	NA	NA	NA	NA
NA	NA	NA	NA	NA	NA	NA	NA	NA	NA	NA	NA	NA	NA	NA	NA
NA	NA	NA	NA	NA	NA	NA	NA	NA	NA	NA	NA	NA	NA	NA	NA
NA	NA	NA	NA	NA	NA	NA	NA	NA	NA	NA	NA	NA	NA	NA	NA
NA	NA	NA	NA	NA	NA	NA	NA	NA	NA	NA	NA	NA	NA	NA	NA
NA	NA	NA	NA	NA	NA	NA	NA	NA	NA	NA	NA	NA	NA	NA	NA
NA	NA	NA	NA	NA	NA	NA	NA	NA	NA	NA	NA	NA	NA	NA	NA
NA	NA	NA	NA	NA	NA	NA	NA	NA	NA	NA	NA	NA	NA	NA	NA
NA	NA	NA	NA	NA	NA	NA	NA	NA	NA	NA	NA	NA	NA	NA	NA
NA	NA	NA	NA	NA	NA	NA	NA	NA	NA	NA	NA	NA	NA	NA	NA
NA	NA	NA	NA	NA	NA	NA	NA	NA	NA	NA	NA	NA	NA	NA	NA
NA	NA	NA	NA	NA	NA	NA	NA	NA	NA	NA	NA	NA	NA	NA	NA
NA	NA	NA	NA	NA	NA	NA	NA	NA	NA	NA	NA	NA	NA	NA	NA
NA	NA	NA	NA	NA	NA	NA	NA	NA	NA	NA	NA	NA	NA	NA	NA
NA	NA	NA	NA	NA	NA	NA	NA	NA	NA	NA	NA	NA	NA	NA	NA
NA	NA	NA	NA	NA	NA	NA	NA	NA	NA	NA	NA	NA	NA	NA	NA
NA	NA	NA	NA	NA	NA	NA	NA	NA	NA	NA	NA	NA	NA	NA	NA
NA	NA	NA	NA	NA	NA	NA	NA	NA	NA	NA	NA	NA	NA	NA	NA
NA	NA	NA	NA	NA	NA	NA	NA	NA	NA	NA	NA	NA	NA	NA	NA
NA	NA	NA	NA	NA	NA	NA	NA	NA	NA	NA	NA	NA	NA	NA	NA
NA	NA	NA	NA	NA	NA	NA	NA	NA	NA	NA	NA	NA	NA	NA	NA
NA	NA	NA	NA	NA	NA	NA	NA	NA	NA	NA	NA	NA	NA	NA	NA
NA	NA	NA	NA	NA	NA	NA	NA	NA	NA	NA	NA	NA	NA	NA	NA
NA	NA	NA	NA	NA	NA	NA	NA	NA	NA	NA	NA	NA	NA	NA	NA
NA	NA	NA	NA	NA	NA	NA	NA	NA	NA	NA	NA	NA	NA	NA	NA
NA	NA	NA	NA	NA	NA	NA	NA	NA	NA	NA	NA	NA	NA	NA	NA
NA	NA	NA	NA	NA	NA	NA	NA	NA	NA	NA	NA	NA	NA	NA	NA
NA	NA	NA	NA	NA	NA	NA	NA	NA	NA	NA	NA	NA	NA	NA	NA
NA	NA	NA	NA	NA	NA	NA	NA	NA	NA	NA	NA	NA	NA	NA	NA
NA	NA	NA	NA	NA	NA	NA	NA	NA	NA	NA	NA	NA	NA	NA	NA
NA	NA	NA	NA	NA	NA	NA	NA	NA	NA	NA	NA	NA	NA	NA	NA
NA	NA	NA	NA	NA	NA	NA	NA	NA	NA	NA	NA	NA	NA	NA	NA
NA	NA	NA	NA	NA	NA	NA	NA	NA	NA	NA	NA	NA	NA	NA	NA
NA	NA	NA	NA	NA	NA	NA	NA	NA	NA	NA	NA	NA	NA	NA	NA
NA	NA	NA	NA	NA	NA	NA	NA	NA	NA	NA	NA	NA	NA	NA	NA
NA	NA	NA	NA	NA	NA	NA	NA	NA	NA	NA	NA	NA	NA	NA	NA
NA	NA	NA	NA	NA	NA	NA	NA	NA	NA	NA	NA	NA	NA	NA	NA
NA	NA	NA	NA	NA	NA	NA	NA	NA	NA	NA	NA	NA	NA	NA	NA
NA	NA	NA	NA	NA	NA	NA	NA	NA	NA	NA	NA	NA	NA	NA	NA
NA	NA	NA	NA	NA	NA	NA	NA	NA	NA	NA	NA	NA	NA	NA	NA
NA	NA	NA	NA	NA	NA	NA	NA	NA	NA	NA	NA	NA	NA	NA	NA
NA	NA	NA	NA	NA	NA	NA	NA	NA	NA	NA	NA	NA	NA	NA	NA
NA	NA	NA	NA	NA	NA	NA	NA	NA	NA	NA	NA	NA	NA	NA	NA
NA	NA	NA	NA	NA	NA	NA	NA	NA	NA	NA	NA	NA	NA	NA	NA
NA	NA	NA	NA	NA	NA	NA	NA	NA	NA	NA	NA	NA	NA	NA	NA
NA	NA	NA	NA	NA	NA	NA	NA	NA	NA	NA	NA	NA	NA	NA	NA
NA	NA	NA	NA	NA	NA	NA	NA	NA	NA	NA	NA	NA	NA	NA	NA
NA	NA	NA	NA	NA	NA	NA	NA	NA	NA	NA	NA	NA	NA	NA	NA
NA	NA	NA	NA	NA	NA	NA	NA	NA	NA	NA	NA	NA	NA	NA	NA
NA	NA	NA	NA	NA	NA	NA	NA	NA	NA	NA	NA	NA	NA	NA	NA
NA	NA	NA	NA	NA	NA	NA	NA	NA	NA	NA	NA	NA	NA	NA	NA
NA	NA	NA	NA	NA	NA	NA	NA	NA	NA	NA	NA	NA	NA	NA	NA
NA	NA	NA	NA	NA	NA	NA	NA	NA	NA	NA	NA	NA	NA	NA	NA
NA	NA	NA	NA	NA	NA	NA	NA	NA	NA	NA	NA	NA	NA	NA	NA
NA	NA	NA	NA	NA	NA	NA	NA	NA	NA	NA	NA	NA	NA	NA	NA
NA	NA	NA	NA	NA	NA	NA	NA	NA	NA	NA	NA	NA	NA	NA	NA
NA	NA	NA	NA	NA	NA	NA	NA	NA	NA	NA	NA	NA	NA	NA	NA
NA	NA	NA	NA	NA	NA	NA	NA	NA	NA	NA	NA	NA	NA	NA	NA
NA	NA	NA	NA	NA	NA	NA	NA	NA	NA	NA	NA	NA	NA	NA	NA
NA	NA	NA	NA	NA	NA	NA	NA	NA	NA	NA	NA	NA	NA	NA	NA
NA	NA	NA	NA	NA	NA	NA	NA	NA	NA	NA	NA	NA	NA	NA	NA
NA	NA	NA	NA	NA	NA	NA	NA	NA	NA	NA	NA	NA	NA	NA	NA
NA	NA	NA	NA	NA	NA	NA	NA	NA	NA	NA	NA	NA	NA	NA	NA
NA	NA	NA	NA	NA	NA	NA	NA	NA	NA	NA	NA	NA	NA	NA	NA
NA	NA	NA	NA	NA	NA	NA	NA	NA	NA	NA	NA	NA	NA	NA	NA
NA	NA	NA	NA	NA	NA	NA	NA	NA	NA	NA	NA	NA	NA	NA	NA
NA	NA	NA	NA	NA	NA	NA	NA	NA	NA	NA	NA	NA	NA	NA	NA
NA	NA	NA	NA	NA	NA	NA	NA	NA	NA	NA	NA	NA	NA	NA	NA
NA	NA	NA	NA	NA	NA	NA	NA	NA	NA	NA	NA	NA	NA	NA	NA
NA	NA	NA	NA	NA	NA	NA	NA	NA	NA	NA	NA	NA	NA	NA	NA
NA	NA	NA	NA	NA	NA	NA	NA	NA	NA	NA	NA	NA	NA	NA	NA
NA	NA	NA	NA	NA	NA	NA	NA	NA	NA	NA	NA	NA	NA	NA	NA
NA	NA	NA	NA	NA	NA	NA	NA	NA	NA	NA	NA	NA	NA	NA	NA
NA	NA	NA	NA	NA	NA	NA	NA	NA	NA	NA	NA	NA	NA	NA	NA
NA	NA	NA	NA	NA	NA	NA	NA	NA	NA	NA	NA	NA	NA	NA	NA
NA	NA	NA	NA	NA	NA	NA	NA	NA	NA	NA	NA	NA	NA	NA	NA
NA	NA	NA	NA	NA	NA	NA	NA	NA	NA	NA	NA	NA	NA	NA	NA
NA	NA	NA	NA	NA	NA	NA	NA	NA	NA	NA	NA	NA	NA	NA	NA
NA	NA	NA	NA	NA	NA	NA	NA	NA	NA	NA	NA	NA	NA	NA	NA
NA	NA	NA	NA	NA	NA	NA	NA	NA	NA	NA	NA	NA	NA	NA	NA
NA	NA	NA	NA	NA	NA	NA	NA	NA	NA	NA	NA	NA	NA	NA	NA
NA	NA	NA	NA	NA	NA	NA	NA	NA	NA	NA	NA	NA	NA	NA	NA
NA	NA	NA	NA	NA	NA	NA	NA	NA	NA	NA	NA	NA	NA	NA	NA
NA	NA	NA	NA	NA	NA	NA	NA	NA	NA	NA	NA	NA	NA	NA	NA
NA	NA	NA	NA	NA	NA	NA	NA	NA	NA	NA	NA	NA	NA	NA	NA
NA	NA	NA	NA	NA	NA	NA	NA	NA	NA	NA	NA	NA	NA	NA	NA
NA	NA	NA	NA	NA	NA	NA	NA	NA	NA	NA	NA	NA	NA	NA	NA
NA	NA	NA	NA	NA	NA	NA	NA	NA	NA	NA	NA	NA	NA	NA	NA
NA	NA	NA	NA	NA	NA	NA	NA	NA	NA	NA	NA	NA	NA	NA	NA
NA	NA	NA	NA	NA	NA	NA	NA	NA	NA	NA	NA	NA	NA	NA	NA
NA	NA	NA	NA	NA	NA	NA	NA	NA	NA	NA	NA	NA	NA	NA	NA
NA	NA	NA	NA	NA	NA	NA	NA	NA	NA	NA	NA	NA	NA	NA	NA
NA	NA	NA	NA	NA	NA	NA	NA	NA	NA	NA	NA	NA	NA	NA	NA
NA	NA	NA	NA	NA	NA	NA	NA	NA	NA	NA	NA	NA	NA	NA	NA
NA	NA	NA	NA	NA	NA	NA	NA	NA	NA	NA	NA	NA	NA	NA	NA
NA	NA	NA	NA	NA	NA	NA	NA	NA	NA	NA	NA	NA	NA	NA	NA
NA	NA	NA	NA	NA	NA	NA	NA	NA	NA	NA	NA	NA	NA	NA	NA
NA	NA	NA	NA	NA	NA	NA	NA	NA	NA	NA	NA	NA	NA	NA	NA
NA	NA	NA	NA	NA	NA	NA	NA	NA	NA	NA	NA	NA	NA	NA	NA
NA	NA	NA	NA	NA	NA	NA	NA	NA	NA	NA	NA	NA	NA	NA	NA
NA	NA	NA	NA	NA	NA	NA	NA	NA	NA	NA	NA	NA	NA	NA	NA
NA	NA	NA	NA	NA	NA	NA	NA	NA	NA	NA	NA	NA	NA	NA	NA
NA	NA	NA	NA	NA	NA	NA	NA	NA	NA	NA	NA	NA	NA	NA	NA
NA	NA	NA	NA	NA	NA	NA	NA	NA	NA	NA	NA	NA	NA	NA	NA
NA	NA	NA	NA	NA	NA	NA	NA	NA	NA	NA	NA	NA	NA	NA	NA
NA	NA	NA	NA	NA	NA	NA	NA	NA	NA	NA	NA	NA	NA	NA	NA
NA	NA	NA	NA	NA	NA	NA	NA	NA	NA	NA	NA	NA	NA	NA	NA
NA	NA	NA	NA	NA	NA	NA	NA	NA	NA	NA	NA	NA	NA	NA	NA
NA	NA	NA	NA	NA	NA	NA	NA	NA	NA	NA	NA	NA	NA	NA	NA
NA	NA	NA	NA	NA	NA	NA	NA	NA	NA	NA	NA	NA	NA	NA	NA
NA	NA	NA	NA	NA	NA	NA	NA	NA	NA	NA	NA	NA	NA	NA	NA
NA	NA	NA	NA	NA	NA	NA	NA	NA	NA	NA	NA	NA	NA	NA	NA
NA	NA	NA	NA	NA	NA	NA	NA	NA	NA	NA	NA	NA	NA	NA	NA
NA	NA	NA	NA	NA	NA	NA	NA	NA	NA	NA	NA	NA	NA	NA	NA
NA	NA	NA	NA	NA	NA	NA	NA	NA	NA	NA	NA	NA	NA	NA	NA
NA	NA	NA	NA	NA	NA	NA	NA	NA	NA	NA	NA	NA	NA	NA	NA
NA	NA	NA	NA	NA	NA	NA	NA	NA	NA	NA	NA	NA	NA	NA	NA
NA	NA	NA	NA	NA	NA	NA	NA	NA	NA	NA	NA	NA	NA	NA	NA
NA	NA	NA	NA	NA	NA	NA	NA	NA	NA	NA	NA	NA	NA	NA	NA
NA	NA	NA	NA	NA	NA	NA	NA	NA	NA	NA	NA	NA	NA	NA	NA
NA	NA	NA	NA	NA	NA	NA	NA	NA	NA	NA	NA	NA	NA	NA	NA
NA	NA	NA	NA	NA	NA	NA	NA	NA	NA	NA	NA	NA	NA	NA	NA
NA	NA	NA	NA	NA	NA	NA	NA	NA	NA	NA	NA	NA	NA	NA	NA
NA	NA	NA	NA	NA	NA	NA	NA	NA	NA	NA	NA	NA	NA	NA	NA
NA	NA	NA	NA	NA	NA	NA	NA	NA	NA	NA	NA	NA	NA	NA	NA
NA	NA	NA	NA	NA	NA	NA	NA	NA	NA	NA	NA	NA	NA	NA	NA
NA	NA	NA	NA	NA	NA	NA	NA	NA	NA	NA	NA	NA	NA	NA	NA
NA	NA	NA	NA	NA	NA	NA	NA	NA	NA	NA	NA	NA	NA	NA	NA
NA	NA	NA	NA	NA	NA	NA	NA	NA	NA	NA	NA	NA	NA	NA	NA
NA	NA	NA	NA	NA	NA	NA	NA	NA	NA	NA	NA	NA	NA	NA	NA
NA	NA	NA	NA	NA	NA	NA	NA	NA	NA	NA	NA	NA	NA	NA	NA
NA	NA	NA	NA	NA	NA	NA	NA	NA	NA	NA	NA	NA	NA	NA	NA
NA	NA	NA	NA	NA	NA	NA	NA	NA	NA	NA	NA	NA	NA	NA	NA
NA	NA	NA	NA	NA	NA	NA	NA	NA	NA	NA	NA	NA	NA	NA	NA
NA	NA	NA	NA	NA	NA	NA	NA	NA	NA	NA	NA	NA	NA	NA	NA
NA	NA	NA	NA	NA	NA	NA	NA	NA	NA	NA	NA	NA	NA	NA	NA
NA	NA	NA	NA	NA	NA	NA	NA	NA	NA	NA	NA	NA	NA	NA	NA
NA	NA	NA	NA	NA	NA	NA	NA	NA	NA	NA	NA	NA	NA	NA	NA
NA	NA	NA	NA	NA	NA	NA	NA	NA	NA	NA	NA	NA	NA	NA	NA
NA	NA	NA	NA	NA	NA	NA	NA	NA	NA	NA	NA	NA	NA	NA	NA
NA	NA	NA	NA	NA	NA	NA	NA	NA	NA	NA	NA	NA	NA	NA	NA
NA	NA	NA	NA	NA	NA	NA	NA	NA	NA	NA	NA	NA	NA	NA	NA
NA	NA	NA	NA	NA	NA	NA	NA	NA	NA	NA	NA	NA	NA	NA	NA
NA	NA	NA	NA	NA	NA	NA	NA	NA	NA	NA	NA	NA	NA	NA	NA
NA	NA	NA	NA	NA	NA	NA	NA	NA	NA	NA	NA	NA	NA	NA	NA
NA	NA	NA	NA	NA	NA	NA	NA	NA	NA	NA	NA	NA	NA	NA	NA
NA	NA	NA	NA	NA	NA	NA	NA	NA	NA	NA	NA	NA	NA	NA	NA
NA	NA	NA	NA	NA	NA	NA	NA	NA	NA	NA	NA	NA	NA	NA	NA
NA	NA	NA	NA	NA	NA	NA	NA	NA	NA	NA	NA	NA	NA	NA	NA
NA	NA	NA	NA	NA	NA	NA	NA	NA	NA	NA	NA	NA	NA	NA	NA
NA	NA	NA	NA	NA	NA	NA	NA	NA	NA	NA	NA	NA	NA	NA	NA
NA	NA	NA	NA	NA	NA	NA	NA	NA	NA	NA	NA	NA	NA	NA	NA
NA	NA	NA	NA	NA	NA	NA	NA	NA	NA	NA	NA	NA	NA	NA	NA
NA	NA	NA	NA	NA	NA	NA	NA	NA	NA	NA	NA	NA	NA	NA	NA
NA	NA	NA	NA	NA	NA	NA	NA	NA	NA	NA	NA	NA	NA	NA	NA
NA	NA	NA	NA	NA	NA	NA	NA	NA	NA	NA	NA	NA	NA	NA	NA
NA	NA	NA	NA	NA	NA	NA	NA	NA	NA	NA	NA	NA	NA	NA	NA
NA	NA	NA	NA	NA	NA	NA	NA	NA	NA	NA	NA	NA	NA	NA	NA
NA	NA	NA	NA	NA	NA	NA	NA	NA	NA	NA	NA	NA	NA	NA	NA
NA	NA	NA	NA	NA	NA	NA	NA	NA	NA	NA	NA	NA	NA	NA	NA
NA	NA	NA	NA	NA	NA	NA	NA	NA	NA	NA	NA	NA	NA	NA	NA
NA	NA	NA	NA	NA	NA	NA	NA	NA	NA	NA	NA	NA	NA	NA	NA
NA	NA	NA	NA	NA	NA	NA	NA	NA	NA	NA	NA	NA	NA	NA	NA
NA	NA	NA	NA	NA	NA	NA	NA	NA	NA	NA	NA	NA	NA	NA	NA
NA	NA	NA	NA	NA	NA	NA	NA	NA	NA	NA	NA	NA	NA	NA	NA
NA	NA	NA	NA	NA	NA	NA	NA	NA	NA	NA	NA	NA	NA	NA	NA
NA	NA	NA	NA	NA	NA	NA	NA	NA	NA	NA	NA	NA	NA	NA	NA
NA	NA	NA	NA	NA	NA	NA	NA	NA	NA	NA	NA	NA	NA	NA	NA
NA	NA	NA	NA	NA	NA	NA	NA	NA	NA	NA	NA	NA	NA	NA	NA
NA	NA	NA	NA	NA	NA	NA	NA	NA	NA	NA	NA	NA	NA	NA	NA
NA	NA	NA	NA	NA	NA	NA	NA	NA	NA	NA	NA	NA	NA	NA	NA
NA	NA	NA	NA	NA	NA	NA	NA	NA	NA	NA	NA	NA	NA	NA	NA
NA	NA	NA	NA	NA	NA	NA	NA	NA	NA	NA	NA	NA	NA	NA	NA
NA	NA	NA	NA	NA	NA	NA	NA	NA	NA	NA	NA	NA	NA	NA	NA
NA	NA	NA	NA	NA	NA	NA	NA	NA	NA	NA	NA	NA	NA	NA	NA
NA	NA	NA	NA	NA	NA	NA	NA	NA	NA	NA	NA	NA	NA	NA	NA
NA	NA	NA	NA	NA	NA	NA	NA	NA	NA	NA	NA	NA	NA	NA	NA
NA	NA	NA	NA	NA	NA	NA	NA	NA	NA	NA	NA	NA	NA	NA	NA
NA	NA	NA	NA	NA	NA	NA	NA	NA	NA	NA	NA	NA	NA	NA	NA
NA	NA	NA	NA	NA	NA	NA	NA	NA	NA	NA	NA	NA	NA	NA	NA
NA	NA	NA	NA	NA	NA	NA	NA	NA	NA	NA	NA	NA	NA	NA	NA
NA	NA	NA	NA	NA	NA	NA	NA	NA	NA	NA	NA	NA	NA	NA	NA
NA	NA	NA	NA	NA	NA	NA	NA	NA	NA	NA	NA	NA	NA	NA	NA
NA	NA	NA	NA	NA	NA	NA	NA	NA	NA	NA	NA	NA	NA	NA	NA
NA	NA	NA	NA	NA	NA	NA	NA	NA	NA	NA	NA	NA	NA	NA	NA
NA	NA	NA	NA	NA	NA	NA	NA	NA	NA	NA	NA	NA	NA	NA	NA
NA	NA	NA	NA	NA	NA	NA	NA	NA	NA	NA	NA	NA	NA	NA	NA
NA	NA	NA	NA	NA	NA	NA	NA	NA	NA	NA	NA	NA	NA	NA	NA
NA	NA	NA	NA	NA	NA	NA	NA	NA	NA	NA	NA	NA	NA	NA	NA
NA	NA	NA	NA	NA	NA	NA	NA	NA	NA	NA	NA	NA	NA	NA	NA
NA	NA	NA	NA	NA	NA	NA	NA	NA	NA	NA	NA	NA	NA	NA	NA
NA	NA	NA	NA	NA	NA	NA	NA	NA	NA	NA	NA	NA	NA	NA	NA
NA	NA	NA	NA	NA	NA	NA	NA	NA	NA	NA	NA	NA	NA	NA	NA
NA	NA	NA	NA	NA	NA	NA	NA	NA	NA	NA	NA	NA	NA	NA	NA
NA	NA	NA	NA	NA	NA	NA	NA	NA	NA	NA	NA	NA	NA	NA	NA
NA	NA	NA	NA	NA	NA	NA	NA	NA	NA	NA	NA	NA	NA	NA	NA
NA	NA	NA	NA	NA	NA	NA	NA	NA	NA	NA	NA	NA	NA	NA	NA
NA	NA	NA	NA	NA	NA	NA	NA	NA	NA	NA	NA	NA	NA	NA	NA
NA	NA	NA	NA	NA	NA	NA	NA	NA	NA	NA	NA	NA	NA	NA	NA
