X1	X2	X3	X4	X1.1	X2.1	X3.1	X4.1	X1.2	X2.2	X3.2	X4.2	X1.3	X2.3	X3.3	X4.3
NA	NA	NA	NA	NA	NA	NA	NA	NA	NA	NA	NA	NA	NA	NA	NA
NA	NA	NA	NA	NA	NA	NA	NA	NA	NA	NA	NA	NA	NA	NA	NA
NA	NA	NA	NA	NA	NA	NA	NA	NA	NA	NA	NA	NA	NA	NA	NA
NA	NA	NA	NA	NA	NA	NA	NA	NA	NA	NA	NA	NA	NA	NA	NA
NA	NA	NA	NA	NA	NA	NA	NA	NA	NA	NA	NA	NA	NA	NA	NA
NA	NA	NA	NA	NA	NA	NA	NA	NA	NA	NA	NA	NA	NA	NA	NA
NA	NA	NA	NA	NA	NA	NA	NA	NA	NA	NA	NA	NA	NA	NA	NA
NA	NA	NA	NA	NA	NA	NA	NA	NA	NA	NA	NA	NA	NA	NA	NA
NA	NA	NA	NA	NA	NA	NA	NA	NA	NA	NA	NA	NA	NA	NA	NA
NA	NA	NA	NA	NA	NA	NA	NA	NA	NA	NA	NA	NA	NA	NA	NA
NA	NA	NA	NA	NA	NA	NA	NA	NA	NA	NA	NA	NA	NA	NA	NA
NA	NA	NA	NA	NA	NA	NA	NA	NA	NA	NA	NA	NA	NA	NA	NA
NA	NA	NA	NA	NA	NA	NA	NA	NA	NA	NA	NA	NA	NA	NA	NA
NA	NA	NA	NA	NA	NA	NA	NA	NA	NA	NA	NA	NA	NA	NA	NA
NA	NA	NA	NA	NA	NA	NA	NA	NA	NA	NA	NA	NA	NA	NA	NA
NA	NA	NA	NA	NA	NA	NA	NA	NA	NA	NA	NA	NA	NA	NA	NA
NA	NA	NA	NA	NA	NA	NA	NA	NA	NA	NA	NA	NA	NA	NA	NA
NA	NA	NA	NA	NA	NA	NA	NA	NA	NA	NA	NA	NA	NA	NA	NA
NA	NA	NA	NA	NA	NA	NA	NA	NA	NA	NA	NA	NA	NA	NA	NA
NA	NA	NA	NA	NA	NA	NA	NA	NA	NA	NA	NA	NA	NA	NA	NA
NA	NA	NA	NA	NA	NA	NA	NA	NA	NA	NA	NA	NA	NA	NA	NA
NA	NA	NA	NA	NA	NA	NA	NA	NA	NA	NA	NA	NA	NA	NA	NA
NA	NA	NA	NA	NA	NA	NA	NA	NA	NA	NA	NA	NA	NA	NA	NA
NA	NA	NA	NA	NA	NA	NA	NA	NA	NA	NA	NA	NA	NA	NA	NA
NA	NA	NA	NA	NA	NA	NA	NA	NA	NA	NA	NA	NA	NA	NA	NA
NA	NA	NA	NA	NA	NA	NA	NA	NA	NA	NA	NA	NA	NA	NA	NA
NA	NA	NA	NA	NA	NA	NA	NA	NA	NA	NA	NA	NA	NA	NA	NA
NA	NA	NA	NA	NA	NA	NA	NA	NA	NA	NA	NA	NA	NA	NA	NA
NA	NA	NA	NA	NA	NA	NA	NA	NA	NA	NA	NA	NA	NA	NA	NA
NA	NA	NA	NA	NA	NA	NA	NA	NA	NA	NA	NA	NA	NA	NA	NA
NA	NA	NA	NA	NA	NA	NA	NA	NA	NA	NA	NA	NA	NA	NA	NA
NA	NA	NA	NA	NA	NA	NA	NA	NA	NA	NA	NA	NA	NA	NA	NA
NA	NA	NA	NA	NA	NA	NA	NA	NA	NA	NA	NA	NA	NA	NA	NA
NA	NA	NA	NA	NA	NA	NA	NA	NA	NA	NA	NA	NA	NA	NA	NA
NA	NA	NA	NA	NA	NA	NA	NA	NA	NA	NA	NA	NA	NA	NA	NA
NA	NA	NA	NA	NA	NA	NA	NA	NA	NA	NA	NA	NA	NA	NA	NA
NA	NA	NA	NA	NA	NA	NA	NA	NA	NA	NA	NA	NA	NA	NA	NA
NA	NA	NA	NA	NA	NA	NA	NA	NA	NA	NA	NA	NA	NA	NA	NA
NA	NA	NA	NA	NA	NA	NA	NA	NA	NA	NA	NA	NA	NA	NA	NA
NA	NA	NA	NA	NA	NA	NA	NA	NA	NA	NA	NA	NA	NA	NA	NA
NA	NA	NA	NA	NA	NA	NA	NA	NA	NA	NA	NA	NA	NA	NA	NA
NA	NA	NA	NA	NA	NA	NA	NA	NA	NA	NA	NA	NA	NA	NA	NA
NA	NA	NA	NA	NA	NA	NA	NA	NA	NA	NA	NA	NA	NA	NA	NA
NA	NA	NA	NA	NA	NA	NA	NA	NA	NA	NA	NA	NA	NA	NA	NA
NA	NA	NA	NA	NA	NA	NA	NA	NA	NA	NA	NA	NA	NA	NA	NA
NA	NA	NA	NA	NA	NA	NA	NA	NA	NA	NA	NA	NA	NA	NA	NA
NA	NA	NA	NA	NA	NA	NA	NA	NA	NA	NA	NA	NA	NA	NA	NA
NA	NA	NA	NA	NA	NA	NA	NA	NA	NA	NA	NA	NA	NA	NA	NA
NA	NA	NA	NA	NA	NA	NA	NA	NA	NA	NA	NA	NA	NA	NA	NA
NA	NA	NA	NA	NA	NA	NA	NA	NA	NA	NA	NA	NA	NA	NA	NA
NA	NA	NA	NA	NA	NA	NA	NA	NA	NA	NA	NA	NA	NA	NA	NA
NA	NA	NA	NA	NA	NA	NA	NA	NA	NA	NA	NA	NA	NA	NA	NA
NA	NA	NA	NA	NA	NA	NA	NA	NA	NA	NA	NA	NA	NA	NA	NA
NA	NA	NA	NA	NA	NA	NA	NA	NA	NA	NA	NA	NA	NA	NA	NA
NA	NA	NA	NA	NA	NA	NA	NA	NA	NA	NA	NA	NA	NA	NA	NA
NA	NA	NA	NA	NA	NA	NA	NA	NA	NA	NA	NA	NA	NA	NA	NA
NA	NA	NA	NA	NA	NA	NA	NA	NA	NA	NA	NA	NA	NA	NA	NA
NA	NA	NA	NA	NA	NA	NA	NA	NA	NA	NA	NA	NA	NA	NA	NA
NA	NA	NA	NA	NA	NA	NA	NA	NA	NA	NA	NA	NA	NA	NA	NA
NA	NA	NA	NA	NA	NA	NA	NA	NA	NA	NA	NA	NA	NA	NA	NA
NA	NA	NA	NA	NA	NA	NA	NA	NA	NA	NA	NA	NA	NA	NA	NA
NA	NA	NA	NA	NA	NA	NA	NA	NA	NA	NA	NA	NA	NA	NA	NA
NA	NA	NA	NA	NA	NA	NA	NA	NA	NA	NA	NA	NA	NA	NA	NA
NA	NA	NA	NA	NA	NA	NA	NA	NA	NA	NA	NA	NA	NA	NA	NA
NA	NA	NA	NA	NA	NA	NA	NA	NA	NA	NA	NA	NA	NA	NA	NA
NA	NA	NA	NA	NA	NA	NA	NA	NA	NA	NA	NA	NA	NA	NA	NA
NA	NA	NA	NA	NA	NA	NA	NA	NA	NA	NA	NA	NA	NA	NA	NA
NA	NA	NA	NA	NA	NA	NA	NA	NA	NA	NA	NA	NA	NA	NA	NA
NA	NA	NA	NA	NA	NA	NA	NA	NA	NA	NA	NA	NA	NA	NA	NA
NA	NA	NA	NA	NA	NA	NA	NA	NA	NA	NA	NA	NA	NA	NA	NA
NA	NA	NA	NA	NA	NA	NA	NA	NA	NA	NA	NA	NA	NA	NA	NA
NA	NA	NA	NA	NA	NA	NA	NA	NA	NA	NA	NA	NA	NA	NA	NA
NA	NA	NA	NA	NA	NA	NA	NA	NA	NA	NA	NA	NA	NA	NA	NA
NA	NA	NA	NA	NA	NA	NA	NA	NA	NA	NA	NA	NA	NA	NA	NA
NA	NA	NA	NA	NA	NA	NA	NA	NA	NA	NA	NA	NA	NA	NA	NA
NA	NA	NA	NA	NA	NA	NA	NA	NA	NA	NA	NA	NA	NA	NA	NA
NA	NA	NA	NA	NA	NA	NA	NA	NA	NA	NA	NA	NA	NA	NA	NA
NA	NA	NA	NA	NA	NA	NA	NA	NA	NA	NA	NA	NA	NA	NA	NA
NA	NA	NA	NA	NA	NA	NA	NA	NA	NA	NA	NA	NA	NA	NA	NA
NA	NA	NA	NA	NA	NA	NA	NA	NA	NA	NA	NA	NA	NA	NA	NA
NA	NA	NA	NA	NA	NA	NA	NA	NA	NA	NA	NA	NA	NA	NA	NA
NA	NA	NA	NA	NA	NA	NA	NA	NA	NA	NA	NA	NA	NA	NA	NA
NA	NA	NA	NA	NA	NA	NA	NA	NA	NA	NA	NA	NA	NA	NA	NA
NA	NA	NA	NA	NA	NA	NA	NA	NA	NA	NA	NA	NA	NA	NA	NA
NA	NA	NA	NA	NA	NA	NA	NA	NA	NA	NA	NA	NA	NA	NA	NA
NA	NA	NA	NA	NA	NA	NA	NA	NA	NA	NA	NA	NA	NA	NA	NA
NA	NA	NA	NA	NA	NA	NA	NA	NA	NA	NA	NA	NA	NA	NA	NA
NA	NA	NA	NA	NA	NA	NA	NA	NA	NA	NA	NA	NA	NA	NA	NA
NA	NA	NA	NA	NA	NA	NA	NA	NA	NA	NA	NA	NA	NA	NA	NA
NA	NA	NA	NA	NA	NA	NA	NA	NA	NA	NA	NA	NA	NA	NA	NA
NA	NA	NA	NA	NA	NA	NA	NA	NA	NA	NA	NA	NA	NA	NA	NA
NA	NA	NA	NA	NA	NA	NA	NA	NA	NA	NA	NA	NA	NA	NA	NA
NA	NA	NA	NA	NA	NA	NA	NA	NA	NA	NA	NA	NA	NA	NA	NA
NA	NA	NA	NA	NA	NA	NA	NA	NA	NA	NA	NA	NA	NA	NA	NA
NA	NA	NA	NA	NA	NA	NA	NA	NA	NA	NA	NA	NA	NA	NA	NA
NA	NA	NA	NA	NA	NA	NA	NA	NA	NA	NA	NA	NA	NA	NA	NA
NA	NA	NA	NA	NA	NA	NA	NA	NA	NA	NA	NA	NA	NA	NA	NA
NA	NA	NA	NA	NA	NA	NA	NA	NA	NA	NA	NA	NA	NA	NA	NA
NA	NA	NA	NA	NA	NA	NA	NA	NA	NA	NA	NA	NA	NA	NA	NA
NA	NA	NA	NA	NA	NA	NA	NA	NA	NA	NA	NA	NA	NA	NA	NA
NA	NA	NA	NA	NA	NA	NA	NA	NA	NA	NA	NA	NA	NA	NA	NA
NA	NA	NA	NA	NA	NA	NA	NA	NA	NA	NA	NA	NA	NA	NA	NA
NA	NA	NA	NA	NA	NA	NA	NA	NA	NA	NA	NA	NA	NA	NA	NA
NA	NA	NA	NA	NA	NA	NA	NA	NA	NA	NA	NA	NA	NA	NA	NA
NA	NA	NA	NA	NA	NA	NA	NA	NA	NA	NA	NA	NA	NA	NA	NA
NA	NA	NA	NA	NA	NA	NA	NA	NA	NA	NA	NA	NA	NA	NA	NA
NA	NA	NA	NA	NA	NA	NA	NA	NA	NA	NA	NA	NA	NA	NA	NA
NA	NA	NA	NA	NA	NA	NA	NA	NA	NA	NA	NA	NA	NA	NA	NA
NA	NA	NA	NA	NA	NA	NA	NA	NA	NA	NA	NA	NA	NA	NA	NA
NA	NA	NA	NA	NA	NA	NA	NA	NA	NA	NA	NA	NA	NA	NA	NA
NA	NA	NA	NA	NA	NA	NA	NA	NA	NA	NA	NA	NA	NA	NA	NA
NA	NA	NA	NA	NA	NA	NA	NA	NA	NA	NA	NA	NA	NA	NA	NA
NA	NA	NA	NA	NA	NA	NA	NA	NA	NA	NA	NA	NA	NA	NA	NA
NA	NA	NA	NA	NA	NA	NA	NA	NA	NA	NA	NA	NA	NA	NA	NA
NA	NA	NA	NA	NA	NA	NA	NA	NA	NA	NA	NA	NA	NA	NA	NA
NA	NA	NA	NA	NA	NA	NA	NA	NA	NA	NA	NA	NA	NA	NA	NA
NA	NA	NA	NA	NA	NA	NA	NA	NA	NA	NA	NA	NA	NA	NA	NA
NA	NA	NA	NA	NA	NA	NA	NA	NA	NA	NA	NA	NA	NA	NA	NA
NA	NA	NA	NA	NA	NA	NA	NA	NA	NA	NA	NA	NA	NA	NA	NA
NA	NA	NA	NA	NA	NA	NA	NA	NA	NA	NA	NA	NA	NA	NA	NA
NA	NA	NA	NA	NA	NA	NA	NA	NA	NA	NA	NA	NA	NA	NA	NA
NA	NA	NA	NA	NA	NA	NA	NA	NA	NA	NA	NA	NA	NA	NA	NA
NA	NA	NA	NA	NA	NA	NA	NA	NA	NA	NA	NA	NA	NA	NA	NA
NA	NA	NA	NA	NA	NA	NA	NA	NA	NA	NA	NA	NA	NA	NA	NA
NA	NA	NA	NA	NA	NA	NA	NA	NA	NA	NA	NA	NA	NA	NA	NA
NA	NA	NA	NA	NA	NA	NA	NA	NA	NA	NA	NA	NA	NA	NA	NA
NA	NA	NA	NA	NA	NA	NA	NA	NA	NA	NA	NA	NA	NA	NA	NA
NA	NA	NA	NA	NA	NA	NA	NA	NA	NA	NA	NA	NA	NA	NA	NA
NA	NA	NA	NA	NA	NA	NA	NA	NA	NA	NA	NA	NA	NA	NA	NA
NA	NA	NA	NA	NA	NA	NA	NA	NA	NA	NA	NA	NA	NA	NA	NA
NA	NA	NA	NA	NA	NA	NA	NA	NA	NA	NA	NA	NA	NA	NA	NA
NA	NA	NA	NA	NA	NA	NA	NA	NA	NA	NA	NA	NA	NA	NA	NA
NA	NA	NA	NA	NA	NA	NA	NA	NA	NA	NA	NA	NA	NA	NA	NA
NA	NA	NA	NA	NA	NA	NA	NA	NA	NA	NA	NA	NA	NA	NA	NA
NA	NA	NA	NA	NA	NA	NA	NA	NA	NA	NA	NA	NA	NA	NA	NA
NA	NA	NA	NA	NA	NA	NA	NA	NA	NA	NA	NA	NA	NA	NA	NA
NA	NA	NA	NA	NA	NA	NA	NA	NA	NA	NA	NA	NA	NA	NA	NA
NA	NA	NA	NA	NA	NA	NA	NA	NA	NA	NA	NA	NA	NA	NA	NA
NA	NA	NA	NA	NA	NA	NA	NA	NA	NA	NA	NA	NA	NA	NA	NA
NA	NA	NA	NA	NA	NA	NA	NA	NA	NA	NA	NA	NA	NA	NA	NA
NA	NA	NA	NA	NA	NA	NA	NA	NA	NA	NA	NA	NA	NA	NA	NA
NA	NA	NA	NA	NA	NA	NA	NA	NA	NA	NA	NA	NA	NA	NA	NA
NA	NA	NA	NA	NA	NA	NA	NA	NA	NA	NA	NA	NA	NA	NA	NA
NA	NA	NA	NA	NA	NA	NA	NA	NA	NA	NA	NA	NA	NA	NA	NA
NA	NA	NA	NA	NA	NA	NA	NA	NA	NA	NA	NA	NA	NA	NA	NA
NA	NA	NA	NA	NA	NA	NA	NA	NA	NA	NA	NA	NA	NA	NA	NA
NA	NA	NA	NA	NA	NA	NA	NA	NA	NA	NA	NA	NA	NA	NA	NA
NA	NA	NA	NA	NA	NA	NA	NA	NA	NA	NA	NA	NA	NA	NA	NA
NA	NA	NA	NA	NA	NA	NA	NA	NA	NA	NA	NA	NA	NA	NA	NA
NA	NA	NA	NA	NA	NA	NA	NA	NA	NA	NA	NA	NA	NA	NA	NA
NA	NA	NA	NA	NA	NA	NA	NA	NA	NA	NA	NA	NA	NA	NA	NA
NA	NA	NA	NA	NA	NA	NA	NA	NA	NA	NA	NA	NA	NA	NA	NA
NA	NA	NA	NA	NA	NA	NA	NA	NA	NA	NA	NA	NA	NA	NA	NA
NA	NA	NA	NA	NA	NA	NA	NA	NA	NA	NA	NA	NA	NA	NA	NA
NA	NA	NA	NA	NA	NA	NA	NA	NA	NA	NA	NA	NA	NA	NA	NA
NA	NA	NA	NA	NA	NA	NA	NA	NA	NA	NA	NA	NA	NA	NA	NA
NA	NA	NA	NA	NA	NA	NA	NA	NA	NA	NA	NA	NA	NA	NA	NA
NA	NA	NA	NA	NA	NA	NA	NA	NA	NA	NA	NA	NA	NA	NA	NA
NA	NA	NA	NA	NA	NA	NA	NA	NA	NA	NA	NA	NA	NA	NA	NA
NA	NA	NA	NA	NA	NA	NA	NA	NA	NA	NA	NA	NA	NA	NA	NA
NA	NA	NA	NA	NA	NA	NA	NA	NA	NA	NA	NA	NA	NA	NA	NA
NA	NA	NA	NA	NA	NA	NA	NA	NA	NA	NA	NA	NA	NA	NA	NA
NA	NA	NA	NA	NA	NA	NA	NA	NA	NA	NA	NA	NA	NA	NA	NA
NA	NA	NA	NA	NA	NA	NA	NA	NA	NA	NA	NA	NA	NA	NA	NA
NA	NA	NA	NA	NA	NA	NA	NA	NA	NA	NA	NA	NA	NA	NA	NA
NA	NA	NA	NA	NA	NA	NA	NA	NA	NA	NA	NA	NA	NA	NA	NA
NA	NA	NA	NA	NA	NA	NA	NA	NA	NA	NA	NA	NA	NA	NA	NA
NA	NA	NA	NA	NA	NA	NA	NA	NA	NA	NA	NA	NA	NA	NA	NA
NA	NA	NA	NA	NA	NA	NA	NA	NA	NA	NA	NA	NA	NA	NA	NA
NA	NA	NA	NA	NA	NA	NA	NA	NA	NA	NA	NA	NA	NA	NA	NA
NA	NA	NA	NA	NA	NA	NA	NA	NA	NA	NA	NA	NA	NA	NA	NA
NA	NA	NA	NA	NA	NA	NA	NA	NA	NA	NA	NA	NA	NA	NA	NA
NA	NA	NA	NA	NA	NA	NA	NA	NA	NA	NA	NA	NA	NA	NA	NA
NA	NA	NA	NA	NA	NA	NA	NA	NA	NA	NA	NA	NA	NA	NA	NA
NA	NA	NA	NA	NA	NA	NA	NA	NA	NA	NA	NA	NA	NA	NA	NA
NA	NA	NA	NA	NA	NA	NA	NA	NA	NA	NA	NA	NA	NA	NA	NA
NA	NA	NA	NA	NA	NA	NA	NA	NA	NA	NA	NA	NA	NA	NA	NA
NA	NA	NA	NA	NA	NA	NA	NA	NA	NA	NA	NA	NA	NA	NA	NA
NA	NA	NA	NA	NA	NA	NA	NA	NA	NA	NA	NA	NA	NA	NA	NA
NA	NA	NA	NA	NA	NA	NA	NA	NA	NA	NA	NA	NA	NA	NA	NA
NA	NA	NA	NA	NA	NA	NA	NA	NA	NA	NA	NA	NA	NA	NA	NA
NA	NA	NA	NA	NA	NA	NA	NA	NA	NA	NA	NA	NA	NA	NA	NA
NA	NA	NA	NA	NA	NA	NA	NA	NA	NA	NA	NA	NA	NA	NA	NA
NA	NA	NA	NA	NA	NA	NA	NA	NA	NA	NA	NA	NA	NA	NA	NA
NA	NA	NA	NA	NA	NA	NA	NA	NA	NA	NA	NA	NA	NA	NA	NA
NA	NA	NA	NA	NA	NA	NA	NA	NA	NA	NA	NA	NA	NA	NA	NA
NA	NA	NA	NA	NA	NA	NA	NA	NA	NA	NA	NA	NA	NA	NA	NA
NA	NA	NA	NA	NA	NA	NA	NA	NA	NA	NA	NA	NA	NA	NA	NA
NA	NA	NA	NA	NA	NA	NA	NA	NA	NA	NA	NA	NA	NA	NA	NA
NA	NA	NA	NA	NA	NA	NA	NA	NA	NA	NA	NA	NA	NA	NA	NA
NA	NA	NA	NA	NA	NA	NA	NA	NA	NA	NA	NA	NA	NA	NA	NA
NA	NA	NA	NA	NA	NA	NA	NA	NA	NA	NA	NA	NA	NA	NA	NA
NA	NA	NA	NA	NA	NA	NA	NA	NA	NA	NA	NA	NA	NA	NA	NA
NA	NA	NA	NA	NA	NA	NA	NA	NA	NA	NA	NA	NA	NA	NA	NA
NA	NA	NA	NA	NA	NA	NA	NA	NA	NA	NA	NA	NA	NA	NA	NA
NA	NA	NA	NA	NA	NA	NA	NA	NA	NA	NA	NA	NA	NA	NA	NA
NA	NA	NA	NA	NA	NA	NA	NA	NA	NA	NA	NA	NA	NA	NA	NA
NA	NA	NA	NA	NA	NA	NA	NA	NA	NA	NA	NA	NA	NA	NA	NA
NA	NA	NA	NA	NA	NA	NA	NA	NA	NA	NA	NA	NA	NA	NA	NA
NA	NA	NA	NA	NA	NA	NA	NA	NA	NA	NA	NA	NA	NA	NA	NA
1.90849982210421	0.188523239719186	1.53899427225461	2.27800537195381	1.90050688861818	0.153700427149755	1.59925405140466	2.2017597258317	1.90050688861818	0.188523239719186	1.56421447171281	2.23759349369557	1.89845446684516	0.17690214817675	1.55149353747369	2.24541539621663
1.4396648190942	0.284522955575998	0.881999826165246	1.99732981202316	1.30971939018271	0.232536098768951	0.853948636595561	1.76549014376985	1.30971939018271	0.284522955575998	0.698303737173698	1.82640926259811	1.31878542841438	0.26234701226817	0.804174451904145	1.83339640492462
2.03670771996729	0.199100360852457	1.64647101269648	2.42694442723811	2.02185445936957	0.17369811001028	1.68140616374943	2.36230275498972	2.02185445936957	0.199100360852457	1.63866249128186	2.38778291875026	2.01913000593972	0.181657323135965	1.66289177173865	2.37536824014078
1.83228571566555	0.245264018814258	1.35156823878961	2.3130031925415	1.83593825996982	0.186361009813653	1.47067068073506	2.20120583920458	1.83593825996982	0.245264018814258	1.39022267282256	2.31249969214033	1.84047973957903	0.227448301198021	1.39433794947975	2.28662152967831
1.83910521676232	0.22223948305912	1.40351582996644	2.27469460355819	1.79280163495819	0.1908891623925	1.41865887666889	2.16694439324749	1.79280163495819	0.22223948305912	1.35490176850587	2.25343354156297	1.79841675401154	0.206664462379124	1.39309714958326	2.20373635843982
1.63099808496253	0.191317069903745	1.25601662795119	2.00597954197387	1.57789417477214	0.166338902024208	1.25186992680469	1.90391842273959	1.57789417477214	0.191317069903745	1.20680130921686	1.91021936693585	1.58382824820812	0.180287441522694	1.23023972172221	1.93741677469403
2.03703090161552	0.230905175991369	1.58445675667244	2.48960504655861	1.99495568530144	0.20912724749461	1.585066280212	2.40484509039087	1.99495568530144	0.230905175991369	1.53586321334517	2.44924497470081	1.99159865525069	0.212323943463297	1.57517264690643	2.40802466359495
2.09509325145154	0.182316422817395	1.73775306272945	2.45243344017363	2.04800736710214	0.170577253669571	1.71367594990978	2.3823387842945	2.04800736710214	0.182316422817395	1.69707233315694	2.40082516095384	2.05333610621472	0.169651092224766	1.72067643007822	2.38599578235122
1.65886552751056	0.258504479798551	1.1521967471054	2.16553430791572	1.67440519513942	0.19670594778708	1.28886153747674	2.0599488528021	1.67440519513942	0.258504479798551	1.18876324218715	2.18935038902474	1.67886301299869	0.237369490171127	1.21324286498555	2.14448316101182
2.01444012788216	0.196735923502695	1.62883771781688	2.40004253794744	1.92329140748044	0.168366743682769	1.59329258986221	2.25329022509867	1.92329140748044	0.196735923502695	1.52711053803659	2.3184215900892	1.92399372829998	0.193165116967077	1.54518271370802	2.30280474289195
2.2386067829119	0.246367634814634	1.75572621867521	2.72148734714858	2.3204236744052	0.217649724550086	1.89383021428703	2.74701713452337	2.3204236744052	0.246367634814634	1.85409936393756	2.78658314136543	2.32514516108641	0.226822521760464	1.88026488397243	2.7700254382004
2.63228027615845	0.188985580783862	2.26186853782208	3.00269201449482	2.48346014979444	0.168157066353935	2.15387229974073	2.81304799984816	2.48346014979444	0.188985580783862	2.12523887392377	2.84818788148249	2.48532764975254	0.177953970442494	2.13634936603563	2.83430593346944
2.21083071504533	0.164047744278312	1.88929713625984	2.53236429383083	2.11333614391289	0.145715983648294	1.82773281596223	2.39893947186354	2.11333614391289	0.164047744278312	1.75901804579563	2.4087603301239	2.10745524394115	0.152065876184227	1.80927009203972	2.40564039584257
1.74441376989479	0.172518577317174	1.40627735835313	2.08255018143645	1.72564581418988	0.144848528045401	1.44174269922089	2.00954892915887	1.72564581418988	0.172518577317174	1.39550286700004	2.05682569728058	1.72644415485774	0.166084748143726	1.40077065181459	2.0521176579009
2.23536191303078	0.231301205706483	1.78201154984607	2.68871227621549	2.14637440315979	0.200380357654502	1.75362890215696	2.53911990416261	2.14637440315979	0.231301205706483	1.74411731892191	2.67315486246155	2.14373418596613	0.213389834040966	1.72519291173318	2.56227546019908
1.85158476511534	0.196661362603915	1.46612849441167	2.23704103581901	1.97465186508099	0.181100658603	1.61969457421911	2.32960915594287	1.97465186508099	0.196661362603915	1.59722558389882	2.35283626420194	1.96421601809187	0.183955642320644	1.6034705293014	2.32496150688233
2.23256850233803	0.199298445969299	1.8419435482382	2.62319345643785	2.22773742949463	0.162007095532065	1.91020352225178	2.54527133673748	2.22773742949463	0.199298445969299	1.85811982209713	2.65046899658693	2.22324119069763	0.186543594666614	1.85738479142965	2.58909758996561
2.09831735140719	0.187033114663863	1.73173244666602	2.46490225614836	2.08636723228644	0.165718159782872	1.76155963911201	2.41117482546087	2.08636723228644	0.187033114663863	1.69517651919557	2.43217626422474	2.08918663051769	0.172972074162096	1.74998051425812	2.42839274677726
2.06102368215439	0.223592274661445	1.62278282381796	2.49926454049082	2.11618578735961	0.188262968672577	1.74719036876136	2.48518120595786	2.11618578735961	0.223592274661445	1.68519489142617	2.56113742760805	2.11195474807894	0.205463236844526	1.70897002033487	2.51493947582302
1.85240369896853	0.226955188705988	1.40757152910479	2.29723586883226	1.84958469547076	0.185398054100488	1.4862045094338	2.21296488150772	1.84958469547076	0.226955188705988	1.39656566145911	2.2689078888199	1.85284886457533	0.212686285500575	1.43569350522852	2.27000422392214
1.79579166564099	0.228531593845646	1.34786974170352	2.24371358957845	1.93301841856986	0.179249973712594	1.58168847009318	2.28434836704655	1.93301841856986	0.228531593845646	1.4639801781929	2.35869247803044	1.93506577977359	0.221784649538256	1.50002899502693	2.37010256452025
2.07772398934107	0.178179862039642	1.72849145974337	2.42695651893877	2.09813338327512	0.15828200953597	1.78790064458462	2.40836612196562	2.09813338327512	0.178179862039642	1.74388916553987	2.43101082776911	2.09209924976896	0.165131868730755	1.76827963893568	2.41591886060224
2.022713182082	0.190556811718149	1.64922183111443	2.39620453304957	2.15976548703977	0.161035363625074	1.84413617433463	2.47539479974492	2.15976548703977	0.190556811718149	1.77698309394028	2.52552284787034	2.15600177142217	0.180727907022591	1.80155991665312	2.51044362619123
1.755752753878	0.22504341057046	1.31466766915989	2.1968378385961	1.75952498412643	0.193828190994072	1.37962172977805	2.13942823847482	1.75952498412643	0.22504341057046	1.28797207950988	2.18890787812838	1.76320959472941	0.215449958595359	1.3406159627915	2.18580322666732
2.34508867056931	0.182212968051564	1.98795125318824	2.70222608795037	2.12485559598122	0.17312815340012	1.78552441531698	2.46418677664545	2.12485559598122	0.182212968051564	1.77637445573521	2.47701741479443	2.12188768712589	0.164412513187984	1.79949483909982	2.44428053515195
1.84727792548952	0.219811406513171	1.4164475687237	2.27810828225534	1.89204179297507	0.187513586302983	1.52451516382122	2.25956842212892	1.89204179297507	0.219811406513171	1.43489305266779	2.27362750476693	1.89808161011571	0.199133352935005	1.50751836065254	2.28864485957887
2.04421403872616	0.273893865954401	1.50738206145553	2.58104601599678	2.22208708991196	0.231113055585885	1.76910550096362	2.67506867886029	2.22208708991196	0.273893865954401	1.73142026794506	2.79415979881921	2.21920686459391	0.256356523331773	1.71634264590725	2.72207108328056
2.06099384321914	0.171637851711876	1.72458365386386	2.39740403257442	2.02349693453356	0.156121196566678	1.71749938926287	2.32949447980425	2.02349693453356	0.171637851711876	1.70055346514479	2.37013438314694	2.02029965890847	0.159038973458148	1.70842547025931	2.33217384755762
2.06269326140514	0.196283631617839	1.67797734343418	2.4474091793761	2.01736063749577	0.174544826588789	1.67525277738174	2.3594684976098	2.01736063749577	0.196283631617839	1.65988403037516	2.40350050821922	2.01683647550201	0.183786606778333	1.65640965983992	2.3772632911641
2.23732937421916	0.176367752739467	1.8916485788498	2.58301016958851	2.2138556109661	0.16150786358751	1.89730019833458	2.53041102359762	2.2138556109661	0.176367752739467	1.86320773170126	2.54522000277282	2.22082776160654	0.159868803132583	1.90733780997067	2.5343177132424
1.85878772768818	0.23093902741596	1.4061472339529	2.31142822142346	1.83065186488948	0.207461015129111	1.42402827523642	2.23727545454253	1.83065186488948	0.23093902741596	1.37650486704949	2.26305931124714	1.83139641002821	0.211798509667904	1.41599467520788	2.24679814484855
2.02199077332833	0.203414067825941	1.62329920038948	2.42068234626717	2.07453803970201	0.175614563252491	1.73033349572712	2.41874258367689	2.07453803970201	0.203414067825941	1.68286007432833	2.4570359880948	2.06844622889487	0.1815068396562	1.71249278266264	2.42439967512711
1.86781371680736	0.238890017729636	1.39958928205727	2.33603815155744	1.86110384683659	0.203438039247682	1.46236528991113	2.25984240376205	1.86110384683659	0.238890017729636	1.31772348253399	2.29570442818732	1.86072814112815	0.221787129938838	1.42570708709149	2.29574919516481
2.09847377410035	0.21730352461607	1.67255886585286	2.52438868234785	1.97923311322977	0.179537176768524	1.62734024676346	2.33112597969608	1.97923311322977	0.21730352461607	1.54922284657471	2.38381600831334	1.97260572253045	0.210810444315907	1.55913533057193	2.38607611448897
1.85624187821192	0.227328863221139	1.41067730629849	2.30180645012535	1.8164547170844	0.186178963158425	1.45154394929389	2.18136548487492	1.8164547170844	0.227328863221139	1.35497867616811	2.23477365835681	1.8225288978144	0.219934017523068	1.39118874467174	2.25386905095706
2.12387844487156	0.189316466609972	1.75281817031601	2.4949387194271	2.09602730965749	0.164305419439491	1.77398868755609	2.4180659317589	2.09602730965749	0.189316466609972	1.68237531319188	2.44741945437226	2.08899860960034	0.178042852247485	1.73982887720722	2.43816834199345
1.9584125216559	0.214366487227896	1.53825420668923	2.37857083662258	1.88176772974085	0.187924786899511	1.5134351474178	2.25010031206389	1.88176772974085	0.214366487227896	1.5016738562019	2.33401653215186	1.87620896341401	0.19047865962385	1.50264672180856	2.24977120501945
2.24878121143809	0.223449436578446	1.81082031574433	2.68674210713184	2.30260765601303	0.177473194755602	1.95476019429205	2.650455117734	2.30260765601303	0.223449436578446	1.89971847310162	2.752862529151	2.30838000626107	0.212645410145288	1.89128784157385	2.72547217094829
1.83955292700968	0.187540524247789	1.47197349948402	2.20713235453535	1.95706494778055	0.165591490889223	1.63250562563768	2.28162426992343	1.95706494778055	0.187540524247789	1.59153311607583	2.33491240242402	1.95949567431004	0.172934296086205	1.62037127473732	2.29862007388277
2.22693020293819	0.209826356173786	1.81567054483756	2.63818986103881	2.1294264674055	0.180746167032978	1.77516398002086	2.48368895479014	2.1294264674055	0.209826356173786	1.73105705885568	2.55615479299662	2.12674320222061	0.195408416487625	1.74353784587354	2.50994855856768
2.04334809776419	0.261973067694489	1.529880885083	2.55681531044539	1.8794235568996	0.231093462764353	1.42648036988146	2.33236674391773	1.8794235568996	0.261973067694489	1.31882609650104	2.34375364402996	1.87684837877805	0.244792257384237	1.39670925041383	2.35698750714228
1.94327088955143	0.197443246661093	1.55628212609569	2.33025965300718	1.98067262877802	0.171862160480288	1.64382279423665	2.31752246331938	1.98067262877802	0.197443246661093	1.60084168283102	2.34957519935724	1.97220518400471	0.179594572296809	1.61999739702393	2.3244129709855
2.0471913815291	0.241741803256548	1.57337744714627	2.52100531591194	2.14674539548556	0.204372372333676	1.74617554571155	2.54731524525956	2.14674539548556	0.241741803256548	1.72686658822988	2.65769713904379	2.14121351363217	0.220311681799993	1.70908688588627	2.57334014137806
1.97321066696028	0.203430269159428	1.5744873394078	2.37193399451276	1.95720568498797	0.168462406426056	1.6270193683929	2.28739200158304	1.95720568498797	0.203430269159428	1.55646332073357	2.37396862206349	1.95570146959453	0.191157826554365	1.58082887257944	2.33057406660961
1.84476799835044	0.212270946559601	1.42871694309362	2.26081905360726	1.93259490613215	0.191312344981099	1.5576227099692	2.30756710229511	1.93259490613215	0.212270946559601	1.49528520564118	2.33811928986518	1.92941033707758	0.201214460681274	1.5347876573073	2.32403301684787
1.98367103455017	0.245150232918249	1.5031765780304	2.46416549106994	2.03209494704274	0.207034690711598	1.62630695324801	2.43788294083747	2.03209494704274	0.245150232918249	1.55036845960409	2.53035598834746	2.02715917848425	0.226953475480971	1.58200170297017	2.47231665399834
1.85790404455952	0.183171567909404	1.49888777145709	2.21692031766196	1.92849012781662	0.163143048944046	1.60872975188629	2.24825050374695	1.92849012781662	0.183171567909404	1.57601287593415	2.26135668137603	1.93549114678737	0.17135543199196	1.59943814133261	2.27154415224213
2.03335792566441	0.180566325773818	1.67944792714773	2.38726792418109	1.96024208387173	0.164749385735602	1.63733328782995	2.28315087991351	1.96024208387173	0.180566325773818	1.58765375904571	2.28357081277346	1.95900455832893	0.163520407251397	1.63834620614555	2.2796629105123
1.93225956860833	0.241108727663924	1.45968646238704	2.40483267482962	2.02344674281592	0.206162202626683	1.61936882566762	2.42752465996422	2.02344674281592	0.241108727663924	1.59353634537554	2.49116145408903	2.02326914298824	0.224986768257619	1.5819927911049	2.46454549487157
2.01113050775533	0.191134126989375	1.63650761885616	2.38575339665451	2.10452881622632	0.170402047988343	1.77054080216917	2.43851683028347	2.10452881622632	0.191134126989375	1.68795163498698	2.47326155383674	2.10110235188007	0.174413301160216	1.75906078094223	2.44314392281791
2.04641099910321	0.202829617638067	1.6488649485326	2.44395704967382	2.10083415028606	0.181467714276636	1.74515743030385	2.45651087026826	2.10083415028606	0.202829617638067	1.71392625498932	2.46866434129492	2.09866662738802	0.19132878174232	1.72343854205824	2.47389471271781
2.1561309075767	0.244224997828424	1.67744991183299	2.63481190332041	2.2580612911968	0.193800117056924	1.87821306176523	2.63790952062837	2.2580612911968	0.244224997828424	1.7840564387948	2.75716308097682	2.25544597218133	0.227829306274503	1.80856963052034	2.70232231384232
2.05347879316212	0.18782941897517	1.68533313197078	2.42162445435345	2.08085942534685	0.169265567731446	1.74909891259322	2.41261993810049	2.08085942534685	0.18782941897517	1.74150321544566	2.44441983549957	2.07895877841511	0.171424265186155	1.74279466255078	2.41512289427944
2.04033173829127	0.234670958437179	1.5803766597544	2.50028681682814	2.05847669425747	0.19725790111302	1.67185120807595	2.44510218043899	2.05847669425747	0.234670958437179	1.59278234774131	2.51377596052001	2.05936103929719	0.215436194291912	1.63679888416157	2.48192319443282
1.48117775641354	0.220609063100307	1.04878399273693	1.91357152009014	1.56000427059032	0.196989713634383	1.17390443186693	1.94610410931371	1.56000427059032	0.220609063100307	1.14660196106987	1.98794563631525	1.55706083517349	0.20483811744649	1.15532790306028	1.9587937672867
2.16080516872889	0.207293564949406	1.75450978142805	2.56710055602972	2.263149118433	0.181397048564582	1.90761090324642	2.61868733361958	2.263149118433	0.207293564949406	1.8764431315979	2.67623961360047	2.25582286701382	0.190353094087311	1.88248682306687	2.62915891096077
2.02047366009398	0.18874575317202	1.65053198387682	2.39041533631114	1.98709391617005	0.167710360222128	1.65838161013468	2.31580622220542	1.98709391617005	0.18874575317202	1.62987718022851	2.35710301967373	1.98075416003598	0.168674272687335	1.65000397659378	2.31150434347817
2.00425020571799	0.225253792537388	1.56275277234471	2.44574763909127	1.9634061416259	0.192124335536124	1.5868424439751	2.3399698392767	1.9634061416259	0.225253792537388	1.50253110555857	2.41571643878614	1.96615950508785	0.217277595096118	1.53998284415209	2.39233616602361
1.77687167286784	0.205354407354002	1.374377034454	2.17936631128169	1.79089300896831	0.200098620895402	1.39869971201332	2.1830863059233	1.79089300896831	0.205354407354002	1.37789380246501	2.20263280051488	1.790304633491	0.182279193286547	1.4328604892539	2.1477487777281
2.16450048641102	0.224498396213166	1.72448362983322	2.60451734298883	1.9478584242349	0.19509799903711	1.56546634612216	2.33025050234764	1.9478584242349	0.224498396213166	1.52714027210255	2.38889795590471	1.95339805361119	0.204340496033346	1.55263626286019	2.35415984436219
2.20958144050758	0.196885395504703	1.82368606531836	2.5954768156968	2.27557804259286	0.166928899359309	1.94839739984862	2.60275868533711	2.27557804259286	0.196885395504703	1.87761779487072	2.65739170107077	2.2744701725621	0.182728087424249	1.91611142314304	2.63282892198115
2.36216986788294	0.241777978218573	1.88828503057453	2.83605470519134	2.35185982577689	0.197719236988887	1.96433012127867	2.73938953027511	2.35185982577689	0.241777978218573	1.91261863979576	2.84718273460873	2.35096445830048	0.22974708958112	1.90033488027028	2.80159403633068
2.15252295333541	0.222563826678675	1.71629785304521	2.58874805362561	2.06055186341944	0.189659169570763	1.68881989106074	2.43228383577813	2.06055186341944	0.222563826678675	1.65472478392778	2.50546205856495	2.06157909109681	0.20828219250485	1.65308114432797	2.47007703786565
1.73128762364745	0.231805399393698	1.27694904083581	2.1856262064591	1.76086112197638	0.191488012807962	1.38554461687278	2.13617762707999	1.76086112197638	0.231805399393698	1.31277112001583	2.1903493477287	1.76443051261325	0.218443690579839	1.33598200649826	2.19287901872824
2.10665951665745	0.203185161675651	1.70841659977318	2.50490243354173	2.15889554656726	0.177446429759905	1.81110054423785	2.50669054889668	2.15889554656726	0.203185161675651	1.75798053528813	2.55005663765733	2.15259876521234	0.192730863228407	1.77461349147785	2.53058403894682
2.00953663909554	0.176913630987611	1.66278592235982	2.35628735583126	1.93914784484199	0.169122090878675	1.60766854671979	2.2706271429642	1.93914784484199	0.176913630987611	1.60180331465923	2.27185245269746	1.93538078878232	0.15517125142018	1.63109491163887	2.23966666592578
2.45185827274153	0.223190014186235	2.01440584493651	2.88931070054655	2.40902204036035	0.199799325394063	2.01741536258798	2.80062871813271	2.40902204036035	0.223190014186235	1.97020138113432	2.83740935839265	2.39745038458265	0.216084873307301	1.973623655699	2.8212771134663
1.7673116537862	0.189594242084357	1.39570693930086	2.13891636827154	1.77761579329694	0.168653271221086	1.44705538170362	2.10817620489027	1.77761579329694	0.189594242084357	1.41229729419864	2.12904027534296	1.7741246676669	0.179278715798987	1.42255404423922	2.12569529109459
1.96735675612015	0.218217978078757	1.53964951908579	2.39506399315451	2.11674243530191	0.194935867791081	1.73466813443139	2.49881673617243	2.11674243530191	0.218217978078757	1.69584984015704	2.52395803550502	2.11465938372667	0.20255232679173	1.71739847178808	2.51192029566526
1.82089179743151	0.198021243718793	1.43277015974268	2.20901343512034	1.80868328889495	0.173398208148018	1.46882280092483	2.14854377686506	1.80868328889495	0.198021243718793	1.39969306450704	2.15967184603813	1.81320840377558	0.185455876517093	1.44949037088832	2.17692643666284
1.87953344256894	0.272104276640286	1.34620906035397	2.4128578247839	2.00208649096153	0.236358696422782	1.53882344597288	2.46534953595018	2.00208649096153	0.272104276640286	1.52038987912043	2.59535328507071	1.9927950744995	0.253449071338774	1.49564459618485	2.48994555281415
2.09481890446155	0.198821343754899	1.70512907070195	2.48450873822115	2.11361419824829	0.192666720241844	1.73598742657427	2.4912409699223	2.11361419824829	0.198821343754899	1.71128381965335	2.50002486285514	2.10586356776645	0.176605121313319	1.7595392819863	2.4521878535466
1.95509154584545	0.186769950876186	1.58902244212813	2.32116064956278	1.86706714921223	0.161080653520944	1.55134906831118	2.18278523011328	1.86706714921223	0.186769950876186	1.48541659893271	2.20670728051798	1.86741675395937	0.173865315105034	1.52644531060543	2.20838819731332
1.95545397337816	0.237038809894348	1.49085790598523	2.42005004077108	1.75385807255507	0.191095845656758	1.37931021506783	2.12840593004232	1.75385807255507	0.237038809894348	1.22474896726382	2.17679163293585	1.75381670429035	0.224688039489232	1.31309950018724	2.19453390839346
2.03143144108011	0.180819254404329	1.67702570244762	2.38583717971259	1.8774330269443	0.163627916322205	1.55672231095278	2.19814374293582	1.8774330269443	0.180819254404329	1.52780533618038	2.23098484869405	1.86740284712121	0.170068707115696	1.53388276456202	2.20092292968041
2.36343724247079	0.22124121606778	1.92980445897794	2.79707002596364	2.26444447515021	0.174918882691206	1.92160346507544	2.60728548522497	2.26444447515021	0.22124121606778	1.81792526309233	2.70504272829723	2.26106016465682	0.206430285665223	1.85617861890438	2.66594171040926
1.83480455061993	0.25115622106236	1.34253835733771	2.32707074390216	1.86305119850065	0.196140043800501	1.47861671265167	2.24748568434963	1.86305119850065	0.25115622106236	1.36270052513961	2.33491138409562	1.8646263686112	0.229926327485683	1.41363876032234	2.31561397690007
1.56815405479394	0.188153028575402	1.19937411878615	1.93693399080173	1.64446281346074	0.167951313519303	1.31527823896291	1.97364738795857	1.64446281346074	0.188153028575402	1.23810054835744	2.00750529451884	1.64758247193838	0.175212391104905	1.30395558936404	1.99120935451272
2.1379825841231	0.195198238088547	1.75539403746955	2.52057113077665	2.17837297858332	0.170956856491617	1.84329753985976	2.51344841730689	2.17837297858332	0.195198238088547	1.78735591852168	2.5762363569056	2.17817454968735	0.177425174254303	1.83022794686598	2.52612115250872
2.16755140761983	0.202961012289348	1.76974782353271	2.56535499170695	2.13723271788784	0.17792202300254	1.78850555280286	2.48595988297282	2.13723271788784	0.202961012289348	1.73608817858302	2.52603751207943	2.12984445602628	0.180817374226286	1.7752320408874	2.48445687116517
1.93693657088745	0.177316442136524	1.58939634429986	2.28447679747504	1.89296238261111	0.157316983960294	1.58462109404893	2.20130367117329	1.89296238261111	0.177316442136524	1.5453082103454	2.25117148840562	1.89061737307724	0.160292473654064	1.5762925279897	2.20494221816477
1.77274439860489	0.242035209999207	1.29835538700644	2.24713341020334	1.78595965572466	0.207001483198845	1.38023674865492	2.19168256279439	1.78595965572466	0.242035209999207	1.29419189584029	2.25445772564579	1.78518679877726	0.22657306679107	1.34078099216397	2.22959260539054
1.85248962564446	0.218939652718734	1.42336790631574	2.28161134497317	1.99165664138502	0.18954631475562	1.62014586446401	2.36316741830604	1.99165664138502	0.218939652718734	1.59253397834215	2.42242654679675	1.99135065704485	0.204200819663815	1.59084737962262	2.39185393446708
2.15917087265849	0.175572076856865	1.81504960201903	2.50329214329794	2.14179034977947	0.163199264684579	1.8219197909977	2.46166090856125	2.14179034977947	0.175572076856865	1.78233666664697	2.4765182292683	2.14009193045235	0.160432805686903	1.82550611242342	2.45467774848129
1.88780106879239	0.215472476857076	1.46547501415252	2.31012712343226	1.97206465583998	0.192314592928801	1.59512805369953	2.34900125798043	1.97206465583998	0.215472476857076	1.5799480213964	2.37441575078919	1.97036130781699	0.195068995800067	1.58779739376557	2.35292522186842
1.64258839291672	0.206359269527145	1.23812422464351	2.04705256118992	1.74047128147121	0.176531320322927	1.39446989363827	2.08647266930414	1.74047128147121	0.206359269527145	1.34475871893496	2.15531245333024	1.74147262342805	0.197975432392293	1.35321029898843	2.12973494786768
1.51652430610303	0.231177816794907	1.06341578518501	1.96963282702104	1.59202850845384	0.193319842886336	1.21312161639662	1.97093540051106	1.59202850845384	0.231177816794907	1.12398661060714	2.04871281880194	1.59007496754546	0.205799983893644	1.18644579702402	1.99370413806691
2.10202239226561	0.205956494275266	1.69834766348609	2.50569712104513	1.9062427630515	0.181936256141613	1.54964770101394	2.26283782508906	1.9062427630515	0.205956494275266	1.4966630942202	2.31677757069182	1.90851550382329	0.19619817801851	1.52371078460097	2.29332022304562
1.91449928382089	0.247479269314015	1.42943991596542	2.39955865167636	2.06028146649571	0.206611764141099	1.65532240877915	2.46524052421226	2.06028146649571	0.247479269314015	1.56516804978806	2.52444923310658	2.05814414066617	0.237991331472168	1.59131632253353	2.52497195879882
1.88826822265389	0.181115604305184	1.53328163821573	2.24325480709205	1.83991263160019	0.166417398301533	1.51373453092919	2.16609073227119	1.83991263160019	0.181115604305184	1.48477152643865	2.20588773445937	1.83897429937467	0.169704438207674	1.50617135959672	2.17177723915263
2.04521613031164	0.185886788269903	1.68087802530263	2.40955423532065	2.10372108646099	0.164960462583051	1.78039857979821	2.42704359312377	2.10372108646099	0.185886788269903	1.73411389624469	2.45478162600187	2.09482243039572	0.173329879051241	1.7549246096955	2.43472025109595
2.40292660175851	0.200515904012746	2.00991542989353	2.79593777362349	2.34884153121601	0.177022540151981	2.00187735251812	2.69580570991389	2.34884153121601	0.200515904012746	1.96699920802068	2.74858130670026	2.34283696859705	0.190778783634955	1.96869997244476	2.71697396474935
1.80769817297326	0.210922291251507	1.39429048212031	2.22110586382621	1.91807514177824	0.194307569938124	1.53723230469952	2.29891797885696	1.91807514177824	0.210922291251507	1.51284407167061	2.33657449582262	1.92002698256287	0.192189508182497	1.54311415840497	2.29693980672078
2.19461011848765	0.211254217899797	1.78055185140405	2.60866838557125	2.03791401799743	0.172641227275994	1.69953721253648	2.37629082345837	2.03791401799743	0.211254217899797	1.67641147903062	2.44820608702588	2.03191422974531	0.200282584999439	1.63910000091184	2.42472845857878
1.97271078500752	0.209410889433131	1.56226544171858	2.38315612829645	1.84218723497126	0.180211492757294	1.48897270916697	2.19540176077556	1.84218723497126	0.209410889433131	1.45545159259107	2.23291579372154	1.84390341053199	0.188675149990943	1.47388330122983	2.21392351983415
1.65625687962637	0.194194112588128	1.27563641895364	2.0368773402991	1.7100563886211	0.161729537153981	1.3930664957993	2.02704628144291	1.7100563886211	0.194194112588128	1.33005194576868	2.06103113177137	1.71019100523286	0.185053941628123	1.34728429457233	2.07309771589339
2.19960827162656	0.224306043950247	1.75996842548407	2.63924811776904	2.16115838827524	0.202936013874452	1.76340380108131	2.55891297546916	2.16115838827524	0.224306043950247	1.75617730924589	2.60282714989017	2.16055572991161	0.211439669876162	1.74585632548984	2.57525513433337
1.8635812194137	0.197276555445645	1.47691917074024	2.25024326808717	1.91011886846095	0.17217123755368	1.57266324285574	2.24757449406616	1.91011886846095	0.197276555445645	1.55007855921738	2.29952957870203	1.90652909120116	0.184379898796807	1.54494107797155	2.26811710443078
2.25447048994038	0.176415573114574	1.90869596663581	2.60024501324494	2.24332148107326	0.161102318526245	1.92756093676182	2.5590820253847	2.24332148107326	0.176415573114574	1.88664893647751	2.59442346825757	2.2434167309966	0.167137089969834	1.91567706947756	2.57115639251564
1.78411065968827	0.189495749036529	1.41269899157667	2.15552232779986	1.77229707067362	0.172289122748645	1.43461039008628	2.10998375126097	1.77229707067362	0.189495749036529	1.38017571156144	2.10632781561429	1.77441495383085	0.172821677879788	1.43548927774608	2.11334062991563
NA	NA	NA	NA	NA	NA	NA	NA	NA	NA	NA	NA	NA	NA	NA	NA
NA	NA	NA	NA	NA	NA	NA	NA	NA	NA	NA	NA	NA	NA	NA	NA
NA	NA	NA	NA	NA	NA	NA	NA	NA	NA	NA	NA	NA	NA	NA	NA
NA	NA	NA	NA	NA	NA	NA	NA	NA	NA	NA	NA	NA	NA	NA	NA
NA	NA	NA	NA	NA	NA	NA	NA	NA	NA	NA	NA	NA	NA	NA	NA
NA	NA	NA	NA	NA	NA	NA	NA	NA	NA	NA	NA	NA	NA	NA	NA
NA	NA	NA	NA	NA	NA	NA	NA	NA	NA	NA	NA	NA	NA	NA	NA
NA	NA	NA	NA	NA	NA	NA	NA	NA	NA	NA	NA	NA	NA	NA	NA
NA	NA	NA	NA	NA	NA	NA	NA	NA	NA	NA	NA	NA	NA	NA	NA
NA	NA	NA	NA	NA	NA	NA	NA	NA	NA	NA	NA	NA	NA	NA	NA
NA	NA	NA	NA	NA	NA	NA	NA	NA	NA	NA	NA	NA	NA	NA	NA
NA	NA	NA	NA	NA	NA	NA	NA	NA	NA	NA	NA	NA	NA	NA	NA
NA	NA	NA	NA	NA	NA	NA	NA	NA	NA	NA	NA	NA	NA	NA	NA
NA	NA	NA	NA	NA	NA	NA	NA	NA	NA	NA	NA	NA	NA	NA	NA
NA	NA	NA	NA	NA	NA	NA	NA	NA	NA	NA	NA	NA	NA	NA	NA
NA	NA	NA	NA	NA	NA	NA	NA	NA	NA	NA	NA	NA	NA	NA	NA
NA	NA	NA	NA	NA	NA	NA	NA	NA	NA	NA	NA	NA	NA	NA	NA
NA	NA	NA	NA	NA	NA	NA	NA	NA	NA	NA	NA	NA	NA	NA	NA
NA	NA	NA	NA	NA	NA	NA	NA	NA	NA	NA	NA	NA	NA	NA	NA
NA	NA	NA	NA	NA	NA	NA	NA	NA	NA	NA	NA	NA	NA	NA	NA
NA	NA	NA	NA	NA	NA	NA	NA	NA	NA	NA	NA	NA	NA	NA	NA
NA	NA	NA	NA	NA	NA	NA	NA	NA	NA	NA	NA	NA	NA	NA	NA
NA	NA	NA	NA	NA	NA	NA	NA	NA	NA	NA	NA	NA	NA	NA	NA
NA	NA	NA	NA	NA	NA	NA	NA	NA	NA	NA	NA	NA	NA	NA	NA
NA	NA	NA	NA	NA	NA	NA	NA	NA	NA	NA	NA	NA	NA	NA	NA
NA	NA	NA	NA	NA	NA	NA	NA	NA	NA	NA	NA	NA	NA	NA	NA
NA	NA	NA	NA	NA	NA	NA	NA	NA	NA	NA	NA	NA	NA	NA	NA
NA	NA	NA	NA	NA	NA	NA	NA	NA	NA	NA	NA	NA	NA	NA	NA
NA	NA	NA	NA	NA	NA	NA	NA	NA	NA	NA	NA	NA	NA	NA	NA
NA	NA	NA	NA	NA	NA	NA	NA	NA	NA	NA	NA	NA	NA	NA	NA
NA	NA	NA	NA	NA	NA	NA	NA	NA	NA	NA	NA	NA	NA	NA	NA
NA	NA	NA	NA	NA	NA	NA	NA	NA	NA	NA	NA	NA	NA	NA	NA
NA	NA	NA	NA	NA	NA	NA	NA	NA	NA	NA	NA	NA	NA	NA	NA
NA	NA	NA	NA	NA	NA	NA	NA	NA	NA	NA	NA	NA	NA	NA	NA
NA	NA	NA	NA	NA	NA	NA	NA	NA	NA	NA	NA	NA	NA	NA	NA
NA	NA	NA	NA	NA	NA	NA	NA	NA	NA	NA	NA	NA	NA	NA	NA
NA	NA	NA	NA	NA	NA	NA	NA	NA	NA	NA	NA	NA	NA	NA	NA
NA	NA	NA	NA	NA	NA	NA	NA	NA	NA	NA	NA	NA	NA	NA	NA
NA	NA	NA	NA	NA	NA	NA	NA	NA	NA	NA	NA	NA	NA	NA	NA
NA	NA	NA	NA	NA	NA	NA	NA	NA	NA	NA	NA	NA	NA	NA	NA
NA	NA	NA	NA	NA	NA	NA	NA	NA	NA	NA	NA	NA	NA	NA	NA
NA	NA	NA	NA	NA	NA	NA	NA	NA	NA	NA	NA	NA	NA	NA	NA
NA	NA	NA	NA	NA	NA	NA	NA	NA	NA	NA	NA	NA	NA	NA	NA
NA	NA	NA	NA	NA	NA	NA	NA	NA	NA	NA	NA	NA	NA	NA	NA
NA	NA	NA	NA	NA	NA	NA	NA	NA	NA	NA	NA	NA	NA	NA	NA
NA	NA	NA	NA	NA	NA	NA	NA	NA	NA	NA	NA	NA	NA	NA	NA
NA	NA	NA	NA	NA	NA	NA	NA	NA	NA	NA	NA	NA	NA	NA	NA
NA	NA	NA	NA	NA	NA	NA	NA	NA	NA	NA	NA	NA	NA	NA	NA
NA	NA	NA	NA	NA	NA	NA	NA	NA	NA	NA	NA	NA	NA	NA	NA
NA	NA	NA	NA	NA	NA	NA	NA	NA	NA	NA	NA	NA	NA	NA	NA
NA	NA	NA	NA	NA	NA	NA	NA	NA	NA	NA	NA	NA	NA	NA	NA
NA	NA	NA	NA	NA	NA	NA	NA	NA	NA	NA	NA	NA	NA	NA	NA
NA	NA	NA	NA	NA	NA	NA	NA	NA	NA	NA	NA	NA	NA	NA	NA
NA	NA	NA	NA	NA	NA	NA	NA	NA	NA	NA	NA	NA	NA	NA	NA
NA	NA	NA	NA	NA	NA	NA	NA	NA	NA	NA	NA	NA	NA	NA	NA
NA	NA	NA	NA	NA	NA	NA	NA	NA	NA	NA	NA	NA	NA	NA	NA
NA	NA	NA	NA	NA	NA	NA	NA	NA	NA	NA	NA	NA	NA	NA	NA
NA	NA	NA	NA	NA	NA	NA	NA	NA	NA	NA	NA	NA	NA	NA	NA
NA	NA	NA	NA	NA	NA	NA	NA	NA	NA	NA	NA	NA	NA	NA	NA
NA	NA	NA	NA	NA	NA	NA	NA	NA	NA	NA	NA	NA	NA	NA	NA
NA	NA	NA	NA	NA	NA	NA	NA	NA	NA	NA	NA	NA	NA	NA	NA
NA	NA	NA	NA	NA	NA	NA	NA	NA	NA	NA	NA	NA	NA	NA	NA
NA	NA	NA	NA	NA	NA	NA	NA	NA	NA	NA	NA	NA	NA	NA	NA
NA	NA	NA	NA	NA	NA	NA	NA	NA	NA	NA	NA	NA	NA	NA	NA
NA	NA	NA	NA	NA	NA	NA	NA	NA	NA	NA	NA	NA	NA	NA	NA
NA	NA	NA	NA	NA	NA	NA	NA	NA	NA	NA	NA	NA	NA	NA	NA
NA	NA	NA	NA	NA	NA	NA	NA	NA	NA	NA	NA	NA	NA	NA	NA
NA	NA	NA	NA	NA	NA	NA	NA	NA	NA	NA	NA	NA	NA	NA	NA
NA	NA	NA	NA	NA	NA	NA	NA	NA	NA	NA	NA	NA	NA	NA	NA
NA	NA	NA	NA	NA	NA	NA	NA	NA	NA	NA	NA	NA	NA	NA	NA
NA	NA	NA	NA	NA	NA	NA	NA	NA	NA	NA	NA	NA	NA	NA	NA
NA	NA	NA	NA	NA	NA	NA	NA	NA	NA	NA	NA	NA	NA	NA	NA
NA	NA	NA	NA	NA	NA	NA	NA	NA	NA	NA	NA	NA	NA	NA	NA
NA	NA	NA	NA	NA	NA	NA	NA	NA	NA	NA	NA	NA	NA	NA	NA
NA	NA	NA	NA	NA	NA	NA	NA	NA	NA	NA	NA	NA	NA	NA	NA
NA	NA	NA	NA	NA	NA	NA	NA	NA	NA	NA	NA	NA	NA	NA	NA
NA	NA	NA	NA	NA	NA	NA	NA	NA	NA	NA	NA	NA	NA	NA	NA
NA	NA	NA	NA	NA	NA	NA	NA	NA	NA	NA	NA	NA	NA	NA	NA
NA	NA	NA	NA	NA	NA	NA	NA	NA	NA	NA	NA	NA	NA	NA	NA
NA	NA	NA	NA	NA	NA	NA	NA	NA	NA	NA	NA	NA	NA	NA	NA
NA	NA	NA	NA	NA	NA	NA	NA	NA	NA	NA	NA	NA	NA	NA	NA
NA	NA	NA	NA	NA	NA	NA	NA	NA	NA	NA	NA	NA	NA	NA	NA
NA	NA	NA	NA	NA	NA	NA	NA	NA	NA	NA	NA	NA	NA	NA	NA
NA	NA	NA	NA	NA	NA	NA	NA	NA	NA	NA	NA	NA	NA	NA	NA
NA	NA	NA	NA	NA	NA	NA	NA	NA	NA	NA	NA	NA	NA	NA	NA
NA	NA	NA	NA	NA	NA	NA	NA	NA	NA	NA	NA	NA	NA	NA	NA
NA	NA	NA	NA	NA	NA	NA	NA	NA	NA	NA	NA	NA	NA	NA	NA
NA	NA	NA	NA	NA	NA	NA	NA	NA	NA	NA	NA	NA	NA	NA	NA
NA	NA	NA	NA	NA	NA	NA	NA	NA	NA	NA	NA	NA	NA	NA	NA
NA	NA	NA	NA	NA	NA	NA	NA	NA	NA	NA	NA	NA	NA	NA	NA
NA	NA	NA	NA	NA	NA	NA	NA	NA	NA	NA	NA	NA	NA	NA	NA
NA	NA	NA	NA	NA	NA	NA	NA	NA	NA	NA	NA	NA	NA	NA	NA
NA	NA	NA	NA	NA	NA	NA	NA	NA	NA	NA	NA	NA	NA	NA	NA
NA	NA	NA	NA	NA	NA	NA	NA	NA	NA	NA	NA	NA	NA	NA	NA
NA	NA	NA	NA	NA	NA	NA	NA	NA	NA	NA	NA	NA	NA	NA	NA
NA	NA	NA	NA	NA	NA	NA	NA	NA	NA	NA	NA	NA	NA	NA	NA
NA	NA	NA	NA	NA	NA	NA	NA	NA	NA	NA	NA	NA	NA	NA	NA
NA	NA	NA	NA	NA	NA	NA	NA	NA	NA	NA	NA	NA	NA	NA	NA
NA	NA	NA	NA	NA	NA	NA	NA	NA	NA	NA	NA	NA	NA	NA	NA
NA	NA	NA	NA	NA	NA	NA	NA	NA	NA	NA	NA	NA	NA	NA	NA
NA	NA	NA	NA	NA	NA	NA	NA	NA	NA	NA	NA	NA	NA	NA	NA
NA	NA	NA	NA	NA	NA	NA	NA	NA	NA	NA	NA	NA	NA	NA	NA
NA	NA	NA	NA	NA	NA	NA	NA	NA	NA	NA	NA	NA	NA	NA	NA
NA	NA	NA	NA	NA	NA	NA	NA	NA	NA	NA	NA	NA	NA	NA	NA
NA	NA	NA	NA	NA	NA	NA	NA	NA	NA	NA	NA	NA	NA	NA	NA
NA	NA	NA	NA	NA	NA	NA	NA	NA	NA	NA	NA	NA	NA	NA	NA
NA	NA	NA	NA	NA	NA	NA	NA	NA	NA	NA	NA	NA	NA	NA	NA
NA	NA	NA	NA	NA	NA	NA	NA	NA	NA	NA	NA	NA	NA	NA	NA
NA	NA	NA	NA	NA	NA	NA	NA	NA	NA	NA	NA	NA	NA	NA	NA
NA	NA	NA	NA	NA	NA	NA	NA	NA	NA	NA	NA	NA	NA	NA	NA
NA	NA	NA	NA	NA	NA	NA	NA	NA	NA	NA	NA	NA	NA	NA	NA
NA	NA	NA	NA	NA	NA	NA	NA	NA	NA	NA	NA	NA	NA	NA	NA
NA	NA	NA	NA	NA	NA	NA	NA	NA	NA	NA	NA	NA	NA	NA	NA
NA	NA	NA	NA	NA	NA	NA	NA	NA	NA	NA	NA	NA	NA	NA	NA
NA	NA	NA	NA	NA	NA	NA	NA	NA	NA	NA	NA	NA	NA	NA	NA
NA	NA	NA	NA	NA	NA	NA	NA	NA	NA	NA	NA	NA	NA	NA	NA
NA	NA	NA	NA	NA	NA	NA	NA	NA	NA	NA	NA	NA	NA	NA	NA
NA	NA	NA	NA	NA	NA	NA	NA	NA	NA	NA	NA	NA	NA	NA	NA
NA	NA	NA	NA	NA	NA	NA	NA	NA	NA	NA	NA	NA	NA	NA	NA
NA	NA	NA	NA	NA	NA	NA	NA	NA	NA	NA	NA	NA	NA	NA	NA
NA	NA	NA	NA	NA	NA	NA	NA	NA	NA	NA	NA	NA	NA	NA	NA
NA	NA	NA	NA	NA	NA	NA	NA	NA	NA	NA	NA	NA	NA	NA	NA
NA	NA	NA	NA	NA	NA	NA	NA	NA	NA	NA	NA	NA	NA	NA	NA
NA	NA	NA	NA	NA	NA	NA	NA	NA	NA	NA	NA	NA	NA	NA	NA
NA	NA	NA	NA	NA	NA	NA	NA	NA	NA	NA	NA	NA	NA	NA	NA
NA	NA	NA	NA	NA	NA	NA	NA	NA	NA	NA	NA	NA	NA	NA	NA
NA	NA	NA	NA	NA	NA	NA	NA	NA	NA	NA	NA	NA	NA	NA	NA
NA	NA	NA	NA	NA	NA	NA	NA	NA	NA	NA	NA	NA	NA	NA	NA
NA	NA	NA	NA	NA	NA	NA	NA	NA	NA	NA	NA	NA	NA	NA	NA
NA	NA	NA	NA	NA	NA	NA	NA	NA	NA	NA	NA	NA	NA	NA	NA
NA	NA	NA	NA	NA	NA	NA	NA	NA	NA	NA	NA	NA	NA	NA	NA
NA	NA	NA	NA	NA	NA	NA	NA	NA	NA	NA	NA	NA	NA	NA	NA
NA	NA	NA	NA	NA	NA	NA	NA	NA	NA	NA	NA	NA	NA	NA	NA
NA	NA	NA	NA	NA	NA	NA	NA	NA	NA	NA	NA	NA	NA	NA	NA
NA	NA	NA	NA	NA	NA	NA	NA	NA	NA	NA	NA	NA	NA	NA	NA
NA	NA	NA	NA	NA	NA	NA	NA	NA	NA	NA	NA	NA	NA	NA	NA
NA	NA	NA	NA	NA	NA	NA	NA	NA	NA	NA	NA	NA	NA	NA	NA
NA	NA	NA	NA	NA	NA	NA	NA	NA	NA	NA	NA	NA	NA	NA	NA
NA	NA	NA	NA	NA	NA	NA	NA	NA	NA	NA	NA	NA	NA	NA	NA
NA	NA	NA	NA	NA	NA	NA	NA	NA	NA	NA	NA	NA	NA	NA	NA
NA	NA	NA	NA	NA	NA	NA	NA	NA	NA	NA	NA	NA	NA	NA	NA
NA	NA	NA	NA	NA	NA	NA	NA	NA	NA	NA	NA	NA	NA	NA	NA
NA	NA	NA	NA	NA	NA	NA	NA	NA	NA	NA	NA	NA	NA	NA	NA
NA	NA	NA	NA	NA	NA	NA	NA	NA	NA	NA	NA	NA	NA	NA	NA
NA	NA	NA	NA	NA	NA	NA	NA	NA	NA	NA	NA	NA	NA	NA	NA
NA	NA	NA	NA	NA	NA	NA	NA	NA	NA	NA	NA	NA	NA	NA	NA
NA	NA	NA	NA	NA	NA	NA	NA	NA	NA	NA	NA	NA	NA	NA	NA
NA	NA	NA	NA	NA	NA	NA	NA	NA	NA	NA	NA	NA	NA	NA	NA
NA	NA	NA	NA	NA	NA	NA	NA	NA	NA	NA	NA	NA	NA	NA	NA
NA	NA	NA	NA	NA	NA	NA	NA	NA	NA	NA	NA	NA	NA	NA	NA
NA	NA	NA	NA	NA	NA	NA	NA	NA	NA	NA	NA	NA	NA	NA	NA
NA	NA	NA	NA	NA	NA	NA	NA	NA	NA	NA	NA	NA	NA	NA	NA
NA	NA	NA	NA	NA	NA	NA	NA	NA	NA	NA	NA	NA	NA	NA	NA
NA	NA	NA	NA	NA	NA	NA	NA	NA	NA	NA	NA	NA	NA	NA	NA
NA	NA	NA	NA	NA	NA	NA	NA	NA	NA	NA	NA	NA	NA	NA	NA
NA	NA	NA	NA	NA	NA	NA	NA	NA	NA	NA	NA	NA	NA	NA	NA
NA	NA	NA	NA	NA	NA	NA	NA	NA	NA	NA	NA	NA	NA	NA	NA
NA	NA	NA	NA	NA	NA	NA	NA	NA	NA	NA	NA	NA	NA	NA	NA
NA	NA	NA	NA	NA	NA	NA	NA	NA	NA	NA	NA	NA	NA	NA	NA
NA	NA	NA	NA	NA	NA	NA	NA	NA	NA	NA	NA	NA	NA	NA	NA
NA	NA	NA	NA	NA	NA	NA	NA	NA	NA	NA	NA	NA	NA	NA	NA
NA	NA	NA	NA	NA	NA	NA	NA	NA	NA	NA	NA	NA	NA	NA	NA
NA	NA	NA	NA	NA	NA	NA	NA	NA	NA	NA	NA	NA	NA	NA	NA
NA	NA	NA	NA	NA	NA	NA	NA	NA	NA	NA	NA	NA	NA	NA	NA
NA	NA	NA	NA	NA	NA	NA	NA	NA	NA	NA	NA	NA	NA	NA	NA
NA	NA	NA	NA	NA	NA	NA	NA	NA	NA	NA	NA	NA	NA	NA	NA
NA	NA	NA	NA	NA	NA	NA	NA	NA	NA	NA	NA	NA	NA	NA	NA
NA	NA	NA	NA	NA	NA	NA	NA	NA	NA	NA	NA	NA	NA	NA	NA
NA	NA	NA	NA	NA	NA	NA	NA	NA	NA	NA	NA	NA	NA	NA	NA
NA	NA	NA	NA	NA	NA	NA	NA	NA	NA	NA	NA	NA	NA	NA	NA
NA	NA	NA	NA	NA	NA	NA	NA	NA	NA	NA	NA	NA	NA	NA	NA
NA	NA	NA	NA	NA	NA	NA	NA	NA	NA	NA	NA	NA	NA	NA	NA
NA	NA	NA	NA	NA	NA	NA	NA	NA	NA	NA	NA	NA	NA	NA	NA
NA	NA	NA	NA	NA	NA	NA	NA	NA	NA	NA	NA	NA	NA	NA	NA
NA	NA	NA	NA	NA	NA	NA	NA	NA	NA	NA	NA	NA	NA	NA	NA
NA	NA	NA	NA	NA	NA	NA	NA	NA	NA	NA	NA	NA	NA	NA	NA
NA	NA	NA	NA	NA	NA	NA	NA	NA	NA	NA	NA	NA	NA	NA	NA
NA	NA	NA	NA	NA	NA	NA	NA	NA	NA	NA	NA	NA	NA	NA	NA
NA	NA	NA	NA	NA	NA	NA	NA	NA	NA	NA	NA	NA	NA	NA	NA
NA	NA	NA	NA	NA	NA	NA	NA	NA	NA	NA	NA	NA	NA	NA	NA
NA	NA	NA	NA	NA	NA	NA	NA	NA	NA	NA	NA	NA	NA	NA	NA
NA	NA	NA	NA	NA	NA	NA	NA	NA	NA	NA	NA	NA	NA	NA	NA
NA	NA	NA	NA	NA	NA	NA	NA	NA	NA	NA	NA	NA	NA	NA	NA
NA	NA	NA	NA	NA	NA	NA	NA	NA	NA	NA	NA	NA	NA	NA	NA
NA	NA	NA	NA	NA	NA	NA	NA	NA	NA	NA	NA	NA	NA	NA	NA
NA	NA	NA	NA	NA	NA	NA	NA	NA	NA	NA	NA	NA	NA	NA	NA
NA	NA	NA	NA	NA	NA	NA	NA	NA	NA	NA	NA	NA	NA	NA	NA
NA	NA	NA	NA	NA	NA	NA	NA	NA	NA	NA	NA	NA	NA	NA	NA
NA	NA	NA	NA	NA	NA	NA	NA	NA	NA	NA	NA	NA	NA	NA	NA
NA	NA	NA	NA	NA	NA	NA	NA	NA	NA	NA	NA	NA	NA	NA	NA
NA	NA	NA	NA	NA	NA	NA	NA	NA	NA	NA	NA	NA	NA	NA	NA
NA	NA	NA	NA	NA	NA	NA	NA	NA	NA	NA	NA	NA	NA	NA	NA
NA	NA	NA	NA	NA	NA	NA	NA	NA	NA	NA	NA	NA	NA	NA	NA
NA	NA	NA	NA	NA	NA	NA	NA	NA	NA	NA	NA	NA	NA	NA	NA
NA	NA	NA	NA	NA	NA	NA	NA	NA	NA	NA	NA	NA	NA	NA	NA
NA	NA	NA	NA	NA	NA	NA	NA	NA	NA	NA	NA	NA	NA	NA	NA
NA	NA	NA	NA	NA	NA	NA	NA	NA	NA	NA	NA	NA	NA	NA	NA
NA	NA	NA	NA	NA	NA	NA	NA	NA	NA	NA	NA	NA	NA	NA	NA
NA	NA	NA	NA	NA	NA	NA	NA	NA	NA	NA	NA	NA	NA	NA	NA
NA	NA	NA	NA	NA	NA	NA	NA	NA	NA	NA	NA	NA	NA	NA	NA
