X1	X2	X3	X4	X1.1	X2.1	X3.1	X4.1	X1.2	X2.2	X3.2	X4.2	X1.3	X2.3	X3.3	X4.3
NA	NA	NA	NA	NA	NA	NA	NA	NA	NA	NA	NA	NA	NA	NA	NA
NA	NA	NA	NA	NA	NA	NA	NA	NA	NA	NA	NA	NA	NA	NA	NA
NA	NA	NA	NA	NA	NA	NA	NA	NA	NA	NA	NA	NA	NA	NA	NA
NA	NA	NA	NA	NA	NA	NA	NA	NA	NA	NA	NA	NA	NA	NA	NA
NA	NA	NA	NA	NA	NA	NA	NA	NA	NA	NA	NA	NA	NA	NA	NA
NA	NA	NA	NA	NA	NA	NA	NA	NA	NA	NA	NA	NA	NA	NA	NA
NA	NA	NA	NA	NA	NA	NA	NA	NA	NA	NA	NA	NA	NA	NA	NA
NA	NA	NA	NA	NA	NA	NA	NA	NA	NA	NA	NA	NA	NA	NA	NA
NA	NA	NA	NA	NA	NA	NA	NA	NA	NA	NA	NA	NA	NA	NA	NA
NA	NA	NA	NA	NA	NA	NA	NA	NA	NA	NA	NA	NA	NA	NA	NA
NA	NA	NA	NA	NA	NA	NA	NA	NA	NA	NA	NA	NA	NA	NA	NA
NA	NA	NA	NA	NA	NA	NA	NA	NA	NA	NA	NA	NA	NA	NA	NA
NA	NA	NA	NA	NA	NA	NA	NA	NA	NA	NA	NA	NA	NA	NA	NA
NA	NA	NA	NA	NA	NA	NA	NA	NA	NA	NA	NA	NA	NA	NA	NA
NA	NA	NA	NA	NA	NA	NA	NA	NA	NA	NA	NA	NA	NA	NA	NA
NA	NA	NA	NA	NA	NA	NA	NA	NA	NA	NA	NA	NA	NA	NA	NA
NA	NA	NA	NA	NA	NA	NA	NA	NA	NA	NA	NA	NA	NA	NA	NA
NA	NA	NA	NA	NA	NA	NA	NA	NA	NA	NA	NA	NA	NA	NA	NA
NA	NA	NA	NA	NA	NA	NA	NA	NA	NA	NA	NA	NA	NA	NA	NA
NA	NA	NA	NA	NA	NA	NA	NA	NA	NA	NA	NA	NA	NA	NA	NA
NA	NA	NA	NA	NA	NA	NA	NA	NA	NA	NA	NA	NA	NA	NA	NA
NA	NA	NA	NA	NA	NA	NA	NA	NA	NA	NA	NA	NA	NA	NA	NA
NA	NA	NA	NA	NA	NA	NA	NA	NA	NA	NA	NA	NA	NA	NA	NA
NA	NA	NA	NA	NA	NA	NA	NA	NA	NA	NA	NA	NA	NA	NA	NA
NA	NA	NA	NA	NA	NA	NA	NA	NA	NA	NA	NA	NA	NA	NA	NA
NA	NA	NA	NA	NA	NA	NA	NA	NA	NA	NA	NA	NA	NA	NA	NA
NA	NA	NA	NA	NA	NA	NA	NA	NA	NA	NA	NA	NA	NA	NA	NA
NA	NA	NA	NA	NA	NA	NA	NA	NA	NA	NA	NA	NA	NA	NA	NA
NA	NA	NA	NA	NA	NA	NA	NA	NA	NA	NA	NA	NA	NA	NA	NA
NA	NA	NA	NA	NA	NA	NA	NA	NA	NA	NA	NA	NA	NA	NA	NA
NA	NA	NA	NA	NA	NA	NA	NA	NA	NA	NA	NA	NA	NA	NA	NA
NA	NA	NA	NA	NA	NA	NA	NA	NA	NA	NA	NA	NA	NA	NA	NA
NA	NA	NA	NA	NA	NA	NA	NA	NA	NA	NA	NA	NA	NA	NA	NA
NA	NA	NA	NA	NA	NA	NA	NA	NA	NA	NA	NA	NA	NA	NA	NA
NA	NA	NA	NA	NA	NA	NA	NA	NA	NA	NA	NA	NA	NA	NA	NA
NA	NA	NA	NA	NA	NA	NA	NA	NA	NA	NA	NA	NA	NA	NA	NA
NA	NA	NA	NA	NA	NA	NA	NA	NA	NA	NA	NA	NA	NA	NA	NA
NA	NA	NA	NA	NA	NA	NA	NA	NA	NA	NA	NA	NA	NA	NA	NA
NA	NA	NA	NA	NA	NA	NA	NA	NA	NA	NA	NA	NA	NA	NA	NA
NA	NA	NA	NA	NA	NA	NA	NA	NA	NA	NA	NA	NA	NA	NA	NA
NA	NA	NA	NA	NA	NA	NA	NA	NA	NA	NA	NA	NA	NA	NA	NA
NA	NA	NA	NA	NA	NA	NA	NA	NA	NA	NA	NA	NA	NA	NA	NA
NA	NA	NA	NA	NA	NA	NA	NA	NA	NA	NA	NA	NA	NA	NA	NA
NA	NA	NA	NA	NA	NA	NA	NA	NA	NA	NA	NA	NA	NA	NA	NA
NA	NA	NA	NA	NA	NA	NA	NA	NA	NA	NA	NA	NA	NA	NA	NA
NA	NA	NA	NA	NA	NA	NA	NA	NA	NA	NA	NA	NA	NA	NA	NA
NA	NA	NA	NA	NA	NA	NA	NA	NA	NA	NA	NA	NA	NA	NA	NA
NA	NA	NA	NA	NA	NA	NA	NA	NA	NA	NA	NA	NA	NA	NA	NA
NA	NA	NA	NA	NA	NA	NA	NA	NA	NA	NA	NA	NA	NA	NA	NA
NA	NA	NA	NA	NA	NA	NA	NA	NA	NA	NA	NA	NA	NA	NA	NA
NA	NA	NA	NA	NA	NA	NA	NA	NA	NA	NA	NA	NA	NA	NA	NA
NA	NA	NA	NA	NA	NA	NA	NA	NA	NA	NA	NA	NA	NA	NA	NA
NA	NA	NA	NA	NA	NA	NA	NA	NA	NA	NA	NA	NA	NA	NA	NA
NA	NA	NA	NA	NA	NA	NA	NA	NA	NA	NA	NA	NA	NA	NA	NA
NA	NA	NA	NA	NA	NA	NA	NA	NA	NA	NA	NA	NA	NA	NA	NA
NA	NA	NA	NA	NA	NA	NA	NA	NA	NA	NA	NA	NA	NA	NA	NA
NA	NA	NA	NA	NA	NA	NA	NA	NA	NA	NA	NA	NA	NA	NA	NA
NA	NA	NA	NA	NA	NA	NA	NA	NA	NA	NA	NA	NA	NA	NA	NA
NA	NA	NA	NA	NA	NA	NA	NA	NA	NA	NA	NA	NA	NA	NA	NA
NA	NA	NA	NA	NA	NA	NA	NA	NA	NA	NA	NA	NA	NA	NA	NA
NA	NA	NA	NA	NA	NA	NA	NA	NA	NA	NA	NA	NA	NA	NA	NA
NA	NA	NA	NA	NA	NA	NA	NA	NA	NA	NA	NA	NA	NA	NA	NA
NA	NA	NA	NA	NA	NA	NA	NA	NA	NA	NA	NA	NA	NA	NA	NA
NA	NA	NA	NA	NA	NA	NA	NA	NA	NA	NA	NA	NA	NA	NA	NA
NA	NA	NA	NA	NA	NA	NA	NA	NA	NA	NA	NA	NA	NA	NA	NA
NA	NA	NA	NA	NA	NA	NA	NA	NA	NA	NA	NA	NA	NA	NA	NA
NA	NA	NA	NA	NA	NA	NA	NA	NA	NA	NA	NA	NA	NA	NA	NA
NA	NA	NA	NA	NA	NA	NA	NA	NA	NA	NA	NA	NA	NA	NA	NA
NA	NA	NA	NA	NA	NA	NA	NA	NA	NA	NA	NA	NA	NA	NA	NA
NA	NA	NA	NA	NA	NA	NA	NA	NA	NA	NA	NA	NA	NA	NA	NA
NA	NA	NA	NA	NA	NA	NA	NA	NA	NA	NA	NA	NA	NA	NA	NA
NA	NA	NA	NA	NA	NA	NA	NA	NA	NA	NA	NA	NA	NA	NA	NA
NA	NA	NA	NA	NA	NA	NA	NA	NA	NA	NA	NA	NA	NA	NA	NA
NA	NA	NA	NA	NA	NA	NA	NA	NA	NA	NA	NA	NA	NA	NA	NA
NA	NA	NA	NA	NA	NA	NA	NA	NA	NA	NA	NA	NA	NA	NA	NA
NA	NA	NA	NA	NA	NA	NA	NA	NA	NA	NA	NA	NA	NA	NA	NA
NA	NA	NA	NA	NA	NA	NA	NA	NA	NA	NA	NA	NA	NA	NA	NA
NA	NA	NA	NA	NA	NA	NA	NA	NA	NA	NA	NA	NA	NA	NA	NA
NA	NA	NA	NA	NA	NA	NA	NA	NA	NA	NA	NA	NA	NA	NA	NA
NA	NA	NA	NA	NA	NA	NA	NA	NA	NA	NA	NA	NA	NA	NA	NA
NA	NA	NA	NA	NA	NA	NA	NA	NA	NA	NA	NA	NA	NA	NA	NA
NA	NA	NA	NA	NA	NA	NA	NA	NA	NA	NA	NA	NA	NA	NA	NA
NA	NA	NA	NA	NA	NA	NA	NA	NA	NA	NA	NA	NA	NA	NA	NA
NA	NA	NA	NA	NA	NA	NA	NA	NA	NA	NA	NA	NA	NA	NA	NA
NA	NA	NA	NA	NA	NA	NA	NA	NA	NA	NA	NA	NA	NA	NA	NA
NA	NA	NA	NA	NA	NA	NA	NA	NA	NA	NA	NA	NA	NA	NA	NA
NA	NA	NA	NA	NA	NA	NA	NA	NA	NA	NA	NA	NA	NA	NA	NA
NA	NA	NA	NA	NA	NA	NA	NA	NA	NA	NA	NA	NA	NA	NA	NA
NA	NA	NA	NA	NA	NA	NA	NA	NA	NA	NA	NA	NA	NA	NA	NA
NA	NA	NA	NA	NA	NA	NA	NA	NA	NA	NA	NA	NA	NA	NA	NA
NA	NA	NA	NA	NA	NA	NA	NA	NA	NA	NA	NA	NA	NA	NA	NA
NA	NA	NA	NA	NA	NA	NA	NA	NA	NA	NA	NA	NA	NA	NA	NA
NA	NA	NA	NA	NA	NA	NA	NA	NA	NA	NA	NA	NA	NA	NA	NA
NA	NA	NA	NA	NA	NA	NA	NA	NA	NA	NA	NA	NA	NA	NA	NA
NA	NA	NA	NA	NA	NA	NA	NA	NA	NA	NA	NA	NA	NA	NA	NA
NA	NA	NA	NA	NA	NA	NA	NA	NA	NA	NA	NA	NA	NA	NA	NA
NA	NA	NA	NA	NA	NA	NA	NA	NA	NA	NA	NA	NA	NA	NA	NA
NA	NA	NA	NA	NA	NA	NA	NA	NA	NA	NA	NA	NA	NA	NA	NA
NA	NA	NA	NA	NA	NA	NA	NA	NA	NA	NA	NA	NA	NA	NA	NA
NA	NA	NA	NA	NA	NA	NA	NA	NA	NA	NA	NA	NA	NA	NA	NA
NA	NA	NA	NA	NA	NA	NA	NA	NA	NA	NA	NA	NA	NA	NA	NA
NA	NA	NA	NA	NA	NA	NA	NA	NA	NA	NA	NA	NA	NA	NA	NA
NA	NA	NA	NA	NA	NA	NA	NA	NA	NA	NA	NA	NA	NA	NA	NA
NA	NA	NA	NA	NA	NA	NA	NA	NA	NA	NA	NA	NA	NA	NA	NA
NA	NA	NA	NA	NA	NA	NA	NA	NA	NA	NA	NA	NA	NA	NA	NA
NA	NA	NA	NA	NA	NA	NA	NA	NA	NA	NA	NA	NA	NA	NA	NA
NA	NA	NA	NA	NA	NA	NA	NA	NA	NA	NA	NA	NA	NA	NA	NA
NA	NA	NA	NA	NA	NA	NA	NA	NA	NA	NA	NA	NA	NA	NA	NA
NA	NA	NA	NA	NA	NA	NA	NA	NA	NA	NA	NA	NA	NA	NA	NA
NA	NA	NA	NA	NA	NA	NA	NA	NA	NA	NA	NA	NA	NA	NA	NA
NA	NA	NA	NA	NA	NA	NA	NA	NA	NA	NA	NA	NA	NA	NA	NA
NA	NA	NA	NA	NA	NA	NA	NA	NA	NA	NA	NA	NA	NA	NA	NA
NA	NA	NA	NA	NA	NA	NA	NA	NA	NA	NA	NA	NA	NA	NA	NA
NA	NA	NA	NA	NA	NA	NA	NA	NA	NA	NA	NA	NA	NA	NA	NA
NA	NA	NA	NA	NA	NA	NA	NA	NA	NA	NA	NA	NA	NA	NA	NA
NA	NA	NA	NA	NA	NA	NA	NA	NA	NA	NA	NA	NA	NA	NA	NA
NA	NA	NA	NA	NA	NA	NA	NA	NA	NA	NA	NA	NA	NA	NA	NA
NA	NA	NA	NA	NA	NA	NA	NA	NA	NA	NA	NA	NA	NA	NA	NA
NA	NA	NA	NA	NA	NA	NA	NA	NA	NA	NA	NA	NA	NA	NA	NA
NA	NA	NA	NA	NA	NA	NA	NA	NA	NA	NA	NA	NA	NA	NA	NA
NA	NA	NA	NA	NA	NA	NA	NA	NA	NA	NA	NA	NA	NA	NA	NA
NA	NA	NA	NA	NA	NA	NA	NA	NA	NA	NA	NA	NA	NA	NA	NA
NA	NA	NA	NA	NA	NA	NA	NA	NA	NA	NA	NA	NA	NA	NA	NA
NA	NA	NA	NA	NA	NA	NA	NA	NA	NA	NA	NA	NA	NA	NA	NA
NA	NA	NA	NA	NA	NA	NA	NA	NA	NA	NA	NA	NA	NA	NA	NA
NA	NA	NA	NA	NA	NA	NA	NA	NA	NA	NA	NA	NA	NA	NA	NA
NA	NA	NA	NA	NA	NA	NA	NA	NA	NA	NA	NA	NA	NA	NA	NA
NA	NA	NA	NA	NA	NA	NA	NA	NA	NA	NA	NA	NA	NA	NA	NA
NA	NA	NA	NA	NA	NA	NA	NA	NA	NA	NA	NA	NA	NA	NA	NA
NA	NA	NA	NA	NA	NA	NA	NA	NA	NA	NA	NA	NA	NA	NA	NA
NA	NA	NA	NA	NA	NA	NA	NA	NA	NA	NA	NA	NA	NA	NA	NA
NA	NA	NA	NA	NA	NA	NA	NA	NA	NA	NA	NA	NA	NA	NA	NA
NA	NA	NA	NA	NA	NA	NA	NA	NA	NA	NA	NA	NA	NA	NA	NA
NA	NA	NA	NA	NA	NA	NA	NA	NA	NA	NA	NA	NA	NA	NA	NA
NA	NA	NA	NA	NA	NA	NA	NA	NA	NA	NA	NA	NA	NA	NA	NA
NA	NA	NA	NA	NA	NA	NA	NA	NA	NA	NA	NA	NA	NA	NA	NA
NA	NA	NA	NA	NA	NA	NA	NA	NA	NA	NA	NA	NA	NA	NA	NA
NA	NA	NA	NA	NA	NA	NA	NA	NA	NA	NA	NA	NA	NA	NA	NA
NA	NA	NA	NA	NA	NA	NA	NA	NA	NA	NA	NA	NA	NA	NA	NA
NA	NA	NA	NA	NA	NA	NA	NA	NA	NA	NA	NA	NA	NA	NA	NA
NA	NA	NA	NA	NA	NA	NA	NA	NA	NA	NA	NA	NA	NA	NA	NA
NA	NA	NA	NA	NA	NA	NA	NA	NA	NA	NA	NA	NA	NA	NA	NA
NA	NA	NA	NA	NA	NA	NA	NA	NA	NA	NA	NA	NA	NA	NA	NA
NA	NA	NA	NA	NA	NA	NA	NA	NA	NA	NA	NA	NA	NA	NA	NA
NA	NA	NA	NA	NA	NA	NA	NA	NA	NA	NA	NA	NA	NA	NA	NA
NA	NA	NA	NA	NA	NA	NA	NA	NA	NA	NA	NA	NA	NA	NA	NA
NA	NA	NA	NA	NA	NA	NA	NA	NA	NA	NA	NA	NA	NA	NA	NA
NA	NA	NA	NA	NA	NA	NA	NA	NA	NA	NA	NA	NA	NA	NA	NA
NA	NA	NA	NA	NA	NA	NA	NA	NA	NA	NA	NA	NA	NA	NA	NA
NA	NA	NA	NA	NA	NA	NA	NA	NA	NA	NA	NA	NA	NA	NA	NA
NA	NA	NA	NA	NA	NA	NA	NA	NA	NA	NA	NA	NA	NA	NA	NA
NA	NA	NA	NA	NA	NA	NA	NA	NA	NA	NA	NA	NA	NA	NA	NA
NA	NA	NA	NA	NA	NA	NA	NA	NA	NA	NA	NA	NA	NA	NA	NA
NA	NA	NA	NA	NA	NA	NA	NA	NA	NA	NA	NA	NA	NA	NA	NA
NA	NA	NA	NA	NA	NA	NA	NA	NA	NA	NA	NA	NA	NA	NA	NA
NA	NA	NA	NA	NA	NA	NA	NA	NA	NA	NA	NA	NA	NA	NA	NA
NA	NA	NA	NA	NA	NA	NA	NA	NA	NA	NA	NA	NA	NA	NA	NA
NA	NA	NA	NA	NA	NA	NA	NA	NA	NA	NA	NA	NA	NA	NA	NA
NA	NA	NA	NA	NA	NA	NA	NA	NA	NA	NA	NA	NA	NA	NA	NA
NA	NA	NA	NA	NA	NA	NA	NA	NA	NA	NA	NA	NA	NA	NA	NA
NA	NA	NA	NA	NA	NA	NA	NA	NA	NA	NA	NA	NA	NA	NA	NA
NA	NA	NA	NA	NA	NA	NA	NA	NA	NA	NA	NA	NA	NA	NA	NA
NA	NA	NA	NA	NA	NA	NA	NA	NA	NA	NA	NA	NA	NA	NA	NA
NA	NA	NA	NA	NA	NA	NA	NA	NA	NA	NA	NA	NA	NA	NA	NA
NA	NA	NA	NA	NA	NA	NA	NA	NA	NA	NA	NA	NA	NA	NA	NA
NA	NA	NA	NA	NA	NA	NA	NA	NA	NA	NA	NA	NA	NA	NA	NA
NA	NA	NA	NA	NA	NA	NA	NA	NA	NA	NA	NA	NA	NA	NA	NA
NA	NA	NA	NA	NA	NA	NA	NA	NA	NA	NA	NA	NA	NA	NA	NA
NA	NA	NA	NA	NA	NA	NA	NA	NA	NA	NA	NA	NA	NA	NA	NA
NA	NA	NA	NA	NA	NA	NA	NA	NA	NA	NA	NA	NA	NA	NA	NA
NA	NA	NA	NA	NA	NA	NA	NA	NA	NA	NA	NA	NA	NA	NA	NA
NA	NA	NA	NA	NA	NA	NA	NA	NA	NA	NA	NA	NA	NA	NA	NA
NA	NA	NA	NA	NA	NA	NA	NA	NA	NA	NA	NA	NA	NA	NA	NA
NA	NA	NA	NA	NA	NA	NA	NA	NA	NA	NA	NA	NA	NA	NA	NA
NA	NA	NA	NA	NA	NA	NA	NA	NA	NA	NA	NA	NA	NA	NA	NA
NA	NA	NA	NA	NA	NA	NA	NA	NA	NA	NA	NA	NA	NA	NA	NA
NA	NA	NA	NA	NA	NA	NA	NA	NA	NA	NA	NA	NA	NA	NA	NA
NA	NA	NA	NA	NA	NA	NA	NA	NA	NA	NA	NA	NA	NA	NA	NA
NA	NA	NA	NA	NA	NA	NA	NA	NA	NA	NA	NA	NA	NA	NA	NA
NA	NA	NA	NA	NA	NA	NA	NA	NA	NA	NA	NA	NA	NA	NA	NA
NA	NA	NA	NA	NA	NA	NA	NA	NA	NA	NA	NA	NA	NA	NA	NA
NA	NA	NA	NA	NA	NA	NA	NA	NA	NA	NA	NA	NA	NA	NA	NA
NA	NA	NA	NA	NA	NA	NA	NA	NA	NA	NA	NA	NA	NA	NA	NA
NA	NA	NA	NA	NA	NA	NA	NA	NA	NA	NA	NA	NA	NA	NA	NA
NA	NA	NA	NA	NA	NA	NA	NA	NA	NA	NA	NA	NA	NA	NA	NA
NA	NA	NA	NA	NA	NA	NA	NA	NA	NA	NA	NA	NA	NA	NA	NA
NA	NA	NA	NA	NA	NA	NA	NA	NA	NA	NA	NA	NA	NA	NA	NA
NA	NA	NA	NA	NA	NA	NA	NA	NA	NA	NA	NA	NA	NA	NA	NA
NA	NA	NA	NA	NA	NA	NA	NA	NA	NA	NA	NA	NA	NA	NA	NA
NA	NA	NA	NA	NA	NA	NA	NA	NA	NA	NA	NA	NA	NA	NA	NA
NA	NA	NA	NA	NA	NA	NA	NA	NA	NA	NA	NA	NA	NA	NA	NA
NA	NA	NA	NA	NA	NA	NA	NA	NA	NA	NA	NA	NA	NA	NA	NA
NA	NA	NA	NA	NA	NA	NA	NA	NA	NA	NA	NA	NA	NA	NA	NA
NA	NA	NA	NA	NA	NA	NA	NA	NA	NA	NA	NA	NA	NA	NA	NA
NA	NA	NA	NA	NA	NA	NA	NA	NA	NA	NA	NA	NA	NA	NA	NA
NA	NA	NA	NA	NA	NA	NA	NA	NA	NA	NA	NA	NA	NA	NA	NA
NA	NA	NA	NA	NA	NA	NA	NA	NA	NA	NA	NA	NA	NA	NA	NA
NA	NA	NA	NA	NA	NA	NA	NA	NA	NA	NA	NA	NA	NA	NA	NA
NA	NA	NA	NA	NA	NA	NA	NA	NA	NA	NA	NA	NA	NA	NA	NA
NA	NA	NA	NA	NA	NA	NA	NA	NA	NA	NA	NA	NA	NA	NA	NA
NA	NA	NA	NA	NA	NA	NA	NA	NA	NA	NA	NA	NA	NA	NA	NA
NA	NA	NA	NA	NA	NA	NA	NA	NA	NA	NA	NA	NA	NA	NA	NA
NA	NA	NA	NA	NA	NA	NA	NA	NA	NA	NA	NA	NA	NA	NA	NA
NA	NA	NA	NA	NA	NA	NA	NA	NA	NA	NA	NA	NA	NA	NA	NA
NA	NA	NA	NA	NA	NA	NA	NA	NA	NA	NA	NA	NA	NA	NA	NA
NA	NA	NA	NA	NA	NA	NA	NA	NA	NA	NA	NA	NA	NA	NA	NA
NA	NA	NA	NA	NA	NA	NA	NA	NA	NA	NA	NA	NA	NA	NA	NA
NA	NA	NA	NA	NA	NA	NA	NA	NA	NA	NA	NA	NA	NA	NA	NA
NA	NA	NA	NA	NA	NA	NA	NA	NA	NA	NA	NA	NA	NA	NA	NA
NA	NA	NA	NA	NA	NA	NA	NA	NA	NA	NA	NA	NA	NA	NA	NA
NA	NA	NA	NA	NA	NA	NA	NA	NA	NA	NA	NA	NA	NA	NA	NA
NA	NA	NA	NA	NA	NA	NA	NA	NA	NA	NA	NA	NA	NA	NA	NA
NA	NA	NA	NA	NA	NA	NA	NA	NA	NA	NA	NA	NA	NA	NA	NA
NA	NA	NA	NA	NA	NA	NA	NA	NA	NA	NA	NA	NA	NA	NA	NA
NA	NA	NA	NA	NA	NA	NA	NA	NA	NA	NA	NA	NA	NA	NA	NA
NA	NA	NA	NA	NA	NA	NA	NA	NA	NA	NA	NA	NA	NA	NA	NA
NA	NA	NA	NA	NA	NA	NA	NA	NA	NA	NA	NA	NA	NA	NA	NA
NA	NA	NA	NA	NA	NA	NA	NA	NA	NA	NA	NA	NA	NA	NA	NA
NA	NA	NA	NA	NA	NA	NA	NA	NA	NA	NA	NA	NA	NA	NA	NA
NA	NA	NA	NA	NA	NA	NA	NA	NA	NA	NA	NA	NA	NA	NA	NA
NA	NA	NA	NA	NA	NA	NA	NA	NA	NA	NA	NA	NA	NA	NA	NA
NA	NA	NA	NA	NA	NA	NA	NA	NA	NA	NA	NA	NA	NA	NA	NA
NA	NA	NA	NA	NA	NA	NA	NA	NA	NA	NA	NA	NA	NA	NA	NA
NA	NA	NA	NA	NA	NA	NA	NA	NA	NA	NA	NA	NA	NA	NA	NA
NA	NA	NA	NA	NA	NA	NA	NA	NA	NA	NA	NA	NA	NA	NA	NA
NA	NA	NA	NA	NA	NA	NA	NA	NA	NA	NA	NA	NA	NA	NA	NA
NA	NA	NA	NA	NA	NA	NA	NA	NA	NA	NA	NA	NA	NA	NA	NA
NA	NA	NA	NA	NA	NA	NA	NA	NA	NA	NA	NA	NA	NA	NA	NA
NA	NA	NA	NA	NA	NA	NA	NA	NA	NA	NA	NA	NA	NA	NA	NA
NA	NA	NA	NA	NA	NA	NA	NA	NA	NA	NA	NA	NA	NA	NA	NA
NA	NA	NA	NA	NA	NA	NA	NA	NA	NA	NA	NA	NA	NA	NA	NA
NA	NA	NA	NA	NA	NA	NA	NA	NA	NA	NA	NA	NA	NA	NA	NA
NA	NA	NA	NA	NA	NA	NA	NA	NA	NA	NA	NA	NA	NA	NA	NA
NA	NA	NA	NA	NA	NA	NA	NA	NA	NA	NA	NA	NA	NA	NA	NA
NA	NA	NA	NA	NA	NA	NA	NA	NA	NA	NA	NA	NA	NA	NA	NA
NA	NA	NA	NA	NA	NA	NA	NA	NA	NA	NA	NA	NA	NA	NA	NA
NA	NA	NA	NA	NA	NA	NA	NA	NA	NA	NA	NA	NA	NA	NA	NA
NA	NA	NA	NA	NA	NA	NA	NA	NA	NA	NA	NA	NA	NA	NA	NA
NA	NA	NA	NA	NA	NA	NA	NA	NA	NA	NA	NA	NA	NA	NA	NA
NA	NA	NA	NA	NA	NA	NA	NA	NA	NA	NA	NA	NA	NA	NA	NA
NA	NA	NA	NA	NA	NA	NA	NA	NA	NA	NA	NA	NA	NA	NA	NA
NA	NA	NA	NA	NA	NA	NA	NA	NA	NA	NA	NA	NA	NA	NA	NA
NA	NA	NA	NA	NA	NA	NA	NA	NA	NA	NA	NA	NA	NA	NA	NA
NA	NA	NA	NA	NA	NA	NA	NA	NA	NA	NA	NA	NA	NA	NA	NA
NA	NA	NA	NA	NA	NA	NA	NA	NA	NA	NA	NA	NA	NA	NA	NA
NA	NA	NA	NA	NA	NA	NA	NA	NA	NA	NA	NA	NA	NA	NA	NA
NA	NA	NA	NA	NA	NA	NA	NA	NA	NA	NA	NA	NA	NA	NA	NA
NA	NA	NA	NA	NA	NA	NA	NA	NA	NA	NA	NA	NA	NA	NA	NA
NA	NA	NA	NA	NA	NA	NA	NA	NA	NA	NA	NA	NA	NA	NA	NA
NA	NA	NA	NA	NA	NA	NA	NA	NA	NA	NA	NA	NA	NA	NA	NA
NA	NA	NA	NA	NA	NA	NA	NA	NA	NA	NA	NA	NA	NA	NA	NA
NA	NA	NA	NA	NA	NA	NA	NA	NA	NA	NA	NA	NA	NA	NA	NA
NA	NA	NA	NA	NA	NA	NA	NA	NA	NA	NA	NA	NA	NA	NA	NA
NA	NA	NA	NA	NA	NA	NA	NA	NA	NA	NA	NA	NA	NA	NA	NA
NA	NA	NA	NA	NA	NA	NA	NA	NA	NA	NA	NA	NA	NA	NA	NA
NA	NA	NA	NA	NA	NA	NA	NA	NA	NA	NA	NA	NA	NA	NA	NA
NA	NA	NA	NA	NA	NA	NA	NA	NA	NA	NA	NA	NA	NA	NA	NA
NA	NA	NA	NA	NA	NA	NA	NA	NA	NA	NA	NA	NA	NA	NA	NA
NA	NA	NA	NA	NA	NA	NA	NA	NA	NA	NA	NA	NA	NA	NA	NA
NA	NA	NA	NA	NA	NA	NA	NA	NA	NA	NA	NA	NA	NA	NA	NA
NA	NA	NA	NA	NA	NA	NA	NA	NA	NA	NA	NA	NA	NA	NA	NA
NA	NA	NA	NA	NA	NA	NA	NA	NA	NA	NA	NA	NA	NA	NA	NA
NA	NA	NA	NA	NA	NA	NA	NA	NA	NA	NA	NA	NA	NA	NA	NA
NA	NA	NA	NA	NA	NA	NA	NA	NA	NA	NA	NA	NA	NA	NA	NA
NA	NA	NA	NA	NA	NA	NA	NA	NA	NA	NA	NA	NA	NA	NA	NA
NA	NA	NA	NA	NA	NA	NA	NA	NA	NA	NA	NA	NA	NA	NA	NA
NA	NA	NA	NA	NA	NA	NA	NA	NA	NA	NA	NA	NA	NA	NA	NA
NA	NA	NA	NA	NA	NA	NA	NA	NA	NA	NA	NA	NA	NA	NA	NA
NA	NA	NA	NA	NA	NA	NA	NA	NA	NA	NA	NA	NA	NA	NA	NA
NA	NA	NA	NA	NA	NA	NA	NA	NA	NA	NA	NA	NA	NA	NA	NA
NA	NA	NA	NA	NA	NA	NA	NA	NA	NA	NA	NA	NA	NA	NA	NA
NA	NA	NA	NA	NA	NA	NA	NA	NA	NA	NA	NA	NA	NA	NA	NA
NA	NA	NA	NA	NA	NA	NA	NA	NA	NA	NA	NA	NA	NA	NA	NA
NA	NA	NA	NA	NA	NA	NA	NA	NA	NA	NA	NA	NA	NA	NA	NA
NA	NA	NA	NA	NA	NA	NA	NA	NA	NA	NA	NA	NA	NA	NA	NA
NA	NA	NA	NA	NA	NA	NA	NA	NA	NA	NA	NA	NA	NA	NA	NA
NA	NA	NA	NA	NA	NA	NA	NA	NA	NA	NA	NA	NA	NA	NA	NA
NA	NA	NA	NA	NA	NA	NA	NA	NA	NA	NA	NA	NA	NA	NA	NA
NA	NA	NA	NA	NA	NA	NA	NA	NA	NA	NA	NA	NA	NA	NA	NA
NA	NA	NA	NA	NA	NA	NA	NA	NA	NA	NA	NA	NA	NA	NA	NA
NA	NA	NA	NA	NA	NA	NA	NA	NA	NA	NA	NA	NA	NA	NA	NA
NA	NA	NA	NA	NA	NA	NA	NA	NA	NA	NA	NA	NA	NA	NA	NA
NA	NA	NA	NA	NA	NA	NA	NA	NA	NA	NA	NA	NA	NA	NA	NA
NA	NA	NA	NA	NA	NA	NA	NA	NA	NA	NA	NA	NA	NA	NA	NA
NA	NA	NA	NA	NA	NA	NA	NA	NA	NA	NA	NA	NA	NA	NA	NA
NA	NA	NA	NA	NA	NA	NA	NA	NA	NA	NA	NA	NA	NA	NA	NA
NA	NA	NA	NA	NA	NA	NA	NA	NA	NA	NA	NA	NA	NA	NA	NA
NA	NA	NA	NA	NA	NA	NA	NA	NA	NA	NA	NA	NA	NA	NA	NA
NA	NA	NA	NA	NA	NA	NA	NA	NA	NA	NA	NA	NA	NA	NA	NA
NA	NA	NA	NA	NA	NA	NA	NA	NA	NA	NA	NA	NA	NA	NA	NA
NA	NA	NA	NA	NA	NA	NA	NA	NA	NA	NA	NA	NA	NA	NA	NA
NA	NA	NA	NA	NA	NA	NA	NA	NA	NA	NA	NA	NA	NA	NA	NA
NA	NA	NA	NA	NA	NA	NA	NA	NA	NA	NA	NA	NA	NA	NA	NA
NA	NA	NA	NA	NA	NA	NA	NA	NA	NA	NA	NA	NA	NA	NA	NA
NA	NA	NA	NA	NA	NA	NA	NA	NA	NA	NA	NA	NA	NA	NA	NA
NA	NA	NA	NA	NA	NA	NA	NA	NA	NA	NA	NA	NA	NA	NA	NA
NA	NA	NA	NA	NA	NA	NA	NA	NA	NA	NA	NA	NA	NA	NA	NA
NA	NA	NA	NA	NA	NA	NA	NA	NA	NA	NA	NA	NA	NA	NA	NA
NA	NA	NA	NA	NA	NA	NA	NA	NA	NA	NA	NA	NA	NA	NA	NA
NA	NA	NA	NA	NA	NA	NA	NA	NA	NA	NA	NA	NA	NA	NA	NA
NA	NA	NA	NA	NA	NA	NA	NA	NA	NA	NA	NA	NA	NA	NA	NA
NA	NA	NA	NA	NA	NA	NA	NA	NA	NA	NA	NA	NA	NA	NA	NA
NA	NA	NA	NA	NA	NA	NA	NA	NA	NA	NA	NA	NA	NA	NA	NA
NA	NA	NA	NA	NA	NA	NA	NA	NA	NA	NA	NA	NA	NA	NA	NA
NA	NA	NA	NA	NA	NA	NA	NA	NA	NA	NA	NA	NA	NA	NA	NA
NA	NA	NA	NA	NA	NA	NA	NA	NA	NA	NA	NA	NA	NA	NA	NA
NA	NA	NA	NA	NA	NA	NA	NA	NA	NA	NA	NA	NA	NA	NA	NA
NA	NA	NA	NA	NA	NA	NA	NA	NA	NA	NA	NA	NA	NA	NA	NA
NA	NA	NA	NA	NA	NA	NA	NA	NA	NA	NA	NA	NA	NA	NA	NA
NA	NA	NA	NA	NA	NA	NA	NA	NA	NA	NA	NA	NA	NA	NA	NA
NA	NA	NA	NA	NA	NA	NA	NA	NA	NA	NA	NA	NA	NA	NA	NA
NA	NA	NA	NA	NA	NA	NA	NA	NA	NA	NA	NA	NA	NA	NA	NA
NA	NA	NA	NA	NA	NA	NA	NA	NA	NA	NA	NA	NA	NA	NA	NA
NA	NA	NA	NA	NA	NA	NA	NA	NA	NA	NA	NA	NA	NA	NA	NA
NA	NA	NA	NA	NA	NA	NA	NA	NA	NA	NA	NA	NA	NA	NA	NA
NA	NA	NA	NA	NA	NA	NA	NA	NA	NA	NA	NA	NA	NA	NA	NA
NA	NA	NA	NA	NA	NA	NA	NA	NA	NA	NA	NA	NA	NA	NA	NA
NA	NA	NA	NA	NA	NA	NA	NA	NA	NA	NA	NA	NA	NA	NA	NA
NA	NA	NA	NA	NA	NA	NA	NA	NA	NA	NA	NA	NA	NA	NA	NA
NA	NA	NA	NA	NA	NA	NA	NA	NA	NA	NA	NA	NA	NA	NA	NA
NA	NA	NA	NA	NA	NA	NA	NA	NA	NA	NA	NA	NA	NA	NA	NA
NA	NA	NA	NA	NA	NA	NA	NA	NA	NA	NA	NA	NA	NA	NA	NA
NA	NA	NA	NA	NA	NA	NA	NA	NA	NA	NA	NA	NA	NA	NA	NA
NA	NA	NA	NA	NA	NA	NA	NA	NA	NA	NA	NA	NA	NA	NA	NA
NA	NA	NA	NA	NA	NA	NA	NA	NA	NA	NA	NA	NA	NA	NA	NA
NA	NA	NA	NA	NA	NA	NA	NA	NA	NA	NA	NA	NA	NA	NA	NA
NA	NA	NA	NA	NA	NA	NA	NA	NA	NA	NA	NA	NA	NA	NA	NA
NA	NA	NA	NA	NA	NA	NA	NA	NA	NA	NA	NA	NA	NA	NA	NA
NA	NA	NA	NA	NA	NA	NA	NA	NA	NA	NA	NA	NA	NA	NA	NA
NA	NA	NA	NA	NA	NA	NA	NA	NA	NA	NA	NA	NA	NA	NA	NA
NA	NA	NA	NA	NA	NA	NA	NA	NA	NA	NA	NA	NA	NA	NA	NA
NA	NA	NA	NA	NA	NA	NA	NA	NA	NA	NA	NA	NA	NA	NA	NA
NA	NA	NA	NA	NA	NA	NA	NA	NA	NA	NA	NA	NA	NA	NA	NA
NA	NA	NA	NA	NA	NA	NA	NA	NA	NA	NA	NA	NA	NA	NA	NA
NA	NA	NA	NA	NA	NA	NA	NA	NA	NA	NA	NA	NA	NA	NA	NA
NA	NA	NA	NA	NA	NA	NA	NA	NA	NA	NA	NA	NA	NA	NA	NA
NA	NA	NA	NA	NA	NA	NA	NA	NA	NA	NA	NA	NA	NA	NA	NA
NA	NA	NA	NA	NA	NA	NA	NA	NA	NA	NA	NA	NA	NA	NA	NA
NA	NA	NA	NA	NA	NA	NA	NA	NA	NA	NA	NA	NA	NA	NA	NA
NA	NA	NA	NA	NA	NA	NA	NA	NA	NA	NA	NA	NA	NA	NA	NA
NA	NA	NA	NA	NA	NA	NA	NA	NA	NA	NA	NA	NA	NA	NA	NA
NA	NA	NA	NA	NA	NA	NA	NA	NA	NA	NA	NA	NA	NA	NA	NA
NA	NA	NA	NA	NA	NA	NA	NA	NA	NA	NA	NA	NA	NA	NA	NA
NA	NA	NA	NA	NA	NA	NA	NA	NA	NA	NA	NA	NA	NA	NA	NA
NA	NA	NA	NA	NA	NA	NA	NA	NA	NA	NA	NA	NA	NA	NA	NA
NA	NA	NA	NA	NA	NA	NA	NA	NA	NA	NA	NA	NA	NA	NA	NA
NA	NA	NA	NA	NA	NA	NA	NA	NA	NA	NA	NA	NA	NA	NA	NA
NA	NA	NA	NA	NA	NA	NA	NA	NA	NA	NA	NA	NA	NA	NA	NA
NA	NA	NA	NA	NA	NA	NA	NA	NA	NA	NA	NA	NA	NA	NA	NA
NA	NA	NA	NA	NA	NA	NA	NA	NA	NA	NA	NA	NA	NA	NA	NA
NA	NA	NA	NA	NA	NA	NA	NA	NA	NA	NA	NA	NA	NA	NA	NA
NA	NA	NA	NA	NA	NA	NA	NA	NA	NA	NA	NA	NA	NA	NA	NA
NA	NA	NA	NA	NA	NA	NA	NA	NA	NA	NA	NA	NA	NA	NA	NA
NA	NA	NA	NA	NA	NA	NA	NA	NA	NA	NA	NA	NA	NA	NA	NA
NA	NA	NA	NA	NA	NA	NA	NA	NA	NA	NA	NA	NA	NA	NA	NA
NA	NA	NA	NA	NA	NA	NA	NA	NA	NA	NA	NA	NA	NA	NA	NA
NA	NA	NA	NA	NA	NA	NA	NA	NA	NA	NA	NA	NA	NA	NA	NA
NA	NA	NA	NA	NA	NA	NA	NA	NA	NA	NA	NA	NA	NA	NA	NA
NA	NA	NA	NA	NA	NA	NA	NA	NA	NA	NA	NA	NA	NA	NA	NA
NA	NA	NA	NA	NA	NA	NA	NA	NA	NA	NA	NA	NA	NA	NA	NA
NA	NA	NA	NA	NA	NA	NA	NA	NA	NA	NA	NA	NA	NA	NA	NA
NA	NA	NA	NA	NA	NA	NA	NA	NA	NA	NA	NA	NA	NA	NA	NA
NA	NA	NA	NA	NA	NA	NA	NA	NA	NA	NA	NA	NA	NA	NA	NA
NA	NA	NA	NA	NA	NA	NA	NA	NA	NA	NA	NA	NA	NA	NA	NA
NA	NA	NA	NA	NA	NA	NA	NA	NA	NA	NA	NA	NA	NA	NA	NA
NA	NA	NA	NA	NA	NA	NA	NA	NA	NA	NA	NA	NA	NA	NA	NA
NA	NA	NA	NA	NA	NA	NA	NA	NA	NA	NA	NA	NA	NA	NA	NA
NA	NA	NA	NA	NA	NA	NA	NA	NA	NA	NA	NA	NA	NA	NA	NA
NA	NA	NA	NA	NA	NA	NA	NA	NA	NA	NA	NA	NA	NA	NA	NA
NA	NA	NA	NA	NA	NA	NA	NA	NA	NA	NA	NA	NA	NA	NA	NA
NA	NA	NA	NA	NA	NA	NA	NA	NA	NA	NA	NA	NA	NA	NA	NA
NA	NA	NA	NA	NA	NA	NA	NA	NA	NA	NA	NA	NA	NA	NA	NA
NA	NA	NA	NA	NA	NA	NA	NA	NA	NA	NA	NA	NA	NA	NA	NA
NA	NA	NA	NA	NA	NA	NA	NA	NA	NA	NA	NA	NA	NA	NA	NA
NA	NA	NA	NA	NA	NA	NA	NA	NA	NA	NA	NA	NA	NA	NA	NA
NA	NA	NA	NA	NA	NA	NA	NA	NA	NA	NA	NA	NA	NA	NA	NA
NA	NA	NA	NA	NA	NA	NA	NA	NA	NA	NA	NA	NA	NA	NA	NA
NA	NA	NA	NA	NA	NA	NA	NA	NA	NA	NA	NA	NA	NA	NA	NA
NA	NA	NA	NA	NA	NA	NA	NA	NA	NA	NA	NA	NA	NA	NA	NA
NA	NA	NA	NA	NA	NA	NA	NA	NA	NA	NA	NA	NA	NA	NA	NA
NA	NA	NA	NA	NA	NA	NA	NA	NA	NA	NA	NA	NA	NA	NA	NA
NA	NA	NA	NA	NA	NA	NA	NA	NA	NA	NA	NA	NA	NA	NA	NA
NA	NA	NA	NA	NA	NA	NA	NA	NA	NA	NA	NA	NA	NA	NA	NA
NA	NA	NA	NA	NA	NA	NA	NA	NA	NA	NA	NA	NA	NA	NA	NA
NA	NA	NA	NA	NA	NA	NA	NA	NA	NA	NA	NA	NA	NA	NA	NA
NA	NA	NA	NA	NA	NA	NA	NA	NA	NA	NA	NA	NA	NA	NA	NA
NA	NA	NA	NA	NA	NA	NA	NA	NA	NA	NA	NA	NA	NA	NA	NA
NA	NA	NA	NA	NA	NA	NA	NA	NA	NA	NA	NA	NA	NA	NA	NA
NA	NA	NA	NA	NA	NA	NA	NA	NA	NA	NA	NA	NA	NA	NA	NA
NA	NA	NA	NA	NA	NA	NA	NA	NA	NA	NA	NA	NA	NA	NA	NA
NA	NA	NA	NA	NA	NA	NA	NA	NA	NA	NA	NA	NA	NA	NA	NA
NA	NA	NA	NA	NA	NA	NA	NA	NA	NA	NA	NA	NA	NA	NA	NA
NA	NA	NA	NA	NA	NA	NA	NA	NA	NA	NA	NA	NA	NA	NA	NA
NA	NA	NA	NA	NA	NA	NA	NA	NA	NA	NA	NA	NA	NA	NA	NA
NA	NA	NA	NA	NA	NA	NA	NA	NA	NA	NA	NA	NA	NA	NA	NA
NA	NA	NA	NA	NA	NA	NA	NA	NA	NA	NA	NA	NA	NA	NA	NA
NA	NA	NA	NA	NA	NA	NA	NA	NA	NA	NA	NA	NA	NA	NA	NA
NA	NA	NA	NA	NA	NA	NA	NA	NA	NA	NA	NA	NA	NA	NA	NA
NA	NA	NA	NA	NA	NA	NA	NA	NA	NA	NA	NA	NA	NA	NA	NA
NA	NA	NA	NA	NA	NA	NA	NA	NA	NA	NA	NA	NA	NA	NA	NA
2.42774132187999	0.257331211771859	1.92337214680715	2.93211049695283	2.47654578841327	0.20562739365903	2.07351609684157	2.87957547998497	2.47654578841327	0.257331211771859	1.98202836809966	2.93444788363738	2.47527061612765	0.254398251880904	1.97622789398913	2.97431333826618
2.2245056764601	0.227148231827803	1.77929514207761	2.6697162108426	2.12846069444695	0.188461308147249	1.75907653047834	2.49784485841556	2.12846069444695	0.227148231827803	1.65456416208799	2.55328620244169	2.12366223805872	0.215235754536431	1.70150380673603	2.54582066938142
2.16502699034408	0.197010416634432	1.7788865737406	2.55116740694757	2.26585836354457	0.169970909637393	1.93271538065528	2.59900134643386	2.26585836354457	0.197010416634432	1.87343431056491	2.68428533980232	2.2702549032733	0.191007343819854	1.89564984036442	2.64485996618217
1.92724709735331	0.252440746134962	1.43246323492878	2.42203095977783	2.10128622809989	0.210624297766653	1.68846260447725	2.51410985172253	2.10128622809989	0.252440746134962	1.65049965226382	2.5956880946405	2.10233962752196	0.239174509671774	1.63319729798557	2.57148195705835
2.34745403526831	0.230952069653038	1.89478797874836	2.80012009178827	2.25450012189946	0.188610657079041	1.88482323402454	2.62417700977438	2.25450012189946	0.230952069653038	1.79720158157744	2.70378337131531	2.26002796974651	0.225498911963598	1.81771933440807	2.70233660508495
1.84234844333681	0.184836005725259	1.4800698721153	2.20462701455832	1.76315996139373	0.159369111471009	1.45079650291055	2.0755234198769	1.76315996139373	0.184836005725259	1.3904328780913	2.14439672570696	1.76510399582219	0.176384971745075	1.41920983902545	2.11099815261893
2.11078668383407	0.203890718316228	1.71116087593426	2.51041249173387	2.08793143834427	0.177078556805931	1.74085746700465	2.4350054096839	2.08793143834427	0.203890718316228	1.69575026972748	2.48311733795222	2.08817434247434	0.19885538452809	1.6981755237135	2.47817316123518
1.94863746309067	0.272597342675124	1.41434667144743	2.48292825473391	1.8708597043022	0.230654321541826	1.41877723408022	2.32294217452418	1.8708597043022	0.272597342675124	1.30528844669341	2.39890641155321	1.87224617496438	0.254888560944988	1.37226160481357	2.37223074511518
2.18117246857938	0.229397838799966	1.73155270453145	2.63079223262732	2.18400341730692	0.18696316542388	1.81755561307611	2.55045122153772	2.18400341730692	0.229397838799966	1.74199808350392	2.61931367497904	2.19421086528281	0.216770310330322	1.76902742495322	2.61939430561239
1.96409505942471	0.274405605878911	1.42626007190205	2.50193004694738	1.86326242590789	0.257499233841496	1.35856392757856	2.36796092423722	1.86326242590789	0.274405605878911	1.29046257438762	2.37769653900176	1.86765212691609	0.255896259438747	1.3656926931127	2.36961156071948
2.24745709144164	0.248899789271584	1.75961350446934	2.73530067841395	2.22700509128405	0.194039632829752	1.84668741093774	2.60732277163037	2.22700509128405	0.248899789271584	1.73507696011094	2.70649868259439	2.22356512996875	0.239750292904742	1.75330637199952	2.69382388793798
2.30131043776315	0.234731148835866	1.84123738604485	2.76138348948144	2.23159504966863	0.207630390582077	1.82463948412776	2.6385506152095	2.23159504966863	0.234731148835866	1.79810177371573	2.70580843598462	2.23686468851851	0.220455520891256	1.8044646395764	2.66926473746062
2.02439055216177	0.207425158750561	1.61783724101067	2.43094386331287	1.96520283564245	0.17620105566059	1.61984876654769	2.3105569047372	1.96520283564245	0.207425158750561	1.54578301263414	2.37625889128509	1.97055987602941	0.197261672150709	1.58367001493558	2.35744973712323
1.69302644885659	0.257437272279963	1.18844939518787	2.19760350252532	1.82949754513066	0.213059382927427	1.41190115459291	2.24709393566842	1.82949754513066	0.257437272279963	1.32865666217892	2.35023576659228	1.82484691924207	0.247454245407342	1.33945748511643	2.31023635336771
1.86939328388924	0.221230665744762	1.43578117902951	2.30300538874897	2.0391853901936	0.178826622944164	1.68868520922304	2.38968557116416	2.0391853901936	0.221230665744762	1.61422562271082	2.45460987341013	2.04088905478889	0.211072760888375	1.62688275747216	2.45489535210561
1.96577859381962	0.289250766772124	1.39884709094625	2.53271009669298	2.13810507107077	0.248906994012624	1.65024736280603	2.62596277933551	2.13810507107077	0.289250766772124	1.6143575704947	2.69743761271113	2.13575040638705	0.272286891323528	1.60162107145709	2.669879741317
1.84232894252971	0.19040913933015	1.46912702944262	2.21553085561681	1.8241673333211	0.170071566193329	1.49082706358218	2.15750760306002	1.8241673333211	0.19040913933015	1.44087073073959	2.17354982806599	1.8286414187988	0.18243406868557	1.47084555012724	2.18643728747037
1.63848645957938	0.261435512645359	1.12607285479448	2.15090006436428	1.57238022719392	0.212252616747448	1.15636509836892	1.98839535601892	1.57238022719392	0.261435512645359	1.02843094548185	2.03244099302262	1.5788086969886	0.24802774593063	1.09228301387658	2.06533438010062
1.8188186164591	0.24433464314037	1.33992271590398	2.29771451701423	1.64905075955586	0.207210755636703	1.24291767850792	2.0551838406038	1.64905075955586	0.24433464314037	1.16774635866369	2.13793131059676	1.65650482732989	0.232357447500924	1.20075280364148	2.11225685101831
1.69728872143385	0.179195236984768	1.3460660569437	2.04851138592399	1.85328191796075	0.15286650926143	1.55366355980835	2.15290027611316	1.85328191796075	0.179195236984768	1.49250524701934	2.22409628958065	1.8455750716124	0.175670659152448	1.50108732849022	2.19006281473458
2.08334684165541	0.307611509379767	1.48042828327106	2.68626540003975	2.0452975000194	0.246142534647831	1.56285813210965	2.52773686792915	2.0452975000194	0.307611509379767	1.40895654917507	2.61012679227861	2.04741699454863	0.293270984120494	1.47209865812776	2.6227353309695
1.70747299713994	0.270387714751451	1.1775130762271	2.23743291805279	1.68826776694489	0.219715136809033	1.25762609879918	2.11890943509059	1.68826776694489	0.270387714751451	1.17004539960147	2.2512567646012	1.69927353661465	0.259728813184095	1.1897765703307	2.20877050289859
1.9021921477275	0.253408527932652	1.4055114329795	2.3988728624755	1.75405237973736	0.209623378901108	1.34319055709119	2.16491420238353	1.75405237973736	0.253408527932652	1.28217116095281	2.2185380590032	1.75450741820324	0.240642724005822	1.28246939800146	2.22654543840502
1.81874915268464	0.248785342627522	1.3311298811347	2.30636842423458	1.72070845474099	0.214753833607209	1.29979094087086	2.14162596861112	1.72070845474099	0.248785342627522	1.23671786715806	2.21075394361175	1.72588358132634	0.236463931379114	1.26208536446826	2.18968179818442
2.08186209649184	0.259965842771241	1.57232904466021	2.59139514832347	2.15527148192633	0.224346511570879	1.71555231924741	2.59499064460525	2.15527148192633	0.259965842771241	1.71575152186255	2.61422814667162	2.14973714248391	0.223530924026246	1.7113260781158	2.58814820685202
1.95245788154741	0.248086541884906	1.466208259453	2.43870750364183	2.05850673413486	0.195418589535061	1.67548629864614	2.44152716962358	2.05850673413486	0.248086541884906	1.6027658125743	2.55946765083768	2.0612994847163	0.235794045320462	1.59878784979589	2.52381111963672
1.78925143686227	0.259180320938332	1.28125800782314	2.2972448659014	1.96720015146503	0.170622305666012	1.63278043235965	2.30161987057042	1.96720015146503	0.259180320938332	1.51783805818302	2.48513235068323	1.96090783760162	0.254987579672908	1.46071412565259	2.46110154955065
1.56905867631459	0.194377180916698	1.18807940171787	1.95003795091132	1.58180566528806	0.176842950847088	1.23519348162777	1.92841784894835	1.58180566528806	0.194377180916698	1.2024867622304	1.96407606400816	1.58626504748383	0.182076494353495	1.22919180805737	1.9433382869103
2.0732501855211	0.233095854610335	1.61638231048484	2.53011806055735	2.16111453307833	0.197009375113428	1.77497615785601	2.54725290830065	2.16111453307833	0.233095854610335	1.64649446867785	2.59951706726592	2.15822607453663	0.217493306419684	1.73164226364265	2.5848098854306
1.68812200731504	0.403328090025721	0.897598950864626	2.47864506376545	1.78905512302305	0.325110585444244	1.15183837555233	2.42627187049377	1.78905512302305	0.403328090025721	0.968571443974342	2.45221597315526	1.80068306160716	0.395497894009179	1.02472133868009	2.57664478453424
2.05511628452773	0.220214554253056	1.62349575819175	2.48673681086372	2.18785524864994	0.177794917095633	1.8393772111425	2.53633328615738	2.18785524864994	0.220214554253056	1.80563873957924	2.6313732398648	2.18277421207284	0.209534023490096	1.7717883214048	2.59376010274088
2.10229438694412	0.221338685290282	1.66847056377516	2.53611821011307	2.07628862262465	0.186765070715105	1.71022908402305	2.44234816122626	2.07628862262465	0.221338685290282	1.62747298974941	2.49295851068326	2.07295671012746	0.202687903595553	1.67545771999562	2.4704557002593
2.00941611572951	0.332102868662053	1.35849449315189	2.66033773830714	2.12201607076295	0.257097214513	1.61810553031748	2.62592661120843	2.12201607076295	0.332102868662053	1.43718351498282	2.70846209785827	2.12633322782419	0.31437964401162	1.50958650156833	2.74307995408005
1.80537290418422	0.236876809431299	1.34109435769888	2.26965145066957	1.77133298944426	0.175758258600633	1.42684680258702	2.11581917630151	1.77133298944426	0.236876809431299	1.32363404133948	2.2296664913786	1.77281822046502	0.224664902921049	1.33212605564634	2.2135103852837
2.11901042272767	0.258983432757471	1.61140289452303	2.62661795093231	2.08260745181482	0.207320187596387	1.6762598841259	2.48895501950374	2.08260745181482	0.258983432757471	1.56086171009756	2.58815234837754	2.08639198338879	0.245822382897612	1.60421053732041	2.56857342945716
1.67220528441404	0.19398174148447	1.29200107110448	2.0524094977236	1.85623525710472	0.174371478012382	1.51446716020045	2.19800335400899	1.85623525710472	0.19398174148447	1.46846339966463	2.24770610122025	1.85485141534133	0.185628072173111	1.49079714463307	2.21890568604959
1.99157054531364	0.267867661385464	1.46654992899813	2.51659116162915	1.94770165155839	0.226366721072624	1.50402287825604	2.39138042486073	1.94770165155839	0.267867661385464	1.40187113033007	2.42235035083238	1.95185609257147	0.254971781184516	1.45170417287115	2.4520080122718
2.11201180763092	0.210583236732126	1.69926866363595	2.52475495162589	2.12561524817321	0.18339520017603	1.76616065582819	2.48506984051823	2.12561524817321	0.210583236732126	1.67648166124869	2.48736582966228	2.12351474155912	0.194155061813224	1.74273578340963	2.50429369970861
2.22333228117139	0.217301316093251	1.79742170162861	2.64924286071416	2.2762239438356	0.164304471182732	1.95418718031745	2.59826070735376	2.2762239438356	0.217301316093251	1.88759674022363	2.75917208822358	2.27800343181776	0.214618548580114	1.85704342831223	2.69896343532329
2.21577746687428	0.220558803612895	1.783482211793	2.64807272195555	2.26979276932867	0.171026795798421	1.93458024956376	2.60500528909357	2.26979276932867	0.220558803612895	1.84969468462868	2.64600483667953	2.26648268854297	0.209965595962719	1.85467608769372	2.67828928939221
2.1813262246636	0.258263348467195	1.67513006166789	2.6875223876593	2.07158166145316	0.223234031619349	1.63404295947924	2.50912036342709	2.07158166145316	0.258263348467195	1.56790165667285	2.57595029220445	2.07201435281051	0.240642087267845	1.59999110281759	2.54403760280342
1.76253026751173	0.286941359468604	1.20012520295326	2.32493533207019	1.87900774103365	0.234311668520379	1.4197568707337	2.33825861133359	1.87900774103365	0.286941359468604	1.35836234295025	2.43439650403977	1.87850930213891	0.281438018133208	1.32643167569031	2.4305869285875
2.11106280750103	0.255071385693444	1.61112289154188	2.61100272346018	2.11361211728732	0.204505547656488	1.7127812438806	2.51444299069403	2.11361211728732	0.255071385693444	1.6068870982662	2.61626584142712	2.12074291130666	0.250434938536394	1.62948229821831	2.61200352439501
2.15622787973619	0.277409600762351	1.61250506224198	2.6999506972304	2.19148815352859	0.230560148416408	1.73959026263243	2.64338604442475	2.19148815352859	0.277409600762351	1.68034100536953	2.73050141493147	2.19259893798164	0.268188346883428	1.66652213586547	2.71867574009781
2.23941144479905	0.229256475415384	1.7900687529849	2.68875413661321	2.1948986643339	0.204635086540028	1.79381389471544	2.59598343395235	2.1948986643339	0.229256475415384	1.74723761456622	2.63815607611232	2.19545353807226	0.215737373979841	1.77229106290019	2.61861601324433
2.20159858661417	0.218203250491026	1.77392021565176	2.62927695757658	2.24962170531345	0.193506503893918	1.87034895768137	2.62889445294553	2.24962170531345	0.218203250491026	1.83789288523499	2.70137749429131	2.2462193141779	0.20622858154183	1.84172755920957	2.65071106914622
1.76329611636656	0.200710282372618	1.36990396291623	2.15668826981689	1.80173587093082	0.168889728251876	1.47071200355714	2.1327597383045	1.80173587093082	0.200710282372618	1.38378146087557	2.17287920633052	1.80099712580221	0.194000254961315	1.42051520002958	2.18147905157483
2.00843940307693	0.244406888946883	1.52940190074104	2.48747690541282	2.20293923866319	0.204106204433536	1.80289107797346	2.60298739935292	2.20293923866319	0.244406888946883	1.71631681202329	2.66153221587874	2.20989077013343	0.232653358979221	1.7535282704955	2.66625326977137
1.96626435039123	0.277933482056102	1.42151472556127	2.51101397522119	1.81999971468115	0.231367166516205	1.36652006830938	2.27347936105291	1.81999971468115	0.277933482056102	1.1969072423626	2.26844092210267	1.82878396809734	0.26424879146173	1.31041699040719	2.34715094578748
1.73289008151144	0.267527130697932	1.2085369053435	2.25724325767939	1.81473923935276	0.213577290836071	1.39612774931406	2.23335072939146	1.81473923935276	0.267527130697932	1.31003312254609	2.350678317724	1.82803057639289	0.261289784041668	1.3154740915154	2.34058706127038
2.08573060114699	0.185218839653339	1.72270167542644	2.44875952686753	2.11258398173496	0.158187650247172	1.8025361872505	2.42263177621942	2.11258398173496	0.185218839653339	1.73214177717435	2.45696236532764	2.11485471158511	0.181235613371423	1.75944238294051	2.4702670402297
2.13250305445618	0.235093693759721	1.67171941468713	2.59328669422524	2.09479864241472	0.194043770060606	1.71447285309593	2.47512443173351	2.09479864241472	0.235093693759721	1.66081398170271	2.57295140869997	2.09644220732234	0.225910348310534	1.65332269115405	2.53956172349062
2.16717031469215	0.242686042036791	1.69150567230004	2.64283495708426	2.2040492064936	0.210715031686775	1.79104774438752	2.61705066859968	2.2040492064936	0.242686042036791	1.72102956867542	2.68835068608661	2.19915174806638	0.226483013633906	1.75489645748838	2.64340703864438
2.02645198606367	0.262569620476352	1.51181552993002	2.54108844219732	2.23471007579983	0.214278266887427	1.81472467270047	2.65469547889919	2.23471007579983	0.262569620476352	1.76044648826314	2.75922850984126	2.23448664783712	0.256324017519982	1.73169001244145	2.7372832832328
2.09567155330485	0.210169634626288	1.68373906943733	2.50760403717238	2.11831486087659	0.180476058531032	1.76458178615577	2.47204793559742	2.11831486087659	0.210169634626288	1.73929383285373	2.54242218437583	2.12711423348231	0.199435812872213	1.73598075935972	2.5182477076049
1.88612504108414	0.268708145081488	1.35945707672442	2.41279300544385	1.82868960295513	0.238828896648268	1.36058496552452	2.29679424038573	1.82868960295513	0.268708145081488	1.26735796265161	2.31245827789043	1.83883134786368	0.256167157069694	1.33631429729368	2.34134839843368
1.93039176724106	0.214355757712792	1.51025448212398	2.35052905235813	2.00723964893686	0.176697802991537	1.66091195507345	2.35356734280028	2.00723964893686	0.214355757712792	1.58095345001059	2.45055787840998	2.0158575338542	0.208489944674983	1.60691111958644	2.42480394812196
2.01369164210644	0.23778817253646	1.54762682393498	2.4797564602779	2.04470191835975	0.201352296937716	1.65005141636183	2.43935242035768	2.04470191835975	0.23778817253646	1.54969230799253	2.47676883181494	2.04485761223755	0.227250458546652	1.59912829549735	2.49058692897775
1.51375457246697	0.292127185437464	0.941185289009543	2.0863238559244	1.5382318593657	0.250676106829782	1.04690668997933	2.02955702875207	1.5382318593657	0.292127185437464	0.955432534759965	2.07945942988353	1.5419581299264	0.277973701273768	0.996656045189286	2.08726021466352
2.06461243588014	0.285202098364287	1.50561632308614	2.62360854867414	2.04831943909357	0.249523779520804	1.55925283123279	2.53738604695434	2.04831943909357	0.285202098364287	1.48447550346235	2.56905456241481	2.05151372148115	0.268589899422613	1.52463790146695	2.57838954149536
2.21832360572645	0.276349510958715	1.67667856424737	2.75996864720553	2.16234788426197	0.217453018215236	1.7361399685601	2.58855579996383	2.16234788426197	0.276349510958715	1.58818121695993	2.65974545033088	2.16484881427816	0.265004676038775	1.64502921854653	2.68466841000978
1.90887936460588	0.233474270739752	1.45126979395597	2.3664889352558	1.99966720375084	0.185010404639554	1.63704681065731	2.36228759684436	1.99966720375084	0.233474270739752	1.53717523753579	2.452934784094	2.00162616905955	0.222646016151293	1.56495908905584	2.43829324906327
2.18995148383673	0.296700291459442	1.60841891257622	2.77148405509724	2.17588800402978	0.224590329089333	1.73569095901469	2.61608504904487	2.17588800402978	0.296700291459442	1.66075489292021	2.75475571809892	2.16935860744979	0.284255990779237	1.61172605509169	2.72699115980789
2.37310366606517	0.18805314394769	2.00451950392769	2.74168782820264	2.29492428474343	0.158748669728771	1.98377689207504	2.60607167741182	2.29492428474343	0.18805314394769	1.94032015212224	2.67955323027	2.29179648612083	0.183192183347211	1.93250262394288	2.65109034829878
2.14610998150337	0.216532188084171	1.7217068928584	2.57051307014835	2.16566195622159	0.181039444823306	1.81082464436791	2.52049926807527	2.16566195622159	0.216532188084171	1.74769675290234	2.5707015856634	2.16747362390614	0.202938089644093	1.76944147374671	2.56550577406557
2.11733569775393	0.229678362105982	1.6671661080262	2.56750528748165	2.2383013359742	0.196570363118651	1.85302342426164	2.62357924768675	2.2383013359742	0.229678362105982	1.79759055719545	2.67602895235757	2.23540552788359	0.220740142610521	1.80244439915408	2.66836665661309
2.3169936837342	0.21678819089761	1.89208882957488	2.74189853789352	2.26399578698686	0.171694584777325	1.9274744008233	2.60051717315041	2.26399578698686	0.21678819089761	1.80346076041145	2.63576839359625	2.2697403404805	0.20637302555072	1.86495041200895	2.67453026895206
1.94147282560077	0.312764256128765	1.32845488358839	2.55449076761315	1.94246108731382	0.257113462169857	1.4385187014609	2.44640347316674	1.94246108731382	0.312764256128765	1.34404926224788	2.47140442768703	1.94495311719218	0.285760097022317	1.38438691488687	2.50551931949749
1.80271027980673	0.255278335534764	1.30236474215859	2.30305581745486	1.92731658457815	0.184290080796195	1.56610802621761	2.28852514293869	1.92731658457815	0.255278335534764	1.48768440428637	2.45357832604755	1.93375095676811	0.239188332360217	1.46458250462911	2.40291940890711
2.08547260216805	0.261245760401474	1.57343091178116	2.59751429255494	2.0957893415513	0.205510862031792	1.69298805196899	2.49859063113361	2.0957893415513	0.261245760401474	1.56652096558785	2.61813085494784	2.10391266815941	0.249454967671159	1.61461136687751	2.59321396944132
1.88899883767998	0.216575385586035	1.46451108193135	2.3134865934286	1.89736907614785	0.196449237386117	1.51232857087106	2.28240958142464	1.89736907614785	0.216575385586035	1.47111087795903	2.3145428653098	1.89974971285797	0.203807093494569	1.50006317198876	2.29943625372717
2.09166164521024	0.302815194018819	1.49814386493336	2.68517942548713	2.06214480249836	0.268365548480973	1.53614832747565	2.58814127752107	2.06214480249836	0.302815194018819	1.47016225122384	2.62858862033973	2.05776219733412	0.276140413831039	1.51607375290823	2.59945064176001
2.0476637681416	0.31164198501723	1.43684547750783	2.65848205877537	1.88038737780955	0.25188635183998	1.38669012820319	2.37408462741591	1.88038737780955	0.31164198501723	1.24883762730068	2.47769971733117	1.87890342082664	0.301550022904834	1.28732573877863	2.47048110287465
1.94883615774445	0.254008237530998	1.45098001218369	2.4466923033052	1.84983958144823	0.231884149419703	1.39534664858561	2.30433251431084	1.84983958144823	0.254008237530998	1.32200294505466	2.35630431293558	1.85694388662065	0.243006358147453	1.38025898336255	2.33362878987875
1.87130806406682	0.241960228043899	1.39706601710077	2.34555011103286	2.00920487740541	0.216594496895897	1.58467966348945	2.43373009132137	2.00920487740541	0.241960228043899	1.52871486480556	2.49315015158277	2.00598687476656	0.230242509664297	1.55436575790572	2.4576079916274
1.84929431044462	0.305079043350071	1.25133938547848	2.44724923541076	1.90218521524257	0.240389378999953	1.43102203240266	2.37334839808247	1.90218521524257	0.305079043350071	1.28079562282382	2.42467897570766	1.91391291027075	0.295514229570088	1.33418564978433	2.49364017075716
2.17789447073076	0.209542719001607	1.76719074148761	2.58859819997391	2.25118075504832	0.176656590358174	1.9049338379463	2.59742767215035	2.25118075504832	0.209542719001607	1.82275578420055	2.66475153295509	2.25333774750862	0.205163708343057	1.85094655449096	2.65572894052629
1.90108797692073	0.226442641777727	1.45726039903638	2.34491555480507	1.94970287480788	0.19069518652155	1.57594030922564	2.32346544039012	1.94970287480788	0.226442641777727	1.52179150113608	2.37671710045927	1.95064727052792	0.213857656016631	1.53119972762696	2.37009481342888
1.93125657144033	0.231124666411591	1.47825222527361	2.38426091760705	1.94914536830863	0.185561853436896	1.58544413557232	2.31284660104495	1.94914536830863	0.231124666411591	1.49188623424133	2.36546595864374	1.95189353660018	0.220522611802817	1.51936044532145	2.38442662787891
1.93825308877072	0.296776475440398	1.35657119690754	2.5199349806339	2.13308822156078	0.235882548310376	1.67075842687244	2.59541801624912	2.13308822156078	0.296776475440398	1.61080545314377	2.74539326139399	2.12844288623137	0.278393218577111	1.58229790512006	2.67458786734268
1.88638607340173	0.239422796371657	1.41711739251329	2.35565475429018	2.00256796700228	0.20075461908832	1.60908891358918	2.39604702041539	2.00256796700228	0.239422796371657	1.54472044876599	2.46958906042185	1.99087968757657	0.236302212056656	1.52736528273997	2.45439409241317
1.44763215351816	0.228802102797077	0.999180032035885	1.89608427500043	1.53469597143809	0.193662670844753	1.15511713658237	1.91427480629381	1.53469597143809	0.228802102797077	1.1167996058818	1.98008761602781	1.5337201582187	0.215305079703866	1.11141470585663	1.95602561058077
1.77507595587547	0.225867780066038	1.33237510694604	2.21777680480491	1.6412520457076	0.197667599150903	1.25382355137183	2.02868054004337	1.6412520457076	0.225867780066038	1.17392110124099	2.04261604638133	1.6445778778403	0.216387829349419	1.2201560337408	2.0689997219398
2.07975649060622	0.314402054798185	1.46352846320178	2.69598451801066	2.000487774683	0.247971409319543	1.5144638124167	2.48651173694931	2.000487774683	0.314402054798185	1.40379037273325	2.60385446078245	2.00100254258953	0.309785016358951	1.39325935108301	2.60874573409604
2.22541843527012	0.277633002916236	1.6812577495543	2.76957912098594	2.08893839628705	0.214914869136545	1.66770525277942	2.51017153979468	2.08893839628705	0.277633002916236	1.551953703721	2.59523636772063	2.0869974156741	0.267485968915177	1.56227390588474	2.61172092546346
1.91959232850605	0.248114645891949	1.43328762255783	2.40589703445427	1.96485263573145	0.198642624302231	1.57551309209908	2.35419217936382	1.96485263573145	0.248114645891949	1.4718735819737	2.41638025771159	1.96556774816302	0.238552285894701	1.49763397201712	2.43350152430893
1.86891882294105	0.279804722341453	1.32050156715181	2.4173360787303	1.93127979029974	0.198494036781111	1.54223147820876	2.32032810239072	1.93127979029974	0.279804722341453	1.48668235050921	2.43852689025237	1.93244493322106	0.273235161181644	1.39643733210222	2.4684525343399
1.8296164480001	0.239806544196124	1.3595956213757	2.2996372746245	1.77773918162439	0.202992802916141	1.37987328790875	2.17560507534002	1.77773918162439	0.239806544196124	1.26185976276773	2.23471878694773	1.78941744014938	0.227349473124874	1.34348640236717	2.23534847793158
2.24433492080936	0.213572538634717	1.82573274508531	2.6629370965334	2.29956958551484	0.183319247228688	1.94026386094661	2.65887531008307	2.29956958551484	0.213572538634717	1.8716829551988	2.69219581826819	2.30217701449327	0.202915893856046	1.90419884790701	2.70015518107952
1.75920191639445	0.288909217104199	1.19293985087022	2.32546398191868	1.77316524198597	0.228531563150891	1.32524337821022	2.22108710576172	1.77316524198597	0.288909217104199	1.21614480169322	2.32152633199539	1.77921584844365	0.273973547676964	1.24177933476044	2.31665236212686
2.26503002590607	0.264033031032016	1.74752528508332	2.78253476672882	2.16505929332752	0.217843336068461	1.73808635463333	2.5920322320217	2.16505929332752	0.264033031032016	1.6557227563755	2.66192636140255	2.16391609579774	0.254153102252661	1.66537261452789	2.6624595770676
2.07549171243958	0.293895375931545	1.49945677561375	2.6515266492654	2.06396376990127	0.248549583820619	1.57680658561286	2.55112095418968	2.06396376990127	0.293895375931545	1.51336394337246	2.68781054065347	2.06549082546489	0.271793945067576	1.53234389858297	2.59863775234681
1.94794131482489	0.231160137698633	1.49486744493557	2.40101518471421	1.94428822714926	0.202394058092606	1.54759587328776	2.34098058101077	1.94428822714926	0.231160137698633	1.46202022037582	2.39251155373721	1.94999332438432	0.21492546500469	1.52842023779691	2.37156641097173
2.23005799200996	0.238252593398962	1.763082908948	2.69703307507193	2.24460039765731	0.21631506513791	1.82062286998701	2.66857792532761	2.24460039765731	0.238252593398962	1.79195301863507	2.73934295615401	2.24784886654896	0.214551658640314	1.82706263481251	2.6686350982854
1.95176396868729	0.294942549574192	1.37367657152187	2.52985136585271	1.85869877383746	0.217671302426599	1.43206302108133	2.2853345265936	1.85869877383746	0.294942549574192	1.28273371967917	2.36522874016169	1.85861510537388	0.279930233328701	1.30947949518148	2.40775071556629
1.99768830547481	0.218935191425106	1.5685753302816	2.42680128066802	1.95101522153915	0.188055817000245	1.58242582021867	2.31960462285963	1.95101522153915	0.218935191425106	1.5137071462175	2.39812927455401	1.95104190244923	0.204201197945751	1.55055272028604	2.35153108461241
2.22272941664786	0.167467062274694	1.89449397458946	2.55096485870626	2.17452592136631	0.137361862287839	1.90529667128215	2.44375517145048	2.17452592136631	0.167467062274694	1.84313394446894	2.50569980316969	2.17280778357825	0.161672609983141	1.85574594418145	2.48986962297505
1.76230317229406	0.248529392558214	1.27518556287997	2.24942078170816	1.74678283147003	0.208440951251255	1.33823856701757	2.15532709592249	1.74678283147003	0.248529392558214	1.2560403815051	2.22915156529083	1.74413636397078	0.236151398484255	1.28093823131468	2.20733449662689
2.07295812787451	0.214369574370934	1.65279376210748	2.49312249364154	1.93655257424494	0.178769561183234	1.5861642343258	2.28694091416408	1.93655257424494	0.214369574370934	1.5017301551436	2.32634995381273	1.9381153085924	0.211147424499794	1.5239859055931	2.35224471159169
1.92980552525561	0.243405410664405	1.45273092035338	2.40688013015785	2.00027187568693	0.211924390679846	1.58490006995443	2.41564368141943	2.00027187568693	0.243405410664405	1.51200889578306	2.44457954163254	2.00729329524935	0.226891688373366	1.56225068637207	2.45233590412663
