X1	X2	X3	X4	X1.1	X2.1	X3.1	X4.1	X1.2	X2.2	X3.2	X4.2
NA	NA	NA	NA	NA	NA	NA	NA	NA	NA	NA	NA
NA	NA	NA	NA	NA	NA	NA	NA	NA	NA	NA	NA
NA	NA	NA	NA	NA	NA	NA	NA	NA	NA	NA	NA
NA	NA	NA	NA	NA	NA	NA	NA	NA	NA	NA	NA
NA	NA	NA	NA	NA	NA	NA	NA	NA	NA	NA	NA
NA	NA	NA	NA	NA	NA	NA	NA	NA	NA	NA	NA
NA	NA	NA	NA	NA	NA	NA	NA	NA	NA	NA	NA
NA	NA	NA	NA	NA	NA	NA	NA	NA	NA	NA	NA
NA	NA	NA	NA	NA	NA	NA	NA	NA	NA	NA	NA
NA	NA	NA	NA	NA	NA	NA	NA	NA	NA	NA	NA
NA	NA	NA	NA	NA	NA	NA	NA	NA	NA	NA	NA
NA	NA	NA	NA	NA	NA	NA	NA	NA	NA	NA	NA
NA	NA	NA	NA	NA	NA	NA	NA	NA	NA	NA	NA
NA	NA	NA	NA	NA	NA	NA	NA	NA	NA	NA	NA
NA	NA	NA	NA	NA	NA	NA	NA	NA	NA	NA	NA
NA	NA	NA	NA	NA	NA	NA	NA	NA	NA	NA	NA
NA	NA	NA	NA	NA	NA	NA	NA	NA	NA	NA	NA
NA	NA	NA	NA	NA	NA	NA	NA	NA	NA	NA	NA
NA	NA	NA	NA	NA	NA	NA	NA	NA	NA	NA	NA
NA	NA	NA	NA	NA	NA	NA	NA	NA	NA	NA	NA
NA	NA	NA	NA	NA	NA	NA	NA	NA	NA	NA	NA
NA	NA	NA	NA	NA	NA	NA	NA	NA	NA	NA	NA
NA	NA	NA	NA	NA	NA	NA	NA	NA	NA	NA	NA
NA	NA	NA	NA	NA	NA	NA	NA	NA	NA	NA	NA
NA	NA	NA	NA	NA	NA	NA	NA	NA	NA	NA	NA
NA	NA	NA	NA	NA	NA	NA	NA	NA	NA	NA	NA
NA	NA	NA	NA	NA	NA	NA	NA	NA	NA	NA	NA
NA	NA	NA	NA	NA	NA	NA	NA	NA	NA	NA	NA
NA	NA	NA	NA	NA	NA	NA	NA	NA	NA	NA	NA
NA	NA	NA	NA	NA	NA	NA	NA	NA	NA	NA	NA
NA	NA	NA	NA	NA	NA	NA	NA	NA	NA	NA	NA
NA	NA	NA	NA	NA	NA	NA	NA	NA	NA	NA	NA
NA	NA	NA	NA	NA	NA	NA	NA	NA	NA	NA	NA
NA	NA	NA	NA	NA	NA	NA	NA	NA	NA	NA	NA
NA	NA	NA	NA	NA	NA	NA	NA	NA	NA	NA	NA
NA	NA	NA	NA	NA	NA	NA	NA	NA	NA	NA	NA
NA	NA	NA	NA	NA	NA	NA	NA	NA	NA	NA	NA
NA	NA	NA	NA	NA	NA	NA	NA	NA	NA	NA	NA
NA	NA	NA	NA	NA	NA	NA	NA	NA	NA	NA	NA
NA	NA	NA	NA	NA	NA	NA	NA	NA	NA	NA	NA
NA	NA	NA	NA	NA	NA	NA	NA	NA	NA	NA	NA
NA	NA	NA	NA	NA	NA	NA	NA	NA	NA	NA	NA
NA	NA	NA	NA	NA	NA	NA	NA	NA	NA	NA	NA
NA	NA	NA	NA	NA	NA	NA	NA	NA	NA	NA	NA
NA	NA	NA	NA	NA	NA	NA	NA	NA	NA	NA	NA
NA	NA	NA	NA	NA	NA	NA	NA	NA	NA	NA	NA
NA	NA	NA	NA	NA	NA	NA	NA	NA	NA	NA	NA
NA	NA	NA	NA	NA	NA	NA	NA	NA	NA	NA	NA
NA	NA	NA	NA	NA	NA	NA	NA	NA	NA	NA	NA
NA	NA	NA	NA	NA	NA	NA	NA	NA	NA	NA	NA
NA	NA	NA	NA	NA	NA	NA	NA	NA	NA	NA	NA
NA	NA	NA	NA	NA	NA	NA	NA	NA	NA	NA	NA
NA	NA	NA	NA	NA	NA	NA	NA	NA	NA	NA	NA
NA	NA	NA	NA	NA	NA	NA	NA	NA	NA	NA	NA
NA	NA	NA	NA	NA	NA	NA	NA	NA	NA	NA	NA
NA	NA	NA	NA	NA	NA	NA	NA	NA	NA	NA	NA
NA	NA	NA	NA	NA	NA	NA	NA	NA	NA	NA	NA
NA	NA	NA	NA	NA	NA	NA	NA	NA	NA	NA	NA
NA	NA	NA	NA	NA	NA	NA	NA	NA	NA	NA	NA
NA	NA	NA	NA	NA	NA	NA	NA	NA	NA	NA	NA
NA	NA	NA	NA	NA	NA	NA	NA	NA	NA	NA	NA
NA	NA	NA	NA	NA	NA	NA	NA	NA	NA	NA	NA
NA	NA	NA	NA	NA	NA	NA	NA	NA	NA	NA	NA
NA	NA	NA	NA	NA	NA	NA	NA	NA	NA	NA	NA
NA	NA	NA	NA	NA	NA	NA	NA	NA	NA	NA	NA
NA	NA	NA	NA	NA	NA	NA	NA	NA	NA	NA	NA
NA	NA	NA	NA	NA	NA	NA	NA	NA	NA	NA	NA
NA	NA	NA	NA	NA	NA	NA	NA	NA	NA	NA	NA
NA	NA	NA	NA	NA	NA	NA	NA	NA	NA	NA	NA
NA	NA	NA	NA	NA	NA	NA	NA	NA	NA	NA	NA
NA	NA	NA	NA	NA	NA	NA	NA	NA	NA	NA	NA
NA	NA	NA	NA	NA	NA	NA	NA	NA	NA	NA	NA
NA	NA	NA	NA	NA	NA	NA	NA	NA	NA	NA	NA
NA	NA	NA	NA	NA	NA	NA	NA	NA	NA	NA	NA
NA	NA	NA	NA	NA	NA	NA	NA	NA	NA	NA	NA
NA	NA	NA	NA	NA	NA	NA	NA	NA	NA	NA	NA
NA	NA	NA	NA	NA	NA	NA	NA	NA	NA	NA	NA
NA	NA	NA	NA	NA	NA	NA	NA	NA	NA	NA	NA
NA	NA	NA	NA	NA	NA	NA	NA	NA	NA	NA	NA
NA	NA	NA	NA	NA	NA	NA	NA	NA	NA	NA	NA
NA	NA	NA	NA	NA	NA	NA	NA	NA	NA	NA	NA
NA	NA	NA	NA	NA	NA	NA	NA	NA	NA	NA	NA
NA	NA	NA	NA	NA	NA	NA	NA	NA	NA	NA	NA
NA	NA	NA	NA	NA	NA	NA	NA	NA	NA	NA	NA
NA	NA	NA	NA	NA	NA	NA	NA	NA	NA	NA	NA
NA	NA	NA	NA	NA	NA	NA	NA	NA	NA	NA	NA
NA	NA	NA	NA	NA	NA	NA	NA	NA	NA	NA	NA
NA	NA	NA	NA	NA	NA	NA	NA	NA	NA	NA	NA
NA	NA	NA	NA	NA	NA	NA	NA	NA	NA	NA	NA
NA	NA	NA	NA	NA	NA	NA	NA	NA	NA	NA	NA
NA	NA	NA	NA	NA	NA	NA	NA	NA	NA	NA	NA
NA	NA	NA	NA	NA	NA	NA	NA	NA	NA	NA	NA
NA	NA	NA	NA	NA	NA	NA	NA	NA	NA	NA	NA
NA	NA	NA	NA	NA	NA	NA	NA	NA	NA	NA	NA
NA	NA	NA	NA	NA	NA	NA	NA	NA	NA	NA	NA
NA	NA	NA	NA	NA	NA	NA	NA	NA	NA	NA	NA
NA	NA	NA	NA	NA	NA	NA	NA	NA	NA	NA	NA
NA	NA	NA	NA	NA	NA	NA	NA	NA	NA	NA	NA
NA	NA	NA	NA	NA	NA	NA	NA	NA	NA	NA	NA
NA	NA	NA	NA	NA	NA	NA	NA	NA	NA	NA	NA
2.00366476997911	0.154888559100203	1.70008319414271	2.30724634581551	2.01242420379921	0.211252468840036	1.59836936487273	2.42647904272568	2.01242420379921	0.154888559100203	1.67841772448061	2.28392774225812
2.0104230605286	0.0907644437572552	1.83252475076438	2.18832137029282	2.00883703593497	0.124897408937005	1.76403811441844	2.2536359574515	2.00883703593497	0.0907644437572552	1.84274272006158	2.18966804937863
2.2508435593122	0.0865497299269511	2.08120608865538	2.42048102996903	2.25386772675591	0.121893118803718	2.01495721390063	2.4927782396112	2.25386772675591	0.0865497299269511	2.08461185340136	2.42583412699261
2.07114447733636	0.0877246544996659	1.89920415451701	2.2430848001557	2.08114450505019	0.122845378829222	1.84036756254491	2.32192144755546	2.08114450505019	0.0877246544996659	1.91840709400751	2.26842063844089
1.89048290842271	0.0784551270260572	1.73671085945164	2.04425495739378	1.88878833846106	0.107149429558437	1.67877545652652	2.09880122039559	1.88878833846106	0.0784551270260572	1.73110575826901	2.03862098020432
1.98300316817964	0.0850722393599289	1.81626157903418	2.1497447573251	1.98806525021524	0.112629305576093	1.7673118112861	2.20881868914439	1.98806525021524	0.0850722393599289	1.81943395155147	2.1590840606561
2.00395216402984	0.0950736793506288	1.8176077525026	2.19029657555707	1.99134632529192	0.132043361106926	1.73254133752234	2.2501513130615	1.99134632529192	0.0950736793506288	1.78634748691222	2.16922071455215
1.93708161761109	0.0715839490605025	1.7967770774525	2.07738615776967	1.94518775926587	0.0969281090123982	1.75520866560157	2.13516685293017	1.94518775926587	0.0715839490605025	1.80754603954853	2.08037736402811
1.86987502126976	0.085236267765275	1.70281193644982	2.0369381060897	1.86555870978904	0.115755027398149	1.63867885608867	2.09243856348942	1.86555870978904	0.085236267765275	1.69447993456195	2.03227891335162
1.95856207883449	0.0758473735478709	1.80990122668066	2.10722293098832	1.96542956557569	0.103876385877605	1.76183184925558	2.16902728189579	1.96542956557569	0.0758473735478709	1.82064931114582	2.10594997526871
1.88918935794603	0.103865559195911	1.68561286192204	2.09276585397001	1.88800101141889	0.144507753786232	1.60476581399788	2.17123620883991	1.88800101141889	0.103865559195911	1.6851826858933	2.09233981290591
2.03030313251333	0.109006780782791	1.81664984217906	2.2439564228476	2.02622694183473	0.15250450695762	1.72731810819779	2.32513577547166	2.02622694183473	0.109006780782791	1.79244319897271	2.22427161840277
2.00843442431434	0.0820836380733205	1.84755049369063	2.16931835493805	2.00458775301839	0.110429039461949	1.78814683567297	2.22102867036381	2.00458775301839	0.0820836380733205	1.85149477427777	2.16563370225078
1.90108963163553	0.0757639286247385	1.75259233153104	2.04958693174001	1.89995484233434	0.105180817093015	1.69380044083203	2.10610924383665	1.89995484233434	0.0757639286247385	1.75742227159417	2.04884978688289
2.0165739385673	0.127789229197784	1.76610704933965	2.26704082779496	2.00279821225724	0.175800088950284	1.65823003791468	2.3473663865998	2.00279821225724	0.127789229197784	1.76495964663979	2.26266130708163
1.96296249484948	0.099231784087665	1.76846819803766	2.15745679166131	1.96310990679345	0.136488813900939	1.69559183154761	2.23062798203929	1.96310990679345	0.099231784087665	1.7698773458138	2.15535168048146
2.05222279843083	0.0774881987566685	1.90034592886776	2.2040996679939	2.04922350360728	0.107283316641884	1.83894820298919	2.25949880422537	2.04922350360728	0.0774881987566685	1.89293905262052	2.1950086046767
1.76935765486049	0.0768301539731621	1.61877055307309	1.91994475664789	1.76571146746043	0.106255551199527	1.55745058710936	1.9739723478115	1.76571146746043	0.0768301539731621	1.613143381958	1.91499111972071
2.04585618208775	0.0849834805048081	1.87928856029832	2.21242380387717	2.04662020262772	0.118993088829606	1.81339374852169	2.27984665673375	2.04662020262772	0.0849834805048081	1.87915234521845	2.21675488699049
2.06451222934229	0.091178618669846	1.88580213674939	2.24322232193518	2.05308739309563	0.124472418261189	1.8091214533037	2.29705333288756	2.05308739309563	0.091178618669846	1.87957514260231	2.23032133564589
2.00170244031457	0.0807403045347936	1.84345144342637	2.15995343720276	2.00494765872907	0.112775089803986	1.78390848271326	2.22598683474488	2.00494765872907	0.0807403045347936	1.85032290826961	2.15790518995742
1.98184973265699	0.113010593634763	1.76034896913285	2.20335049618112	1.97747842526211	0.159582225628463	1.66469726303032	2.2902595874939	1.97747842526211	0.113010593634763	1.76442099138737	2.20669542690768
1.90814865017954	0.149237596294219	1.61564296144287	2.20065433891621	1.89112501439323	0.200288701280342	1.49855915988376	2.2836908689027	1.89112501439323	0.149237596294219	1.59889624108414	2.18987704374221
2.17933456908281	0.105852667918354	1.97186333996284	2.38680579820278	2.19186703550457	0.141239948918278	1.91503673562474	2.46869733538439	2.19186703550457	0.105852667918354	1.99181832405603	2.39856285518914
2.10902413088744	0.0881742631329351	1.93620257514689	2.28184568662799	2.11714893568839	0.124104067286408	1.87390496380703	2.36039290756975	2.11714893568839	0.0881742631329351	1.94373324642057	2.2853009025914
1.99383772821251	0.0981477845194775	1.80146807055433	2.18620738587068	1.98815812099374	0.132229282326923	1.72898872763297	2.24732751435451	1.98815812099374	0.0981477845194775	1.77912856852741	2.172737526268
2.17325541706621	0.100779714692362	1.97572717626918	2.37078365786324	2.13406064834129	0.133065490718323	1.87325228653337	2.3948690101492	2.13406064834129	0.100779714692362	1.95313708727856	2.34412619259461
1.96699378629345	0.0731804299700656	1.82356014355212	2.11042742903478	1.96879030289761	0.0996529565240312	1.77347050811051	2.16411009768471	1.96879030289761	0.0731804299700656	1.82987460250328	2.1092220808025
1.99863285853194	0.115361088537878	1.7725251249977	2.22474059206618	2.00958053494745	0.160148054239684	1.69569034863767	2.32347072125723	2.00958053494745	0.115361088537878	1.78702220783414	2.23765262867748
1.99958704472586	0.102385185750009	1.79891208065584	2.20026200879587	1.99915477069353	0.13956384988836	1.72560962491235	2.27269991647472	1.99915477069353	0.102385185750009	1.79507743089711	2.1969998708061
2.06620517013658	0.0782235091005275	1.91288709229955	2.21952324797362	2.06708387646968	0.106724686630115	1.85790349067465	2.2762642622647	2.06708387646968	0.0782235091005275	1.91913956748395	2.22406828224826
1.8153089861535	0.0772795614933812	1.66384104562648	1.96677692668053	1.81950954203954	0.106048746263254	1.61165399936356	2.02736508471551	1.81950954203954	0.0772795614933812	1.66864343759055	1.97353731780782
2.09528838968001	0.0892885570541845	1.92028281785381	2.27029396150621	2.09858932115144	0.123063768135302	1.85738433560625	2.33979430669664	2.09858932115144	0.0892885570541845	1.92252000793163	2.26835928867731
1.90396644031094	0.0895357965578576	1.72847627905754	2.07945660156434	1.91177842336905	0.124164359159932	1.66841627941558	2.15514056732251	1.91177842336905	0.0895357965578576	1.73070175053648	2.07722074267155
1.90572898188101	0.108797469920384	1.69248594083705	2.11897202292496	1.91290607130427	0.146192167926511	1.62636942216831	2.19944272044023	1.91290607130427	0.108797469920384	1.68465111769514	2.11097011406507
1.99222236374072	0.0938752845846462	1.80822680595481	2.17621792152662	1.99759875464354	0.129196450628339	1.744373711412	2.25082379787509	1.99759875464354	0.0938752845846462	1.81321829492649	2.18013763511549
1.92095697561346	0.0827980123978933	1.75867287131359	2.08324107991333	1.92967790811082	0.111345889497922	1.7114399646949	2.14791585152675	1.92967790811082	0.0827980123978933	1.76261859911717	2.08239910398604
1.96913903809508	0.078841047477964	1.81461058503827	2.12366749115188	1.96474532488655	0.108463075965061	1.75215769599503	2.17733295377807	1.96474532488655	0.078841047477964	1.81625508306219	2.12202129275112
2.08942139984673	0.0981802972393368	1.89698801725763	2.28185478243583	2.08478406435411	0.133044293212883	1.82401724965686	2.34555087905136	2.08478406435411	0.0981802972393368	1.89946524970827	2.27037587282268
2.07655813947509	0.102736442716145	1.87519471175144	2.27792156719873	2.08102907195254	0.141234174298092	1.80421009032828	2.3578480535768	2.08102907195254	0.102736442716145	1.8803140972128	2.28760501348206
2.0004756293201	0.0943210840888856	1.81560630450589	2.18534495413432	2.02111867849544	0.125525886835849	1.77508794029717	2.2671494166937	2.02111867849544	0.0943210840888856	1.82319623983104	2.21288966958347
1.96346341570516	0.0850730742469365	1.79672019018116	2.13020664122916	1.96119491266861	0.117314853219926	1.73125780035756	2.19113202497967	1.96119491266861	0.0850730742469365	1.79562816674102	2.13236866352257
2.11174612257845	0.0946543704456386	1.92622355650499	2.2972686886519	2.11603856075524	0.131290896009263	1.85870840457708	2.37336871693339	2.11603856075524	0.0946543704456386	1.92934020993701	2.30291474387651
1.97573530545042	0.0828046317560496	1.81343822720856	2.13803238369228	1.9692234640301	0.11108900463813	1.75148901493937	2.18695791312083	1.9692234640301	0.0828046317560496	1.80213714735155	2.12507784031403
1.9272325398502	0.101882356687554	1.72754312074259	2.12692195895781	1.92466363083238	0.136832552835458	1.65647182727488	2.19285543438988	1.92466363083238	0.101882356687554	1.71748113867415	2.12337360471858
2.23532536879145	0.0958243595450428	2.04750962408317	2.42314111349973	2.23975546539753	0.135003252793071	1.97514908992311	2.50436184087195	2.23975546539753	0.0958243595450428	2.05084802384381	2.42747740857821
1.91190080330086	0.0733256929024475	1.76818244521206	2.05561916138966	1.90895337633038	0.100464433978487	1.71204308573254	2.10586366692821	1.90895337633038	0.0733256929024475	1.76768404235533	2.05135256821043
2.0693356631251	0.0810791568484408	1.91042051570215	2.22825081054804	2.0573771785909	0.113566448489935	1.83478693955063	2.27996741763117	2.0573771785909	0.0810791568484408	1.90029266821104	2.22443869168395
2.04676156144408	0.0815844795574017	1.88685598151157	2.20666714137659	2.04106885275051	0.110428248191884	1.82462948629442	2.25750821920661	2.04106885275051	0.0815844795574017	1.88551581285743	2.20633566792538
1.91507679045814	0.0781116258018161	1.76197800388658	2.0681755770297	1.91686255734933	0.110142181699127	1.70098388121904	2.13274123347962	1.91686255734933	0.0781116258018161	1.76808916195299	2.07331875624268
1.93157503972399	0.101799121522322	1.73204876154024	2.13110131790774	1.96462550643062	0.137449128674206	1.69522521422918	2.23402579863207	1.96462550643062	0.101799121522322	1.76436437052012	2.15487992185754
1.96595676243914	0.0871908148951715	1.7950627652446	2.13685075963368	1.9700616486677	0.116827003437781	1.74108072192965	2.19904257540575	1.9700616486677	0.0871908148951715	1.79531396144792	2.13993769375399
1.89479131275212	0.0905601232895058	1.71729347110469	2.07228915439955	1.90170007950866	0.11785983437751	1.67069480412874	2.13270535488858	1.90170007950866	0.0905601232895058	1.72822225074731	2.08747394275995
2.00493069309907	0.0811466370305793	1.84588328451913	2.16397810167901	1.98590478150439	0.108075341369223	1.77407711242071	2.19773245058807	1.98590478150439	0.0811466370305793	1.82874382017005	2.14704866089798
2.02058149569554	0.0928355999105871	1.83862371987079	2.20253927152029	2.01609093218187	0.128550132389989	1.76413267269749	2.26804919166624	2.01609093218187	0.0928355999105871	1.83854564426184	2.18996689772333
2.01732829516679	0.100926698631079	1.81951196584987	2.2151446244837	2.01209522747141	0.136580115301496	1.74439820148047	2.27979225346234	2.01209522747141	0.100926698631079	1.79797974826668	2.20883012524142
1.9018858790889	0.0794999091857263	1.74606605708487	2.05770570109292	1.90131980299709	0.110656329420993	1.68443339733194	2.11820620866224	1.90131980299709	0.0794999091857263	1.74887043188422	2.0518406066785
2.10132200224347	0.0757478295082252	1.95285625640735	2.24978774807959	2.09441130733943	0.106769494311999	1.88514309848791	2.30367951619095	2.09441130733943	0.0757478295082252	1.95225268430927	2.23727352453503
2.07482005585703	0.0898064172176643	1.8987994781104	2.25084063360365	2.06849917990243	0.126293578877594	1.82096376530234	2.31603459450251	2.06849917990243	0.0898064172176643	1.91230466717113	2.2534796303298
2.15769267722324	0.0807565372036622	1.99940986430407	2.31597549014242	2.15123300955378	0.110437680027822	1.93477515669925	2.36769086240831	2.15123300955378	0.0807565372036622	1.99521292681834	2.30449235570068
2.03347599516537	0.0815209321536575	1.8736949681442	2.19325702218654	2.02533609162367	0.111650231523033	1.80650163783852	2.24417054540881	2.02533609162367	0.0815209321536575	1.87600204322566	2.19575651653724
2.13963788821665	0.076458558987003	1.98977911260212	2.28949666383117	2.1493608862126	0.106710550930219	1.94020820638937	2.35851356603583	2.1493608862126	0.076458558987003	2.00002404479227	2.3015307218407
1.98765759014585	0.086602583126458	1.817916527218	2.15739865307371	1.99297523327974	0.117506992429105	1.76266152811869	2.22328893844078	1.99297523327974	0.086602583126458	1.82729430650828	2.16494312929655
2.02729689554005	0.0803787598517677	1.86975452623058	2.18483926484951	2.02702135792542	0.110784739251369	1.80988326899274	2.24415944685811	2.02702135792542	0.0803787598517677	1.87039135013751	2.17992885318984
2.01919877944667	0.0832654963706398	1.85599840656022	2.18239915233313	2.02381242518892	0.114695085682097	1.79901005725201	2.24861479312583	2.02381242518892	0.0832654963706398	1.86205294923384	2.18682767070626
1.99224176068733	0.0930523902569853	1.80985907578364	2.17462444559102	1.99326588036666	0.129717624674609	1.73901933600442	2.24751242472889	1.99326588036666	0.0930523902569853	1.81044128563471	2.17391651489063
2.14550630783199	0.0956930693711034	1.95794789186462	2.33306472379935	2.13684538028353	0.134935153004571	1.87237248039457	2.40131828017249	2.13684538028353	0.0956930693711034	1.96441251261704	2.32786718803408
1.8727977417527	0.120267436861412	1.63707356550434	2.10852191800107	1.89886054800026	0.15727696506557	1.59059769647174	2.20712339952878	1.89886054800026	0.120267436861412	1.6599201881024	2.13325159223886
1.85828366786993	0.0827863995290923	1.69602232479291	2.02054501094695	1.87077293896734	0.113308198578675	1.64868886975314	2.09285700818155	1.87077293896734	0.0827863995290923	1.70737559685167	2.02806238595547
1.89349474358089	0.0842407418694991	1.72838288951667	2.05860659764511	1.88956398634023	0.116374702844487	1.66146956876504	2.11765840391543	1.88956398634023	0.0842407418694991	1.7257933504391	2.04893136920853
2.12447073342873	0.0891846822193728	1.94966875627876	2.2992727105787	2.11257645872129	0.119298335512916	1.87875172111597	2.3464011963266	2.11257645872129	0.0891846822193728	1.9428369377003	2.29070364951574
1.94225823955033	0.0818622006032502	1.78180832636796	2.1027081527327	1.94906408089332	0.110390584009891	1.73269853623393	2.1654296255527	1.94906408089332	0.0818622006032502	1.79281735646341	2.09939190692787
1.97890448558588	0.0766438592591616	1.82868252143792	2.12912644973384	1.97112090661333	0.107570096665502	1.76028351714895	2.18195829607772	1.97112090661333	0.0766438592591616	1.82130966670145	2.11565811890951
2.06389168894039	0.146644197854842	1.7764690611449	2.35131431673588	2.03917423828914	0.201251947337137	1.64472042150836	2.43362805506993	2.03917423828914	0.146644197854842	1.74600512420157	2.31607850532321
2.0222972047923	0.0779180035882684	1.8695779177593	2.17501649182531	2.01952006231664	0.105620932590486	1.81250303443929	2.226537090194	2.01952006231664	0.0779180035882684	1.86011601378321	2.18132123739682
2.10311967922127	0.0986233821906033	1.90981785012769	2.29642150831486	2.09254681694791	0.137959207697272	1.82214676986126	2.36294686403457	2.09254681694791	0.0986233821906033	1.8833721631525	2.2738666223269
2.01921856308928	0.0829029762929086	1.85672872955518	2.18170839662338	2.02857753727982	0.112014752493444	1.80902862239267	2.24812645216697	2.02857753727982	0.0829029762929086	1.85352015032077	2.18299479159939
2.01978035374155	0.0851531457805575	1.85288018801166	2.18668051947145	2.02420728313287	0.119399745980026	1.79018378101202	2.25823078525372	2.02420728313287	0.0851531457805575	1.84767229333482	2.18559349785571
2.04672254268689	0.0940736237833505	1.86233824007152	2.23110684530225	2.03939512471861	0.13195215941706	1.78076889226117	2.29802135717605	2.03939512471861	0.0940736237833505	1.86388513779093	2.22476399468608
1.97508827085321	0.0888128039649043	1.801015175082	2.14916136662443	1.9726410420755	0.123260036785076	1.73105136997675	2.21423071417424	1.9726410420755	0.0888128039649043	1.79766589396477	2.14469233408415
2.05098880245885	0.0884702892642631	1.87758703550089	2.2243905694168	2.03904210695162	0.118266759517687	1.80723925829695	2.27084495560628	2.03904210695162	0.0884702892642631	1.85966597305455	2.21381952936484
1.97280415765519	0.0931150923656103	1.7902985766186	2.15530973869179	1.98011168902906	0.127963535131917	1.72930316017051	2.23092021788762	1.98011168902906	0.0931150923656103	1.79325533273164	2.17095383446429
2.02018013820798	0.0903687803139591	1.84305732879262	2.19730294762334	2.02396599801647	0.121606126937787	1.78561798921841	2.26231400681454	2.02396599801647	0.0903687803139591	1.84131869545603	2.18631075451977
1.89341961233266	0.0835922869930689	1.72957872982624	2.05726049483907	1.89359403548995	0.111866518045322	1.67433566012112	2.11285241085878	1.89359403548995	0.0835922869930689	1.72157367153941	2.05947165997623
2.14228087412074	0.120791673336051	1.90552919438208	2.3790325538594	2.14449249005333	0.161101646098031	1.82873326370119	2.46025171640547	2.14449249005333	0.120791673336051	1.91562204525743	2.38527297508646
1.92639528924728	0.0909381742033134	1.74815646780878	2.10463411068577	1.93019535843517	0.127059765960434	1.68115821715272	2.17923249971762	1.93019535843517	0.0909381742033134	1.74936513160008	2.10301236838887
2.08889014273184	0.115002555602933	1.86348513375009	2.31429515171359	2.07620980131377	0.157447245153523	1.76761320081287	2.38480640181468	2.07620980131377	0.115002555602933	1.8501453857531	2.29343636445689
2.02585126500172	0.0734624320128519	1.88186489825653	2.16983763174691	2.03244688967177	0.0993145090980229	1.83779045183965	2.2271033275039	2.03244688967177	0.0734624320128519	1.89627202816678	2.17786205861567
2.02599246418767	0.096862064126873	1.83614281849899	2.21584210987634	2.02286553770259	0.135135450726288	1.75800005427907	2.28773102112612	2.02286553770259	0.096862064126873	1.82368584047197	2.21862428034785
2.07874670816297	0.0800659946987409	1.92181735855343	2.2356760577725	2.07291091470762	0.110575256363829	1.85618341223451	2.28963841718072	2.07291091470762	0.0800659946987409	1.92318589426223	2.22440851568962
1.98147443046102	0.0772755275979267	1.83001439636909	2.13293446455296	1.97794261919017	0.108185880761266	1.76589829289809	2.18998694548225	1.97794261919017	0.0772755275979267	1.82732110981843	2.13199559908858
2.07457961512048	0.0817054811986732	1.91443687197108	2.23472235826988	2.07097546905739	0.11528069849234	1.84502530001241	2.29692563810238	2.07097546905739	0.0817054811986732	1.91788143494784	2.22776484947199
1.92745254159086	0.0910161159324627	1.74906095436323	2.10584412881848	1.9375260923326	0.125004434909651	1.69251739990968	2.18253478475552	1.9375260923326	0.0910161159324627	1.75194325030393	2.1086773533254
2.06679282925358	0.122180636374588	1.82731878195938	2.30626687654777	2.0552078254521	0.158337823907642	1.74486569059312	2.36554996031108	2.0552078254521	0.122180636374588	1.83522680577233	2.29759308997882
1.87770499850842	0.0878354060616788	1.70554760262753	2.04986239438931	1.87601317052343	0.117584730983981	1.64554709779483	2.10647924325203	1.87601317052343	0.0878354060616788	1.70335828937649	2.04430386037076
2.0407025974648	0.0840545352706979	1.87595570833424	2.20544948659537	2.0353158848923	0.114829189073581	1.81025067430809	2.26038109547652	2.0353158848923	0.0840545352706979	1.87193925919571	2.18977663131441
1.95978412723579	0.0780231935628654	1.80685866785257	2.112709586619	1.96108178527581	0.1054004759136	1.75449685248515	2.16766671806646	1.96108178527581	0.0780231935628654	1.80478524289304	2.11421456362097
2.09745259088054	0.0754405464427897	1.94958911985267	2.24531606190841	2.09524066926051	0.103298781079477	1.89277505834474	2.29770628017629	2.09524066926051	0.0754405464427897	1.95095638694314	2.24050611859907
1.98405120456317	0.083715450109452	1.81996892234864	2.14813348677769	1.9858481457894	0.114266510641706	1.76188578493166	2.20981050664714	1.9858481457894	0.083715450109452	1.81908326129106	2.1404903578187
2.03112409596262	0.0970894729010209	1.84082872907662	2.22141946284862	2.02006991192307	0.134688109648822	1.75608121701138	2.28405860683476	2.02006991192307	0.0970894729010209	1.83079626634642	2.20895563712655
NA	NA	NA	NA	NA	NA	NA	NA	NA	NA	NA	NA
NA	NA	NA	NA	NA	NA	NA	NA	NA	NA	NA	NA
NA	NA	NA	NA	NA	NA	NA	NA	NA	NA	NA	NA
NA	NA	NA	NA	NA	NA	NA	NA	NA	NA	NA	NA
NA	NA	NA	NA	NA	NA	NA	NA	NA	NA	NA	NA
NA	NA	NA	NA	NA	NA	NA	NA	NA	NA	NA	NA
NA	NA	NA	NA	NA	NA	NA	NA	NA	NA	NA	NA
NA	NA	NA	NA	NA	NA	NA	NA	NA	NA	NA	NA
NA	NA	NA	NA	NA	NA	NA	NA	NA	NA	NA	NA
NA	NA	NA	NA	NA	NA	NA	NA	NA	NA	NA	NA
NA	NA	NA	NA	NA	NA	NA	NA	NA	NA	NA	NA
NA	NA	NA	NA	NA	NA	NA	NA	NA	NA	NA	NA
NA	NA	NA	NA	NA	NA	NA	NA	NA	NA	NA	NA
NA	NA	NA	NA	NA	NA	NA	NA	NA	NA	NA	NA
NA	NA	NA	NA	NA	NA	NA	NA	NA	NA	NA	NA
NA	NA	NA	NA	NA	NA	NA	NA	NA	NA	NA	NA
NA	NA	NA	NA	NA	NA	NA	NA	NA	NA	NA	NA
NA	NA	NA	NA	NA	NA	NA	NA	NA	NA	NA	NA
NA	NA	NA	NA	NA	NA	NA	NA	NA	NA	NA	NA
NA	NA	NA	NA	NA	NA	NA	NA	NA	NA	NA	NA
NA	NA	NA	NA	NA	NA	NA	NA	NA	NA	NA	NA
NA	NA	NA	NA	NA	NA	NA	NA	NA	NA	NA	NA
NA	NA	NA	NA	NA	NA	NA	NA	NA	NA	NA	NA
NA	NA	NA	NA	NA	NA	NA	NA	NA	NA	NA	NA
NA	NA	NA	NA	NA	NA	NA	NA	NA	NA	NA	NA
NA	NA	NA	NA	NA	NA	NA	NA	NA	NA	NA	NA
NA	NA	NA	NA	NA	NA	NA	NA	NA	NA	NA	NA
NA	NA	NA	NA	NA	NA	NA	NA	NA	NA	NA	NA
NA	NA	NA	NA	NA	NA	NA	NA	NA	NA	NA	NA
NA	NA	NA	NA	NA	NA	NA	NA	NA	NA	NA	NA
NA	NA	NA	NA	NA	NA	NA	NA	NA	NA	NA	NA
NA	NA	NA	NA	NA	NA	NA	NA	NA	NA	NA	NA
NA	NA	NA	NA	NA	NA	NA	NA	NA	NA	NA	NA
NA	NA	NA	NA	NA	NA	NA	NA	NA	NA	NA	NA
NA	NA	NA	NA	NA	NA	NA	NA	NA	NA	NA	NA
NA	NA	NA	NA	NA	NA	NA	NA	NA	NA	NA	NA
NA	NA	NA	NA	NA	NA	NA	NA	NA	NA	NA	NA
NA	NA	NA	NA	NA	NA	NA	NA	NA	NA	NA	NA
NA	NA	NA	NA	NA	NA	NA	NA	NA	NA	NA	NA
NA	NA	NA	NA	NA	NA	NA	NA	NA	NA	NA	NA
NA	NA	NA	NA	NA	NA	NA	NA	NA	NA	NA	NA
NA	NA	NA	NA	NA	NA	NA	NA	NA	NA	NA	NA
NA	NA	NA	NA	NA	NA	NA	NA	NA	NA	NA	NA
NA	NA	NA	NA	NA	NA	NA	NA	NA	NA	NA	NA
NA	NA	NA	NA	NA	NA	NA	NA	NA	NA	NA	NA
NA	NA	NA	NA	NA	NA	NA	NA	NA	NA	NA	NA
NA	NA	NA	NA	NA	NA	NA	NA	NA	NA	NA	NA
NA	NA	NA	NA	NA	NA	NA	NA	NA	NA	NA	NA
NA	NA	NA	NA	NA	NA	NA	NA	NA	NA	NA	NA
NA	NA	NA	NA	NA	NA	NA	NA	NA	NA	NA	NA
NA	NA	NA	NA	NA	NA	NA	NA	NA	NA	NA	NA
NA	NA	NA	NA	NA	NA	NA	NA	NA	NA	NA	NA
NA	NA	NA	NA	NA	NA	NA	NA	NA	NA	NA	NA
NA	NA	NA	NA	NA	NA	NA	NA	NA	NA	NA	NA
NA	NA	NA	NA	NA	NA	NA	NA	NA	NA	NA	NA
NA	NA	NA	NA	NA	NA	NA	NA	NA	NA	NA	NA
NA	NA	NA	NA	NA	NA	NA	NA	NA	NA	NA	NA
NA	NA	NA	NA	NA	NA	NA	NA	NA	NA	NA	NA
NA	NA	NA	NA	NA	NA	NA	NA	NA	NA	NA	NA
NA	NA	NA	NA	NA	NA	NA	NA	NA	NA	NA	NA
NA	NA	NA	NA	NA	NA	NA	NA	NA	NA	NA	NA
NA	NA	NA	NA	NA	NA	NA	NA	NA	NA	NA	NA
NA	NA	NA	NA	NA	NA	NA	NA	NA	NA	NA	NA
NA	NA	NA	NA	NA	NA	NA	NA	NA	NA	NA	NA
NA	NA	NA	NA	NA	NA	NA	NA	NA	NA	NA	NA
NA	NA	NA	NA	NA	NA	NA	NA	NA	NA	NA	NA
NA	NA	NA	NA	NA	NA	NA	NA	NA	NA	NA	NA
NA	NA	NA	NA	NA	NA	NA	NA	NA	NA	NA	NA
NA	NA	NA	NA	NA	NA	NA	NA	NA	NA	NA	NA
NA	NA	NA	NA	NA	NA	NA	NA	NA	NA	NA	NA
NA	NA	NA	NA	NA	NA	NA	NA	NA	NA	NA	NA
NA	NA	NA	NA	NA	NA	NA	NA	NA	NA	NA	NA
NA	NA	NA	NA	NA	NA	NA	NA	NA	NA	NA	NA
NA	NA	NA	NA	NA	NA	NA	NA	NA	NA	NA	NA
NA	NA	NA	NA	NA	NA	NA	NA	NA	NA	NA	NA
NA	NA	NA	NA	NA	NA	NA	NA	NA	NA	NA	NA
NA	NA	NA	NA	NA	NA	NA	NA	NA	NA	NA	NA
NA	NA	NA	NA	NA	NA	NA	NA	NA	NA	NA	NA
NA	NA	NA	NA	NA	NA	NA	NA	NA	NA	NA	NA
NA	NA	NA	NA	NA	NA	NA	NA	NA	NA	NA	NA
NA	NA	NA	NA	NA	NA	NA	NA	NA	NA	NA	NA
NA	NA	NA	NA	NA	NA	NA	NA	NA	NA	NA	NA
NA	NA	NA	NA	NA	NA	NA	NA	NA	NA	NA	NA
NA	NA	NA	NA	NA	NA	NA	NA	NA	NA	NA	NA
NA	NA	NA	NA	NA	NA	NA	NA	NA	NA	NA	NA
NA	NA	NA	NA	NA	NA	NA	NA	NA	NA	NA	NA
NA	NA	NA	NA	NA	NA	NA	NA	NA	NA	NA	NA
NA	NA	NA	NA	NA	NA	NA	NA	NA	NA	NA	NA
NA	NA	NA	NA	NA	NA	NA	NA	NA	NA	NA	NA
NA	NA	NA	NA	NA	NA	NA	NA	NA	NA	NA	NA
NA	NA	NA	NA	NA	NA	NA	NA	NA	NA	NA	NA
NA	NA	NA	NA	NA	NA	NA	NA	NA	NA	NA	NA
NA	NA	NA	NA	NA	NA	NA	NA	NA	NA	NA	NA
NA	NA	NA	NA	NA	NA	NA	NA	NA	NA	NA	NA
NA	NA	NA	NA	NA	NA	NA	NA	NA	NA	NA	NA
NA	NA	NA	NA	NA	NA	NA	NA	NA	NA	NA	NA
NA	NA	NA	NA	NA	NA	NA	NA	NA	NA	NA	NA
NA	NA	NA	NA	NA	NA	NA	NA	NA	NA	NA	NA
NA	NA	NA	NA	NA	NA	NA	NA	NA	NA	NA	NA
NA	NA	NA	NA	NA	NA	NA	NA	NA	NA	NA	NA
NA	NA	NA	NA	NA	NA	NA	NA	NA	NA	NA	NA
NA	NA	NA	NA	NA	NA	NA	NA	NA	NA	NA	NA
NA	NA	NA	NA	NA	NA	NA	NA	NA	NA	NA	NA
NA	NA	NA	NA	NA	NA	NA	NA	NA	NA	NA	NA
NA	NA	NA	NA	NA	NA	NA	NA	NA	NA	NA	NA
NA	NA	NA	NA	NA	NA	NA	NA	NA	NA	NA	NA
NA	NA	NA	NA	NA	NA	NA	NA	NA	NA	NA	NA
NA	NA	NA	NA	NA	NA	NA	NA	NA	NA	NA	NA
NA	NA	NA	NA	NA	NA	NA	NA	NA	NA	NA	NA
NA	NA	NA	NA	NA	NA	NA	NA	NA	NA	NA	NA
NA	NA	NA	NA	NA	NA	NA	NA	NA	NA	NA	NA
NA	NA	NA	NA	NA	NA	NA	NA	NA	NA	NA	NA
NA	NA	NA	NA	NA	NA	NA	NA	NA	NA	NA	NA
NA	NA	NA	NA	NA	NA	NA	NA	NA	NA	NA	NA
NA	NA	NA	NA	NA	NA	NA	NA	NA	NA	NA	NA
NA	NA	NA	NA	NA	NA	NA	NA	NA	NA	NA	NA
NA	NA	NA	NA	NA	NA	NA	NA	NA	NA	NA	NA
NA	NA	NA	NA	NA	NA	NA	NA	NA	NA	NA	NA
NA	NA	NA	NA	NA	NA	NA	NA	NA	NA	NA	NA
NA	NA	NA	NA	NA	NA	NA	NA	NA	NA	NA	NA
NA	NA	NA	NA	NA	NA	NA	NA	NA	NA	NA	NA
NA	NA	NA	NA	NA	NA	NA	NA	NA	NA	NA	NA
NA	NA	NA	NA	NA	NA	NA	NA	NA	NA	NA	NA
NA	NA	NA	NA	NA	NA	NA	NA	NA	NA	NA	NA
NA	NA	NA	NA	NA	NA	NA	NA	NA	NA	NA	NA
NA	NA	NA	NA	NA	NA	NA	NA	NA	NA	NA	NA
NA	NA	NA	NA	NA	NA	NA	NA	NA	NA	NA	NA
NA	NA	NA	NA	NA	NA	NA	NA	NA	NA	NA	NA
NA	NA	NA	NA	NA	NA	NA	NA	NA	NA	NA	NA
NA	NA	NA	NA	NA	NA	NA	NA	NA	NA	NA	NA
NA	NA	NA	NA	NA	NA	NA	NA	NA	NA	NA	NA
NA	NA	NA	NA	NA	NA	NA	NA	NA	NA	NA	NA
NA	NA	NA	NA	NA	NA	NA	NA	NA	NA	NA	NA
NA	NA	NA	NA	NA	NA	NA	NA	NA	NA	NA	NA
NA	NA	NA	NA	NA	NA	NA	NA	NA	NA	NA	NA
NA	NA	NA	NA	NA	NA	NA	NA	NA	NA	NA	NA
NA	NA	NA	NA	NA	NA	NA	NA	NA	NA	NA	NA
NA	NA	NA	NA	NA	NA	NA	NA	NA	NA	NA	NA
NA	NA	NA	NA	NA	NA	NA	NA	NA	NA	NA	NA
NA	NA	NA	NA	NA	NA	NA	NA	NA	NA	NA	NA
NA	NA	NA	NA	NA	NA	NA	NA	NA	NA	NA	NA
NA	NA	NA	NA	NA	NA	NA	NA	NA	NA	NA	NA
NA	NA	NA	NA	NA	NA	NA	NA	NA	NA	NA	NA
NA	NA	NA	NA	NA	NA	NA	NA	NA	NA	NA	NA
NA	NA	NA	NA	NA	NA	NA	NA	NA	NA	NA	NA
NA	NA	NA	NA	NA	NA	NA	NA	NA	NA	NA	NA
NA	NA	NA	NA	NA	NA	NA	NA	NA	NA	NA	NA
NA	NA	NA	NA	NA	NA	NA	NA	NA	NA	NA	NA
NA	NA	NA	NA	NA	NA	NA	NA	NA	NA	NA	NA
NA	NA	NA	NA	NA	NA	NA	NA	NA	NA	NA	NA
NA	NA	NA	NA	NA	NA	NA	NA	NA	NA	NA	NA
NA	NA	NA	NA	NA	NA	NA	NA	NA	NA	NA	NA
NA	NA	NA	NA	NA	NA	NA	NA	NA	NA	NA	NA
NA	NA	NA	NA	NA	NA	NA	NA	NA	NA	NA	NA
NA	NA	NA	NA	NA	NA	NA	NA	NA	NA	NA	NA
NA	NA	NA	NA	NA	NA	NA	NA	NA	NA	NA	NA
NA	NA	NA	NA	NA	NA	NA	NA	NA	NA	NA	NA
NA	NA	NA	NA	NA	NA	NA	NA	NA	NA	NA	NA
NA	NA	NA	NA	NA	NA	NA	NA	NA	NA	NA	NA
NA	NA	NA	NA	NA	NA	NA	NA	NA	NA	NA	NA
NA	NA	NA	NA	NA	NA	NA	NA	NA	NA	NA	NA
NA	NA	NA	NA	NA	NA	NA	NA	NA	NA	NA	NA
NA	NA	NA	NA	NA	NA	NA	NA	NA	NA	NA	NA
NA	NA	NA	NA	NA	NA	NA	NA	NA	NA	NA	NA
NA	NA	NA	NA	NA	NA	NA	NA	NA	NA	NA	NA
NA	NA	NA	NA	NA	NA	NA	NA	NA	NA	NA	NA
NA	NA	NA	NA	NA	NA	NA	NA	NA	NA	NA	NA
NA	NA	NA	NA	NA	NA	NA	NA	NA	NA	NA	NA
NA	NA	NA	NA	NA	NA	NA	NA	NA	NA	NA	NA
NA	NA	NA	NA	NA	NA	NA	NA	NA	NA	NA	NA
NA	NA	NA	NA	NA	NA	NA	NA	NA	NA	NA	NA
NA	NA	NA	NA	NA	NA	NA	NA	NA	NA	NA	NA
NA	NA	NA	NA	NA	NA	NA	NA	NA	NA	NA	NA
NA	NA	NA	NA	NA	NA	NA	NA	NA	NA	NA	NA
NA	NA	NA	NA	NA	NA	NA	NA	NA	NA	NA	NA
NA	NA	NA	NA	NA	NA	NA	NA	NA	NA	NA	NA
NA	NA	NA	NA	NA	NA	NA	NA	NA	NA	NA	NA
NA	NA	NA	NA	NA	NA	NA	NA	NA	NA	NA	NA
NA	NA	NA	NA	NA	NA	NA	NA	NA	NA	NA	NA
NA	NA	NA	NA	NA	NA	NA	NA	NA	NA	NA	NA
NA	NA	NA	NA	NA	NA	NA	NA	NA	NA	NA	NA
NA	NA	NA	NA	NA	NA	NA	NA	NA	NA	NA	NA
NA	NA	NA	NA	NA	NA	NA	NA	NA	NA	NA	NA
NA	NA	NA	NA	NA	NA	NA	NA	NA	NA	NA	NA
NA	NA	NA	NA	NA	NA	NA	NA	NA	NA	NA	NA
NA	NA	NA	NA	NA	NA	NA	NA	NA	NA	NA	NA
NA	NA	NA	NA	NA	NA	NA	NA	NA	NA	NA	NA
NA	NA	NA	NA	NA	NA	NA	NA	NA	NA	NA	NA
NA	NA	NA	NA	NA	NA	NA	NA	NA	NA	NA	NA
NA	NA	NA	NA	NA	NA	NA	NA	NA	NA	NA	NA
NA	NA	NA	NA	NA	NA	NA	NA	NA	NA	NA	NA
NA	NA	NA	NA	NA	NA	NA	NA	NA	NA	NA	NA
NA	NA	NA	NA	NA	NA	NA	NA	NA	NA	NA	NA
NA	NA	NA	NA	NA	NA	NA	NA	NA	NA	NA	NA
NA	NA	NA	NA	NA	NA	NA	NA	NA	NA	NA	NA
NA	NA	NA	NA	NA	NA	NA	NA	NA	NA	NA	NA
NA	NA	NA	NA	NA	NA	NA	NA	NA	NA	NA	NA
NA	NA	NA	NA	NA	NA	NA	NA	NA	NA	NA	NA
NA	NA	NA	NA	NA	NA	NA	NA	NA	NA	NA	NA
NA	NA	NA	NA	NA	NA	NA	NA	NA	NA	NA	NA
NA	NA	NA	NA	NA	NA	NA	NA	NA	NA	NA	NA
NA	NA	NA	NA	NA	NA	NA	NA	NA	NA	NA	NA
NA	NA	NA	NA	NA	NA	NA	NA	NA	NA	NA	NA
NA	NA	NA	NA	NA	NA	NA	NA	NA	NA	NA	NA
NA	NA	NA	NA	NA	NA	NA	NA	NA	NA	NA	NA
NA	NA	NA	NA	NA	NA	NA	NA	NA	NA	NA	NA
NA	NA	NA	NA	NA	NA	NA	NA	NA	NA	NA	NA
NA	NA	NA	NA	NA	NA	NA	NA	NA	NA	NA	NA
NA	NA	NA	NA	NA	NA	NA	NA	NA	NA	NA	NA
NA	NA	NA	NA	NA	NA	NA	NA	NA	NA	NA	NA
NA	NA	NA	NA	NA	NA	NA	NA	NA	NA	NA	NA
NA	NA	NA	NA	NA	NA	NA	NA	NA	NA	NA	NA
NA	NA	NA	NA	NA	NA	NA	NA	NA	NA	NA	NA
NA	NA	NA	NA	NA	NA	NA	NA	NA	NA	NA	NA
NA	NA	NA	NA	NA	NA	NA	NA	NA	NA	NA	NA
NA	NA	NA	NA	NA	NA	NA	NA	NA	NA	NA	NA
NA	NA	NA	NA	NA	NA	NA	NA	NA	NA	NA	NA
NA	NA	NA	NA	NA	NA	NA	NA	NA	NA	NA	NA
NA	NA	NA	NA	NA	NA	NA	NA	NA	NA	NA	NA
NA	NA	NA	NA	NA	NA	NA	NA	NA	NA	NA	NA
NA	NA	NA	NA	NA	NA	NA	NA	NA	NA	NA	NA
NA	NA	NA	NA	NA	NA	NA	NA	NA	NA	NA	NA
NA	NA	NA	NA	NA	NA	NA	NA	NA	NA	NA	NA
NA	NA	NA	NA	NA	NA	NA	NA	NA	NA	NA	NA
NA	NA	NA	NA	NA	NA	NA	NA	NA	NA	NA	NA
NA	NA	NA	NA	NA	NA	NA	NA	NA	NA	NA	NA
NA	NA	NA	NA	NA	NA	NA	NA	NA	NA	NA	NA
NA	NA	NA	NA	NA	NA	NA	NA	NA	NA	NA	NA
NA	NA	NA	NA	NA	NA	NA	NA	NA	NA	NA	NA
NA	NA	NA	NA	NA	NA	NA	NA	NA	NA	NA	NA
NA	NA	NA	NA	NA	NA	NA	NA	NA	NA	NA	NA
NA	NA	NA	NA	NA	NA	NA	NA	NA	NA	NA	NA
NA	NA	NA	NA	NA	NA	NA	NA	NA	NA	NA	NA
NA	NA	NA	NA	NA	NA	NA	NA	NA	NA	NA	NA
NA	NA	NA	NA	NA	NA	NA	NA	NA	NA	NA	NA
NA	NA	NA	NA	NA	NA	NA	NA	NA	NA	NA	NA
NA	NA	NA	NA	NA	NA	NA	NA	NA	NA	NA	NA
NA	NA	NA	NA	NA	NA	NA	NA	NA	NA	NA	NA
NA	NA	NA	NA	NA	NA	NA	NA	NA	NA	NA	NA
NA	NA	NA	NA	NA	NA	NA	NA	NA	NA	NA	NA
NA	NA	NA	NA	NA	NA	NA	NA	NA	NA	NA	NA
NA	NA	NA	NA	NA	NA	NA	NA	NA	NA	NA	NA
NA	NA	NA	NA	NA	NA	NA	NA	NA	NA	NA	NA
NA	NA	NA	NA	NA	NA	NA	NA	NA	NA	NA	NA
NA	NA	NA	NA	NA	NA	NA	NA	NA	NA	NA	NA
NA	NA	NA	NA	NA	NA	NA	NA	NA	NA	NA	NA
NA	NA	NA	NA	NA	NA	NA	NA	NA	NA	NA	NA
NA	NA	NA	NA	NA	NA	NA	NA	NA	NA	NA	NA
NA	NA	NA	NA	NA	NA	NA	NA	NA	NA	NA	NA
NA	NA	NA	NA	NA	NA	NA	NA	NA	NA	NA	NA
NA	NA	NA	NA	NA	NA	NA	NA	NA	NA	NA	NA
NA	NA	NA	NA	NA	NA	NA	NA	NA	NA	NA	NA
NA	NA	NA	NA	NA	NA	NA	NA	NA	NA	NA	NA
NA	NA	NA	NA	NA	NA	NA	NA	NA	NA	NA	NA
NA	NA	NA	NA	NA	NA	NA	NA	NA	NA	NA	NA
NA	NA	NA	NA	NA	NA	NA	NA	NA	NA	NA	NA
NA	NA	NA	NA	NA	NA	NA	NA	NA	NA	NA	NA
NA	NA	NA	NA	NA	NA	NA	NA	NA	NA	NA	NA
NA	NA	NA	NA	NA	NA	NA	NA	NA	NA	NA	NA
NA	NA	NA	NA	NA	NA	NA	NA	NA	NA	NA	NA
NA	NA	NA	NA	NA	NA	NA	NA	NA	NA	NA	NA
NA	NA	NA	NA	NA	NA	NA	NA	NA	NA	NA	NA
NA	NA	NA	NA	NA	NA	NA	NA	NA	NA	NA	NA
NA	NA	NA	NA	NA	NA	NA	NA	NA	NA	NA	NA
NA	NA	NA	NA	NA	NA	NA	NA	NA	NA	NA	NA
NA	NA	NA	NA	NA	NA	NA	NA	NA	NA	NA	NA
NA	NA	NA	NA	NA	NA	NA	NA	NA	NA	NA	NA
NA	NA	NA	NA	NA	NA	NA	NA	NA	NA	NA	NA
NA	NA	NA	NA	NA	NA	NA	NA	NA	NA	NA	NA
NA	NA	NA	NA	NA	NA	NA	NA	NA	NA	NA	NA
NA	NA	NA	NA	NA	NA	NA	NA	NA	NA	NA	NA
NA	NA	NA	NA	NA	NA	NA	NA	NA	NA	NA	NA
NA	NA	NA	NA	NA	NA	NA	NA	NA	NA	NA	NA
NA	NA	NA	NA	NA	NA	NA	NA	NA	NA	NA	NA
NA	NA	NA	NA	NA	NA	NA	NA	NA	NA	NA	NA
NA	NA	NA	NA	NA	NA	NA	NA	NA	NA	NA	NA
NA	NA	NA	NA	NA	NA	NA	NA	NA	NA	NA	NA
NA	NA	NA	NA	NA	NA	NA	NA	NA	NA	NA	NA
NA	NA	NA	NA	NA	NA	NA	NA	NA	NA	NA	NA
NA	NA	NA	NA	NA	NA	NA	NA	NA	NA	NA	NA
NA	NA	NA	NA	NA	NA	NA	NA	NA	NA	NA	NA
NA	NA	NA	NA	NA	NA	NA	NA	NA	NA	NA	NA
NA	NA	NA	NA	NA	NA	NA	NA	NA	NA	NA	NA
NA	NA	NA	NA	NA	NA	NA	NA	NA	NA	NA	NA
NA	NA	NA	NA	NA	NA	NA	NA	NA	NA	NA	NA
NA	NA	NA	NA	NA	NA	NA	NA	NA	NA	NA	NA
NA	NA	NA	NA	NA	NA	NA	NA	NA	NA	NA	NA
NA	NA	NA	NA	NA	NA	NA	NA	NA	NA	NA	NA
NA	NA	NA	NA	NA	NA	NA	NA	NA	NA	NA	NA
NA	NA	NA	NA	NA	NA	NA	NA	NA	NA	NA	NA
NA	NA	NA	NA	NA	NA	NA	NA	NA	NA	NA	NA
NA	NA	NA	NA	NA	NA	NA	NA	NA	NA	NA	NA
NA	NA	NA	NA	NA	NA	NA	NA	NA	NA	NA	NA
NA	NA	NA	NA	NA	NA	NA	NA	NA	NA	NA	NA
NA	NA	NA	NA	NA	NA	NA	NA	NA	NA	NA	NA
NA	NA	NA	NA	NA	NA	NA	NA	NA	NA	NA	NA
NA	NA	NA	NA	NA	NA	NA	NA	NA	NA	NA	NA
NA	NA	NA	NA	NA	NA	NA	NA	NA	NA	NA	NA
NA	NA	NA	NA	NA	NA	NA	NA	NA	NA	NA	NA
NA	NA	NA	NA	NA	NA	NA	NA	NA	NA	NA	NA
