X1	X2	X3	X4	X1.1	X2.1	X3.1	X4.1	X1.2	X2.2	X3.2	X4.2
NA	NA	NA	NA	NA	NA	NA	NA	NA	NA	NA	NA
NA	NA	NA	NA	NA	NA	NA	NA	NA	NA	NA	NA
NA	NA	NA	NA	NA	NA	NA	NA	NA	NA	NA	NA
NA	NA	NA	NA	NA	NA	NA	NA	NA	NA	NA	NA
NA	NA	NA	NA	NA	NA	NA	NA	NA	NA	NA	NA
NA	NA	NA	NA	NA	NA	NA	NA	NA	NA	NA	NA
NA	NA	NA	NA	NA	NA	NA	NA	NA	NA	NA	NA
NA	NA	NA	NA	NA	NA	NA	NA	NA	NA	NA	NA
NA	NA	NA	NA	NA	NA	NA	NA	NA	NA	NA	NA
NA	NA	NA	NA	NA	NA	NA	NA	NA	NA	NA	NA
NA	NA	NA	NA	NA	NA	NA	NA	NA	NA	NA	NA
NA	NA	NA	NA	NA	NA	NA	NA	NA	NA	NA	NA
NA	NA	NA	NA	NA	NA	NA	NA	NA	NA	NA	NA
NA	NA	NA	NA	NA	NA	NA	NA	NA	NA	NA	NA
NA	NA	NA	NA	NA	NA	NA	NA	NA	NA	NA	NA
NA	NA	NA	NA	NA	NA	NA	NA	NA	NA	NA	NA
NA	NA	NA	NA	NA	NA	NA	NA	NA	NA	NA	NA
NA	NA	NA	NA	NA	NA	NA	NA	NA	NA	NA	NA
NA	NA	NA	NA	NA	NA	NA	NA	NA	NA	NA	NA
NA	NA	NA	NA	NA	NA	NA	NA	NA	NA	NA	NA
NA	NA	NA	NA	NA	NA	NA	NA	NA	NA	NA	NA
NA	NA	NA	NA	NA	NA	NA	NA	NA	NA	NA	NA
NA	NA	NA	NA	NA	NA	NA	NA	NA	NA	NA	NA
NA	NA	NA	NA	NA	NA	NA	NA	NA	NA	NA	NA
NA	NA	NA	NA	NA	NA	NA	NA	NA	NA	NA	NA
NA	NA	NA	NA	NA	NA	NA	NA	NA	NA	NA	NA
NA	NA	NA	NA	NA	NA	NA	NA	NA	NA	NA	NA
NA	NA	NA	NA	NA	NA	NA	NA	NA	NA	NA	NA
NA	NA	NA	NA	NA	NA	NA	NA	NA	NA	NA	NA
NA	NA	NA	NA	NA	NA	NA	NA	NA	NA	NA	NA
NA	NA	NA	NA	NA	NA	NA	NA	NA	NA	NA	NA
NA	NA	NA	NA	NA	NA	NA	NA	NA	NA	NA	NA
NA	NA	NA	NA	NA	NA	NA	NA	NA	NA	NA	NA
NA	NA	NA	NA	NA	NA	NA	NA	NA	NA	NA	NA
NA	NA	NA	NA	NA	NA	NA	NA	NA	NA	NA	NA
NA	NA	NA	NA	NA	NA	NA	NA	NA	NA	NA	NA
NA	NA	NA	NA	NA	NA	NA	NA	NA	NA	NA	NA
NA	NA	NA	NA	NA	NA	NA	NA	NA	NA	NA	NA
NA	NA	NA	NA	NA	NA	NA	NA	NA	NA	NA	NA
NA	NA	NA	NA	NA	NA	NA	NA	NA	NA	NA	NA
NA	NA	NA	NA	NA	NA	NA	NA	NA	NA	NA	NA
NA	NA	NA	NA	NA	NA	NA	NA	NA	NA	NA	NA
NA	NA	NA	NA	NA	NA	NA	NA	NA	NA	NA	NA
NA	NA	NA	NA	NA	NA	NA	NA	NA	NA	NA	NA
NA	NA	NA	NA	NA	NA	NA	NA	NA	NA	NA	NA
NA	NA	NA	NA	NA	NA	NA	NA	NA	NA	NA	NA
NA	NA	NA	NA	NA	NA	NA	NA	NA	NA	NA	NA
NA	NA	NA	NA	NA	NA	NA	NA	NA	NA	NA	NA
NA	NA	NA	NA	NA	NA	NA	NA	NA	NA	NA	NA
NA	NA	NA	NA	NA	NA	NA	NA	NA	NA	NA	NA
NA	NA	NA	NA	NA	NA	NA	NA	NA	NA	NA	NA
NA	NA	NA	NA	NA	NA	NA	NA	NA	NA	NA	NA
NA	NA	NA	NA	NA	NA	NA	NA	NA	NA	NA	NA
NA	NA	NA	NA	NA	NA	NA	NA	NA	NA	NA	NA
NA	NA	NA	NA	NA	NA	NA	NA	NA	NA	NA	NA
NA	NA	NA	NA	NA	NA	NA	NA	NA	NA	NA	NA
NA	NA	NA	NA	NA	NA	NA	NA	NA	NA	NA	NA
NA	NA	NA	NA	NA	NA	NA	NA	NA	NA	NA	NA
NA	NA	NA	NA	NA	NA	NA	NA	NA	NA	NA	NA
NA	NA	NA	NA	NA	NA	NA	NA	NA	NA	NA	NA
NA	NA	NA	NA	NA	NA	NA	NA	NA	NA	NA	NA
NA	NA	NA	NA	NA	NA	NA	NA	NA	NA	NA	NA
NA	NA	NA	NA	NA	NA	NA	NA	NA	NA	NA	NA
NA	NA	NA	NA	NA	NA	NA	NA	NA	NA	NA	NA
NA	NA	NA	NA	NA	NA	NA	NA	NA	NA	NA	NA
NA	NA	NA	NA	NA	NA	NA	NA	NA	NA	NA	NA
NA	NA	NA	NA	NA	NA	NA	NA	NA	NA	NA	NA
NA	NA	NA	NA	NA	NA	NA	NA	NA	NA	NA	NA
NA	NA	NA	NA	NA	NA	NA	NA	NA	NA	NA	NA
NA	NA	NA	NA	NA	NA	NA	NA	NA	NA	NA	NA
NA	NA	NA	NA	NA	NA	NA	NA	NA	NA	NA	NA
NA	NA	NA	NA	NA	NA	NA	NA	NA	NA	NA	NA
NA	NA	NA	NA	NA	NA	NA	NA	NA	NA	NA	NA
NA	NA	NA	NA	NA	NA	NA	NA	NA	NA	NA	NA
NA	NA	NA	NA	NA	NA	NA	NA	NA	NA	NA	NA
NA	NA	NA	NA	NA	NA	NA	NA	NA	NA	NA	NA
NA	NA	NA	NA	NA	NA	NA	NA	NA	NA	NA	NA
NA	NA	NA	NA	NA	NA	NA	NA	NA	NA	NA	NA
NA	NA	NA	NA	NA	NA	NA	NA	NA	NA	NA	NA
NA	NA	NA	NA	NA	NA	NA	NA	NA	NA	NA	NA
NA	NA	NA	NA	NA	NA	NA	NA	NA	NA	NA	NA
NA	NA	NA	NA	NA	NA	NA	NA	NA	NA	NA	NA
NA	NA	NA	NA	NA	NA	NA	NA	NA	NA	NA	NA
NA	NA	NA	NA	NA	NA	NA	NA	NA	NA	NA	NA
NA	NA	NA	NA	NA	NA	NA	NA	NA	NA	NA	NA
NA	NA	NA	NA	NA	NA	NA	NA	NA	NA	NA	NA
NA	NA	NA	NA	NA	NA	NA	NA	NA	NA	NA	NA
NA	NA	NA	NA	NA	NA	NA	NA	NA	NA	NA	NA
NA	NA	NA	NA	NA	NA	NA	NA	NA	NA	NA	NA
NA	NA	NA	NA	NA	NA	NA	NA	NA	NA	NA	NA
NA	NA	NA	NA	NA	NA	NA	NA	NA	NA	NA	NA
NA	NA	NA	NA	NA	NA	NA	NA	NA	NA	NA	NA
NA	NA	NA	NA	NA	NA	NA	NA	NA	NA	NA	NA
NA	NA	NA	NA	NA	NA	NA	NA	NA	NA	NA	NA
NA	NA	NA	NA	NA	NA	NA	NA	NA	NA	NA	NA
NA	NA	NA	NA	NA	NA	NA	NA	NA	NA	NA	NA
NA	NA	NA	NA	NA	NA	NA	NA	NA	NA	NA	NA
NA	NA	NA	NA	NA	NA	NA	NA	NA	NA	NA	NA
NA	NA	NA	NA	NA	NA	NA	NA	NA	NA	NA	NA
NA	NA	NA	NA	NA	NA	NA	NA	NA	NA	NA	NA
1.94208434344836	0.26950254049804	1.4138593640722	2.47030932282452	2.02595179390305	0.357168078482024	1.32590236007828	2.72600122772782	2.02595179390305	0.26950254049804	1.45210718801861	2.45086758778554
1.98775628267407	0.107022060318131	1.77799304445053	2.1975195208976	1.98394289444292	0.147884431024722	1.69408940963446	2.27379637925137	1.98394289444292	0.107022060318131	1.77128167962947	2.18848857110095
2.04951460107904	0.109989856134213	1.83393448305598	2.2650947191021	2.06535559261286	0.152362609155383	1.76672487866831	2.36398630655741	2.06535559261286	0.109989856134213	1.84641856992628	2.27168423078375
2.02872851013528	0.08766394140793	1.85690718497574	2.20054983529482	2.01281024691104	0.119274341410828	1.77903253774582	2.24658795607627	2.01281024691104	0.08766394140793	1.8385916894157	2.18996737764846
1.90406650171838	0.108237523895157	1.69192095488387	2.11621204855289	1.89491334508969	0.146670786704936	1.60743860314801	2.18238808703136	1.89491334508969	0.108237523895157	1.67460195237173	2.1085417426218
1.94957211011561	0.114840319223814	1.72448508443694	2.17465913579429	1.94033552661625	0.150695791705388	1.64497177487369	2.23569927835881	1.94033552661625	0.114840319223814	1.72449022836768	2.15731687084915
1.901802480225	0.123659268582939	1.65943031380244	2.14417464664756	1.92298846452495	0.174889842725578	1.58020437278282	2.26577255626708	1.92298846452495	0.123659268582939	1.69655437543228	2.17503960239721
1.91118615910409	0.100884652181315	1.71345224082871	2.10892007737946	1.92172633539648	0.137801530290779	1.65163533602656	2.19181733476641	1.92172633539648	0.100884652181315	1.72574892938611	2.11981582243312
1.90016163085296	0.126361897215096	1.65249231231137	2.14783094939455	1.90945937220045	0.166917462927636	1.58230114486228	2.23661759953861	1.90945937220045	0.126361897215096	1.66222727907041	2.15710146563875
1.97324640653142	0.0995103005108478	1.77820621753016	2.16828659553268	1.97023978762827	0.13618416267378	1.70331882878766	2.23716074646888	1.97023978762827	0.0995103005108478	1.75883238630036	2.16193599547597
2.21421906762622	0.145849399867764	1.9283542438854	2.50008389136704	2.20369775391723	0.203124070308847	1.80557457611189	2.60182093172257	2.20369775391723	0.145849399867764	1.93017264974465	2.49420019023188
2.15980890064009	0.0896674366483072	1.98406072480941	2.33555707647077	2.14412832794505	0.122200308345365	1.90461572358814	2.38364093230197	2.14412832794505	0.0896674366483072	1.97022191746517	2.32406782083246
2.19854755635847	0.184697295953756	1.83654085628911	2.56055425642783	2.16076118144352	0.249094561965803	1.67253583999054	2.64898652289649	2.16076118144352	0.184697295953756	1.82212370118569	2.52510617021994
1.86623337768329	0.0777716853264976	1.71380087444336	2.01866588092323	1.86196284555087	0.10902072698084	1.64828222066843	2.07564347043332	1.86196284555087	0.0777716853264976	1.71490803192749	2.01584844314963
2.06265348583676	0.161661565554433	1.74579681735007	2.37951015432345	2.03647516981636	0.215260590401958	1.61456441262852	2.4583859270042	2.03647516981636	0.161661565554433	1.72232431107032	2.37077624490509
2.13886788302292	0.130021551438253	1.88402564220394	2.39371012384189	2.12926152070125	0.1778645347527	1.78064703258595	2.47787600881654	2.12926152070125	0.130021551438253	1.87930983872335	2.39012505998495
2.02273833474785	0.0845000774008082	1.85711818304227	2.18835848645344	2.02030761250474	0.119044311740453	1.78698076149345	2.25363446351603	2.02030761250474	0.0845000774008082	1.85223988606275	2.1849035562952
1.72533862580103	0.106922434152991	1.51577065486117	1.9349065967409	1.7398509890453	0.14337931747042	1.45882752680328	2.02087445128732	1.7398509890453	0.106922434152991	1.52704736937132	1.93987993947963
2.08819827379531	0.0959381403569758	1.90015951869563	2.27623702889498	2.07247186867204	0.131285688642049	1.81515191893362	2.32979181841045	2.07247186867204	0.0959381403569758	1.86938140282942	2.26067882334922
2.03718237968089	0.108512587051104	1.82449770906072	2.24986705030105	2.05768297322359	0.145513849521456	1.77247582816154	2.34289011828565	2.05768297322359	0.108512587051104	1.83389846882115	2.27142766301882
2.03626207070484	0.102212564372027	1.83592544453567	2.23659869687401	2.03422027533306	0.141058993136407	1.7577446487857	2.31069590188042	2.03422027533306	0.102212564372027	1.83078757538875	2.24139808946438
2.02585376641685	0.13057250997318	1.76993164686942	2.28177588596429	2.00809945508462	0.183548984027904	1.64834344638993	2.36785546377931	2.00809945508462	0.13057250997318	1.74179786696756	2.27069418790452
2.0055547488583	0.128047752869412	1.75458115323425	2.25652834448235	2.01750938758217	0.174519906638574	1.67545037057056	2.35956840459377	2.01750938758217	0.128047752869412	1.76969388433777	2.26847777991116
2.18624816873878	0.12952505014222	1.93237907046003	2.44011726701753	2.20308594792524	0.17220167906852	1.86557065695094	2.54060123889953	2.20308594792524	0.12952505014222	1.97867637181855	2.4617520557888
2.07968374298437	0.0907118023850412	1.90188861030969	2.25747887565905	2.08625250312428	0.126115586315187	1.83906595394651	2.33343905230205	2.08625250312428	0.0907118023850412	1.91798975674739	2.26284551253374
2.11090370988065	0.1154742321011	1.88457421496249	2.3372332047988	2.09640998884158	0.152152159391763	1.79819175643372	2.39462822124943	2.09640998884158	0.1154742321011	1.87286682364136	2.31532130778984
2.13445827497886	0.151335165043402	1.83784135149379	2.43107519846393	2.15084728687945	0.199202723570011	1.76040994868223	2.54128462507668	2.15084728687945	0.151335165043402	1.89532330890437	2.48495743483081
2.0865178170946	0.101490430214862	1.88759657387347	2.28543906031573	2.09451487015736	0.137707769407524	1.82460764211861	2.36442209819611	2.09451487015736	0.101490430214862	1.89607439641686	2.29411930266338
1.96975046550262	0.162405774984184	1.65143514653362	2.28806578447162	2.01485361244453	0.218768034559201	1.5860682647085	2.44363896018056	2.01485361244453	0.162405774984184	1.6999640035612	2.33237183550569
2.07571909166148	0.114856218885661	1.85060090264559	2.30083728067738	2.07170013568378	0.154946070757883	1.76800583699833	2.37539443436923	2.07170013568378	0.114856218885661	1.84082510147144	2.29855107158185
2.07578783690541	0.111121840303139	1.85798902991126	2.29358664389956	2.07823669147736	0.150718082940884	1.78282924891323	2.37364413404149	2.07823669147736	0.111121840303139	1.85726402531185	2.29165354430016
1.88191404108037	0.0898765185624446	1.70575606469798	2.05807201746276	1.89103449085762	0.125040451489621	1.64595520593796	2.13611377577728	1.89103449085762	0.0898765185624446	1.71645417065343	2.06740592761161
2.02790051090247	0.107243307815445	1.8177036275842	2.23809739422074	2.02611612358217	0.146553715727453	1.73887084075636	2.31336140640798	2.02611612358217	0.107243307815445	1.82381812009802	2.24486815404901
1.81405353565132	0.164021862717033	1.49257068472594	2.13553638657671	1.87460004942484	0.215033231075258	1.45313491651733	2.29606518233234	1.87460004942484	0.164021862717033	1.55274851804927	2.17211163348158
1.97022115393124	0.120218004198751	1.73459386570168	2.20584844216079	1.95293516255671	0.164676055074176	1.63017009461132	2.27570023050209	1.95293516255671	0.120218004198751	1.69345432066071	2.17767109755541
2.02242841603183	0.103523584766739	1.81952218988902	2.22533464217463	2.03000288325676	0.136312388594574	1.76283060161139	2.29717516490212	2.03000288325676	0.103523584766739	1.81972817990825	2.22798412202636
1.89930904724531	0.106334063174407	1.69089428342347	2.10772381106715	1.87313985720294	0.144224005612452	1.59046080620254	2.15581890820335	1.87313985720294	0.106334063174407	1.6705271123331	2.07900025895858
2.02898094332449	0.103346221817284	1.82642234856262	2.23153953808637	2.02647946391221	0.139319315218754	1.75341360608345	2.29954532174097	2.02647946391221	0.103346221817284	1.82752727943193	2.24203198973064
1.97275568019902	0.106003119403961	1.76498956616726	2.18052179423079	1.97762774344053	0.141192913510632	1.70088963295969	2.25436585392136	1.97762774344053	0.106003119403961	1.77065584541826	2.19401191341292
1.85383252818072	0.0931897179953853	1.67118068090976	2.03648437545167	1.85991762039194	0.127662818509191	1.60969849611392	2.11013674466995	1.85991762039194	0.0931897179953853	1.69247460943207	2.03956561312898
1.85453582522712	0.205485497847721	1.45178424944559	2.25728740100865	1.91245239394826	0.27152058200335	1.38027205322169	2.44463273467482	1.91245239394826	0.205485497847721	1.4730488699384	2.2897317514733
2.07235194964026	0.120521663169052	1.83612948982892	2.3085744094516	2.0429060509869	0.163537209242382	1.72237312087183	2.36343898110196	2.0429060509869	0.120521663169052	1.81318125138124	2.28465180120214
2.11599650608116	0.101781496101819	1.91650477372159	2.31548823844072	2.13340812119251	0.136214147106272	1.86642839286421	2.4003878495208	2.13340812119251	0.101781496101819	1.93356110151471	2.32347750254121
2.06231960986353	0.112728137352965	1.84137246065172	2.28326675907534	2.0238096634278	0.15348954287562	1.72297015939159	2.32464916746402	2.0238096634278	0.112728137352965	1.80472144365695	2.24998553581082
2.01896941416899	0.111754527458168	1.79993054035098	2.238008287987	2.03745555433308	0.15161946871304	1.74028139565552	2.33462971301064	2.03745555433308	0.111754527458168	1.82427044610673	2.26666273321328
2.31350469013688	0.121018902608711	2.07630764102381	2.55070173924995	2.28253393318786	0.164861198905632	1.95940598333282	2.6056618830429	2.28253393318786	0.121018902608711	2.03775065132349	2.52753930775222
1.89589418688015	0.117334399595119	1.66591876367372	2.12586961008658	1.90105167280534	0.157217286448617	1.59290579136605	2.20919755424463	1.90105167280534	0.117334399595119	1.65921022897262	2.1212099543259
2.15488070721498	0.0970131547642072	1.96473492387713	2.34502649055283	2.14330807250666	0.132578520987718	1.88345417137074	2.40316197364259	2.14330807250666	0.0970131547642072	1.95385568389244	2.32842997027571
2.02955144736426	0.118029854920089	1.79821293172089	2.26088996300764	2.03609505406504	0.153345076140801	1.73553870482907	2.33665140330101	2.03609505406504	0.118029854920089	1.81273289625463	2.27348792633108
2.10016029559041	0.0761223164443012	1.95096055535958	2.24936003582124	2.10070032207881	0.106721699974882	1.89152579012804	2.30987485402958	2.10070032207881	0.0761223164443012	1.95358742002864	2.24768703812222
2.06088161812956	0.139365161573122	1.78772590144624	2.33403733481288	2.07421657475008	0.182544263702839	1.71642981789252	2.43200333160765	2.07421657475008	0.139365161573122	1.81966052081836	2.34986913285129
1.88007601229669	0.0864185940874923	1.71069556788521	2.04945645670818	1.8790423793391	0.114917167815479	1.65380473042076	2.10428002825744	1.8790423793391	0.0864185940874923	1.71080912545435	2.05512218691513
1.87360789444722	0.115120627196329	1.64797146514242	2.09924432375203	1.8866954904221	0.160573900468608	1.57197064550363	2.20142033534058	1.8866954904221	0.115120627196329	1.67389392319885	2.10523778662408
1.92542377276892	0.0919297861572805	1.74524139190065	2.10560615363719	1.92860404641129	0.128391566169916	1.67695657671826	2.18025151610433	1.92860404641129	0.0919297861572805	1.74272111593561	2.10622649248338
2.23437224453909	0.133145280313497	1.97340749512463	2.49533699395354	2.2022680602853	0.181435166281776	1.84665513437302	2.55788098619758	2.2022680602853	0.133145280313497	1.9712897135685	2.49544747350013
1.95958246161046	0.117946162028477	1.72840798403464	2.19075693918627	1.96679977900551	0.156854343262941	1.65936526621014	2.27423429180087	1.96679977900551	0.117946162028477	1.74427950779191	2.20096037400933
1.93605052907116	0.126475496220933	1.68815855647813	2.18394250166419	1.92148632633558	0.178197042728759	1.57222012258721	2.27075253008394	1.92148632633558	0.126475496220933	1.665129660233	2.16525345425955
2.03091483721821	0.095951960187738	1.84284899525025	2.21898067918618	2.00619257191992	0.132959540372428	1.74559187278996	2.26679327104988	2.00619257191992	0.095951960187738	1.81669315868999	2.19538712309374
1.95864650793056	0.115648089404136	1.73197625269845	2.18531676316266	1.97068952669234	0.157472813891381	1.66204281146523	2.27933624191944	1.97068952669234	0.115648089404136	1.76629378507216	2.21155904750482
2.16190988857135	0.0807497180279412	2.00364044123659	2.32017933590612	2.14921067104246	0.105765268849206	1.94191074409802	2.35651059798691	2.14921067104246	0.0807497180279412	1.99192337112689	2.29762190735204
2.03753913489576	0.112543426349701	1.81695401925034	2.25812425054117	2.03632164611569	0.155253141771349	1.73202548824384	2.34061780398753	2.03632164611569	0.112543426349701	1.8233831019799	2.25888082698434
2.09406853075455	0.0962579864740818	1.90540287726535	2.28273418424375	2.10887937650468	0.12754315110989	1.8588948003293	2.35886395268007	2.10887937650468	0.0962579864740818	1.92048578153186	2.29114738690753
1.9389627360511	0.0983502559673853	1.74619623435503	2.13172923774718	1.94746986775081	0.132472862359096	1.68782305752698	2.20711667797463	1.94746986775081	0.0983502559673853	1.75595737349004	2.13456212170089
1.90172394590469	0.0894403734079489	1.72642081402511	2.07702707778427	1.90190931271091	0.123126149572111	1.66058205954957	2.14323656587225	1.90190931271091	0.0894403734079489	1.73303681571286	2.0885603692875
2.13539892342616	0.0940811701614326	1.95099982990975	2.31979801694257	2.14867455804218	0.126987595343243	1.89977887116943	2.39757024491494	2.14867455804218	0.0940811701614326	1.96845927310026	2.32952457354182
2.041578995364	0.111371088839376	1.82329166123882	2.25986632948917	2.06204656796755	0.153209195606087	1.76175654457962	2.36233659135548	2.06204656796755	0.111371088839376	1.83957481883045	2.27906942636543
2.09572617332861	0.105314843703356	1.88930907967004	2.30214326698719	2.0886630956748	0.14757677426694	1.7994126181116	2.377913573238	2.0886630956748	0.105314843703356	1.89430528341434	2.29709509539559
2.11676997340593	0.100708199300251	1.91938190277743	2.31415804403442	2.11477313972442	0.142362051196734	1.83574351937882	2.39380276007001	2.11477313972442	0.100708199300251	1.92874064788351	2.3217385627285
1.91649985379229	0.0983268204430448	1.72377928572393	2.10922042186066	1.92842204041664	0.129702161695889	1.6742058034927	2.18263827734058	1.92842204041664	0.0983268204430448	1.73973224937728	2.1189055824518
1.92794723894976	0.118142765047838	1.696387419456	2.15950705844353	1.94975651248514	0.154648032159134	1.64664636945323	2.25286665551704	1.94975651248514	0.118142765047838	1.72413379593723	2.16710252916403
2.19062950410988	0.13616515767004	1.92374579507661	2.45751321314316	2.1506430883843	0.183033985512286	1.79189647678022	2.50938969998838	2.1506430883843	0.13616515767004	1.90266193496403	2.43980190965811
2.04597358617644	0.0962657838525724	1.8572926498254	2.23465452252748	2.05395903238511	0.132437618509129	1.79438130010722	2.313536764663	2.05395903238511	0.0962657838525724	1.86165530924931	2.24443514666114
2.13169905423494	0.0955701276639038	1.94438160401369	2.31901650445619	2.1128629587561	0.130861971568763	1.85637349448133	2.36935242303088	2.1128629587561	0.0955701276639038	1.92153293521706	2.2915121168117
2.31459558772674	0.178551712170059	1.96463423187342	2.66455694358005	2.30421116077646	0.235298725608303	1.84302565858419	2.76539666296874	2.30421116077646	0.178551712170059	1.99239874325337	2.64885313628539
2.11030971793777	0.0979907353517096	1.91824787664842	2.30237155922713	2.1065537431924	0.134039128151842	1.84383705201478	2.36927043437001	2.1065537431924	0.0979907353517096	1.90732113856985	2.28781558336312
2.00770123329552	0.125798352263097	1.76113646285985	2.25426600373119	1.99161853896902	0.165811868813496	1.66662727609457	2.31660980184347	1.99161853896902	0.125798352263097	1.74262067427899	2.22582728803012
1.98012254830126	0.152902506098537	1.68043363634812	2.27981146025439	2.00262365722473	0.20481973386657	1.60117697884625	2.40407033560321	2.00262365722473	0.152902506098537	1.68717664444555	2.26904516684569
2.03092336820269	0.0929830018863212	1.8486766845055	2.21317005189988	2.02808938804999	0.12734093709988	1.77850115133423	2.27767762476576	2.02808938804999	0.0929830018863212	1.84609359128078	2.21240036317805
2.06154895886221	0.0978888026525317	1.86968690566325	2.25341101206117	2.0706444710121	0.132881919718149	1.81019590836452	2.33109303365967	2.0706444710121	0.0978888026525317	1.88306662391413	2.26463964174375
2.12136612510769	0.109049304648262	1.9076294879971	2.33510276221829	2.13274463981504	0.149656919962796	1.83941707668796	2.42607220294212	2.13274463981504	0.109049304648262	1.91515093574297	2.34430823472795
1.99172286011455	0.107755382553207	1.78052231031027	2.20292340991884	2.00944143953783	0.141414560465168	1.7322689010261	2.28661397804956	2.00944143953783	0.107755382553207	1.79535146621465	2.21444738904461
1.8255255838468	0.121303476959046	1.58777076900707	2.06328039868653	1.82376826177018	0.170208973757373	1.49015867320572	2.15737785033463	1.82376826177018	0.121303476959046	1.58848981999807	2.04512679092777
1.94002118393809	0.104754974247757	1.73470143441248	2.14534093346369	1.93569351925918	0.139122557588827	1.66301330638508	2.20837373213328	1.93569351925918	0.104754974247757	1.73192389613179	2.13270068430267
1.90454600193026	0.116501234356106	1.67620358259229	2.13288842126823	1.91994239822705	0.154185510292937	1.61773879805289	2.22214599840121	1.91994239822705	0.116501234356106	1.68162130857681	2.13990253077888
1.97324848903515	0.144393092456301	1.6902380278208	2.2562589502495	1.98637441860821	0.192032246527968	1.60999121541339	2.36275762180303	1.98637441860821	0.144393092456301	1.69160610825434	2.25317252103025
2.0334543078958	0.110295268297295	1.81727558203311	2.2496330337585	2.04881535725194	0.155880326893776	1.74328991654014	2.35434079796374	2.04881535725194	0.110295268297295	1.83140620660469	2.26120413995421
2.07479292821881	0.0910588891881947	1.89631750540994	2.25326835102767	2.07063599983121	0.121482772710228	1.83252976531916	2.30874223434326	2.07063599983121	0.0910588891881947	1.89485606760817	2.26561539875339
2.0720179409272	0.0815900049390701	1.91210153124663	2.23193435060778	2.05680057156721	0.114298121465254	1.83277625349531	2.28082488963911	2.05680057156721	0.0815900049390701	1.89445886716368	2.22365012501719
2.18668818242111	0.101084552671931	1.98856245918412	2.38481390565809	2.17524045544547	0.139530713224092	1.90176025752624	2.44872065336469	2.17524045544547	0.101084552671931	1.9845301988461	2.3781224890755
2.08076584833826	0.0916579364413184	1.90111629291327	2.26041540376324	2.08977960450553	0.122656575001246	1.84937271750309	2.33018649150798	2.08977960450553	0.0916579364413184	1.91178591983083	2.26996780485603
2.12311610471018	0.108582368908904	1.91029466164873	2.33593754777163	2.11768646710612	0.14437894062432	1.83470374348245	2.40066919072979	2.11768646710612	0.108582368908904	1.90976190677427	2.32918468405379
1.9849699010498	0.108103395649153	1.77308724557746	2.19685255652214	2.00356890232828	0.145692612898986	1.71801138104627	2.2891264236103	2.00356890232828	0.108103395649153	1.79363848910942	2.21506091216338
1.84040786112773	0.1347217227137	1.57635328460888	2.10446243764658	1.83128086852726	0.174377305036918	1.4895013506549	2.17306038639961	1.83128086852726	0.1347217227137	1.54689308475169	2.07285689261839
2.19677529389339	0.124569698172947	1.95261868547441	2.44093190231236	2.17310466016337	0.161096402037323	1.85735571217022	2.48885360815652	2.17310466016337	0.124569698172947	1.94113435058968	2.43500556845726
1.94413274060338	0.0969622591298494	1.75408671270888	2.13417876849789	1.94505533708684	0.130451568625206	1.68937026258144	2.20074041159224	1.94505533708684	0.0969622591298494	1.75278446046834	2.12971241220235
2.12804835124794	0.109207396914031	1.91400185329644	2.34209484919944	2.14744352983765	0.146343923864732	1.86060943906278	2.43427762061252	2.14744352983765	0.109207396914031	1.93313679144385	2.37360148417924
1.94575457581917	0.0847594575582239	1.77962603900505	2.11188311263329	1.93889129042471	0.116748070555442	1.71006507213604	2.16771750871338	1.93889129042471	0.0847594575582239	1.77313185729279	2.11748766314328
2.08586455448457	0.0991284763179144	1.89157274090145	2.28015636806768	2.07918343649556	0.134959549362797	1.81466271974447	2.34370415324664	2.07918343649556	0.0991284763179144	1.89400453636172	2.25775240434638
2.00106319664138	0.0986619757249564	1.80768572422047	2.1944406690623	2.0176140346442	0.135480349302263	1.75207255001176	2.28315551927663	2.0176140346442	0.0986619757249564	1.83130677097473	2.21078588016942
1.94828631256965	0.0899086143511525	1.77206542844139	2.12450719669791	1.9702866689956	0.123554566561915	1.72811971853424	2.21245361945695	1.9702866689956	0.0899086143511525	1.78698068457595	2.1475125288853
NA	NA	NA	NA	NA	NA	NA	NA	NA	NA	NA	NA
NA	NA	NA	NA	NA	NA	NA	NA	NA	NA	NA	NA
NA	NA	NA	NA	NA	NA	NA	NA	NA	NA	NA	NA
NA	NA	NA	NA	NA	NA	NA	NA	NA	NA	NA	NA
NA	NA	NA	NA	NA	NA	NA	NA	NA	NA	NA	NA
NA	NA	NA	NA	NA	NA	NA	NA	NA	NA	NA	NA
NA	NA	NA	NA	NA	NA	NA	NA	NA	NA	NA	NA
NA	NA	NA	NA	NA	NA	NA	NA	NA	NA	NA	NA
NA	NA	NA	NA	NA	NA	NA	NA	NA	NA	NA	NA
NA	NA	NA	NA	NA	NA	NA	NA	NA	NA	NA	NA
NA	NA	NA	NA	NA	NA	NA	NA	NA	NA	NA	NA
NA	NA	NA	NA	NA	NA	NA	NA	NA	NA	NA	NA
NA	NA	NA	NA	NA	NA	NA	NA	NA	NA	NA	NA
NA	NA	NA	NA	NA	NA	NA	NA	NA	NA	NA	NA
NA	NA	NA	NA	NA	NA	NA	NA	NA	NA	NA	NA
NA	NA	NA	NA	NA	NA	NA	NA	NA	NA	NA	NA
NA	NA	NA	NA	NA	NA	NA	NA	NA	NA	NA	NA
NA	NA	NA	NA	NA	NA	NA	NA	NA	NA	NA	NA
NA	NA	NA	NA	NA	NA	NA	NA	NA	NA	NA	NA
NA	NA	NA	NA	NA	NA	NA	NA	NA	NA	NA	NA
NA	NA	NA	NA	NA	NA	NA	NA	NA	NA	NA	NA
NA	NA	NA	NA	NA	NA	NA	NA	NA	NA	NA	NA
NA	NA	NA	NA	NA	NA	NA	NA	NA	NA	NA	NA
NA	NA	NA	NA	NA	NA	NA	NA	NA	NA	NA	NA
NA	NA	NA	NA	NA	NA	NA	NA	NA	NA	NA	NA
NA	NA	NA	NA	NA	NA	NA	NA	NA	NA	NA	NA
NA	NA	NA	NA	NA	NA	NA	NA	NA	NA	NA	NA
NA	NA	NA	NA	NA	NA	NA	NA	NA	NA	NA	NA
NA	NA	NA	NA	NA	NA	NA	NA	NA	NA	NA	NA
NA	NA	NA	NA	NA	NA	NA	NA	NA	NA	NA	NA
NA	NA	NA	NA	NA	NA	NA	NA	NA	NA	NA	NA
NA	NA	NA	NA	NA	NA	NA	NA	NA	NA	NA	NA
NA	NA	NA	NA	NA	NA	NA	NA	NA	NA	NA	NA
NA	NA	NA	NA	NA	NA	NA	NA	NA	NA	NA	NA
NA	NA	NA	NA	NA	NA	NA	NA	NA	NA	NA	NA
NA	NA	NA	NA	NA	NA	NA	NA	NA	NA	NA	NA
NA	NA	NA	NA	NA	NA	NA	NA	NA	NA	NA	NA
NA	NA	NA	NA	NA	NA	NA	NA	NA	NA	NA	NA
NA	NA	NA	NA	NA	NA	NA	NA	NA	NA	NA	NA
NA	NA	NA	NA	NA	NA	NA	NA	NA	NA	NA	NA
NA	NA	NA	NA	NA	NA	NA	NA	NA	NA	NA	NA
NA	NA	NA	NA	NA	NA	NA	NA	NA	NA	NA	NA
NA	NA	NA	NA	NA	NA	NA	NA	NA	NA	NA	NA
NA	NA	NA	NA	NA	NA	NA	NA	NA	NA	NA	NA
NA	NA	NA	NA	NA	NA	NA	NA	NA	NA	NA	NA
NA	NA	NA	NA	NA	NA	NA	NA	NA	NA	NA	NA
NA	NA	NA	NA	NA	NA	NA	NA	NA	NA	NA	NA
NA	NA	NA	NA	NA	NA	NA	NA	NA	NA	NA	NA
NA	NA	NA	NA	NA	NA	NA	NA	NA	NA	NA	NA
NA	NA	NA	NA	NA	NA	NA	NA	NA	NA	NA	NA
NA	NA	NA	NA	NA	NA	NA	NA	NA	NA	NA	NA
NA	NA	NA	NA	NA	NA	NA	NA	NA	NA	NA	NA
NA	NA	NA	NA	NA	NA	NA	NA	NA	NA	NA	NA
NA	NA	NA	NA	NA	NA	NA	NA	NA	NA	NA	NA
NA	NA	NA	NA	NA	NA	NA	NA	NA	NA	NA	NA
NA	NA	NA	NA	NA	NA	NA	NA	NA	NA	NA	NA
NA	NA	NA	NA	NA	NA	NA	NA	NA	NA	NA	NA
NA	NA	NA	NA	NA	NA	NA	NA	NA	NA	NA	NA
NA	NA	NA	NA	NA	NA	NA	NA	NA	NA	NA	NA
NA	NA	NA	NA	NA	NA	NA	NA	NA	NA	NA	NA
NA	NA	NA	NA	NA	NA	NA	NA	NA	NA	NA	NA
NA	NA	NA	NA	NA	NA	NA	NA	NA	NA	NA	NA
NA	NA	NA	NA	NA	NA	NA	NA	NA	NA	NA	NA
NA	NA	NA	NA	NA	NA	NA	NA	NA	NA	NA	NA
NA	NA	NA	NA	NA	NA	NA	NA	NA	NA	NA	NA
NA	NA	NA	NA	NA	NA	NA	NA	NA	NA	NA	NA
NA	NA	NA	NA	NA	NA	NA	NA	NA	NA	NA	NA
NA	NA	NA	NA	NA	NA	NA	NA	NA	NA	NA	NA
NA	NA	NA	NA	NA	NA	NA	NA	NA	NA	NA	NA
NA	NA	NA	NA	NA	NA	NA	NA	NA	NA	NA	NA
NA	NA	NA	NA	NA	NA	NA	NA	NA	NA	NA	NA
NA	NA	NA	NA	NA	NA	NA	NA	NA	NA	NA	NA
NA	NA	NA	NA	NA	NA	NA	NA	NA	NA	NA	NA
NA	NA	NA	NA	NA	NA	NA	NA	NA	NA	NA	NA
NA	NA	NA	NA	NA	NA	NA	NA	NA	NA	NA	NA
NA	NA	NA	NA	NA	NA	NA	NA	NA	NA	NA	NA
NA	NA	NA	NA	NA	NA	NA	NA	NA	NA	NA	NA
NA	NA	NA	NA	NA	NA	NA	NA	NA	NA	NA	NA
NA	NA	NA	NA	NA	NA	NA	NA	NA	NA	NA	NA
NA	NA	NA	NA	NA	NA	NA	NA	NA	NA	NA	NA
NA	NA	NA	NA	NA	NA	NA	NA	NA	NA	NA	NA
NA	NA	NA	NA	NA	NA	NA	NA	NA	NA	NA	NA
NA	NA	NA	NA	NA	NA	NA	NA	NA	NA	NA	NA
NA	NA	NA	NA	NA	NA	NA	NA	NA	NA	NA	NA
NA	NA	NA	NA	NA	NA	NA	NA	NA	NA	NA	NA
NA	NA	NA	NA	NA	NA	NA	NA	NA	NA	NA	NA
NA	NA	NA	NA	NA	NA	NA	NA	NA	NA	NA	NA
NA	NA	NA	NA	NA	NA	NA	NA	NA	NA	NA	NA
NA	NA	NA	NA	NA	NA	NA	NA	NA	NA	NA	NA
NA	NA	NA	NA	NA	NA	NA	NA	NA	NA	NA	NA
NA	NA	NA	NA	NA	NA	NA	NA	NA	NA	NA	NA
NA	NA	NA	NA	NA	NA	NA	NA	NA	NA	NA	NA
NA	NA	NA	NA	NA	NA	NA	NA	NA	NA	NA	NA
NA	NA	NA	NA	NA	NA	NA	NA	NA	NA	NA	NA
NA	NA	NA	NA	NA	NA	NA	NA	NA	NA	NA	NA
NA	NA	NA	NA	NA	NA	NA	NA	NA	NA	NA	NA
NA	NA	NA	NA	NA	NA	NA	NA	NA	NA	NA	NA
NA	NA	NA	NA	NA	NA	NA	NA	NA	NA	NA	NA
NA	NA	NA	NA	NA	NA	NA	NA	NA	NA	NA	NA
NA	NA	NA	NA	NA	NA	NA	NA	NA	NA	NA	NA
NA	NA	NA	NA	NA	NA	NA	NA	NA	NA	NA	NA
NA	NA	NA	NA	NA	NA	NA	NA	NA	NA	NA	NA
NA	NA	NA	NA	NA	NA	NA	NA	NA	NA	NA	NA
NA	NA	NA	NA	NA	NA	NA	NA	NA	NA	NA	NA
NA	NA	NA	NA	NA	NA	NA	NA	NA	NA	NA	NA
NA	NA	NA	NA	NA	NA	NA	NA	NA	NA	NA	NA
NA	NA	NA	NA	NA	NA	NA	NA	NA	NA	NA	NA
NA	NA	NA	NA	NA	NA	NA	NA	NA	NA	NA	NA
NA	NA	NA	NA	NA	NA	NA	NA	NA	NA	NA	NA
NA	NA	NA	NA	NA	NA	NA	NA	NA	NA	NA	NA
NA	NA	NA	NA	NA	NA	NA	NA	NA	NA	NA	NA
NA	NA	NA	NA	NA	NA	NA	NA	NA	NA	NA	NA
NA	NA	NA	NA	NA	NA	NA	NA	NA	NA	NA	NA
NA	NA	NA	NA	NA	NA	NA	NA	NA	NA	NA	NA
NA	NA	NA	NA	NA	NA	NA	NA	NA	NA	NA	NA
NA	NA	NA	NA	NA	NA	NA	NA	NA	NA	NA	NA
NA	NA	NA	NA	NA	NA	NA	NA	NA	NA	NA	NA
NA	NA	NA	NA	NA	NA	NA	NA	NA	NA	NA	NA
NA	NA	NA	NA	NA	NA	NA	NA	NA	NA	NA	NA
NA	NA	NA	NA	NA	NA	NA	NA	NA	NA	NA	NA
NA	NA	NA	NA	NA	NA	NA	NA	NA	NA	NA	NA
NA	NA	NA	NA	NA	NA	NA	NA	NA	NA	NA	NA
NA	NA	NA	NA	NA	NA	NA	NA	NA	NA	NA	NA
NA	NA	NA	NA	NA	NA	NA	NA	NA	NA	NA	NA
NA	NA	NA	NA	NA	NA	NA	NA	NA	NA	NA	NA
NA	NA	NA	NA	NA	NA	NA	NA	NA	NA	NA	NA
NA	NA	NA	NA	NA	NA	NA	NA	NA	NA	NA	NA
NA	NA	NA	NA	NA	NA	NA	NA	NA	NA	NA	NA
NA	NA	NA	NA	NA	NA	NA	NA	NA	NA	NA	NA
NA	NA	NA	NA	NA	NA	NA	NA	NA	NA	NA	NA
NA	NA	NA	NA	NA	NA	NA	NA	NA	NA	NA	NA
NA	NA	NA	NA	NA	NA	NA	NA	NA	NA	NA	NA
NA	NA	NA	NA	NA	NA	NA	NA	NA	NA	NA	NA
NA	NA	NA	NA	NA	NA	NA	NA	NA	NA	NA	NA
NA	NA	NA	NA	NA	NA	NA	NA	NA	NA	NA	NA
NA	NA	NA	NA	NA	NA	NA	NA	NA	NA	NA	NA
NA	NA	NA	NA	NA	NA	NA	NA	NA	NA	NA	NA
NA	NA	NA	NA	NA	NA	NA	NA	NA	NA	NA	NA
NA	NA	NA	NA	NA	NA	NA	NA	NA	NA	NA	NA
NA	NA	NA	NA	NA	NA	NA	NA	NA	NA	NA	NA
NA	NA	NA	NA	NA	NA	NA	NA	NA	NA	NA	NA
NA	NA	NA	NA	NA	NA	NA	NA	NA	NA	NA	NA
NA	NA	NA	NA	NA	NA	NA	NA	NA	NA	NA	NA
NA	NA	NA	NA	NA	NA	NA	NA	NA	NA	NA	NA
NA	NA	NA	NA	NA	NA	NA	NA	NA	NA	NA	NA
NA	NA	NA	NA	NA	NA	NA	NA	NA	NA	NA	NA
NA	NA	NA	NA	NA	NA	NA	NA	NA	NA	NA	NA
NA	NA	NA	NA	NA	NA	NA	NA	NA	NA	NA	NA
NA	NA	NA	NA	NA	NA	NA	NA	NA	NA	NA	NA
NA	NA	NA	NA	NA	NA	NA	NA	NA	NA	NA	NA
NA	NA	NA	NA	NA	NA	NA	NA	NA	NA	NA	NA
NA	NA	NA	NA	NA	NA	NA	NA	NA	NA	NA	NA
NA	NA	NA	NA	NA	NA	NA	NA	NA	NA	NA	NA
NA	NA	NA	NA	NA	NA	NA	NA	NA	NA	NA	NA
NA	NA	NA	NA	NA	NA	NA	NA	NA	NA	NA	NA
NA	NA	NA	NA	NA	NA	NA	NA	NA	NA	NA	NA
NA	NA	NA	NA	NA	NA	NA	NA	NA	NA	NA	NA
NA	NA	NA	NA	NA	NA	NA	NA	NA	NA	NA	NA
NA	NA	NA	NA	NA	NA	NA	NA	NA	NA	NA	NA
NA	NA	NA	NA	NA	NA	NA	NA	NA	NA	NA	NA
NA	NA	NA	NA	NA	NA	NA	NA	NA	NA	NA	NA
NA	NA	NA	NA	NA	NA	NA	NA	NA	NA	NA	NA
NA	NA	NA	NA	NA	NA	NA	NA	NA	NA	NA	NA
NA	NA	NA	NA	NA	NA	NA	NA	NA	NA	NA	NA
NA	NA	NA	NA	NA	NA	NA	NA	NA	NA	NA	NA
NA	NA	NA	NA	NA	NA	NA	NA	NA	NA	NA	NA
NA	NA	NA	NA	NA	NA	NA	NA	NA	NA	NA	NA
NA	NA	NA	NA	NA	NA	NA	NA	NA	NA	NA	NA
NA	NA	NA	NA	NA	NA	NA	NA	NA	NA	NA	NA
NA	NA	NA	NA	NA	NA	NA	NA	NA	NA	NA	NA
NA	NA	NA	NA	NA	NA	NA	NA	NA	NA	NA	NA
NA	NA	NA	NA	NA	NA	NA	NA	NA	NA	NA	NA
NA	NA	NA	NA	NA	NA	NA	NA	NA	NA	NA	NA
NA	NA	NA	NA	NA	NA	NA	NA	NA	NA	NA	NA
NA	NA	NA	NA	NA	NA	NA	NA	NA	NA	NA	NA
NA	NA	NA	NA	NA	NA	NA	NA	NA	NA	NA	NA
NA	NA	NA	NA	NA	NA	NA	NA	NA	NA	NA	NA
NA	NA	NA	NA	NA	NA	NA	NA	NA	NA	NA	NA
NA	NA	NA	NA	NA	NA	NA	NA	NA	NA	NA	NA
NA	NA	NA	NA	NA	NA	NA	NA	NA	NA	NA	NA
NA	NA	NA	NA	NA	NA	NA	NA	NA	NA	NA	NA
NA	NA	NA	NA	NA	NA	NA	NA	NA	NA	NA	NA
NA	NA	NA	NA	NA	NA	NA	NA	NA	NA	NA	NA
NA	NA	NA	NA	NA	NA	NA	NA	NA	NA	NA	NA
NA	NA	NA	NA	NA	NA	NA	NA	NA	NA	NA	NA
NA	NA	NA	NA	NA	NA	NA	NA	NA	NA	NA	NA
NA	NA	NA	NA	NA	NA	NA	NA	NA	NA	NA	NA
NA	NA	NA	NA	NA	NA	NA	NA	NA	NA	NA	NA
NA	NA	NA	NA	NA	NA	NA	NA	NA	NA	NA	NA
NA	NA	NA	NA	NA	NA	NA	NA	NA	NA	NA	NA
NA	NA	NA	NA	NA	NA	NA	NA	NA	NA	NA	NA
NA	NA	NA	NA	NA	NA	NA	NA	NA	NA	NA	NA
NA	NA	NA	NA	NA	NA	NA	NA	NA	NA	NA	NA
NA	NA	NA	NA	NA	NA	NA	NA	NA	NA	NA	NA
NA	NA	NA	NA	NA	NA	NA	NA	NA	NA	NA	NA
NA	NA	NA	NA	NA	NA	NA	NA	NA	NA	NA	NA
NA	NA	NA	NA	NA	NA	NA	NA	NA	NA	NA	NA
NA	NA	NA	NA	NA	NA	NA	NA	NA	NA	NA	NA
NA	NA	NA	NA	NA	NA	NA	NA	NA	NA	NA	NA
NA	NA	NA	NA	NA	NA	NA	NA	NA	NA	NA	NA
NA	NA	NA	NA	NA	NA	NA	NA	NA	NA	NA	NA
NA	NA	NA	NA	NA	NA	NA	NA	NA	NA	NA	NA
NA	NA	NA	NA	NA	NA	NA	NA	NA	NA	NA	NA
NA	NA	NA	NA	NA	NA	NA	NA	NA	NA	NA	NA
NA	NA	NA	NA	NA	NA	NA	NA	NA	NA	NA	NA
NA	NA	NA	NA	NA	NA	NA	NA	NA	NA	NA	NA
NA	NA	NA	NA	NA	NA	NA	NA	NA	NA	NA	NA
NA	NA	NA	NA	NA	NA	NA	NA	NA	NA	NA	NA
NA	NA	NA	NA	NA	NA	NA	NA	NA	NA	NA	NA
NA	NA	NA	NA	NA	NA	NA	NA	NA	NA	NA	NA
NA	NA	NA	NA	NA	NA	NA	NA	NA	NA	NA	NA
NA	NA	NA	NA	NA	NA	NA	NA	NA	NA	NA	NA
NA	NA	NA	NA	NA	NA	NA	NA	NA	NA	NA	NA
NA	NA	NA	NA	NA	NA	NA	NA	NA	NA	NA	NA
NA	NA	NA	NA	NA	NA	NA	NA	NA	NA	NA	NA
NA	NA	NA	NA	NA	NA	NA	NA	NA	NA	NA	NA
NA	NA	NA	NA	NA	NA	NA	NA	NA	NA	NA	NA
NA	NA	NA	NA	NA	NA	NA	NA	NA	NA	NA	NA
NA	NA	NA	NA	NA	NA	NA	NA	NA	NA	NA	NA
NA	NA	NA	NA	NA	NA	NA	NA	NA	NA	NA	NA
NA	NA	NA	NA	NA	NA	NA	NA	NA	NA	NA	NA
NA	NA	NA	NA	NA	NA	NA	NA	NA	NA	NA	NA
NA	NA	NA	NA	NA	NA	NA	NA	NA	NA	NA	NA
NA	NA	NA	NA	NA	NA	NA	NA	NA	NA	NA	NA
NA	NA	NA	NA	NA	NA	NA	NA	NA	NA	NA	NA
NA	NA	NA	NA	NA	NA	NA	NA	NA	NA	NA	NA
NA	NA	NA	NA	NA	NA	NA	NA	NA	NA	NA	NA
NA	NA	NA	NA	NA	NA	NA	NA	NA	NA	NA	NA
NA	NA	NA	NA	NA	NA	NA	NA	NA	NA	NA	NA
NA	NA	NA	NA	NA	NA	NA	NA	NA	NA	NA	NA
NA	NA	NA	NA	NA	NA	NA	NA	NA	NA	NA	NA
NA	NA	NA	NA	NA	NA	NA	NA	NA	NA	NA	NA
NA	NA	NA	NA	NA	NA	NA	NA	NA	NA	NA	NA
NA	NA	NA	NA	NA	NA	NA	NA	NA	NA	NA	NA
NA	NA	NA	NA	NA	NA	NA	NA	NA	NA	NA	NA
NA	NA	NA	NA	NA	NA	NA	NA	NA	NA	NA	NA
NA	NA	NA	NA	NA	NA	NA	NA	NA	NA	NA	NA
NA	NA	NA	NA	NA	NA	NA	NA	NA	NA	NA	NA
NA	NA	NA	NA	NA	NA	NA	NA	NA	NA	NA	NA
NA	NA	NA	NA	NA	NA	NA	NA	NA	NA	NA	NA
NA	NA	NA	NA	NA	NA	NA	NA	NA	NA	NA	NA
NA	NA	NA	NA	NA	NA	NA	NA	NA	NA	NA	NA
NA	NA	NA	NA	NA	NA	NA	NA	NA	NA	NA	NA
NA	NA	NA	NA	NA	NA	NA	NA	NA	NA	NA	NA
NA	NA	NA	NA	NA	NA	NA	NA	NA	NA	NA	NA
NA	NA	NA	NA	NA	NA	NA	NA	NA	NA	NA	NA
NA	NA	NA	NA	NA	NA	NA	NA	NA	NA	NA	NA
NA	NA	NA	NA	NA	NA	NA	NA	NA	NA	NA	NA
NA	NA	NA	NA	NA	NA	NA	NA	NA	NA	NA	NA
NA	NA	NA	NA	NA	NA	NA	NA	NA	NA	NA	NA
NA	NA	NA	NA	NA	NA	NA	NA	NA	NA	NA	NA
NA	NA	NA	NA	NA	NA	NA	NA	NA	NA	NA	NA
NA	NA	NA	NA	NA	NA	NA	NA	NA	NA	NA	NA
NA	NA	NA	NA	NA	NA	NA	NA	NA	NA	NA	NA
NA	NA	NA	NA	NA	NA	NA	NA	NA	NA	NA	NA
NA	NA	NA	NA	NA	NA	NA	NA	NA	NA	NA	NA
NA	NA	NA	NA	NA	NA	NA	NA	NA	NA	NA	NA
NA	NA	NA	NA	NA	NA	NA	NA	NA	NA	NA	NA
NA	NA	NA	NA	NA	NA	NA	NA	NA	NA	NA	NA
NA	NA	NA	NA	NA	NA	NA	NA	NA	NA	NA	NA
NA	NA	NA	NA	NA	NA	NA	NA	NA	NA	NA	NA
NA	NA	NA	NA	NA	NA	NA	NA	NA	NA	NA	NA
NA	NA	NA	NA	NA	NA	NA	NA	NA	NA	NA	NA
NA	NA	NA	NA	NA	NA	NA	NA	NA	NA	NA	NA
NA	NA	NA	NA	NA	NA	NA	NA	NA	NA	NA	NA
NA	NA	NA	NA	NA	NA	NA	NA	NA	NA	NA	NA
NA	NA	NA	NA	NA	NA	NA	NA	NA	NA	NA	NA
NA	NA	NA	NA	NA	NA	NA	NA	NA	NA	NA	NA
NA	NA	NA	NA	NA	NA	NA	NA	NA	NA	NA	NA
NA	NA	NA	NA	NA	NA	NA	NA	NA	NA	NA	NA
NA	NA	NA	NA	NA	NA	NA	NA	NA	NA	NA	NA
NA	NA	NA	NA	NA	NA	NA	NA	NA	NA	NA	NA
NA	NA	NA	NA	NA	NA	NA	NA	NA	NA	NA	NA
NA	NA	NA	NA	NA	NA	NA	NA	NA	NA	NA	NA
NA	NA	NA	NA	NA	NA	NA	NA	NA	NA	NA	NA
NA	NA	NA	NA	NA	NA	NA	NA	NA	NA	NA	NA
NA	NA	NA	NA	NA	NA	NA	NA	NA	NA	NA	NA
NA	NA	NA	NA	NA	NA	NA	NA	NA	NA	NA	NA
NA	NA	NA	NA	NA	NA	NA	NA	NA	NA	NA	NA
NA	NA	NA	NA	NA	NA	NA	NA	NA	NA	NA	NA
NA	NA	NA	NA	NA	NA	NA	NA	NA	NA	NA	NA
NA	NA	NA	NA	NA	NA	NA	NA	NA	NA	NA	NA
NA	NA	NA	NA	NA	NA	NA	NA	NA	NA	NA	NA
NA	NA	NA	NA	NA	NA	NA	NA	NA	NA	NA	NA
NA	NA	NA	NA	NA	NA	NA	NA	NA	NA	NA	NA
NA	NA	NA	NA	NA	NA	NA	NA	NA	NA	NA	NA
NA	NA	NA	NA	NA	NA	NA	NA	NA	NA	NA	NA
NA	NA	NA	NA	NA	NA	NA	NA	NA	NA	NA	NA
NA	NA	NA	NA	NA	NA	NA	NA	NA	NA	NA	NA
NA	NA	NA	NA	NA	NA	NA	NA	NA	NA	NA	NA
NA	NA	NA	NA	NA	NA	NA	NA	NA	NA	NA	NA
NA	NA	NA	NA	NA	NA	NA	NA	NA	NA	NA	NA
NA	NA	NA	NA	NA	NA	NA	NA	NA	NA	NA	NA
NA	NA	NA	NA	NA	NA	NA	NA	NA	NA	NA	NA
NA	NA	NA	NA	NA	NA	NA	NA	NA	NA	NA	NA
NA	NA	NA	NA	NA	NA	NA	NA	NA	NA	NA	NA
NA	NA	NA	NA	NA	NA	NA	NA	NA	NA	NA	NA
NA	NA	NA	NA	NA	NA	NA	NA	NA	NA	NA	NA
NA	NA	NA	NA	NA	NA	NA	NA	NA	NA	NA	NA
NA	NA	NA	NA	NA	NA	NA	NA	NA	NA	NA	NA
