X1	X2	X3	X4	X1.1	X2.1	X3.1	X4.1	X1.2	X2.2	X3.2	X4.2
2.09989815872625	0.113167140948707	1.87809056246678	2.32170575498572	2.0856445186214	0.145327834814122	1.80080196238572	2.37048707485708	2.0856445186214	0.113167140948707	1.87461006867778	2.32860310690624
2.23081944099893	0.139419178666733	1.95755785081213	2.50408103118573	2.18748917703981	0.184124821788367	1.82660452633461	2.54837382774501	2.18748917703981	0.139419178666733	1.94597809959904	2.48447541549209
1.93326167624029	0.103258722730668	1.73087457968818	2.1356487727924	1.93749943622165	0.143603275440842	1.6560370163576	2.2189618560857	1.93749943622165	0.103258722730668	1.73954135094119	2.14089085218595
1.97922999984376	0.188791968887173	1.6091977408249	2.34926225886262	2.02451488935649	0.250908679420563	1.53273387769219	2.51629590102079	2.02451488935649	0.188791968887173	1.64226952195618	2.36324783908593
1.90034405301762	0.10450015637591	1.69552374652084	2.10516435951441	1.92097979051873	0.146523339731232	1.63379404464552	2.20816553639194	1.92097979051873	0.10450015637591	1.72147558863988	2.14000771881453
2.04243791807534	0.089912599749529	1.86620922256626	2.21866661358441	2.04387525115323	0.128085488268591	1.79282769414679	2.29492280815967	2.04387525115323	0.089912599749529	1.87603047469677	2.21961395246843
2.00273844360274	0.0863744980453479	1.83344442743386	2.17203245977162	1.99080561839002	0.116886713517146	1.76170765989641	2.21990357688363	1.99080561839002	0.0863744980453479	1.81869839930069	2.1515234141727
1.90173755559682	0.0861650193241101	1.73285411772157	2.07062099347208	1.90740403078515	0.117515858266703	1.67707294858241	2.13773511298789	1.90740403078515	0.0861650193241101	1.74222827596446	2.07458350232618
2.13044414738021	0.114040745406494	1.90692428638348	2.35396400837694	2.12358414430725	0.153389046566502	1.82294161303691	2.4242266755776	2.12358414430725	0.114040745406494	1.88758515550186	2.3550933875319
2.09759559559998	0.0954548018066172	1.91050418405901	2.28468700714095	2.06445603182476	0.131187988197936	1.80732757495681	2.32158448869272	2.06445603182476	0.0954548018066172	1.88794098444449	2.24660704422927
2.00767852699422	0.104741601533731	1.80238498798811	2.21297206600034	2.01822046784997	0.143526274083642	1.73690897064603	2.2995319650539	2.01822046784997	0.104741601533731	1.81650415934315	2.2284241590041
1.94836581984377	0.0927349018717152	1.7666054121752	2.13012622751233	1.94148776329472	0.127067102826291	1.69243624175519	2.19053928483425	1.94148776329472	0.0927349018717152	1.76316138345395	2.12323373167284
2.08770874193613	0.153948367241831	1.78596994214215	2.38944754173012	2.06237540412452	0.209459088870047	1.65183558993922	2.47291521830981	2.06237540412452	0.153948367241831	1.73195504571559	2.33030847574961
2.08538136693998	0.107142476424049	1.87538211314885	2.29538062073112	2.09324285284282	0.147428678810693	1.80428264237386	2.38220306331178	2.09324285284282	0.107142476424049	1.88511379307972	2.29548707222894
1.9111128633606	0.103993772518661	1.70728506922403	2.11494065749718	1.92626213382052	0.140464694981246	1.65095133165727	2.20157293598376	1.92626213382052	0.103993772518661	1.72448046917503	2.12616545562844
2.07153683601857	0.0904900500314446	1.89417633795694	2.2488973340802	2.07052826707301	0.121453191117267	1.83248001248316	2.30857652166285	2.07052826707301	0.0904900500314446	1.89056480400873	2.25504190650212
2.12790110878032	0.0885736610190989	1.95429673318289	2.30150548437776	2.12354162413651	0.125391986433646	1.87777333072657	2.36930991754646	2.12354162413651	0.0885736610190989	1.94045981107395	2.29919794157584
1.89908875361442	0.112799966109738	1.67800082003933	2.1201766871895	1.90867764420109	0.15387625802853	1.60708017846517	2.21027510993701	1.90867764420109	0.112799966109738	1.69135871419891	2.13629333886209
2.13533237048405	0.100871345909299	1.93762453250183	2.33304020846628	2.09917020781356	0.140329719603706	1.8241239573903	2.37421645823682	2.09917020781356	0.100871345909299	1.90308846807505	2.29964942410892
2.30644171652091	0.119247305826025	2.0727169971019	2.54016643593992	2.26062664117819	0.160194673177646	1.94664508175001	2.57460820060638	2.26062664117819	0.119247305826025	2.01472327614742	2.48464980448357
2.15608358880959	0.140582181502794	1.88054251306411	2.43162466455506	2.15078706087297	0.19352709543812	1.77147395381425	2.53010016793168	2.15078706087297	0.140582181502794	1.88431152281403	2.42317367521135
1.99235452255671	0.0965739972545353	1.80306948793782	2.1816395571756	1.98730308988652	0.129624152081532	1.73323975180672	2.24136642796632	1.98730308988652	0.0965739972545353	1.80023078884508	2.16781868556788
2.15192017529077	0.119720511109657	1.91726797351584	2.38657237706569	2.1425646079718	0.161899656077413	1.82524128206007	2.45988793388353	2.1425646079718	0.119720511109657	1.92214131144919	2.37747437677883
1.98968040093152	0.110335018555859	1.77342376456204	2.205937037301	2.0167608530962	0.146624980739222	1.72937589084733	2.30414581534508	2.0167608530962	0.110335018555859	1.79998448356837	2.23751538618117
2.27601556732295	0.0979593537330867	2.0840152340061	2.4680159006398	2.27708893896252	0.133465890431357	2.01549579371706	2.53868208420797	2.27708893896252	0.0979593537330867	2.07940782723181	2.47013675325947
2.21201102574171	0.0833017087668042	2.04873967655878	2.37528237492465	2.2078107388255	0.113255645650929	1.98582967334968	2.42979180430132	2.2078107388255	0.0833017087668042	2.04551717002559	2.37142986378609
1.97523500428153	0.0844006759228594	1.80980967947273	2.14066032909034	1.98518400684005	0.118563353866243	1.75279983326222	2.21756818041789	1.98518400684005	0.0844006759228594	1.81658748297539	2.14935959183195
2.08939983345909	0.0984107774997822	1.89651470955951	2.28228495735866	2.07264285818684	0.134689549188232	1.8086513417779	2.33663437459577	2.07264285818684	0.0984107774997822	1.8955010199606	2.27088614214883
2.20033581213081	0.146151642335381	1.91387859315346	2.48679303110816	2.14581209267511	0.194988021848399	1.76363556985225	2.52798861549797	2.14581209267511	0.146151642335381	1.89602443484601	2.460906357527
1.9464792958425	0.0872661410980142	1.77543765929039	2.1175209323946	1.94809114529353	0.123519975018941	1.7059919942564	2.19019029633065	1.94809114529353	0.0872661410980142	1.7785914400708	2.12710384340047
2.10482815731065	0.116503630381815	1.87648104176229	2.33317527285901	2.10171164687961	0.160303681269681	1.78751643159103	2.41590686216818	2.10171164687961	0.116503630381815	1.8813336210271	2.34728756459216
2.00172745977725	0.109122615760992	1.78784713288571	2.2156077866688	1.99023192887968	0.147043244927751	1.70202716882129	2.27843668893807	1.99023192887968	0.109122615760992	1.7741581780557	2.19476715300407
1.80771731269133	0.0831308628601646	1.64478082148541	1.97065380389725	1.80671625410649	0.116433720330809	1.5785061622581	2.03492634595487	1.80671625410649	0.0831308628601646	1.64765154437416	1.97300251728139
1.95390032270357	0.0906444052218739	1.7762372884687	2.13156335693845	1.95455795986339	0.118820375955288	1.72167002299103	2.18744589673575	1.95455795986339	0.0906444052218739	1.77288774729808	2.12404457343415
1.86504993108555	0.0984219083059719	1.67214299080584	2.05795687136525	1.85497544750515	0.134288244579723	1.59177048812889	2.1181804068814	1.85497544750515	0.0984219083059719	1.65425874857908	2.04662054919207
2.26708770852639	0.152839552878542	1.96752218488445	2.56665323216834	2.22470360540115	0.20431871762595	1.82423891885429	2.62516829194801	2.22470360540115	0.152839552878542	1.97369775645079	2.53245095221896
2.25103507461822	0.185173999515853	1.88809403556715	2.61397611366929	2.25155314824478	0.264893291884338	1.73236229615148	2.77074400033808	2.25155314824478	0.185173999515853	1.93173869504088	2.63470248832639
1.96138086119272	0.107115033269774	1.75143539598397	2.17132632640148	1.95746648215767	0.146583371681087	1.67016307366274	2.2447698906526	1.95746648215767	0.107115033269774	1.74014134015246	2.16472377677031
2.1034848840986	0.105273178699129	1.89714945384831	2.30982031434889	2.10655615887787	0.142074286937839	1.82809055647971	2.38502176127603	2.10655615887787	0.105273178699129	1.8916290768964	2.30911147071988
2.16920553355518	0.123434850585198	1.92727322640819	2.41113784070217	2.15176746615042	0.169534557083904	1.81947973426596	2.48405519803487	2.15176746615042	0.123434850585198	1.91247146340379	2.39956768138656
2.10138908672145	0.0925585498501057	1.91997432901525	2.28280384442766	2.1110509222854	0.126343111686039	1.86341842338076	2.35868342119003	2.1110509222854	0.0925585498501057	1.92855091568375	2.29265281666855
1.85825712015319	0.121627211669052	1.61986778528184	2.09664645502453	1.860512360483	0.161590607993524	1.54379476881569	2.1772299521503	1.860512360483	0.121627211669052	1.62239032634957	2.09732688902246
2.18680839043166	0.0869639567767773	2.01635903514917	2.35725774571414	2.17971172233456	0.118934382071144	1.94660033347512	2.41282311119401	2.17971172233456	0.0869639567767773	2.00498960078691	2.34694748166819
1.9320289447494	0.0878190524512242	1.759903601945	2.1041542875538	1.94734543570304	0.1166708565358	1.71867055689287	2.17602031451321	1.94734543570304	0.0878190524512242	1.7809379671099	2.11469947155284
2.00658908568257	0.0906239830428639	1.82896607891856	2.18421209244658	2.00933483226826	0.123378346359007	1.7675132734046	2.25115639113191	2.00933483226826	0.0906239830428639	1.83227710088624	2.19823587593329
1.88807643186314	0.0891755515312073	1.71329235086197	2.0628605128643	1.88931392336212	0.125212967970261	1.64389650614041	2.13473134058383	1.88931392336212	0.0891755515312073	1.72601878668602	2.0742645344876
1.87825276586101	0.0871954985147171	1.70734958877217	2.04915594294986	1.8766522303614	0.122673883434696	1.6362114188294	2.1170930418934	1.8766522303614	0.0871954985147171	1.71238924898141	2.04819993042675
1.88889840794877	0.108068176746382	1.67708478152586	2.10071203437168	1.90342368127216	0.14644353269939	1.61639435718135	2.19045300536296	1.90342368127216	0.108068176746382	1.68834287652403	2.113344891156
2.07171795088761	0.121285714805402	1.83399794986902	2.30943795190619	2.06239937029584	0.159357626966133	1.75005842144222	2.37474031914946	2.06239937029584	0.121285714805402	1.82832968200471	2.30926074029235
2.06036008883378	0.12083208608343	1.82352920011025	2.2971909775573	2.05244600599037	0.160819114421523	1.73724054172419	2.36765147025656	2.05244600599037	0.12083208608343	1.82639013139594	2.30036908686275
2.18053523611836	0.137652649461939	1.91073604317296	2.45033442906376	2.16598656225656	0.188073097523549	1.79736329111041	2.53460983340272	2.16598656225656	0.137652649461939	1.9331134996955	2.46095558571038
2.03347024813123	0.0895114609140888	1.85802778473962	2.20891271152285	2.00603710438642	0.12491230721532	1.76120898224439	2.25086522652845	2.00603710438642	0.0895114609140888	1.82643570142689	2.17964126616035
2.00921247684959	0.087027952604434	1.8386376897449	2.17978726395428	2.01308994272843	0.120286937126628	1.77732754596024	2.24885233949662	2.01308994272843	0.087027952604434	1.84116041901296	2.17420024194223
2.12785180858062	0.138508756406258	1.85637464602435	2.39932897113688	2.10817518609085	0.181823878380491	1.75180038446508	2.46454998771661	2.10817518609085	0.138508756406258	1.84377007750192	2.38785757054454
1.80338691870201	0.104460512521402	1.59864431416006	2.00812952324396	1.81910603429144	0.14160022018408	1.54156960273064	2.09664246585223	1.81910603429144	0.104460512521402	1.60787609349017	2.02098867685323
1.98932425817336	0.0876037022912049	1.81762100168259	2.16102751466412	1.98470751459082	0.120548615742988	1.74843222773456	2.22098280144708	1.98470751459082	0.0876037022912049	1.82280690449103	2.1533964487457
1.85451865352149	0.0958252078450906	1.66670124614512	2.04233606089787	1.85713077265305	0.128748883021206	1.60478296193149	2.10947858337462	1.85713077265305	0.0958252078450906	1.66600911520074	2.03543826988618
1.87223242531507	0.124184837434285	1.62883014394387	2.11563470668627	1.86629656172517	0.171780965982085	1.52960586840028	2.20298725505006	1.86629656172517	0.124184837434285	1.62759723032798	2.1040050173408
2.09599268950978	0.0979677226799208	1.90397595305714	2.28800942596243	2.09521953620468	0.136990918672593	1.8267173356064	2.36372173680296	2.09521953620468	0.0979677226799208	1.89802792003607	2.27799837297665
1.86841165601273	0.111504094807069	1.64986363019087	2.08695968183458	1.86526570802444	0.153100523301961	1.5651886823526	2.16534273369628	1.86526570802444	0.111504094807069	1.65198508947363	2.07644324192064
2.02944387683175	0.0850767864708326	1.86269337534892	2.19619437831458	2.01496071157906	0.115630527286753	1.78832487809703	2.2415965450611	2.01496071157906	0.0850767864708326	1.85253186239766	2.17987791840194
1.93141446142491	0.0898061659391398	1.75539437618419	2.10743454666562	1.905178315663	0.121807823873172	1.66643498087158	2.14392165045442	1.905178315663	0.0898061659391398	1.72558522200384	2.09590549835415
1.93974220979158	0.176841537445802	1.59313279639781	2.28635162318535	1.96013863942668	0.238728291722644	1.4922311876503	2.42804609120306	1.96013863942668	0.176841537445802	1.58537308300141	2.25214780270353
2.14512764239041	0.101143358199576	1.94688666031924	2.34336862446158	2.11181711503537	0.134741501937546	1.84772377123778	2.37591045883296	2.11181711503537	0.101143358199576	1.91711760342675	2.32336054434333
2.15243473467977	0.113868191113455	1.9292530800974	2.37561638926215	2.13682192456131	0.1514589253747	1.8399624308269	2.43368141829572	2.13682192456131	0.113868191113455	1.92257814870655	2.37350826715204
1.95118542038911	0.0773622916177417	1.79955532881833	2.10281551195988	1.94491660257266	0.106687861496244	1.73580839404002	2.1540248111053	1.94491660257266	0.0773622916177417	1.79943573469007	2.09848661757363
1.99327479917905	0.114013066264943	1.76980918929976	2.21674040905834	2.00873410706463	0.159258519757301	1.69658740834032	2.32088080578894	2.00873410706463	0.114013066264943	1.77381957234333	2.23825266814954
2.03341469584734	0.0835682577020309	1.86962091075136	2.19720848094332	2.03023863159949	0.112504130519255	1.80973053578175	2.25074672741723	2.03023863159949	0.0835682577020309	1.86190119570934	2.19261303561907
1.95631288954257	0.0966252267047181	1.76692744520132	2.14569833388382	1.9632827297155	0.128729002058081	1.71097388568166	2.21559157374934	1.9632827297155	0.0966252267047181	1.77432767909423	2.15111632725837
2.03653568095025	0.108239165518054	1.82438691653486	2.24868444536564	2.06743022541919	0.142186124487499	1.78874542142369	2.34611502941469	2.06743022541919	0.108239165518054	1.85614687789224	2.27303631534641
1.89392215596901	0.112859533469568	1.67271747036866	2.11512684156937	1.88960954852437	0.15099223508411	1.59366476775951	2.18555432928922	1.88960954852437	0.112859533469568	1.66058344235848	2.10132113023636
1.94482195374244	0.120808142613755	1.70803799421948	2.1816059132654	1.91715538948455	0.166716497514143	1.59039105435683	2.24391972461227	1.91715538948455	0.120808142613755	1.6713132875723	2.15505427391946
1.845187167995	0.114743942454202	1.62028904078477	2.07008529520524	1.83245788900956	0.158444043890763	1.52190756298366	2.14300821503546	1.83245788900956	0.114743942454202	1.61626451390998	2.0627959294725
1.57897113783795	0.188295670336354	1.2099116239787	1.94803065169721	1.64751505952827	0.243523266088878	1.17020945799407	2.12482066106247	1.64751505952827	0.188295670336354	1.28304928826162	1.98921057037969
2.31146793494674	0.186517175320679	1.94589427131821	2.67704159857527	2.28110938794115	0.24864980652934	1.79375576714364	2.76846300873865	2.28110938794115	0.186517175320679	1.95960918436154	2.67087320499478
1.96023857589059	0.106482539926551	1.75153279763455	2.16894435414663	1.98083175351973	0.141732895810551	1.70303527773105	2.25862822930841	1.98083175351973	0.106482539926551	1.77407076058289	2.18375388045808
2.01165108288755	0.12928840687194	1.75824580541855	2.26505636035655	2.05230643882838	0.172187042750992	1.71481983503644	2.38979304262033	2.05230643882838	0.12928840687194	1.78726379407111	2.3010141482829
2.09716054380136	0.109601411244666	1.88234177776182	2.31197930984091	2.08262900614521	0.15551834345625	1.77781305297096	2.38744495931946	2.08262900614521	0.109601411244666	1.88709039941707	2.30702069732826
1.8531908368397	0.125676637476062	1.60686462738662	2.09951704629278	1.87425988397854	0.165565336025829	1.54975182536792	2.19876794258917	1.87425988397854	0.125676637476062	1.63450239390858	2.13515648049242
2.00495586363865	0.0970976897867543	1.81464439165661	2.19526733562069	2.024032416154	0.128374301300776	1.77241878560447	2.27564604670352	2.024032416154	0.0970976897867543	1.82604656514791	2.20930807023731
2.07389281347092	0.0938819072984344	1.88988427516599	2.25790135177585	2.07026187637299	0.129001701672214	1.81741854109545	2.32310521165053	2.07026187637299	0.0938819072984344	1.89120338965005	2.24756000330838
2.00639444467529	0.086714413545438	1.83643419412623	2.17635469522435	2.02824184263344	0.121508432012684	1.79008531588858	2.2663983693783	2.02824184263344	0.086714413545438	1.85191945918539	2.198803086314
1.97315118552404	0.105169852481366	1.76701827466056	2.17928409638752	1.98106754310749	0.143727192917928	1.69936224498835	2.26277284122663	1.98106754310749	0.105169852481366	1.77038806989451	2.18952512305032
1.84048374574371	0.0912904868403632	1.66155439153659	2.01941309995082	1.83981391326113	0.124471237131416	1.59585028848356	2.08377753803871	1.83981391326113	0.0912904868403632	1.66694500894903	2.01669312467544
1.90872047918656	0.12109184682605	1.6713804594075	2.14606049896561	1.91126141872875	0.166151632461863	1.5856042191035	2.236918618354	1.91126141872875	0.12109184682605	1.67001413711112	2.12903752625205
2.16039879189753	0.0901379332617354	1.98372844270453	2.33706914109053	2.1570885975932	0.122719275547977	1.91655881751916	2.39761837766723	2.1570885975932	0.0901379332617354	1.98580410909029	2.33545285236881
1.82808037624376	0.109567857508289	1.61332737552751	2.04283337696001	1.84055078184753	0.1506117664412	1.54535171962277	2.13574984407228	1.84055078184753	0.109567857508289	1.62027658644389	2.05674713059687
2.0782781478365	0.108153436332499	1.86629741262481	2.2902588830482	2.07963304922476	0.146613964569059	1.7922696786694	2.36699641978011	2.07963304922476	0.108153436332499	1.87527228093468	2.28791613625184
1.90698995962393	0.0898766374209808	1.73083175027881	2.08314816896905	1.91728377590743	0.122144276198595	1.67788099455819	2.15668655725668	1.91728377590743	0.0898766374209808	1.75262376580424	2.09567359730532
1.82192749226144	0.0726438302703004	1.67954558493165	1.96430939959123	1.82279510276647	0.0971781818789321	1.63232586628376	2.01326433924917	1.82279510276647	0.0726438302703004	1.67905761555299	1.96025827428545
2.02130598484288	0.114282147002883	1.79731297671723	2.24529899296853	2.00977324517277	0.15223393612716	1.71139473036353	2.308151759982	2.00977324517277	0.114282147002883	1.78982329618314	2.23784086415166
2.08473243594439	0.115263446984786	1.85881607985421	2.31064879203457	2.12642021996662	0.152262784600333	1.82798516214997	2.42485527778327	2.12642021996662	0.115263446984786	1.92374004364223	2.36708638101349
2.00162211218833	0.0859124918598446	1.83323362814303	2.17001059623362	2.00640192781719	0.113090846876262	1.78474386793972	2.22805998769467	2.00640192781719	0.0859124918598446	1.84664714733769	2.17299504221672
1.96761588658255	0.151664566704931	1.67035333584088	2.26487843732421	1.90820477761812	0.196714092393954	1.52264515652597	2.29376439871027	1.90820477761812	0.151664566704931	1.61859668701408	2.18315599783303
1.94236836038579	0.0940545741034293	1.75802139514307	2.12671532562851	1.94340861568143	0.131035877387551	1.68657829600183	2.20023893536103	1.94340861568143	0.0940545741034293	1.76566674769356	2.12491594472594
2.14521897800749	0.101364401914006	1.94654475025604	2.34389320575894	2.14802095797553	0.135224365351633	1.88298120188633	2.41306071406473	2.14802095797553	0.101364401914006	1.95670539169586	2.35179404700707
1.93840427286449	0.102465236967978	1.73757240840725	2.13923613732173	1.93417705012807	0.140684202909857	1.65843601242475	2.20991808783139	1.93417705012807	0.102465236967978	1.74048242722826	2.14029107988163
1.72626819397795	0.0970582902570004	1.53603394507423	1.91650244288167	1.74817182728487	0.133232593760992	1.48703594351332	2.00930771105641	1.74817182728487	0.0970582902570004	1.55149685435731	1.93938369287116
1.99381426340561	0.0967370002307843	1.80420974295327	2.18341878385795	1.98435737831946	0.133376188183348	1.7229400494801	2.24577470715883	1.98435737831946	0.0967370002307843	1.79551064047158	2.17380237499467
2.07401319246741	0.0802513341706689	1.9167205774929	2.23130580744193	2.08136289537747	0.107416926178714	1.87082572006719	2.29190007068775	2.08136289537747	0.0802513341706689	1.93153819592475	2.23802125699802
NA	NA	NA	NA	NA	NA	NA	NA	NA	NA	NA	NA
NA	NA	NA	NA	NA	NA	NA	NA	NA	NA	NA	NA
NA	NA	NA	NA	NA	NA	NA	NA	NA	NA	NA	NA
NA	NA	NA	NA	NA	NA	NA	NA	NA	NA	NA	NA
NA	NA	NA	NA	NA	NA	NA	NA	NA	NA	NA	NA
NA	NA	NA	NA	NA	NA	NA	NA	NA	NA	NA	NA
NA	NA	NA	NA	NA	NA	NA	NA	NA	NA	NA	NA
NA	NA	NA	NA	NA	NA	NA	NA	NA	NA	NA	NA
NA	NA	NA	NA	NA	NA	NA	NA	NA	NA	NA	NA
NA	NA	NA	NA	NA	NA	NA	NA	NA	NA	NA	NA
NA	NA	NA	NA	NA	NA	NA	NA	NA	NA	NA	NA
NA	NA	NA	NA	NA	NA	NA	NA	NA	NA	NA	NA
NA	NA	NA	NA	NA	NA	NA	NA	NA	NA	NA	NA
NA	NA	NA	NA	NA	NA	NA	NA	NA	NA	NA	NA
NA	NA	NA	NA	NA	NA	NA	NA	NA	NA	NA	NA
NA	NA	NA	NA	NA	NA	NA	NA	NA	NA	NA	NA
NA	NA	NA	NA	NA	NA	NA	NA	NA	NA	NA	NA
NA	NA	NA	NA	NA	NA	NA	NA	NA	NA	NA	NA
NA	NA	NA	NA	NA	NA	NA	NA	NA	NA	NA	NA
NA	NA	NA	NA	NA	NA	NA	NA	NA	NA	NA	NA
NA	NA	NA	NA	NA	NA	NA	NA	NA	NA	NA	NA
NA	NA	NA	NA	NA	NA	NA	NA	NA	NA	NA	NA
NA	NA	NA	NA	NA	NA	NA	NA	NA	NA	NA	NA
NA	NA	NA	NA	NA	NA	NA	NA	NA	NA	NA	NA
NA	NA	NA	NA	NA	NA	NA	NA	NA	NA	NA	NA
NA	NA	NA	NA	NA	NA	NA	NA	NA	NA	NA	NA
NA	NA	NA	NA	NA	NA	NA	NA	NA	NA	NA	NA
NA	NA	NA	NA	NA	NA	NA	NA	NA	NA	NA	NA
NA	NA	NA	NA	NA	NA	NA	NA	NA	NA	NA	NA
NA	NA	NA	NA	NA	NA	NA	NA	NA	NA	NA	NA
NA	NA	NA	NA	NA	NA	NA	NA	NA	NA	NA	NA
NA	NA	NA	NA	NA	NA	NA	NA	NA	NA	NA	NA
NA	NA	NA	NA	NA	NA	NA	NA	NA	NA	NA	NA
NA	NA	NA	NA	NA	NA	NA	NA	NA	NA	NA	NA
NA	NA	NA	NA	NA	NA	NA	NA	NA	NA	NA	NA
NA	NA	NA	NA	NA	NA	NA	NA	NA	NA	NA	NA
NA	NA	NA	NA	NA	NA	NA	NA	NA	NA	NA	NA
NA	NA	NA	NA	NA	NA	NA	NA	NA	NA	NA	NA
NA	NA	NA	NA	NA	NA	NA	NA	NA	NA	NA	NA
NA	NA	NA	NA	NA	NA	NA	NA	NA	NA	NA	NA
NA	NA	NA	NA	NA	NA	NA	NA	NA	NA	NA	NA
NA	NA	NA	NA	NA	NA	NA	NA	NA	NA	NA	NA
NA	NA	NA	NA	NA	NA	NA	NA	NA	NA	NA	NA
NA	NA	NA	NA	NA	NA	NA	NA	NA	NA	NA	NA
NA	NA	NA	NA	NA	NA	NA	NA	NA	NA	NA	NA
NA	NA	NA	NA	NA	NA	NA	NA	NA	NA	NA	NA
NA	NA	NA	NA	NA	NA	NA	NA	NA	NA	NA	NA
NA	NA	NA	NA	NA	NA	NA	NA	NA	NA	NA	NA
NA	NA	NA	NA	NA	NA	NA	NA	NA	NA	NA	NA
NA	NA	NA	NA	NA	NA	NA	NA	NA	NA	NA	NA
NA	NA	NA	NA	NA	NA	NA	NA	NA	NA	NA	NA
NA	NA	NA	NA	NA	NA	NA	NA	NA	NA	NA	NA
NA	NA	NA	NA	NA	NA	NA	NA	NA	NA	NA	NA
NA	NA	NA	NA	NA	NA	NA	NA	NA	NA	NA	NA
NA	NA	NA	NA	NA	NA	NA	NA	NA	NA	NA	NA
NA	NA	NA	NA	NA	NA	NA	NA	NA	NA	NA	NA
NA	NA	NA	NA	NA	NA	NA	NA	NA	NA	NA	NA
NA	NA	NA	NA	NA	NA	NA	NA	NA	NA	NA	NA
NA	NA	NA	NA	NA	NA	NA	NA	NA	NA	NA	NA
NA	NA	NA	NA	NA	NA	NA	NA	NA	NA	NA	NA
NA	NA	NA	NA	NA	NA	NA	NA	NA	NA	NA	NA
NA	NA	NA	NA	NA	NA	NA	NA	NA	NA	NA	NA
NA	NA	NA	NA	NA	NA	NA	NA	NA	NA	NA	NA
NA	NA	NA	NA	NA	NA	NA	NA	NA	NA	NA	NA
NA	NA	NA	NA	NA	NA	NA	NA	NA	NA	NA	NA
NA	NA	NA	NA	NA	NA	NA	NA	NA	NA	NA	NA
NA	NA	NA	NA	NA	NA	NA	NA	NA	NA	NA	NA
NA	NA	NA	NA	NA	NA	NA	NA	NA	NA	NA	NA
NA	NA	NA	NA	NA	NA	NA	NA	NA	NA	NA	NA
NA	NA	NA	NA	NA	NA	NA	NA	NA	NA	NA	NA
NA	NA	NA	NA	NA	NA	NA	NA	NA	NA	NA	NA
NA	NA	NA	NA	NA	NA	NA	NA	NA	NA	NA	NA
NA	NA	NA	NA	NA	NA	NA	NA	NA	NA	NA	NA
NA	NA	NA	NA	NA	NA	NA	NA	NA	NA	NA	NA
NA	NA	NA	NA	NA	NA	NA	NA	NA	NA	NA	NA
NA	NA	NA	NA	NA	NA	NA	NA	NA	NA	NA	NA
NA	NA	NA	NA	NA	NA	NA	NA	NA	NA	NA	NA
NA	NA	NA	NA	NA	NA	NA	NA	NA	NA	NA	NA
NA	NA	NA	NA	NA	NA	NA	NA	NA	NA	NA	NA
NA	NA	NA	NA	NA	NA	NA	NA	NA	NA	NA	NA
NA	NA	NA	NA	NA	NA	NA	NA	NA	NA	NA	NA
NA	NA	NA	NA	NA	NA	NA	NA	NA	NA	NA	NA
NA	NA	NA	NA	NA	NA	NA	NA	NA	NA	NA	NA
NA	NA	NA	NA	NA	NA	NA	NA	NA	NA	NA	NA
NA	NA	NA	NA	NA	NA	NA	NA	NA	NA	NA	NA
NA	NA	NA	NA	NA	NA	NA	NA	NA	NA	NA	NA
NA	NA	NA	NA	NA	NA	NA	NA	NA	NA	NA	NA
NA	NA	NA	NA	NA	NA	NA	NA	NA	NA	NA	NA
NA	NA	NA	NA	NA	NA	NA	NA	NA	NA	NA	NA
NA	NA	NA	NA	NA	NA	NA	NA	NA	NA	NA	NA
NA	NA	NA	NA	NA	NA	NA	NA	NA	NA	NA	NA
NA	NA	NA	NA	NA	NA	NA	NA	NA	NA	NA	NA
NA	NA	NA	NA	NA	NA	NA	NA	NA	NA	NA	NA
NA	NA	NA	NA	NA	NA	NA	NA	NA	NA	NA	NA
NA	NA	NA	NA	NA	NA	NA	NA	NA	NA	NA	NA
NA	NA	NA	NA	NA	NA	NA	NA	NA	NA	NA	NA
NA	NA	NA	NA	NA	NA	NA	NA	NA	NA	NA	NA
NA	NA	NA	NA	NA	NA	NA	NA	NA	NA	NA	NA
NA	NA	NA	NA	NA	NA	NA	NA	NA	NA	NA	NA
NA	NA	NA	NA	NA	NA	NA	NA	NA	NA	NA	NA
NA	NA	NA	NA	NA	NA	NA	NA	NA	NA	NA	NA
NA	NA	NA	NA	NA	NA	NA	NA	NA	NA	NA	NA
NA	NA	NA	NA	NA	NA	NA	NA	NA	NA	NA	NA
NA	NA	NA	NA	NA	NA	NA	NA	NA	NA	NA	NA
NA	NA	NA	NA	NA	NA	NA	NA	NA	NA	NA	NA
NA	NA	NA	NA	NA	NA	NA	NA	NA	NA	NA	NA
NA	NA	NA	NA	NA	NA	NA	NA	NA	NA	NA	NA
NA	NA	NA	NA	NA	NA	NA	NA	NA	NA	NA	NA
NA	NA	NA	NA	NA	NA	NA	NA	NA	NA	NA	NA
NA	NA	NA	NA	NA	NA	NA	NA	NA	NA	NA	NA
NA	NA	NA	NA	NA	NA	NA	NA	NA	NA	NA	NA
NA	NA	NA	NA	NA	NA	NA	NA	NA	NA	NA	NA
NA	NA	NA	NA	NA	NA	NA	NA	NA	NA	NA	NA
NA	NA	NA	NA	NA	NA	NA	NA	NA	NA	NA	NA
NA	NA	NA	NA	NA	NA	NA	NA	NA	NA	NA	NA
NA	NA	NA	NA	NA	NA	NA	NA	NA	NA	NA	NA
NA	NA	NA	NA	NA	NA	NA	NA	NA	NA	NA	NA
NA	NA	NA	NA	NA	NA	NA	NA	NA	NA	NA	NA
NA	NA	NA	NA	NA	NA	NA	NA	NA	NA	NA	NA
NA	NA	NA	NA	NA	NA	NA	NA	NA	NA	NA	NA
NA	NA	NA	NA	NA	NA	NA	NA	NA	NA	NA	NA
NA	NA	NA	NA	NA	NA	NA	NA	NA	NA	NA	NA
NA	NA	NA	NA	NA	NA	NA	NA	NA	NA	NA	NA
NA	NA	NA	NA	NA	NA	NA	NA	NA	NA	NA	NA
NA	NA	NA	NA	NA	NA	NA	NA	NA	NA	NA	NA
NA	NA	NA	NA	NA	NA	NA	NA	NA	NA	NA	NA
NA	NA	NA	NA	NA	NA	NA	NA	NA	NA	NA	NA
NA	NA	NA	NA	NA	NA	NA	NA	NA	NA	NA	NA
NA	NA	NA	NA	NA	NA	NA	NA	NA	NA	NA	NA
NA	NA	NA	NA	NA	NA	NA	NA	NA	NA	NA	NA
NA	NA	NA	NA	NA	NA	NA	NA	NA	NA	NA	NA
NA	NA	NA	NA	NA	NA	NA	NA	NA	NA	NA	NA
NA	NA	NA	NA	NA	NA	NA	NA	NA	NA	NA	NA
NA	NA	NA	NA	NA	NA	NA	NA	NA	NA	NA	NA
NA	NA	NA	NA	NA	NA	NA	NA	NA	NA	NA	NA
NA	NA	NA	NA	NA	NA	NA	NA	NA	NA	NA	NA
NA	NA	NA	NA	NA	NA	NA	NA	NA	NA	NA	NA
NA	NA	NA	NA	NA	NA	NA	NA	NA	NA	NA	NA
NA	NA	NA	NA	NA	NA	NA	NA	NA	NA	NA	NA
NA	NA	NA	NA	NA	NA	NA	NA	NA	NA	NA	NA
NA	NA	NA	NA	NA	NA	NA	NA	NA	NA	NA	NA
NA	NA	NA	NA	NA	NA	NA	NA	NA	NA	NA	NA
NA	NA	NA	NA	NA	NA	NA	NA	NA	NA	NA	NA
NA	NA	NA	NA	NA	NA	NA	NA	NA	NA	NA	NA
NA	NA	NA	NA	NA	NA	NA	NA	NA	NA	NA	NA
NA	NA	NA	NA	NA	NA	NA	NA	NA	NA	NA	NA
NA	NA	NA	NA	NA	NA	NA	NA	NA	NA	NA	NA
NA	NA	NA	NA	NA	NA	NA	NA	NA	NA	NA	NA
NA	NA	NA	NA	NA	NA	NA	NA	NA	NA	NA	NA
NA	NA	NA	NA	NA	NA	NA	NA	NA	NA	NA	NA
NA	NA	NA	NA	NA	NA	NA	NA	NA	NA	NA	NA
NA	NA	NA	NA	NA	NA	NA	NA	NA	NA	NA	NA
NA	NA	NA	NA	NA	NA	NA	NA	NA	NA	NA	NA
NA	NA	NA	NA	NA	NA	NA	NA	NA	NA	NA	NA
NA	NA	NA	NA	NA	NA	NA	NA	NA	NA	NA	NA
NA	NA	NA	NA	NA	NA	NA	NA	NA	NA	NA	NA
NA	NA	NA	NA	NA	NA	NA	NA	NA	NA	NA	NA
NA	NA	NA	NA	NA	NA	NA	NA	NA	NA	NA	NA
NA	NA	NA	NA	NA	NA	NA	NA	NA	NA	NA	NA
NA	NA	NA	NA	NA	NA	NA	NA	NA	NA	NA	NA
NA	NA	NA	NA	NA	NA	NA	NA	NA	NA	NA	NA
NA	NA	NA	NA	NA	NA	NA	NA	NA	NA	NA	NA
NA	NA	NA	NA	NA	NA	NA	NA	NA	NA	NA	NA
NA	NA	NA	NA	NA	NA	NA	NA	NA	NA	NA	NA
NA	NA	NA	NA	NA	NA	NA	NA	NA	NA	NA	NA
NA	NA	NA	NA	NA	NA	NA	NA	NA	NA	NA	NA
NA	NA	NA	NA	NA	NA	NA	NA	NA	NA	NA	NA
NA	NA	NA	NA	NA	NA	NA	NA	NA	NA	NA	NA
NA	NA	NA	NA	NA	NA	NA	NA	NA	NA	NA	NA
NA	NA	NA	NA	NA	NA	NA	NA	NA	NA	NA	NA
NA	NA	NA	NA	NA	NA	NA	NA	NA	NA	NA	NA
NA	NA	NA	NA	NA	NA	NA	NA	NA	NA	NA	NA
NA	NA	NA	NA	NA	NA	NA	NA	NA	NA	NA	NA
NA	NA	NA	NA	NA	NA	NA	NA	NA	NA	NA	NA
NA	NA	NA	NA	NA	NA	NA	NA	NA	NA	NA	NA
NA	NA	NA	NA	NA	NA	NA	NA	NA	NA	NA	NA
NA	NA	NA	NA	NA	NA	NA	NA	NA	NA	NA	NA
NA	NA	NA	NA	NA	NA	NA	NA	NA	NA	NA	NA
NA	NA	NA	NA	NA	NA	NA	NA	NA	NA	NA	NA
NA	NA	NA	NA	NA	NA	NA	NA	NA	NA	NA	NA
NA	NA	NA	NA	NA	NA	NA	NA	NA	NA	NA	NA
NA	NA	NA	NA	NA	NA	NA	NA	NA	NA	NA	NA
NA	NA	NA	NA	NA	NA	NA	NA	NA	NA	NA	NA
NA	NA	NA	NA	NA	NA	NA	NA	NA	NA	NA	NA
NA	NA	NA	NA	NA	NA	NA	NA	NA	NA	NA	NA
NA	NA	NA	NA	NA	NA	NA	NA	NA	NA	NA	NA
NA	NA	NA	NA	NA	NA	NA	NA	NA	NA	NA	NA
NA	NA	NA	NA	NA	NA	NA	NA	NA	NA	NA	NA
NA	NA	NA	NA	NA	NA	NA	NA	NA	NA	NA	NA
NA	NA	NA	NA	NA	NA	NA	NA	NA	NA	NA	NA
NA	NA	NA	NA	NA	NA	NA	NA	NA	NA	NA	NA
NA	NA	NA	NA	NA	NA	NA	NA	NA	NA	NA	NA
NA	NA	NA	NA	NA	NA	NA	NA	NA	NA	NA	NA
NA	NA	NA	NA	NA	NA	NA	NA	NA	NA	NA	NA
NA	NA	NA	NA	NA	NA	NA	NA	NA	NA	NA	NA
NA	NA	NA	NA	NA	NA	NA	NA	NA	NA	NA	NA
NA	NA	NA	NA	NA	NA	NA	NA	NA	NA	NA	NA
NA	NA	NA	NA	NA	NA	NA	NA	NA	NA	NA	NA
NA	NA	NA	NA	NA	NA	NA	NA	NA	NA	NA	NA
NA	NA	NA	NA	NA	NA	NA	NA	NA	NA	NA	NA
NA	NA	NA	NA	NA	NA	NA	NA	NA	NA	NA	NA
NA	NA	NA	NA	NA	NA	NA	NA	NA	NA	NA	NA
NA	NA	NA	NA	NA	NA	NA	NA	NA	NA	NA	NA
NA	NA	NA	NA	NA	NA	NA	NA	NA	NA	NA	NA
NA	NA	NA	NA	NA	NA	NA	NA	NA	NA	NA	NA
NA	NA	NA	NA	NA	NA	NA	NA	NA	NA	NA	NA
NA	NA	NA	NA	NA	NA	NA	NA	NA	NA	NA	NA
NA	NA	NA	NA	NA	NA	NA	NA	NA	NA	NA	NA
NA	NA	NA	NA	NA	NA	NA	NA	NA	NA	NA	NA
NA	NA	NA	NA	NA	NA	NA	NA	NA	NA	NA	NA
NA	NA	NA	NA	NA	NA	NA	NA	NA	NA	NA	NA
NA	NA	NA	NA	NA	NA	NA	NA	NA	NA	NA	NA
NA	NA	NA	NA	NA	NA	NA	NA	NA	NA	NA	NA
NA	NA	NA	NA	NA	NA	NA	NA	NA	NA	NA	NA
NA	NA	NA	NA	NA	NA	NA	NA	NA	NA	NA	NA
NA	NA	NA	NA	NA	NA	NA	NA	NA	NA	NA	NA
NA	NA	NA	NA	NA	NA	NA	NA	NA	NA	NA	NA
NA	NA	NA	NA	NA	NA	NA	NA	NA	NA	NA	NA
NA	NA	NA	NA	NA	NA	NA	NA	NA	NA	NA	NA
NA	NA	NA	NA	NA	NA	NA	NA	NA	NA	NA	NA
NA	NA	NA	NA	NA	NA	NA	NA	NA	NA	NA	NA
NA	NA	NA	NA	NA	NA	NA	NA	NA	NA	NA	NA
NA	NA	NA	NA	NA	NA	NA	NA	NA	NA	NA	NA
NA	NA	NA	NA	NA	NA	NA	NA	NA	NA	NA	NA
NA	NA	NA	NA	NA	NA	NA	NA	NA	NA	NA	NA
NA	NA	NA	NA	NA	NA	NA	NA	NA	NA	NA	NA
NA	NA	NA	NA	NA	NA	NA	NA	NA	NA	NA	NA
NA	NA	NA	NA	NA	NA	NA	NA	NA	NA	NA	NA
NA	NA	NA	NA	NA	NA	NA	NA	NA	NA	NA	NA
NA	NA	NA	NA	NA	NA	NA	NA	NA	NA	NA	NA
NA	NA	NA	NA	NA	NA	NA	NA	NA	NA	NA	NA
NA	NA	NA	NA	NA	NA	NA	NA	NA	NA	NA	NA
NA	NA	NA	NA	NA	NA	NA	NA	NA	NA	NA	NA
NA	NA	NA	NA	NA	NA	NA	NA	NA	NA	NA	NA
NA	NA	NA	NA	NA	NA	NA	NA	NA	NA	NA	NA
NA	NA	NA	NA	NA	NA	NA	NA	NA	NA	NA	NA
NA	NA	NA	NA	NA	NA	NA	NA	NA	NA	NA	NA
NA	NA	NA	NA	NA	NA	NA	NA	NA	NA	NA	NA
NA	NA	NA	NA	NA	NA	NA	NA	NA	NA	NA	NA
NA	NA	NA	NA	NA	NA	NA	NA	NA	NA	NA	NA
NA	NA	NA	NA	NA	NA	NA	NA	NA	NA	NA	NA
NA	NA	NA	NA	NA	NA	NA	NA	NA	NA	NA	NA
NA	NA	NA	NA	NA	NA	NA	NA	NA	NA	NA	NA
NA	NA	NA	NA	NA	NA	NA	NA	NA	NA	NA	NA
NA	NA	NA	NA	NA	NA	NA	NA	NA	NA	NA	NA
NA	NA	NA	NA	NA	NA	NA	NA	NA	NA	NA	NA
NA	NA	NA	NA	NA	NA	NA	NA	NA	NA	NA	NA
NA	NA	NA	NA	NA	NA	NA	NA	NA	NA	NA	NA
NA	NA	NA	NA	NA	NA	NA	NA	NA	NA	NA	NA
NA	NA	NA	NA	NA	NA	NA	NA	NA	NA	NA	NA
NA	NA	NA	NA	NA	NA	NA	NA	NA	NA	NA	NA
NA	NA	NA	NA	NA	NA	NA	NA	NA	NA	NA	NA
NA	NA	NA	NA	NA	NA	NA	NA	NA	NA	NA	NA
NA	NA	NA	NA	NA	NA	NA	NA	NA	NA	NA	NA
NA	NA	NA	NA	NA	NA	NA	NA	NA	NA	NA	NA
NA	NA	NA	NA	NA	NA	NA	NA	NA	NA	NA	NA
NA	NA	NA	NA	NA	NA	NA	NA	NA	NA	NA	NA
NA	NA	NA	NA	NA	NA	NA	NA	NA	NA	NA	NA
NA	NA	NA	NA	NA	NA	NA	NA	NA	NA	NA	NA
NA	NA	NA	NA	NA	NA	NA	NA	NA	NA	NA	NA
NA	NA	NA	NA	NA	NA	NA	NA	NA	NA	NA	NA
NA	NA	NA	NA	NA	NA	NA	NA	NA	NA	NA	NA
NA	NA	NA	NA	NA	NA	NA	NA	NA	NA	NA	NA
NA	NA	NA	NA	NA	NA	NA	NA	NA	NA	NA	NA
NA	NA	NA	NA	NA	NA	NA	NA	NA	NA	NA	NA
NA	NA	NA	NA	NA	NA	NA	NA	NA	NA	NA	NA
NA	NA	NA	NA	NA	NA	NA	NA	NA	NA	NA	NA
NA	NA	NA	NA	NA	NA	NA	NA	NA	NA	NA	NA
NA	NA	NA	NA	NA	NA	NA	NA	NA	NA	NA	NA
NA	NA	NA	NA	NA	NA	NA	NA	NA	NA	NA	NA
NA	NA	NA	NA	NA	NA	NA	NA	NA	NA	NA	NA
NA	NA	NA	NA	NA	NA	NA	NA	NA	NA	NA	NA
NA	NA	NA	NA	NA	NA	NA	NA	NA	NA	NA	NA
NA	NA	NA	NA	NA	NA	NA	NA	NA	NA	NA	NA
NA	NA	NA	NA	NA	NA	NA	NA	NA	NA	NA	NA
NA	NA	NA	NA	NA	NA	NA	NA	NA	NA	NA	NA
NA	NA	NA	NA	NA	NA	NA	NA	NA	NA	NA	NA
NA	NA	NA	NA	NA	NA	NA	NA	NA	NA	NA	NA
NA	NA	NA	NA	NA	NA	NA	NA	NA	NA	NA	NA
NA	NA	NA	NA	NA	NA	NA	NA	NA	NA	NA	NA
NA	NA	NA	NA	NA	NA	NA	NA	NA	NA	NA	NA
NA	NA	NA	NA	NA	NA	NA	NA	NA	NA	NA	NA
NA	NA	NA	NA	NA	NA	NA	NA	NA	NA	NA	NA
NA	NA	NA	NA	NA	NA	NA	NA	NA	NA	NA	NA
NA	NA	NA	NA	NA	NA	NA	NA	NA	NA	NA	NA
NA	NA	NA	NA	NA	NA	NA	NA	NA	NA	NA	NA
NA	NA	NA	NA	NA	NA	NA	NA	NA	NA	NA	NA
NA	NA	NA	NA	NA	NA	NA	NA	NA	NA	NA	NA
NA	NA	NA	NA	NA	NA	NA	NA	NA	NA	NA	NA
NA	NA	NA	NA	NA	NA	NA	NA	NA	NA	NA	NA
NA	NA	NA	NA	NA	NA	NA	NA	NA	NA	NA	NA
NA	NA	NA	NA	NA	NA	NA	NA	NA	NA	NA	NA
NA	NA	NA	NA	NA	NA	NA	NA	NA	NA	NA	NA
NA	NA	NA	NA	NA	NA	NA	NA	NA	NA	NA	NA
NA	NA	NA	NA	NA	NA	NA	NA	NA	NA	NA	NA
NA	NA	NA	NA	NA	NA	NA	NA	NA	NA	NA	NA
NA	NA	NA	NA	NA	NA	NA	NA	NA	NA	NA	NA
NA	NA	NA	NA	NA	NA	NA	NA	NA	NA	NA	NA
NA	NA	NA	NA	NA	NA	NA	NA	NA	NA	NA	NA
NA	NA	NA	NA	NA	NA	NA	NA	NA	NA	NA	NA
NA	NA	NA	NA	NA	NA	NA	NA	NA	NA	NA	NA
NA	NA	NA	NA	NA	NA	NA	NA	NA	NA	NA	NA
NA	NA	NA	NA	NA	NA	NA	NA	NA	NA	NA	NA
NA	NA	NA	NA	NA	NA	NA	NA	NA	NA	NA	NA
NA	NA	NA	NA	NA	NA	NA	NA	NA	NA	NA	NA
NA	NA	NA	NA	NA	NA	NA	NA	NA	NA	NA	NA
NA	NA	NA	NA	NA	NA	NA	NA	NA	NA	NA	NA
NA	NA	NA	NA	NA	NA	NA	NA	NA	NA	NA	NA
NA	NA	NA	NA	NA	NA	NA	NA	NA	NA	NA	NA
NA	NA	NA	NA	NA	NA	NA	NA	NA	NA	NA	NA
NA	NA	NA	NA	NA	NA	NA	NA	NA	NA	NA	NA
NA	NA	NA	NA	NA	NA	NA	NA	NA	NA	NA	NA
NA	NA	NA	NA	NA	NA	NA	NA	NA	NA	NA	NA
NA	NA	NA	NA	NA	NA	NA	NA	NA	NA	NA	NA
NA	NA	NA	NA	NA	NA	NA	NA	NA	NA	NA	NA
NA	NA	NA	NA	NA	NA	NA	NA	NA	NA	NA	NA
NA	NA	NA	NA	NA	NA	NA	NA	NA	NA	NA	NA
NA	NA	NA	NA	NA	NA	NA	NA	NA	NA	NA	NA
NA	NA	NA	NA	NA	NA	NA	NA	NA	NA	NA	NA
NA	NA	NA	NA	NA	NA	NA	NA	NA	NA	NA	NA
NA	NA	NA	NA	NA	NA	NA	NA	NA	NA	NA	NA
NA	NA	NA	NA	NA	NA	NA	NA	NA	NA	NA	NA
NA	NA	NA	NA	NA	NA	NA	NA	NA	NA	NA	NA
NA	NA	NA	NA	NA	NA	NA	NA	NA	NA	NA	NA
NA	NA	NA	NA	NA	NA	NA	NA	NA	NA	NA	NA
NA	NA	NA	NA	NA	NA	NA	NA	NA	NA	NA	NA
NA	NA	NA	NA	NA	NA	NA	NA	NA	NA	NA	NA
NA	NA	NA	NA	NA	NA	NA	NA	NA	NA	NA	NA
NA	NA	NA	NA	NA	NA	NA	NA	NA	NA	NA	NA
NA	NA	NA	NA	NA	NA	NA	NA	NA	NA	NA	NA
NA	NA	NA	NA	NA	NA	NA	NA	NA	NA	NA	NA
NA	NA	NA	NA	NA	NA	NA	NA	NA	NA	NA	NA
NA	NA	NA	NA	NA	NA	NA	NA	NA	NA	NA	NA
NA	NA	NA	NA	NA	NA	NA	NA	NA	NA	NA	NA
NA	NA	NA	NA	NA	NA	NA	NA	NA	NA	NA	NA
NA	NA	NA	NA	NA	NA	NA	NA	NA	NA	NA	NA
NA	NA	NA	NA	NA	NA	NA	NA	NA	NA	NA	NA
NA	NA	NA	NA	NA	NA	NA	NA	NA	NA	NA	NA
NA	NA	NA	NA	NA	NA	NA	NA	NA	NA	NA	NA
NA	NA	NA	NA	NA	NA	NA	NA	NA	NA	NA	NA
NA	NA	NA	NA	NA	NA	NA	NA	NA	NA	NA	NA
NA	NA	NA	NA	NA	NA	NA	NA	NA	NA	NA	NA
NA	NA	NA	NA	NA	NA	NA	NA	NA	NA	NA	NA
NA	NA	NA	NA	NA	NA	NA	NA	NA	NA	NA	NA
NA	NA	NA	NA	NA	NA	NA	NA	NA	NA	NA	NA
NA	NA	NA	NA	NA	NA	NA	NA	NA	NA	NA	NA
NA	NA	NA	NA	NA	NA	NA	NA	NA	NA	NA	NA
NA	NA	NA	NA	NA	NA	NA	NA	NA	NA	NA	NA
NA	NA	NA	NA	NA	NA	NA	NA	NA	NA	NA	NA
NA	NA	NA	NA	NA	NA	NA	NA	NA	NA	NA	NA
NA	NA	NA	NA	NA	NA	NA	NA	NA	NA	NA	NA
NA	NA	NA	NA	NA	NA	NA	NA	NA	NA	NA	NA
NA	NA	NA	NA	NA	NA	NA	NA	NA	NA	NA	NA
NA	NA	NA	NA	NA	NA	NA	NA	NA	NA	NA	NA
NA	NA	NA	NA	NA	NA	NA	NA	NA	NA	NA	NA
NA	NA	NA	NA	NA	NA	NA	NA	NA	NA	NA	NA
NA	NA	NA	NA	NA	NA	NA	NA	NA	NA	NA	NA
NA	NA	NA	NA	NA	NA	NA	NA	NA	NA	NA	NA
NA	NA	NA	NA	NA	NA	NA	NA	NA	NA	NA	NA
NA	NA	NA	NA	NA	NA	NA	NA	NA	NA	NA	NA
NA	NA	NA	NA	NA	NA	NA	NA	NA	NA	NA	NA
NA	NA	NA	NA	NA	NA	NA	NA	NA	NA	NA	NA
NA	NA	NA	NA	NA	NA	NA	NA	NA	NA	NA	NA
NA	NA	NA	NA	NA	NA	NA	NA	NA	NA	NA	NA
NA	NA	NA	NA	NA	NA	NA	NA	NA	NA	NA	NA
NA	NA	NA	NA	NA	NA	NA	NA	NA	NA	NA	NA
NA	NA	NA	NA	NA	NA	NA	NA	NA	NA	NA	NA
NA	NA	NA	NA	NA	NA	NA	NA	NA	NA	NA	NA
NA	NA	NA	NA	NA	NA	NA	NA	NA	NA	NA	NA
NA	NA	NA	NA	NA	NA	NA	NA	NA	NA	NA	NA
NA	NA	NA	NA	NA	NA	NA	NA	NA	NA	NA	NA
NA	NA	NA	NA	NA	NA	NA	NA	NA	NA	NA	NA
NA	NA	NA	NA	NA	NA	NA	NA	NA	NA	NA	NA
NA	NA	NA	NA	NA	NA	NA	NA	NA	NA	NA	NA
NA	NA	NA	NA	NA	NA	NA	NA	NA	NA	NA	NA
NA	NA	NA	NA	NA	NA	NA	NA	NA	NA	NA	NA
NA	NA	NA	NA	NA	NA	NA	NA	NA	NA	NA	NA
NA	NA	NA	NA	NA	NA	NA	NA	NA	NA	NA	NA
NA	NA	NA	NA	NA	NA	NA	NA	NA	NA	NA	NA
NA	NA	NA	NA	NA	NA	NA	NA	NA	NA	NA	NA
NA	NA	NA	NA	NA	NA	NA	NA	NA	NA	NA	NA
NA	NA	NA	NA	NA	NA	NA	NA	NA	NA	NA	NA
NA	NA	NA	NA	NA	NA	NA	NA	NA	NA	NA	NA
NA	NA	NA	NA	NA	NA	NA	NA	NA	NA	NA	NA
NA	NA	NA	NA	NA	NA	NA	NA	NA	NA	NA	NA
NA	NA	NA	NA	NA	NA	NA	NA	NA	NA	NA	NA
NA	NA	NA	NA	NA	NA	NA	NA	NA	NA	NA	NA
NA	NA	NA	NA	NA	NA	NA	NA	NA	NA	NA	NA
NA	NA	NA	NA	NA	NA	NA	NA	NA	NA	NA	NA
NA	NA	NA	NA	NA	NA	NA	NA	NA	NA	NA	NA
NA	NA	NA	NA	NA	NA	NA	NA	NA	NA	NA	NA
NA	NA	NA	NA	NA	NA	NA	NA	NA	NA	NA	NA
NA	NA	NA	NA	NA	NA	NA	NA	NA	NA	NA	NA
NA	NA	NA	NA	NA	NA	NA	NA	NA	NA	NA	NA
NA	NA	NA	NA	NA	NA	NA	NA	NA	NA	NA	NA
NA	NA	NA	NA	NA	NA	NA	NA	NA	NA	NA	NA
NA	NA	NA	NA	NA	NA	NA	NA	NA	NA	NA	NA
NA	NA	NA	NA	NA	NA	NA	NA	NA	NA	NA	NA
NA	NA	NA	NA	NA	NA	NA	NA	NA	NA	NA	NA
NA	NA	NA	NA	NA	NA	NA	NA	NA	NA	NA	NA
