X1	X2	X3	X4	X1.1	X2.1	X3.1	X4.1	X1.2	X2.2	X3.2	X4.2
NA	NA	NA	NA	NA	NA	NA	NA	NA	NA	NA	NA
NA	NA	NA	NA	NA	NA	NA	NA	NA	NA	NA	NA
NA	NA	NA	NA	NA	NA	NA	NA	NA	NA	NA	NA
NA	NA	NA	NA	NA	NA	NA	NA	NA	NA	NA	NA
NA	NA	NA	NA	NA	NA	NA	NA	NA	NA	NA	NA
NA	NA	NA	NA	NA	NA	NA	NA	NA	NA	NA	NA
NA	NA	NA	NA	NA	NA	NA	NA	NA	NA	NA	NA
NA	NA	NA	NA	NA	NA	NA	NA	NA	NA	NA	NA
NA	NA	NA	NA	NA	NA	NA	NA	NA	NA	NA	NA
NA	NA	NA	NA	NA	NA	NA	NA	NA	NA	NA	NA
NA	NA	NA	NA	NA	NA	NA	NA	NA	NA	NA	NA
NA	NA	NA	NA	NA	NA	NA	NA	NA	NA	NA	NA
NA	NA	NA	NA	NA	NA	NA	NA	NA	NA	NA	NA
NA	NA	NA	NA	NA	NA	NA	NA	NA	NA	NA	NA
NA	NA	NA	NA	NA	NA	NA	NA	NA	NA	NA	NA
NA	NA	NA	NA	NA	NA	NA	NA	NA	NA	NA	NA
NA	NA	NA	NA	NA	NA	NA	NA	NA	NA	NA	NA
NA	NA	NA	NA	NA	NA	NA	NA	NA	NA	NA	NA
NA	NA	NA	NA	NA	NA	NA	NA	NA	NA	NA	NA
NA	NA	NA	NA	NA	NA	NA	NA	NA	NA	NA	NA
NA	NA	NA	NA	NA	NA	NA	NA	NA	NA	NA	NA
NA	NA	NA	NA	NA	NA	NA	NA	NA	NA	NA	NA
NA	NA	NA	NA	NA	NA	NA	NA	NA	NA	NA	NA
NA	NA	NA	NA	NA	NA	NA	NA	NA	NA	NA	NA
NA	NA	NA	NA	NA	NA	NA	NA	NA	NA	NA	NA
NA	NA	NA	NA	NA	NA	NA	NA	NA	NA	NA	NA
NA	NA	NA	NA	NA	NA	NA	NA	NA	NA	NA	NA
NA	NA	NA	NA	NA	NA	NA	NA	NA	NA	NA	NA
NA	NA	NA	NA	NA	NA	NA	NA	NA	NA	NA	NA
NA	NA	NA	NA	NA	NA	NA	NA	NA	NA	NA	NA
NA	NA	NA	NA	NA	NA	NA	NA	NA	NA	NA	NA
NA	NA	NA	NA	NA	NA	NA	NA	NA	NA	NA	NA
NA	NA	NA	NA	NA	NA	NA	NA	NA	NA	NA	NA
NA	NA	NA	NA	NA	NA	NA	NA	NA	NA	NA	NA
NA	NA	NA	NA	NA	NA	NA	NA	NA	NA	NA	NA
NA	NA	NA	NA	NA	NA	NA	NA	NA	NA	NA	NA
NA	NA	NA	NA	NA	NA	NA	NA	NA	NA	NA	NA
NA	NA	NA	NA	NA	NA	NA	NA	NA	NA	NA	NA
NA	NA	NA	NA	NA	NA	NA	NA	NA	NA	NA	NA
NA	NA	NA	NA	NA	NA	NA	NA	NA	NA	NA	NA
NA	NA	NA	NA	NA	NA	NA	NA	NA	NA	NA	NA
NA	NA	NA	NA	NA	NA	NA	NA	NA	NA	NA	NA
NA	NA	NA	NA	NA	NA	NA	NA	NA	NA	NA	NA
NA	NA	NA	NA	NA	NA	NA	NA	NA	NA	NA	NA
NA	NA	NA	NA	NA	NA	NA	NA	NA	NA	NA	NA
NA	NA	NA	NA	NA	NA	NA	NA	NA	NA	NA	NA
NA	NA	NA	NA	NA	NA	NA	NA	NA	NA	NA	NA
NA	NA	NA	NA	NA	NA	NA	NA	NA	NA	NA	NA
NA	NA	NA	NA	NA	NA	NA	NA	NA	NA	NA	NA
NA	NA	NA	NA	NA	NA	NA	NA	NA	NA	NA	NA
NA	NA	NA	NA	NA	NA	NA	NA	NA	NA	NA	NA
NA	NA	NA	NA	NA	NA	NA	NA	NA	NA	NA	NA
NA	NA	NA	NA	NA	NA	NA	NA	NA	NA	NA	NA
NA	NA	NA	NA	NA	NA	NA	NA	NA	NA	NA	NA
NA	NA	NA	NA	NA	NA	NA	NA	NA	NA	NA	NA
NA	NA	NA	NA	NA	NA	NA	NA	NA	NA	NA	NA
NA	NA	NA	NA	NA	NA	NA	NA	NA	NA	NA	NA
NA	NA	NA	NA	NA	NA	NA	NA	NA	NA	NA	NA
NA	NA	NA	NA	NA	NA	NA	NA	NA	NA	NA	NA
NA	NA	NA	NA	NA	NA	NA	NA	NA	NA	NA	NA
NA	NA	NA	NA	NA	NA	NA	NA	NA	NA	NA	NA
NA	NA	NA	NA	NA	NA	NA	NA	NA	NA	NA	NA
NA	NA	NA	NA	NA	NA	NA	NA	NA	NA	NA	NA
NA	NA	NA	NA	NA	NA	NA	NA	NA	NA	NA	NA
NA	NA	NA	NA	NA	NA	NA	NA	NA	NA	NA	NA
NA	NA	NA	NA	NA	NA	NA	NA	NA	NA	NA	NA
NA	NA	NA	NA	NA	NA	NA	NA	NA	NA	NA	NA
NA	NA	NA	NA	NA	NA	NA	NA	NA	NA	NA	NA
NA	NA	NA	NA	NA	NA	NA	NA	NA	NA	NA	NA
NA	NA	NA	NA	NA	NA	NA	NA	NA	NA	NA	NA
NA	NA	NA	NA	NA	NA	NA	NA	NA	NA	NA	NA
NA	NA	NA	NA	NA	NA	NA	NA	NA	NA	NA	NA
NA	NA	NA	NA	NA	NA	NA	NA	NA	NA	NA	NA
NA	NA	NA	NA	NA	NA	NA	NA	NA	NA	NA	NA
NA	NA	NA	NA	NA	NA	NA	NA	NA	NA	NA	NA
NA	NA	NA	NA	NA	NA	NA	NA	NA	NA	NA	NA
NA	NA	NA	NA	NA	NA	NA	NA	NA	NA	NA	NA
NA	NA	NA	NA	NA	NA	NA	NA	NA	NA	NA	NA
NA	NA	NA	NA	NA	NA	NA	NA	NA	NA	NA	NA
NA	NA	NA	NA	NA	NA	NA	NA	NA	NA	NA	NA
NA	NA	NA	NA	NA	NA	NA	NA	NA	NA	NA	NA
NA	NA	NA	NA	NA	NA	NA	NA	NA	NA	NA	NA
NA	NA	NA	NA	NA	NA	NA	NA	NA	NA	NA	NA
NA	NA	NA	NA	NA	NA	NA	NA	NA	NA	NA	NA
NA	NA	NA	NA	NA	NA	NA	NA	NA	NA	NA	NA
NA	NA	NA	NA	NA	NA	NA	NA	NA	NA	NA	NA
NA	NA	NA	NA	NA	NA	NA	NA	NA	NA	NA	NA
NA	NA	NA	NA	NA	NA	NA	NA	NA	NA	NA	NA
NA	NA	NA	NA	NA	NA	NA	NA	NA	NA	NA	NA
NA	NA	NA	NA	NA	NA	NA	NA	NA	NA	NA	NA
NA	NA	NA	NA	NA	NA	NA	NA	NA	NA	NA	NA
NA	NA	NA	NA	NA	NA	NA	NA	NA	NA	NA	NA
NA	NA	NA	NA	NA	NA	NA	NA	NA	NA	NA	NA
NA	NA	NA	NA	NA	NA	NA	NA	NA	NA	NA	NA
NA	NA	NA	NA	NA	NA	NA	NA	NA	NA	NA	NA
NA	NA	NA	NA	NA	NA	NA	NA	NA	NA	NA	NA
NA	NA	NA	NA	NA	NA	NA	NA	NA	NA	NA	NA
NA	NA	NA	NA	NA	NA	NA	NA	NA	NA	NA	NA
NA	NA	NA	NA	NA	NA	NA	NA	NA	NA	NA	NA
NA	NA	NA	NA	NA	NA	NA	NA	NA	NA	NA	NA
2.06724759711054	0.32186923971584	1.43638388726749	2.69811130695359	2.12946748309101	0.427241882234614	1.29207339391117	2.96686157227085	2.12946748309101	0.32186923971584	1.41394887481877	2.64109882395548
2.12985813394946	0.158363347853433	1.81946597215673	2.44025029574219	2.14105429484765	0.21055213214858	1.72837211583644	2.55373647385887	2.14105429484765	0.158363347853433	1.82578066378097	2.45473103015076
1.85067265946251	0.199645409806437	1.45936765624189	2.24197766268313	1.94811768376097	0.27242913499754	1.41415657916579	2.48207878835615	1.94811768376097	0.199645409806437	1.52759637041959	2.3110753231275
1.55938329114971	0.340798772983677	0.891417696101706	2.22734888619772	1.73069084056283	0.439390399739816	0.869485657072788	2.59189602405287	1.73069084056283	0.340798772983677	1.04018873608209	2.263294133155
1.77790374087767	0.163880120492113	1.45669870471313	2.09910877704221	1.83952736901483	0.219354616568694	1.40959232054019	2.26946241748947	1.83952736901483	0.163880120492113	1.48568480878798	2.1306092785579
2.15008176425254	0.141817740044682	1.87211899376496	2.42804453474012	2.12941006443236	0.188652771347487	1.75965063259129	2.49916949627343	2.12941006443236	0.141817740044682	1.84981441835434	2.39973538032396
1.88147229651015	0.154211514896795	1.57921772731243	2.18372686570787	1.95073365112144	0.210054087025206	1.53902764055203	2.36243966169084	1.95073365112144	0.154211514896795	1.61191781739376	2.23670013386926
1.95816095539771	0.152068738859576	1.66010622723294	2.25621568356248	1.99348046702879	0.197652077415982	1.60608239529346	2.38087853876411	1.99348046702879	0.152068738859576	1.69680795760384	2.28384035117217
1.87826680689697	0.200009230876276	1.48624871437947	2.27028489941447	1.82106529104456	0.261587534009917	1.30835372438512	2.33377685770399	1.82106529104456	0.200009230876276	1.43013162581151	2.19512370219367
2.10477698978723	0.198476578122888	1.71576289666637	2.49379108290809	2.04027957855898	0.253734466339743	1.54296002453308	2.53759913258487	2.04027957855898	0.198476578122888	1.61664678925694	2.36809327575092
1.70413824973958	0.246938813206164	1.2201381758555	2.18813832362366	1.83213635250514	0.337848202912389	1.16995387479686	2.49431883021342	1.83213635250514	0.246938813206164	1.32686648204733	2.26051466214066
2.24378674553033	0.110699943575127	2.02681485612308	2.46075863493758	2.26469364510292	0.141726125618765	1.98691043889014	2.5424768513157	2.26469364510292	0.110699943575127	2.04722711214021	2.48132864082812
2.29993700085168	0.18524051955607	1.93686558252178	2.66300841918157	2.24818905939756	0.246237726643349	1.7655631151766	2.73081500361853	2.24818905939756	0.18524051955607	1.85600519578181	2.60884816840245
1.74539498729862	0.129624288898723	1.49133138105712	1.99945859354011	1.75800645243808	0.175667642822447	1.41369787250608	2.10231503237007	1.75800645243808	0.129624288898723	1.49084335995876	2.00657827435602
2.22177249069008	0.146524616301487	1.93458424273916	2.50896073864099	2.23633272918797	0.196688467143732	1.85082333358625	2.62184212478968	2.23633272918797	0.146524616301487	1.96518090867933	2.54616677302398
2.1759819713712	0.172191938759476	1.83848577140262	2.51347817133977	2.18288006314631	0.228946675711593	1.73414457875158	2.63161554754103	2.18288006314631	0.172191938759476	1.81341570682923	2.49741370495556
1.91858834208454	0.155164102652054	1.61446670088652	2.22270998328257	1.86213525301066	0.207282564081098	1.45586142741171	2.26840907860962	1.86213525301066	0.155164102652054	1.53543300238711	2.14296772892273
1.79080817230252	0.169474336906144	1.45863847196648	2.12297787263856	1.76384061260714	0.224182416344155	1.3244430765726	2.20323814864168	1.76384061260714	0.169474336906144	1.43437104909849	2.07646229263763
2.16321296713504	0.121482670764893	1.92510693243585	2.40131900183423	2.16803898484033	0.161882119642186	1.85075003034164	2.48532793933901	2.16803898484033	0.121482670764893	1.91857556455849	2.39342960728601
2.10681406956331	0.120025662235795	1.87156377158115	2.34206436754546	2.08862921922204	0.160416700512077	1.77421248621837	2.40304595222572	2.08862921922204	0.120025662235795	1.85869264255328	2.31076341501492
2.01526666235871	0.137147840144379	1.74645689567572	2.28407642904169	2.02704431151835	0.182084845002117	1.6701580153142	2.3839306077225	2.02704431151835	0.137147840144379	1.75877158226282	2.29656395617076
2.18861913954195	0.142413387320562	1.90948890039365	2.46774937869025	2.19539905734211	0.199563148381814	1.80425528651376	2.58654282817047	2.19539905734211	0.142413387320562	1.90815481318856	2.47473375690701
2.01525820701293	0.125277236193521	1.76971482407363	2.26080158995223	2.0759526667505	0.171418643317653	1.7399721258479	2.41193320765309	2.0759526667505	0.125277236193521	1.82555788575436	2.3278846162475
2.14770797273394	0.150889607127886	1.85196434276328	2.44345160270459	2.23860457848744	0.192751602354128	1.86081143787335	2.61639771910153	2.23860457848744	0.150889607127886	1.92552030552682	2.51635288579162
2.08520404445117	0.156988648581833	1.77750629323078	2.39290179567156	2.09868718079707	0.21246711298046	1.68225163935537	2.51512272223877	2.09868718079707	0.156988648581833	1.77823670566147	2.38751132760472
2.28223598267112	0.147587961381845	1.9929635783627	2.57150838697954	2.18722205715591	0.189836860180226	1.81514181120266	2.55930230310915	2.18722205715591	0.147587961381845	1.87765373432224	2.44983014589873
2.18758109451161	0.136843163917585	1.91936849323314	2.45579369579007	2.20223148624875	0.175475812580069	1.85829889359181	2.54616407890569	2.20223148624875	0.136843163917585	1.93103413109983	2.45554535430753
2.01912058628516	0.141975891439939	1.74084783906288	2.29739333350744	2.07006124298343	0.186628241975355	1.70426988871173	2.43585259725513	2.07006124298343	0.141975891439939	1.79173578981221	2.32903753337031
1.80026900497684	0.265979259285134	1.27894965677798	2.3215883531757	1.88570454980244	0.343812508796896	1.21183203256052	2.55957706704435	1.88570454980244	0.265979259285134	1.32307608113051	2.32497553156728
2.05935416034799	0.168498169299184	1.72909774852159	2.38961057217439	2.01375283478226	0.218675115252617	1.58514960888713	2.44235606067739	2.01375283478226	0.168498169299184	1.6421629230973	2.33060293054228
2.13031700201504	0.122520203965384	1.89017740224289	2.3704566017872	2.10083195605984	0.159118739719519	1.78895922620958	2.4127046859101	2.10083195605984	0.122520203965384	1.87020073686517	2.3410243256998
1.90808704478616	0.130063690161515	1.65316221206959	2.16301187750273	1.97217723054512	0.179235830817704	1.62087500214242	2.32347945894782	1.97217723054512	0.130063690161515	1.71979205233202	2.22236083647714
2.11966202999526	0.11720252873475	1.88994507367515	2.34937898631537	2.08054519300575	0.154627969014265	1.77747437373779	2.38361601227371	2.08054519300575	0.11720252873475	1.83750574197633	2.30157869702972
1.79261185284262	0.272645200884728	1.25822725910855	2.32699644657668	1.86879118473023	0.354979992161265	1.17303040009415	2.56455196936631	1.86879118473023	0.272645200884728	1.26852263708547	2.32087992895227
1.9773624623995	0.154226497227558	1.67507852783348	2.27964639696551	1.92916806698906	0.208920027416007	1.51968481325369	2.33865132072444	1.92916806698906	0.154226497227558	1.60844000205121	2.20332649062958
1.97301126495006	0.167805260409669	1.64411295454711	2.30190957535301	1.98919994662318	0.221132482472626	1.55578028097683	2.42261961226952	1.98919994662318	0.167805260409669	1.66738874990453	2.30232620216585
1.95353058735164	0.155489310850623	1.64877153808442	2.25828963661886	1.97472169448523	0.210679732307667	1.5617894191622	2.38765396980826	1.97472169448523	0.155489310850623	1.65871909811125	2.25638790398446
2.09018791870334	0.137852561490122	1.8199968981827	2.36037893922398	2.06980571614658	0.181541057027319	1.71398524437304	2.42562618792013	2.06980571614658	0.137852561490122	1.78054880280957	2.32969897139685
1.97186788501026	0.165929499343251	1.64664606629749	2.29708970372303	1.94250679755322	0.21985556876474	1.51158988277433	2.37342371233211	1.94250679755322	0.165929499343251	1.60410561195926	2.25559704086883
1.85753938679563	0.185086464599979	1.49476991617967	2.22030885741159	1.86817662233507	0.24054830790506	1.39670193884115	2.33965130582899	1.86817662233507	0.185086464599979	1.44540108702771	2.18493479910789
1.97500657336619	0.301884177827862	1.38331358482358	2.5666995619088	2.01828567533613	0.40183560227269	1.23068789488166	2.8058834557906	2.01828567533613	0.301884177827862	1.39613353641436	2.57910191054861
2.06465479915866	0.125480816230737	1.81871239934642	2.31059719897091	2.08054932770145	0.167813698025594	1.75163447957129	2.40946417583161	2.08054932770145	0.125480816230737	1.82783339386994	2.308851600297
2.25840625825124	0.142964939365993	1.97819497709389	2.53861753940858	2.23236046380292	0.18742770601905	1.86500216000558	2.59971876760025	2.23236046380292	0.142964939365993	1.94991694420914	2.51677961744493
2.13872545649527	0.128375056325774	1.88711034609675	2.39034056689378	2.11427504250159	0.174654537742723	1.77195214852585	2.45659793647732	2.11427504250159	0.128375056325774	1.86818946319214	2.37366690027012
2.07721607805639	0.17779645897253	1.72873501847023	2.42569713764255	2.07114179844467	0.238011898666446	1.60463847705844	2.53764511983091	2.07114179844467	0.17779645897253	1.68594508358693	2.38258982059191
2.40479178529344	0.130476850400017	2.1490571585094	2.66052641207747	2.39040748031275	0.173041828206378	2.05124549702825	2.72956946359725	2.39040748031275	0.130476850400017	2.14038114010125	2.63523744201896
2.01936285546139	0.16402990661958	1.69786423848701	2.34086147243576	2.00300018036149	0.214491389884626	1.58259705618762	2.42340330453536	2.00300018036149	0.16402990661958	1.64702304597242	2.29110018582024
2.19774891132182	0.111035874978241	1.98011859636447	2.41537922627917	2.1840073527641	0.147225945809877	1.89544449897675	2.47257020655146	2.1840073527641	0.111035874978241	1.96098959748963	2.40333378575907
1.78855637963623	0.153355784979966	1.4879790410755	2.08913371819696	1.87777557377409	0.195764738387	1.49407668653557	2.26147446101261	1.87777557377409	0.153355784979966	1.5831514447973	2.16526507282181
2.16713817210323	0.101941560540826	1.96733271344321	2.36694363076324	2.17121787854076	0.136596419654479	1.90348889601799	2.43894686106354	2.17121787854076	0.101941560540826	1.97080686377351	2.37138308504991
1.63940932885154	0.276666248288939	1.09714348220522	2.18167517549786	1.76434534186606	0.369606725212689	1.03991616044919	2.48877452328293	1.76434534186606	0.276666248288939	1.1801025940324	2.22211532351983
1.99933658442958	0.129263440601307	1.74598024085102	2.25269292800815	1.98251809479731	0.170605732302539	1.64813085948433	2.31690533011028	1.98251809479731	0.129263440601307	1.72042638543282	2.22732768223158
2.03451525348396	0.156854773499877	1.7270798974242	2.34195060954372	2.04314730112527	0.21313397883495	1.62540470260877	2.46088989964178	2.04314730112527	0.156854773499877	1.72327353693867	2.34384481544355
2.05213492034118	0.1191368319198	1.81862672977837	2.28564311090399	2.08861023822236	0.156370800033403	1.78212347015689	2.39509700628783	2.08861023822236	0.1191368319198	1.82160845602931	2.31019844684125
2.1815500101635	0.0990544863784156	1.9874032168618	2.37569680346519	2.15626820476616	0.130671677110616	1.90015171762936	2.41238469190297	2.15626820476616	0.0990544863784156	1.96571282141017	2.33887957683273
1.97078983350083	0.149350622953569	1.67806261251184	2.26351705448983	1.94446547811317	0.194943935226689	1.56237536506885	2.32655559115748	1.94446547811317	0.149350622953569	1.63088703684877	2.23181294089557
1.83931384993079	0.163940610896558	1.51799025257354	2.16063744728804	1.8083631388663	0.228202695227189	1.36108585622101	2.25564042151159	1.8083631388663	0.163940610896558	1.48612677238776	2.11556900506476
2.07444064659804	0.114405433128085	1.850205997667	2.29867529552909	2.08266112387508	0.153740705898121	1.78132934031476	2.3839929074354	2.08266112387508	0.114405433128085	1.84725192510766	2.29410974222858
2.00089421429241	0.16321924522257	1.68098449365618	2.32080393492865	2.04211364550403	0.216803066973387	1.61717963423619	2.46704765677187	2.04211364550403	0.16321924522257	1.71062250841465	2.38771454937091
2.274920580986	0.0927781714883876	2.09307536486876	2.45676579710324	2.25238251819753	0.122025488795848	2.01321256015767	2.49155247623739	2.25238251819753	0.0927781714883876	2.06514166431323	2.42869503386407
2.21662946545958	0.158579175314788	1.9058142818426	2.52744464907657	2.16136980024491	0.211781638800399	1.74627778819613	2.57646181229369	2.16136980024491	0.158579175314788	1.82216171585384	2.43991424816345
2.10849044395496	0.165952138633758	1.78322425223279	2.43375663567712	2.12337048605455	0.211085024136998	1.70964383874604	2.53709713336307	2.12337048605455	0.165952138633758	1.79913156713409	2.42493625210885
2.04122862511725	0.125762004548099	1.79473509620298	2.28772215403152	2.10117150595763	0.158771017309438	1.78998031203113	2.41236269988413	2.10117150595763	0.125762004548099	1.86414794208917	2.36136913452509
2.07125616135542	0.132059003739092	1.8124205140268	2.33009180868405	2.05774786606286	0.175885364626011	1.71301255139588	2.40248318072984	2.05774786606286	0.132059003739092	1.77628095139213	2.30996726922008
2.12553027315574	0.135959101314373	1.85905043457957	2.39201011173191	2.17023228389855	0.190199946250669	1.79744038924724	2.54302417854986	2.17023228389855	0.135959101314373	1.89352966910935	2.43288186896992
2.14463587597918	0.114480056340165	1.92025496555245	2.3690167864059	2.14397616161147	0.156944181645077	1.83636556558711	2.45158675763582	2.14397616161147	0.114480056340165	1.91554334619207	2.35692578316522
2.16618838122909	0.132334345151536	1.90681306473208	2.4255636977261	2.15497229900483	0.175438376973674	1.81111308013643	2.49883151787323	2.15497229900483	0.132334345151536	1.89340274926504	2.40451103956976
2.15281570361149	0.128573480370321	1.90081168208566	2.40481972513732	2.16925361634979	0.173694217961211	1.82881294914581	2.50969428355376	2.16925361634979	0.128573480370321	1.91454176573637	2.4123548179349
2.11159259523333	0.116336028178966	1.88357398000256	2.33961121046411	2.06437320457533	0.154008732573826	1.76251608873063	2.36623032042003	2.06437320457533	0.116336028178966	1.83738483767682	2.28444939608113
2.05219857812713	0.144289278194188	1.76939159286652	2.33500556338774	2.09666241751989	0.187991006473705	1.72820004483143	2.46512479020835	2.09666241751989	0.144289278194188	1.82595862214522	2.36900080774173
2.20736571322984	0.144827829156776	1.92350316808256	2.49122825837712	2.22261749090816	0.194076312037633	1.8422279193144	2.60300706250192	2.22261749090816	0.144827829156776	1.93362978347219	2.51041204303063
2.08368128467957	0.144100490658256	1.80124432298939	2.36611824636975	2.14900725819624	0.191550812199116	1.77356766628598	2.52444685010651	2.14900725819624	0.144100490658256	1.86658466347708	2.41220797193199
2.32436404199682	0.101260798190849	2.12589287754276	2.52283520645089	2.29493751887596	0.132120676738702	2.03598099246811	2.55389404528382	2.29493751887596	0.101260798190849	2.09931734167216	2.49656276961908
2.3125471277121	0.100989540223473	2.11460762887409	2.51048662655011	2.28462841549428	0.133552552098909	2.02286541338042	2.54639141760814	2.28462841549428	0.100989540223473	2.08197083901499	2.47346620023453
2.08420417159018	0.112534158838848	1.86363722026604	2.30477112291433	2.15975217601047	0.14929663766938	1.86713076617848	2.45237358584246	2.15975217601047	0.112534158838848	1.92903316052253	2.3728845491419
1.84950454056839	0.190292125969332	1.4765319736685	2.22247710746828	1.84551464221983	0.24945955338875	1.35657391757788	2.33445536686178	1.84551464221983	0.190292125969332	1.44840721152117	2.20217723541472
1.88079889584575	0.313320567665498	1.26669058322138	2.49490720847013	1.93261022799601	0.407410240431651	1.13408615674997	2.73113429924204	1.93261022799601	0.313320567665498	1.21883647516514	2.38554254180164
2.10868136842694	0.134769762441346	1.8445326340419	2.37283010281198	2.12392640205237	0.176912019164631	1.7771788444897	2.47067395961505	2.12392640205237	0.134769762441346	1.8418460531864	2.3724350960824
2.10696883583515	0.115917602506844	1.87977033492173	2.33416733674856	2.11373916964647	0.153705073193423	1.81247722618736	2.41500111310558	2.11373916964647	0.115917602506844	1.89194214766042	2.34514067169966
2.08760489035835	0.157094115642238	1.77970042369956	2.39550935701713	2.074506356616	0.202397981365185	1.67780631314024	2.47120640009177	2.074506356616	0.157094115642238	1.71942301967173	2.34192881040624
2.16233587223418	0.124365539000633	1.91857941579294	2.40609232867542	2.14122887204447	0.165442974663982	1.81696064170307	2.46549710238588	2.14122887204447	0.124365539000633	1.8946118363093	2.37341418385837
2.07012687717878	0.163385122466398	1.74989203714464	2.39036171721292	1.98856044948423	0.220610673243714	1.55616352992655	2.42095736904191	1.98856044948423	0.163385122466398	1.68262773253499	2.28715729093197
2.14626627778593	0.128165341337925	1.8950622087636	2.39747034680826	2.12295220380681	0.168010843185797	1.79365095116264	2.45225345645097	2.12295220380681	0.128165341337925	1.87060379855695	2.39129511919943
1.6001058192844	0.224449579448995	1.16018464356437	2.04002699500443	1.68184874776938	0.290388445551709	1.11268739448803	2.25101010105073	1.68184874776938	0.224449579448995	1.18601377030049	2.09996836417784
2.15647341884224	0.250042373476669	1.66639036682797	2.64655647085652	2.14179645980736	0.337250357310418	1.48078575947894	2.80280716013577	2.14179645980736	0.250042373476669	1.65015907053722	2.56497451069805
2.30766713710076	0.113615326764585	2.08498109664217	2.53035317755935	2.29421138095963	0.15700196703704	1.98648752556704	2.60193523635223	2.29421138095963	0.113615326764585	2.06432524435016	2.50425031532938
2.08903835991335	0.144005132897265	1.80678829943471	2.37128842039199	2.07416811214801	0.187816590045402	1.70604759565902	2.442288628637	2.07416811214801	0.144005132897265	1.80146605158234	2.34230066905623
2.20186380981614	0.112534097594876	1.98129697853018	2.4224306411021	2.22356288432932	0.152489716423038	1.92468304014017	2.52244272851848	2.22356288432932	0.112534097594876	1.99281407582575	2.43812573370337
2.29090295914156	0.168527260467722	1.96058952862483	2.6212163896583	2.2727861101465	0.22797256320784	1.82595988625914	2.71961233403387	2.2727861101465	0.168527260467722	1.92132381145411	2.59739461192128
1.95221862329151	0.175763865523395	1.60772144686565	2.29671579971736	1.99491423386391	0.22927291394265	1.54553932253632	2.44428914519151	1.99491423386391	0.175763865523395	1.63751884636942	2.31353687790351
2.15206317918272	0.141305341753673	1.87510470934552	2.42902164901992	2.06643572664903	0.185382476254468	1.70308607319028	2.42978538010779	2.06643572664903	0.141305341753673	1.7756311463173	2.33132287183882
2.07546476098889	0.133297702442763	1.81420126420107	2.3367282577767	2.06361416120208	0.178195525306537	1.71435093160127	2.4128773908029	2.06361416120208	0.133297702442763	1.80114504441665	2.31164214352215
1.63737511313207	0.336977475058079	0.976899262018239	2.29785096424591	1.61036518527784	0.447278604490441	0.733699120476574	2.4870312500791	1.61036518527784	0.336977475058079	0.922212493221611	2.20937698376596
2.29117497804325	0.141336664891735	2.01415511485545	2.56819484123105	2.28280889237906	0.18365945262697	1.9228363652302	2.64278141952792	2.28280889237906	0.141336664891735	2.02936715708058	2.55385644028794
1.78500044624514	0.269620889402769	1.25654350301571	2.31345738947457	1.80004973985229	0.364161809097795	1.08629259402061	2.51380688568397	1.80004973985229	0.269620889402769	1.23509559533826	2.25318122051148
2.1543759322965	0.159135156053481	1.84247102643168	2.46628083816133	2.18882055025047	0.202545289051962	1.79183178370863	2.58580931679232	2.18882055025047	0.159135156053481	1.81843525422024	2.47277491957816
1.90945182060362	0.146896662886213	1.62153436134664	2.1973692798606	1.89655274772028	0.191786852603487	1.52065051661744	2.27245497882311	1.89655274772028	0.146896662886213	1.57958888429736	2.15955190165607
2.13726959627727	0.144190751002002	1.85465572431335	2.4198834682412	2.07285886452935	0.189346326209759	1.70174006515822	2.44397766390047	2.07285886452935	0.144190751002002	1.76743542376636	2.34927770149606
1.90874406068414	0.144788518418916	1.62495856458306	2.19252955678521	1.98736124609558	0.194666611943872	1.60581468668559	2.36890780550557	1.98736124609558	0.144788518418916	1.67795598253169	2.24821110276399
1.79246302935909	0.197142266750417	1.40606418652827	2.17886187218991	1.91478567826756	0.259703656460193	1.40576651160558	2.42380484492954	1.91478567826756	0.197142266750417	1.48504393793852	2.2576259515727
NA	NA	NA	NA	NA	NA	NA	NA	NA	NA	NA	NA
NA	NA	NA	NA	NA	NA	NA	NA	NA	NA	NA	NA
NA	NA	NA	NA	NA	NA	NA	NA	NA	NA	NA	NA
NA	NA	NA	NA	NA	NA	NA	NA	NA	NA	NA	NA
NA	NA	NA	NA	NA	NA	NA	NA	NA	NA	NA	NA
NA	NA	NA	NA	NA	NA	NA	NA	NA	NA	NA	NA
NA	NA	NA	NA	NA	NA	NA	NA	NA	NA	NA	NA
NA	NA	NA	NA	NA	NA	NA	NA	NA	NA	NA	NA
NA	NA	NA	NA	NA	NA	NA	NA	NA	NA	NA	NA
NA	NA	NA	NA	NA	NA	NA	NA	NA	NA	NA	NA
NA	NA	NA	NA	NA	NA	NA	NA	NA	NA	NA	NA
NA	NA	NA	NA	NA	NA	NA	NA	NA	NA	NA	NA
NA	NA	NA	NA	NA	NA	NA	NA	NA	NA	NA	NA
NA	NA	NA	NA	NA	NA	NA	NA	NA	NA	NA	NA
NA	NA	NA	NA	NA	NA	NA	NA	NA	NA	NA	NA
NA	NA	NA	NA	NA	NA	NA	NA	NA	NA	NA	NA
NA	NA	NA	NA	NA	NA	NA	NA	NA	NA	NA	NA
NA	NA	NA	NA	NA	NA	NA	NA	NA	NA	NA	NA
NA	NA	NA	NA	NA	NA	NA	NA	NA	NA	NA	NA
NA	NA	NA	NA	NA	NA	NA	NA	NA	NA	NA	NA
NA	NA	NA	NA	NA	NA	NA	NA	NA	NA	NA	NA
NA	NA	NA	NA	NA	NA	NA	NA	NA	NA	NA	NA
NA	NA	NA	NA	NA	NA	NA	NA	NA	NA	NA	NA
NA	NA	NA	NA	NA	NA	NA	NA	NA	NA	NA	NA
NA	NA	NA	NA	NA	NA	NA	NA	NA	NA	NA	NA
NA	NA	NA	NA	NA	NA	NA	NA	NA	NA	NA	NA
NA	NA	NA	NA	NA	NA	NA	NA	NA	NA	NA	NA
NA	NA	NA	NA	NA	NA	NA	NA	NA	NA	NA	NA
NA	NA	NA	NA	NA	NA	NA	NA	NA	NA	NA	NA
NA	NA	NA	NA	NA	NA	NA	NA	NA	NA	NA	NA
NA	NA	NA	NA	NA	NA	NA	NA	NA	NA	NA	NA
NA	NA	NA	NA	NA	NA	NA	NA	NA	NA	NA	NA
NA	NA	NA	NA	NA	NA	NA	NA	NA	NA	NA	NA
NA	NA	NA	NA	NA	NA	NA	NA	NA	NA	NA	NA
NA	NA	NA	NA	NA	NA	NA	NA	NA	NA	NA	NA
NA	NA	NA	NA	NA	NA	NA	NA	NA	NA	NA	NA
NA	NA	NA	NA	NA	NA	NA	NA	NA	NA	NA	NA
NA	NA	NA	NA	NA	NA	NA	NA	NA	NA	NA	NA
NA	NA	NA	NA	NA	NA	NA	NA	NA	NA	NA	NA
NA	NA	NA	NA	NA	NA	NA	NA	NA	NA	NA	NA
NA	NA	NA	NA	NA	NA	NA	NA	NA	NA	NA	NA
NA	NA	NA	NA	NA	NA	NA	NA	NA	NA	NA	NA
NA	NA	NA	NA	NA	NA	NA	NA	NA	NA	NA	NA
NA	NA	NA	NA	NA	NA	NA	NA	NA	NA	NA	NA
NA	NA	NA	NA	NA	NA	NA	NA	NA	NA	NA	NA
NA	NA	NA	NA	NA	NA	NA	NA	NA	NA	NA	NA
NA	NA	NA	NA	NA	NA	NA	NA	NA	NA	NA	NA
NA	NA	NA	NA	NA	NA	NA	NA	NA	NA	NA	NA
NA	NA	NA	NA	NA	NA	NA	NA	NA	NA	NA	NA
NA	NA	NA	NA	NA	NA	NA	NA	NA	NA	NA	NA
NA	NA	NA	NA	NA	NA	NA	NA	NA	NA	NA	NA
NA	NA	NA	NA	NA	NA	NA	NA	NA	NA	NA	NA
NA	NA	NA	NA	NA	NA	NA	NA	NA	NA	NA	NA
NA	NA	NA	NA	NA	NA	NA	NA	NA	NA	NA	NA
NA	NA	NA	NA	NA	NA	NA	NA	NA	NA	NA	NA
NA	NA	NA	NA	NA	NA	NA	NA	NA	NA	NA	NA
NA	NA	NA	NA	NA	NA	NA	NA	NA	NA	NA	NA
NA	NA	NA	NA	NA	NA	NA	NA	NA	NA	NA	NA
NA	NA	NA	NA	NA	NA	NA	NA	NA	NA	NA	NA
NA	NA	NA	NA	NA	NA	NA	NA	NA	NA	NA	NA
NA	NA	NA	NA	NA	NA	NA	NA	NA	NA	NA	NA
NA	NA	NA	NA	NA	NA	NA	NA	NA	NA	NA	NA
NA	NA	NA	NA	NA	NA	NA	NA	NA	NA	NA	NA
NA	NA	NA	NA	NA	NA	NA	NA	NA	NA	NA	NA
NA	NA	NA	NA	NA	NA	NA	NA	NA	NA	NA	NA
NA	NA	NA	NA	NA	NA	NA	NA	NA	NA	NA	NA
NA	NA	NA	NA	NA	NA	NA	NA	NA	NA	NA	NA
NA	NA	NA	NA	NA	NA	NA	NA	NA	NA	NA	NA
NA	NA	NA	NA	NA	NA	NA	NA	NA	NA	NA	NA
NA	NA	NA	NA	NA	NA	NA	NA	NA	NA	NA	NA
NA	NA	NA	NA	NA	NA	NA	NA	NA	NA	NA	NA
NA	NA	NA	NA	NA	NA	NA	NA	NA	NA	NA	NA
NA	NA	NA	NA	NA	NA	NA	NA	NA	NA	NA	NA
NA	NA	NA	NA	NA	NA	NA	NA	NA	NA	NA	NA
NA	NA	NA	NA	NA	NA	NA	NA	NA	NA	NA	NA
NA	NA	NA	NA	NA	NA	NA	NA	NA	NA	NA	NA
NA	NA	NA	NA	NA	NA	NA	NA	NA	NA	NA	NA
NA	NA	NA	NA	NA	NA	NA	NA	NA	NA	NA	NA
NA	NA	NA	NA	NA	NA	NA	NA	NA	NA	NA	NA
NA	NA	NA	NA	NA	NA	NA	NA	NA	NA	NA	NA
NA	NA	NA	NA	NA	NA	NA	NA	NA	NA	NA	NA
NA	NA	NA	NA	NA	NA	NA	NA	NA	NA	NA	NA
NA	NA	NA	NA	NA	NA	NA	NA	NA	NA	NA	NA
NA	NA	NA	NA	NA	NA	NA	NA	NA	NA	NA	NA
NA	NA	NA	NA	NA	NA	NA	NA	NA	NA	NA	NA
NA	NA	NA	NA	NA	NA	NA	NA	NA	NA	NA	NA
NA	NA	NA	NA	NA	NA	NA	NA	NA	NA	NA	NA
NA	NA	NA	NA	NA	NA	NA	NA	NA	NA	NA	NA
NA	NA	NA	NA	NA	NA	NA	NA	NA	NA	NA	NA
NA	NA	NA	NA	NA	NA	NA	NA	NA	NA	NA	NA
NA	NA	NA	NA	NA	NA	NA	NA	NA	NA	NA	NA
NA	NA	NA	NA	NA	NA	NA	NA	NA	NA	NA	NA
NA	NA	NA	NA	NA	NA	NA	NA	NA	NA	NA	NA
NA	NA	NA	NA	NA	NA	NA	NA	NA	NA	NA	NA
NA	NA	NA	NA	NA	NA	NA	NA	NA	NA	NA	NA
NA	NA	NA	NA	NA	NA	NA	NA	NA	NA	NA	NA
NA	NA	NA	NA	NA	NA	NA	NA	NA	NA	NA	NA
NA	NA	NA	NA	NA	NA	NA	NA	NA	NA	NA	NA
NA	NA	NA	NA	NA	NA	NA	NA	NA	NA	NA	NA
NA	NA	NA	NA	NA	NA	NA	NA	NA	NA	NA	NA
NA	NA	NA	NA	NA	NA	NA	NA	NA	NA	NA	NA
NA	NA	NA	NA	NA	NA	NA	NA	NA	NA	NA	NA
NA	NA	NA	NA	NA	NA	NA	NA	NA	NA	NA	NA
NA	NA	NA	NA	NA	NA	NA	NA	NA	NA	NA	NA
NA	NA	NA	NA	NA	NA	NA	NA	NA	NA	NA	NA
NA	NA	NA	NA	NA	NA	NA	NA	NA	NA	NA	NA
NA	NA	NA	NA	NA	NA	NA	NA	NA	NA	NA	NA
NA	NA	NA	NA	NA	NA	NA	NA	NA	NA	NA	NA
NA	NA	NA	NA	NA	NA	NA	NA	NA	NA	NA	NA
NA	NA	NA	NA	NA	NA	NA	NA	NA	NA	NA	NA
NA	NA	NA	NA	NA	NA	NA	NA	NA	NA	NA	NA
NA	NA	NA	NA	NA	NA	NA	NA	NA	NA	NA	NA
NA	NA	NA	NA	NA	NA	NA	NA	NA	NA	NA	NA
NA	NA	NA	NA	NA	NA	NA	NA	NA	NA	NA	NA
NA	NA	NA	NA	NA	NA	NA	NA	NA	NA	NA	NA
NA	NA	NA	NA	NA	NA	NA	NA	NA	NA	NA	NA
NA	NA	NA	NA	NA	NA	NA	NA	NA	NA	NA	NA
NA	NA	NA	NA	NA	NA	NA	NA	NA	NA	NA	NA
NA	NA	NA	NA	NA	NA	NA	NA	NA	NA	NA	NA
NA	NA	NA	NA	NA	NA	NA	NA	NA	NA	NA	NA
NA	NA	NA	NA	NA	NA	NA	NA	NA	NA	NA	NA
NA	NA	NA	NA	NA	NA	NA	NA	NA	NA	NA	NA
NA	NA	NA	NA	NA	NA	NA	NA	NA	NA	NA	NA
NA	NA	NA	NA	NA	NA	NA	NA	NA	NA	NA	NA
NA	NA	NA	NA	NA	NA	NA	NA	NA	NA	NA	NA
NA	NA	NA	NA	NA	NA	NA	NA	NA	NA	NA	NA
NA	NA	NA	NA	NA	NA	NA	NA	NA	NA	NA	NA
NA	NA	NA	NA	NA	NA	NA	NA	NA	NA	NA	NA
NA	NA	NA	NA	NA	NA	NA	NA	NA	NA	NA	NA
NA	NA	NA	NA	NA	NA	NA	NA	NA	NA	NA	NA
NA	NA	NA	NA	NA	NA	NA	NA	NA	NA	NA	NA
NA	NA	NA	NA	NA	NA	NA	NA	NA	NA	NA	NA
NA	NA	NA	NA	NA	NA	NA	NA	NA	NA	NA	NA
NA	NA	NA	NA	NA	NA	NA	NA	NA	NA	NA	NA
NA	NA	NA	NA	NA	NA	NA	NA	NA	NA	NA	NA
NA	NA	NA	NA	NA	NA	NA	NA	NA	NA	NA	NA
NA	NA	NA	NA	NA	NA	NA	NA	NA	NA	NA	NA
NA	NA	NA	NA	NA	NA	NA	NA	NA	NA	NA	NA
NA	NA	NA	NA	NA	NA	NA	NA	NA	NA	NA	NA
NA	NA	NA	NA	NA	NA	NA	NA	NA	NA	NA	NA
NA	NA	NA	NA	NA	NA	NA	NA	NA	NA	NA	NA
NA	NA	NA	NA	NA	NA	NA	NA	NA	NA	NA	NA
NA	NA	NA	NA	NA	NA	NA	NA	NA	NA	NA	NA
NA	NA	NA	NA	NA	NA	NA	NA	NA	NA	NA	NA
NA	NA	NA	NA	NA	NA	NA	NA	NA	NA	NA	NA
NA	NA	NA	NA	NA	NA	NA	NA	NA	NA	NA	NA
NA	NA	NA	NA	NA	NA	NA	NA	NA	NA	NA	NA
NA	NA	NA	NA	NA	NA	NA	NA	NA	NA	NA	NA
NA	NA	NA	NA	NA	NA	NA	NA	NA	NA	NA	NA
NA	NA	NA	NA	NA	NA	NA	NA	NA	NA	NA	NA
NA	NA	NA	NA	NA	NA	NA	NA	NA	NA	NA	NA
NA	NA	NA	NA	NA	NA	NA	NA	NA	NA	NA	NA
NA	NA	NA	NA	NA	NA	NA	NA	NA	NA	NA	NA
NA	NA	NA	NA	NA	NA	NA	NA	NA	NA	NA	NA
NA	NA	NA	NA	NA	NA	NA	NA	NA	NA	NA	NA
NA	NA	NA	NA	NA	NA	NA	NA	NA	NA	NA	NA
NA	NA	NA	NA	NA	NA	NA	NA	NA	NA	NA	NA
NA	NA	NA	NA	NA	NA	NA	NA	NA	NA	NA	NA
NA	NA	NA	NA	NA	NA	NA	NA	NA	NA	NA	NA
NA	NA	NA	NA	NA	NA	NA	NA	NA	NA	NA	NA
NA	NA	NA	NA	NA	NA	NA	NA	NA	NA	NA	NA
NA	NA	NA	NA	NA	NA	NA	NA	NA	NA	NA	NA
NA	NA	NA	NA	NA	NA	NA	NA	NA	NA	NA	NA
NA	NA	NA	NA	NA	NA	NA	NA	NA	NA	NA	NA
NA	NA	NA	NA	NA	NA	NA	NA	NA	NA	NA	NA
NA	NA	NA	NA	NA	NA	NA	NA	NA	NA	NA	NA
NA	NA	NA	NA	NA	NA	NA	NA	NA	NA	NA	NA
NA	NA	NA	NA	NA	NA	NA	NA	NA	NA	NA	NA
NA	NA	NA	NA	NA	NA	NA	NA	NA	NA	NA	NA
NA	NA	NA	NA	NA	NA	NA	NA	NA	NA	NA	NA
NA	NA	NA	NA	NA	NA	NA	NA	NA	NA	NA	NA
NA	NA	NA	NA	NA	NA	NA	NA	NA	NA	NA	NA
NA	NA	NA	NA	NA	NA	NA	NA	NA	NA	NA	NA
NA	NA	NA	NA	NA	NA	NA	NA	NA	NA	NA	NA
NA	NA	NA	NA	NA	NA	NA	NA	NA	NA	NA	NA
NA	NA	NA	NA	NA	NA	NA	NA	NA	NA	NA	NA
NA	NA	NA	NA	NA	NA	NA	NA	NA	NA	NA	NA
NA	NA	NA	NA	NA	NA	NA	NA	NA	NA	NA	NA
NA	NA	NA	NA	NA	NA	NA	NA	NA	NA	NA	NA
NA	NA	NA	NA	NA	NA	NA	NA	NA	NA	NA	NA
NA	NA	NA	NA	NA	NA	NA	NA	NA	NA	NA	NA
NA	NA	NA	NA	NA	NA	NA	NA	NA	NA	NA	NA
NA	NA	NA	NA	NA	NA	NA	NA	NA	NA	NA	NA
NA	NA	NA	NA	NA	NA	NA	NA	NA	NA	NA	NA
NA	NA	NA	NA	NA	NA	NA	NA	NA	NA	NA	NA
NA	NA	NA	NA	NA	NA	NA	NA	NA	NA	NA	NA
NA	NA	NA	NA	NA	NA	NA	NA	NA	NA	NA	NA
NA	NA	NA	NA	NA	NA	NA	NA	NA	NA	NA	NA
NA	NA	NA	NA	NA	NA	NA	NA	NA	NA	NA	NA
NA	NA	NA	NA	NA	NA	NA	NA	NA	NA	NA	NA
NA	NA	NA	NA	NA	NA	NA	NA	NA	NA	NA	NA
NA	NA	NA	NA	NA	NA	NA	NA	NA	NA	NA	NA
NA	NA	NA	NA	NA	NA	NA	NA	NA	NA	NA	NA
NA	NA	NA	NA	NA	NA	NA	NA	NA	NA	NA	NA
NA	NA	NA	NA	NA	NA	NA	NA	NA	NA	NA	NA
NA	NA	NA	NA	NA	NA	NA	NA	NA	NA	NA	NA
NA	NA	NA	NA	NA	NA	NA	NA	NA	NA	NA	NA
NA	NA	NA	NA	NA	NA	NA	NA	NA	NA	NA	NA
NA	NA	NA	NA	NA	NA	NA	NA	NA	NA	NA	NA
NA	NA	NA	NA	NA	NA	NA	NA	NA	NA	NA	NA
NA	NA	NA	NA	NA	NA	NA	NA	NA	NA	NA	NA
NA	NA	NA	NA	NA	NA	NA	NA	NA	NA	NA	NA
NA	NA	NA	NA	NA	NA	NA	NA	NA	NA	NA	NA
NA	NA	NA	NA	NA	NA	NA	NA	NA	NA	NA	NA
NA	NA	NA	NA	NA	NA	NA	NA	NA	NA	NA	NA
NA	NA	NA	NA	NA	NA	NA	NA	NA	NA	NA	NA
NA	NA	NA	NA	NA	NA	NA	NA	NA	NA	NA	NA
NA	NA	NA	NA	NA	NA	NA	NA	NA	NA	NA	NA
NA	NA	NA	NA	NA	NA	NA	NA	NA	NA	NA	NA
NA	NA	NA	NA	NA	NA	NA	NA	NA	NA	NA	NA
NA	NA	NA	NA	NA	NA	NA	NA	NA	NA	NA	NA
NA	NA	NA	NA	NA	NA	NA	NA	NA	NA	NA	NA
NA	NA	NA	NA	NA	NA	NA	NA	NA	NA	NA	NA
NA	NA	NA	NA	NA	NA	NA	NA	NA	NA	NA	NA
NA	NA	NA	NA	NA	NA	NA	NA	NA	NA	NA	NA
NA	NA	NA	NA	NA	NA	NA	NA	NA	NA	NA	NA
NA	NA	NA	NA	NA	NA	NA	NA	NA	NA	NA	NA
NA	NA	NA	NA	NA	NA	NA	NA	NA	NA	NA	NA
NA	NA	NA	NA	NA	NA	NA	NA	NA	NA	NA	NA
NA	NA	NA	NA	NA	NA	NA	NA	NA	NA	NA	NA
NA	NA	NA	NA	NA	NA	NA	NA	NA	NA	NA	NA
NA	NA	NA	NA	NA	NA	NA	NA	NA	NA	NA	NA
NA	NA	NA	NA	NA	NA	NA	NA	NA	NA	NA	NA
NA	NA	NA	NA	NA	NA	NA	NA	NA	NA	NA	NA
NA	NA	NA	NA	NA	NA	NA	NA	NA	NA	NA	NA
NA	NA	NA	NA	NA	NA	NA	NA	NA	NA	NA	NA
NA	NA	NA	NA	NA	NA	NA	NA	NA	NA	NA	NA
NA	NA	NA	NA	NA	NA	NA	NA	NA	NA	NA	NA
NA	NA	NA	NA	NA	NA	NA	NA	NA	NA	NA	NA
NA	NA	NA	NA	NA	NA	NA	NA	NA	NA	NA	NA
NA	NA	NA	NA	NA	NA	NA	NA	NA	NA	NA	NA
NA	NA	NA	NA	NA	NA	NA	NA	NA	NA	NA	NA
NA	NA	NA	NA	NA	NA	NA	NA	NA	NA	NA	NA
NA	NA	NA	NA	NA	NA	NA	NA	NA	NA	NA	NA
NA	NA	NA	NA	NA	NA	NA	NA	NA	NA	NA	NA
NA	NA	NA	NA	NA	NA	NA	NA	NA	NA	NA	NA
NA	NA	NA	NA	NA	NA	NA	NA	NA	NA	NA	NA
NA	NA	NA	NA	NA	NA	NA	NA	NA	NA	NA	NA
NA	NA	NA	NA	NA	NA	NA	NA	NA	NA	NA	NA
NA	NA	NA	NA	NA	NA	NA	NA	NA	NA	NA	NA
NA	NA	NA	NA	NA	NA	NA	NA	NA	NA	NA	NA
NA	NA	NA	NA	NA	NA	NA	NA	NA	NA	NA	NA
NA	NA	NA	NA	NA	NA	NA	NA	NA	NA	NA	NA
NA	NA	NA	NA	NA	NA	NA	NA	NA	NA	NA	NA
NA	NA	NA	NA	NA	NA	NA	NA	NA	NA	NA	NA
NA	NA	NA	NA	NA	NA	NA	NA	NA	NA	NA	NA
NA	NA	NA	NA	NA	NA	NA	NA	NA	NA	NA	NA
NA	NA	NA	NA	NA	NA	NA	NA	NA	NA	NA	NA
NA	NA	NA	NA	NA	NA	NA	NA	NA	NA	NA	NA
NA	NA	NA	NA	NA	NA	NA	NA	NA	NA	NA	NA
NA	NA	NA	NA	NA	NA	NA	NA	NA	NA	NA	NA
NA	NA	NA	NA	NA	NA	NA	NA	NA	NA	NA	NA
NA	NA	NA	NA	NA	NA	NA	NA	NA	NA	NA	NA
NA	NA	NA	NA	NA	NA	NA	NA	NA	NA	NA	NA
NA	NA	NA	NA	NA	NA	NA	NA	NA	NA	NA	NA
NA	NA	NA	NA	NA	NA	NA	NA	NA	NA	NA	NA
NA	NA	NA	NA	NA	NA	NA	NA	NA	NA	NA	NA
NA	NA	NA	NA	NA	NA	NA	NA	NA	NA	NA	NA
NA	NA	NA	NA	NA	NA	NA	NA	NA	NA	NA	NA
NA	NA	NA	NA	NA	NA	NA	NA	NA	NA	NA	NA
NA	NA	NA	NA	NA	NA	NA	NA	NA	NA	NA	NA
NA	NA	NA	NA	NA	NA	NA	NA	NA	NA	NA	NA
NA	NA	NA	NA	NA	NA	NA	NA	NA	NA	NA	NA
NA	NA	NA	NA	NA	NA	NA	NA	NA	NA	NA	NA
NA	NA	NA	NA	NA	NA	NA	NA	NA	NA	NA	NA
NA	NA	NA	NA	NA	NA	NA	NA	NA	NA	NA	NA
NA	NA	NA	NA	NA	NA	NA	NA	NA	NA	NA	NA
NA	NA	NA	NA	NA	NA	NA	NA	NA	NA	NA	NA
NA	NA	NA	NA	NA	NA	NA	NA	NA	NA	NA	NA
NA	NA	NA	NA	NA	NA	NA	NA	NA	NA	NA	NA
NA	NA	NA	NA	NA	NA	NA	NA	NA	NA	NA	NA
NA	NA	NA	NA	NA	NA	NA	NA	NA	NA	NA	NA
NA	NA	NA	NA	NA	NA	NA	NA	NA	NA	NA	NA
NA	NA	NA	NA	NA	NA	NA	NA	NA	NA	NA	NA
NA	NA	NA	NA	NA	NA	NA	NA	NA	NA	NA	NA
NA	NA	NA	NA	NA	NA	NA	NA	NA	NA	NA	NA
NA	NA	NA	NA	NA	NA	NA	NA	NA	NA	NA	NA
NA	NA	NA	NA	NA	NA	NA	NA	NA	NA	NA	NA
NA	NA	NA	NA	NA	NA	NA	NA	NA	NA	NA	NA
NA	NA	NA	NA	NA	NA	NA	NA	NA	NA	NA	NA
NA	NA	NA	NA	NA	NA	NA	NA	NA	NA	NA	NA
NA	NA	NA	NA	NA	NA	NA	NA	NA	NA	NA	NA
NA	NA	NA	NA	NA	NA	NA	NA	NA	NA	NA	NA
NA	NA	NA	NA	NA	NA	NA	NA	NA	NA	NA	NA
NA	NA	NA	NA	NA	NA	NA	NA	NA	NA	NA	NA
NA	NA	NA	NA	NA	NA	NA	NA	NA	NA	NA	NA
NA	NA	NA	NA	NA	NA	NA	NA	NA	NA	NA	NA
NA	NA	NA	NA	NA	NA	NA	NA	NA	NA	NA	NA
NA	NA	NA	NA	NA	NA	NA	NA	NA	NA	NA	NA
NA	NA	NA	NA	NA	NA	NA	NA	NA	NA	NA	NA
NA	NA	NA	NA	NA	NA	NA	NA	NA	NA	NA	NA
NA	NA	NA	NA	NA	NA	NA	NA	NA	NA	NA	NA
NA	NA	NA	NA	NA	NA	NA	NA	NA	NA	NA	NA
NA	NA	NA	NA	NA	NA	NA	NA	NA	NA	NA	NA
NA	NA	NA	NA	NA	NA	NA	NA	NA	NA	NA	NA
NA	NA	NA	NA	NA	NA	NA	NA	NA	NA	NA	NA
NA	NA	NA	NA	NA	NA	NA	NA	NA	NA	NA	NA
NA	NA	NA	NA	NA	NA	NA	NA	NA	NA	NA	NA
NA	NA	NA	NA	NA	NA	NA	NA	NA	NA	NA	NA
NA	NA	NA	NA	NA	NA	NA	NA	NA	NA	NA	NA
