X1	X2	X3	X4	X1.1	X2.1	X3.1	X4.1	X1.2	X2.2	X3.2	X4.2
NA	NA	NA	NA	NA	NA	NA	NA	NA	NA	NA	NA
NA	NA	NA	NA	NA	NA	NA	NA	NA	NA	NA	NA
NA	NA	NA	NA	NA	NA	NA	NA	NA	NA	NA	NA
NA	NA	NA	NA	NA	NA	NA	NA	NA	NA	NA	NA
NA	NA	NA	NA	NA	NA	NA	NA	NA	NA	NA	NA
NA	NA	NA	NA	NA	NA	NA	NA	NA	NA	NA	NA
NA	NA	NA	NA	NA	NA	NA	NA	NA	NA	NA	NA
NA	NA	NA	NA	NA	NA	NA	NA	NA	NA	NA	NA
NA	NA	NA	NA	NA	NA	NA	NA	NA	NA	NA	NA
NA	NA	NA	NA	NA	NA	NA	NA	NA	NA	NA	NA
NA	NA	NA	NA	NA	NA	NA	NA	NA	NA	NA	NA
NA	NA	NA	NA	NA	NA	NA	NA	NA	NA	NA	NA
NA	NA	NA	NA	NA	NA	NA	NA	NA	NA	NA	NA
NA	NA	NA	NA	NA	NA	NA	NA	NA	NA	NA	NA
NA	NA	NA	NA	NA	NA	NA	NA	NA	NA	NA	NA
NA	NA	NA	NA	NA	NA	NA	NA	NA	NA	NA	NA
NA	NA	NA	NA	NA	NA	NA	NA	NA	NA	NA	NA
NA	NA	NA	NA	NA	NA	NA	NA	NA	NA	NA	NA
NA	NA	NA	NA	NA	NA	NA	NA	NA	NA	NA	NA
NA	NA	NA	NA	NA	NA	NA	NA	NA	NA	NA	NA
NA	NA	NA	NA	NA	NA	NA	NA	NA	NA	NA	NA
NA	NA	NA	NA	NA	NA	NA	NA	NA	NA	NA	NA
NA	NA	NA	NA	NA	NA	NA	NA	NA	NA	NA	NA
NA	NA	NA	NA	NA	NA	NA	NA	NA	NA	NA	NA
NA	NA	NA	NA	NA	NA	NA	NA	NA	NA	NA	NA
NA	NA	NA	NA	NA	NA	NA	NA	NA	NA	NA	NA
NA	NA	NA	NA	NA	NA	NA	NA	NA	NA	NA	NA
NA	NA	NA	NA	NA	NA	NA	NA	NA	NA	NA	NA
NA	NA	NA	NA	NA	NA	NA	NA	NA	NA	NA	NA
NA	NA	NA	NA	NA	NA	NA	NA	NA	NA	NA	NA
NA	NA	NA	NA	NA	NA	NA	NA	NA	NA	NA	NA
NA	NA	NA	NA	NA	NA	NA	NA	NA	NA	NA	NA
NA	NA	NA	NA	NA	NA	NA	NA	NA	NA	NA	NA
NA	NA	NA	NA	NA	NA	NA	NA	NA	NA	NA	NA
NA	NA	NA	NA	NA	NA	NA	NA	NA	NA	NA	NA
NA	NA	NA	NA	NA	NA	NA	NA	NA	NA	NA	NA
NA	NA	NA	NA	NA	NA	NA	NA	NA	NA	NA	NA
NA	NA	NA	NA	NA	NA	NA	NA	NA	NA	NA	NA
NA	NA	NA	NA	NA	NA	NA	NA	NA	NA	NA	NA
NA	NA	NA	NA	NA	NA	NA	NA	NA	NA	NA	NA
NA	NA	NA	NA	NA	NA	NA	NA	NA	NA	NA	NA
NA	NA	NA	NA	NA	NA	NA	NA	NA	NA	NA	NA
NA	NA	NA	NA	NA	NA	NA	NA	NA	NA	NA	NA
NA	NA	NA	NA	NA	NA	NA	NA	NA	NA	NA	NA
NA	NA	NA	NA	NA	NA	NA	NA	NA	NA	NA	NA
NA	NA	NA	NA	NA	NA	NA	NA	NA	NA	NA	NA
NA	NA	NA	NA	NA	NA	NA	NA	NA	NA	NA	NA
NA	NA	NA	NA	NA	NA	NA	NA	NA	NA	NA	NA
NA	NA	NA	NA	NA	NA	NA	NA	NA	NA	NA	NA
NA	NA	NA	NA	NA	NA	NA	NA	NA	NA	NA	NA
NA	NA	NA	NA	NA	NA	NA	NA	NA	NA	NA	NA
NA	NA	NA	NA	NA	NA	NA	NA	NA	NA	NA	NA
NA	NA	NA	NA	NA	NA	NA	NA	NA	NA	NA	NA
NA	NA	NA	NA	NA	NA	NA	NA	NA	NA	NA	NA
NA	NA	NA	NA	NA	NA	NA	NA	NA	NA	NA	NA
NA	NA	NA	NA	NA	NA	NA	NA	NA	NA	NA	NA
NA	NA	NA	NA	NA	NA	NA	NA	NA	NA	NA	NA
NA	NA	NA	NA	NA	NA	NA	NA	NA	NA	NA	NA
NA	NA	NA	NA	NA	NA	NA	NA	NA	NA	NA	NA
NA	NA	NA	NA	NA	NA	NA	NA	NA	NA	NA	NA
NA	NA	NA	NA	NA	NA	NA	NA	NA	NA	NA	NA
NA	NA	NA	NA	NA	NA	NA	NA	NA	NA	NA	NA
NA	NA	NA	NA	NA	NA	NA	NA	NA	NA	NA	NA
NA	NA	NA	NA	NA	NA	NA	NA	NA	NA	NA	NA
NA	NA	NA	NA	NA	NA	NA	NA	NA	NA	NA	NA
NA	NA	NA	NA	NA	NA	NA	NA	NA	NA	NA	NA
NA	NA	NA	NA	NA	NA	NA	NA	NA	NA	NA	NA
NA	NA	NA	NA	NA	NA	NA	NA	NA	NA	NA	NA
NA	NA	NA	NA	NA	NA	NA	NA	NA	NA	NA	NA
NA	NA	NA	NA	NA	NA	NA	NA	NA	NA	NA	NA
NA	NA	NA	NA	NA	NA	NA	NA	NA	NA	NA	NA
NA	NA	NA	NA	NA	NA	NA	NA	NA	NA	NA	NA
NA	NA	NA	NA	NA	NA	NA	NA	NA	NA	NA	NA
NA	NA	NA	NA	NA	NA	NA	NA	NA	NA	NA	NA
NA	NA	NA	NA	NA	NA	NA	NA	NA	NA	NA	NA
NA	NA	NA	NA	NA	NA	NA	NA	NA	NA	NA	NA
NA	NA	NA	NA	NA	NA	NA	NA	NA	NA	NA	NA
NA	NA	NA	NA	NA	NA	NA	NA	NA	NA	NA	NA
NA	NA	NA	NA	NA	NA	NA	NA	NA	NA	NA	NA
NA	NA	NA	NA	NA	NA	NA	NA	NA	NA	NA	NA
NA	NA	NA	NA	NA	NA	NA	NA	NA	NA	NA	NA
NA	NA	NA	NA	NA	NA	NA	NA	NA	NA	NA	NA
NA	NA	NA	NA	NA	NA	NA	NA	NA	NA	NA	NA
NA	NA	NA	NA	NA	NA	NA	NA	NA	NA	NA	NA
NA	NA	NA	NA	NA	NA	NA	NA	NA	NA	NA	NA
NA	NA	NA	NA	NA	NA	NA	NA	NA	NA	NA	NA
NA	NA	NA	NA	NA	NA	NA	NA	NA	NA	NA	NA
NA	NA	NA	NA	NA	NA	NA	NA	NA	NA	NA	NA
NA	NA	NA	NA	NA	NA	NA	NA	NA	NA	NA	NA
NA	NA	NA	NA	NA	NA	NA	NA	NA	NA	NA	NA
NA	NA	NA	NA	NA	NA	NA	NA	NA	NA	NA	NA
NA	NA	NA	NA	NA	NA	NA	NA	NA	NA	NA	NA
NA	NA	NA	NA	NA	NA	NA	NA	NA	NA	NA	NA
NA	NA	NA	NA	NA	NA	NA	NA	NA	NA	NA	NA
NA	NA	NA	NA	NA	NA	NA	NA	NA	NA	NA	NA
NA	NA	NA	NA	NA	NA	NA	NA	NA	NA	NA	NA
NA	NA	NA	NA	NA	NA	NA	NA	NA	NA	NA	NA
NA	NA	NA	NA	NA	NA	NA	NA	NA	NA	NA	NA
NA	NA	NA	NA	NA	NA	NA	NA	NA	NA	NA	NA
NA	NA	NA	NA	NA	NA	NA	NA	NA	NA	NA	NA
2.17951510019992	0.103170652006583	1.97730062226702	2.38172957813282	2.2257786662228	0.131986000742104	1.96708610476827	2.48447122767732	2.2257786662228	0.103170652006583	2.04305782246741	2.4482601188551
1.94906544852726	0.116562986279296	1.72060199541984	2.17752890163468	1.98998020051365	0.153929651305808	1.68827808395427	2.29168231707304	1.98998020051365	0.116562986279296	1.79125548032686	2.25439381587523
2.13731733598422	0.130405560097218	1.88172243819368	2.39291223377477	2.04387202466862	0.166083653929756	1.7183480629663	2.36939598637094	2.04387202466862	0.130405560097218	1.79829537212585	2.30666925205478
1.96292221118734	0.106078504829878	1.75500834172078	2.1708360806539	1.98861006536243	0.134500895112494	1.72498831094194	2.25223181978292	1.98861006536243	0.106078504829878	1.79572705837469	2.21152812735053
2.01520219000719	0.081904769273191	1.85466884223174	2.17573553778265	2.02480376797702	0.110647360981517	1.80793494045324	2.24167259550079	2.02480376797702	0.081904769273191	1.8667233187296	2.19129984763476
1.87766402832682	0.0766961959689375	1.7273394842277	2.02798857242594	1.88125579270792	0.105655436222128	1.67417113771255	2.08834044770329	1.88125579270792	0.0766961959689375	1.73257535234781	2.02589448517402
1.99762487696518	0.116079703490292	1.7701086581242	2.22514109580615	2.04642015305829	0.158062872577373	1.73661692280664	2.35622338330994	2.04642015305829	0.116079703490292	1.8145395740248	2.28213616897955
1.9944192139171	0.10417059409531	1.7902448494903	2.19859357834391	1.92955029061978	0.137864657242524	1.65933556242443	2.19976501881513	1.92955029061978	0.10417059409531	1.73603543875411	2.11803584198403
1.97991819806803	0.0849166204409361	1.81348162200379	2.14635477413226	1.99883760337957	0.114765562972566	1.77389709995334	2.2237781068058	1.99883760337957	0.0849166204409361	1.84378968000209	2.18968042295581
2.01420187377808	0.0873846888716286	1.84292788358969	2.18547586396647	2.02693505210784	0.116893949081252	1.79782291190858	2.25604719230709	2.02693505210784	0.0873846888716286	1.85193277453791	2.19964928661527
2.06965453669401	0.126622082197917	1.82147525558609	2.31783381780193	2.14537394275332	0.160391962930671	1.8310056954092	2.45974219009743	2.14537394275332	0.126622082197917	1.92121804781351	2.38420840848923
2.15964928844225	0.119757078325632	1.92492541492401	2.39437316196048	2.22659382338679	0.158948331123982	1.91505509438379	2.5381325523898	2.22659382338679	0.119757078325632	2.02633669847673	2.45966418876735
2.15265503263235	0.100139653869413	1.9563813110483	2.3489287542164	2.10470039813631	0.123653356916997	1.86233981857899	2.34706097769362	2.10470039813631	0.100139653869413	1.89732806428852	2.28163358842973
1.87092958742885	0.092225072817328	1.69016844470688	2.05169073015081	1.90277903127257	0.123734490388575	1.66025943011096	2.14529863243418	1.90277903127257	0.092225072817328	1.7389149562739	2.09096724427011
2.02445568314242	0.0859905656223277	1.85591417452265	2.19299719176218	2.03215822062807	0.117316109404262	1.80221864619572	2.26209779506043	2.03215822062807	0.0859905656223277	1.87057052155953	2.21247864467765
2.03744073795399	0.0903705005389185	1.86031455689771	2.21456691901027	2.06338193114619	0.120838303964592	1.82653885537559	2.30022500691679	2.06338193114619	0.0903705005389185	1.90571428351485	2.2659972446201
2.11864139583491	0.0914333527458814	1.93943202445298	2.29785076721684	2.08256671463193	0.120224204579955	1.84692727365522	2.31820615560864	2.08256671463193	0.0914333527458814	1.89949130065005	2.25866930465277
1.96903431781847	0.0842731658004578	1.80385891284958	2.13420972278737	1.96246472471441	0.11186154854078	1.74321608957448	2.18171335985434	1.96246472471441	0.0842731658004578	1.80713869071121	2.12228951325342
2.10282520998933	0.0988733441184378	1.90903345551719	2.29661696446147	2.12263449614468	0.134573225195261	1.85887097476197	2.3863980175274	2.12263449614468	0.0988733441184378	1.9490058607812	2.32858896809046
2.0428095574887	0.0989430192647218	1.84888123972985	2.23673787524756	2.04333794824658	0.128344436333891	1.79178285303215	2.294893043461	2.04333794824658	0.0989430192647218	1.84858512111391	2.22104887593634
1.87056312889287	0.148787877578572	1.57893888883887	2.16218736894687	1.95723638334475	0.185021032781843	1.59459515909234	2.31987760759716	1.95723638334475	0.148787877578572	1.67725533143827	2.25213689377366
2.02045661394301	0.0753238651835053	1.87282183818334	2.16809138970268	2.02542440171715	0.101301969723699	1.8268725410587	2.2239762623756	2.02542440171715	0.0753238651835053	1.88248052550771	2.17461949822346
1.9276861956485	0.0861297399505537	1.75887190534541	2.09650048595158	1.93431622797151	0.120401890831424	1.69832852194191	2.1703039340011	1.93431622797151	0.0861297399505537	1.76302256088982	2.11540713221134
2.09564371358858	0.0904125492493859	1.91843511705978	2.27285231011737	2.1187983423723	0.117375298768593	1.88874275678586	2.34885392795875	2.1187983423723	0.0904125492493859	1.95602691248932	2.33074497328916
2.2103348910808	0.10768782805973	1.99926674808373	2.42140303407787	2.09540847467975	0.144989446460715	1.81122915961674	2.37958778974275	2.09540847467975	0.10768782805973	1.90395255627928	2.3192461400721
2.1735770217468	0.0776225710171367	2.02143678255321	2.32571726094039	2.15591302192771	0.103708679383394	1.95264401033626	2.35918203351916	2.15591302192771	0.0776225710171367	2.0108210727018	2.31275193223608
2.08646769728505	0.0927234019890108	1.90472982938659	2.26820556518351	2.10374275926823	0.12400114393463	1.86070051715635	2.3467850013801	2.10374275926823	0.0927234019890108	1.94102157384179	2.31052161637166
2.02719149533428	0.0968372735437116	1.83739043918861	2.21699255147996	2.06047468597012	0.12411464124282	1.81720998913419	2.30373938280604	2.06047468597012	0.0968372735437116	1.89478283347474	2.27728147545048
2.17299258548925	0.121882508888553	1.93410286806769	2.41188230291081	2.12055903765287	0.158455621404688	1.80998601969968	2.43113205560606	2.12055903765287	0.121882508888553	1.8660908983518	2.34971680107833
2.01814302857294	0.0854846033662681	1.85059320597506	2.18569285117083	2.0433635371611	0.111462664503628	1.82489671473399	2.26183035958821	2.0433635371611	0.0854846033662681	1.88477585614432	2.23186481303278
1.9501540547453	0.111128435991482	1.73234232020199	2.1679657892886	1.98052647945181	0.146836532611679	1.69272687553292	2.26832608337071	1.98052647945181	0.111128435991482	1.7863178758864	2.22328971367085
1.92894676725884	0.118929448867277	1.69584504747898	2.16204848703871	1.97664010165935	0.156588873823073	1.66972590896612	2.28355429435257	1.97664010165935	0.118929448867277	1.77569515723557	2.21727774648612
1.98772180963975	0.0953532770065586	1.8008293867069	2.17461423257261	2.00456783220544	0.128123552297033	1.75344566970326	2.25568999470763	2.00456783220544	0.0953532770065586	1.83298363589124	2.21196667263965
2.15566796830685	0.0974794382406145	1.96460826935525	2.34672766725846	2.10336883347164	0.131178332454186	1.84625930186144	2.36047836508184	2.10336883347164	0.0974794382406145	1.91670981702107	2.29465166062066
2.0696222647881	0.095252805970811	1.88292676508531	2.25631776449089	2.09844275294831	0.122229382722056	1.85887316281308	2.33801234308354	2.09844275294831	0.095252805970811	1.92811445355284	2.3107938190438
2.02133408292521	0.080410236228004	1.86373001991832	2.1789381459321	2.03325551595574	0.106232009999031	1.82504077635764	2.24147025555384	2.03325551595574	0.080410236228004	1.87508661708629	2.19449901330509
1.90851078055527	0.0762659353154949	1.7590295473369	2.05799201377364	1.91598991556861	0.104501471232654	1.7111670319526	2.12081279918461	1.91598991556861	0.0762659353154949	1.75877991817978	2.06184052675418
1.94041744175449	0.0979800274210079	1.74837658800931	2.13245829549966	1.96113751872475	0.12995259067985	1.70643044099225	2.21584459645726	1.96113751872475	0.0979800274210079	1.7994364540374	2.18099355871385
1.90920372367515	0.080485005558085	1.75145311278131	2.066954334569	1.923127079728	0.108414673409614	1.71063431984515	2.13561983961084	1.923127079728	0.080485005558085	1.77772757925205	2.09635974869698
2.03771133179086	0.102128945078448	1.83753859943711	2.23788406414462	1.99409685157632	0.137466676847614	1.724662164955	2.26353153819765	1.99409685157632	0.102128945078448	1.76169198987822	2.16346211101672
1.98030684076011	0.106715302402858	1.77114484805051	2.18946883346971	2.02100530153762	0.140976742505792	1.74469088622627	2.29731971684898	2.02100530153762	0.106715302402858	1.82679775412522	2.2469965091168
1.85383420749536	0.0768311226356006	1.70324520712958	2.00442320786113	1.85630528366087	0.10386035262178	1.65273899252218	2.05987157479956	1.85630528366087	0.0768311226356006	1.71093692775402	2.0182359355533
2.18790074602977	0.091065750218657	2.0094118756012	2.36638961645834	2.20172301994119	0.122462527722204	1.96169646560567	2.44174957427671	2.20172301994119	0.091065750218657	2.03590223389717	2.40201450627538
2.02717747005117	0.0920949858141209	1.8466712978555	2.20768364224685	1.98580615769315	0.122422414285381	1.7458582256938	2.2257540896925	1.98580615769315	0.0920949858141209	1.81289340965557	2.16853018561327
2.21645362619528	0.119151308481907	1.98291706157074	2.44999019081982	2.08243448567232	0.154850536208055	1.77892743470453	2.38594153664011	2.08243448567232	0.119151308481907	1.84982446902556	2.30620001693422
2.09270479723188	0.095735647786142	1.90506292757104	2.28034666689272	2.11441056002475	0.125352625172304	1.86871941468704	2.36010170536247	2.11441056002475	0.095735647786142	1.94829835867204	2.3167152057867
2.02244700176529	0.0831572649553061	1.85945876245289	2.18543524107769	2.03554583858977	0.11051883441879	1.81892892312894	2.2521627540506	2.03554583858977	0.0831572649553061	1.87570481558597	2.20793143956576
2.03598635876361	0.114950707874873	1.81068297132886	2.26128974619836	2.09084840150682	0.151260638518669	1.79437755001023	2.38731925300341	2.09084840150682	0.114950707874873	1.87692185670028	2.31675451648252
1.96173720470871	0.106552473178262	1.75289435727931	2.1705800521381	1.99750991858686	0.135672387397464	1.73159203928783	2.26342779788589	1.99750991858686	0.106552473178262	1.81294560103095	2.23379326015296
2.28123085022625	0.0939308942257212	2.09712629754383	2.46533540290866	2.21484276805166	0.11952145840861	1.98058070957079	2.44910482653254	2.21484276805166	0.0939308942257212	2.01517652416491	2.37837489306704
2.13694943402926	0.0933946690074766	1.95389588277461	2.32000298528392	2.08001803295306	0.12018231220232	1.84446070103651	2.3155753648696	2.08001803295306	0.0933946690074766	1.90059289328532	2.25281009503219
1.89232955748127	0.0803832150424267	1.73477845599811	2.04988065896443	1.8968013888495	0.107314025553813	1.68646589876402	2.10713687893497	1.8968013888495	0.0803832150424267	1.74200508748534	2.06147462059528
1.98673736194148	0.091102683734349	1.80817610182216	2.16529862206081	1.99863003273033	0.126183007289758	1.7513113384424	2.24594872701826	1.99863003273033	0.091102683734349	1.8314706685321	2.18083495592097
1.92011288269503	0.078677097765869	1.76590577107393	2.07431999431614	1.92570582147455	0.108934822995444	1.71219356840348	2.13921807454562	1.92570582147455	0.078677097765869	1.76650702937511	2.07753244583822
2.16461827208225	0.0858596883851161	1.99633328284742	2.33290326131708	2.09496361265339	0.11510531901655	1.86935718738095	2.32057003792583	2.09496361265339	0.0858596883851161	1.93694194171823	2.26542900309512
2.04439851085101	0.16649047489145	1.71807718006377	2.37071984163825	2.01123746272821	0.208043379245265	1.60347243940749	2.41900248604893	2.01123746272821	0.16649047489145	1.61358200777076	2.26901925755637
2.07934758711994	0.10342191854873	1.87664062676443	2.28205454747545	2.10225719947736	0.133542765115907	1.84051337985018	2.36400101910453	2.10225719947736	0.10342191854873	1.90444002517062	2.30025378992858
1.99812742351992	0.0986841195880593	1.80470654912732	2.19154829791251	2.02035920510392	0.135491801616415	1.75479527393575	2.2859231362721	2.02035920510392	0.0986841195880593	1.84064839019018	2.21223566819655
1.94689778172869	0.097141410100146	1.75650061793241	2.13729494552498	1.97154568237951	0.127078131143386	1.72247254533847	2.22061881942055	1.97154568237951	0.097141410100146	1.80393619076369	2.18627859975362
2.23798564603458	0.0753746733762869	2.09025128621705	2.3857200058521	2.23734493249225	0.0962538444214485	2.04868739742621	2.42600246755829	2.23734493249225	0.0753746733762869	2.09923382185065	2.39020418171301
2.05774931710336	0.0958068060093274	1.86996797732508	2.24553065688164	2.07767169348531	0.129707100318694	1.82344577686067	2.33189761010995	2.07767169348531	0.0958068060093274	1.90259928468311	2.2968575887653
2.13625137942427	0.0882568302746679	1.96326799208592	2.30923476676262	2.04686765006302	0.115634686682836	1.82022366416466	2.27351163596138	2.04686765006302	0.0882568302746679	1.88126503528551	2.2296981953884
1.957040407007	0.112160694536572	1.73720544571532	2.17687536829868	2.00003763564909	0.147668009477286	1.71060833707361	2.28946693422457	2.00003763564909	0.112160694536572	1.81299264053174	2.24923897640601
1.97256140297355	0.0744767725671352	1.82658692874196	2.11853587720513	1.97441371233284	0.103075188250859	1.77238634336115	2.17644108130452	1.97441371233284	0.0744767725671352	1.8365302020698	2.1232889705001
2.03690404624862	0.09226489270534	1.85606485654616	2.21774323595109	2.04315852684845	0.128994055837551	1.79033017740685	2.29598687629005	2.04315852684845	0.09226489270534	1.86980346976236	2.23753470037787
2.00922152515656	0.122016143238519	1.77006988440906	2.24837316590406	2.08079140989979	0.159714093459295	1.76775178671957	2.39383103308001	2.08079140989979	0.122016143238519	1.84609587567181	2.30595524266081
2.09642401140316	0.111185277463065	1.87850086757555	2.31434715523077	2.04873763615883	0.145927095890854	1.76272052821276	2.33475474410491	2.04873763615883	0.111185277463065	1.85563924793364	2.27389418897568
2.09771645310256	0.0912315059890273	1.91890270136407	2.27653020484105	2.09583554205447	0.121278432446655	1.85812981445903	2.33354126964992	2.09583554205447	0.0912315059890273	1.91453949037291	2.27142725267556
2.08670561443413	0.0721660326118454	1.94526019051491	2.22815103835335	2.09301163114257	0.099520324685088	1.89795179475979	2.28807146752534	2.09301163114257	0.0721660326118454	1.96299785379562	2.23730051973812
2.07206979060677	0.0895065575762281	1.89663693775736	2.24750264345617	2.09081946414318	0.120246832540443	1.85513567236391	2.32650325592244	2.09081946414318	0.0895065575762281	1.92653529460769	2.29042142751752
2.01730694545147	0.0773833030687183	1.86563567143678	2.16897821946615	2.01885845408107	0.106985108627662	1.80916764117085	2.22854926699129	2.01885845408107	0.0773833030687183	1.8745296034774	2.17469201680002
2.01124780742795	0.0947732159393259	1.82549230418687	2.19700331066903	2.04190532689523	0.126933184204359	1.79311628585469	2.29069436793578	2.04190532689523	0.0947732159393259	1.86378638322614	2.24481484736661
2.3213753628546	0.0997508235107769	2.12586374877348	2.51688697693572	2.14912346518897	0.133867320316196	1.88674351736922	2.41150341300871	2.14912346518897	0.0997508235107769	1.97040668517879	2.37058805872799
2.11926525122378	0.0794072545253931	1.96362703235401	2.27490347009355	2.12864082591001	0.110175358044478	1.91269712414283	2.34458452767719	2.12864082591001	0.0794072545253931	1.97140668768426	2.289229818086
2.10562126002379	0.0928172643912667	1.92369942181691	2.28754309823067	2.12603108395542	0.12411171347815	1.88277212553824	2.36929004237259	2.12603108395542	0.0928172643912667	1.95409044912151	2.32882432109211
2.06153015498516	0.0844060942170037	1.89609421031983	2.22696609965048	2.06958400866073	0.116193925051141	1.8418439155605	2.29732410176097	2.06958400866073	0.0844060942170037	1.90227596748962	2.23692071192183
2.21347480849896	0.153191202125625	1.91322005233273	2.51372956466518	2.1069758393047	0.195918233132862	1.72297610236429	2.49097557624511	2.1069758393047	0.153191202125625	1.80001517956792	2.36433150137644
2.0587143510449	0.0981943781065008	1.86625336995616	2.25117533213364	2.07934351276641	0.132731710552297	1.81918936008391	2.33949766544891	2.07934351276641	0.0981943781065008	1.88927690881283	2.27953346057871
1.97177244280704	0.110178385534605	1.75582280715921	2.18772207845486	1.99515236133081	0.152790798126074	1.69568239700371	2.29462232565792	1.99515236133081	0.110178385534605	1.80716119307804	2.22855978411127
2.12228636198141	0.0893076608772749	1.94724334666195	2.29732937730087	2.15100576918089	0.117996876102566	1.91973189201986	2.38227964634192	2.15100576918089	0.0893076608772749	1.98099858204142	2.33487739231105
1.9142699310329	0.0955717710465794	1.7269492597816	2.10159060228419	1.92991253010844	0.127902692719608	1.67922325237801	2.18060180783888	1.92991253010844	0.0955717710465794	1.75938686906816	2.1298415103201
1.98601772197004	0.0875351548948669	1.8144488183761	2.15758662556398	1.99436319072253	0.121042218051828	1.75712044334095	2.23160593810411	1.99436319072253	0.0875351548948669	1.83531595649771	2.18081406517748
1.95466642877165	0.096138509280161	1.76623495058253	2.14309790696077	1.97693870991377	0.127787792265077	1.72647463707422	2.22740278275332	1.97693870991377	0.096138509280161	1.78560559203006	2.18278222796493
1.9280311010392	0.0874261764049138	1.75667579528557	2.09938640679283	1.94444380373063	0.116764087913689	1.71558619141979	2.17330141604146	1.94444380373063	0.0874261764049138	1.78618845642558	2.1246584637571
2.06432308409676	0.0726802018915546	1.92186988838931	2.2067762798042	2.06670034125179	0.1023022173173	1.86618799530988	2.2672126871937	2.06670034125179	0.0726802018915546	1.92203450992676	2.21023856757406
2.32485409893832	0.0916569211523522	2.14520653347971	2.50450166439693	2.18927277250974	0.12450922756613	1.94523468648013	2.43331085853936	2.18927277250974	0.0916569211523522	2.02577316082611	2.38632910634817
2.02904099455124	0.0838358453192526	1.8647227377255	2.19335925137697	2.04328011403586	0.109250253962869	1.82914961626864	2.25741061180308	2.04328011403586	0.0838358453192526	1.90081826068388	2.22843926859856
2.1732492659503	0.0954536832431257	1.98616004679377	2.36033848510682	2.08707235182634	0.132798843952868	1.82678661767872	2.34735808597396	2.08707235182634	0.0954536832431257	1.9138560416333	2.27180687741229
2.12873832333088	0.0828131679221876	1.96642451420339	2.29105213245837	2.15218508884223	0.112596936171145	1.93149509394679	2.37287508373768	2.15218508884223	0.0828131679221876	2.0049314646136	2.32326943114117
2.06001457747795	0.0934825971011098	1.87678868715977	2.24324046779612	2.0943930134026	0.126500379526626	1.84645226953041	2.34233375727479	2.0943930134026	0.0934825971011098	1.91675503107553	2.29549135243765
2.16805087190021	0.0827645141052131	2.00583242425399	2.33026931954643	2.15745703759941	0.111509786717594	1.93889785563293	2.37601621956589	2.15745703759941	0.0827645141052131	1.99843333787776	2.32377366843358
2.04544458369088	0.09936649293689	1.85068625753457	2.24020290984718	2.07659271942549	0.131040697959001	1.81975295142585	2.33343248742513	2.07659271942549	0.09936649293689	1.89665217404268	2.29449931704812
1.85860417395413	0.112475372506706	1.63815244384098	2.07905590406727	1.88771541022701	0.15265432040081	1.58851294224142	2.1869178782126	1.88771541022701	0.112475372506706	1.6640589340645	2.11541490217976
2.02686505252609	0.0919947871204326	1.84655526977004	2.20717483528213	2.03763473017852	0.11800602230293	1.80634292646477	2.26892653389226	2.03763473017852	0.0919947871204326	1.86762411399592	2.2398557246358
2.04360078317033	0.0838343169808157	1.87928552188793	2.20791604445273	2.04382559165241	0.111066288966533	1.826135665278	2.26151551802681	2.04382559165241	0.0838343169808157	1.8807429522276	2.22076190574884
2.10646130785532	0.101892441979932	1.90675212157466	2.30617049413599	2.14228939042115	0.134498508525425	1.87867231371131	2.40590646713098	2.14228939042115	0.101892441979932	1.95921872980933	2.3588667730132
1.99130794665249	0.0917561512543344	1.81146589019399	2.17115000311098	2.02073506107707	0.118066684357611	1.78932435973615	2.25214576241798	2.02073506107707	0.0917561512543344	1.85274209533149	2.21864033393139
2.04639489151394	0.111672528786214	1.82751673509296	2.26527304793492	2.06893544318467	0.14798527793229	1.77888429843738	2.35898658793195	2.06893544318467	0.111672528786214	1.86273642873702	2.31813781652709
1.98796846216367	0.10343454141356	1.78523676099309	2.19070016333425	2.03865784675493	0.133118138997565	1.7777462943197	2.29956939919016	2.03865784675493	0.10343454141356	1.85858123954711	2.24164368347171
1.99806805158417	0.099950765603253	1.8021645510018	2.19397155216655	2.01514882053447	0.131941141824908	1.75654418255765	2.27375345851129	2.01514882053447	0.099950765603253	1.8451905386541	2.24330553297586
NA	NA	NA	NA	NA	NA	NA	NA	NA	NA	NA	NA
NA	NA	NA	NA	NA	NA	NA	NA	NA	NA	NA	NA
NA	NA	NA	NA	NA	NA	NA	NA	NA	NA	NA	NA
NA	NA	NA	NA	NA	NA	NA	NA	NA	NA	NA	NA
NA	NA	NA	NA	NA	NA	NA	NA	NA	NA	NA	NA
NA	NA	NA	NA	NA	NA	NA	NA	NA	NA	NA	NA
NA	NA	NA	NA	NA	NA	NA	NA	NA	NA	NA	NA
NA	NA	NA	NA	NA	NA	NA	NA	NA	NA	NA	NA
NA	NA	NA	NA	NA	NA	NA	NA	NA	NA	NA	NA
NA	NA	NA	NA	NA	NA	NA	NA	NA	NA	NA	NA
NA	NA	NA	NA	NA	NA	NA	NA	NA	NA	NA	NA
NA	NA	NA	NA	NA	NA	NA	NA	NA	NA	NA	NA
NA	NA	NA	NA	NA	NA	NA	NA	NA	NA	NA	NA
NA	NA	NA	NA	NA	NA	NA	NA	NA	NA	NA	NA
NA	NA	NA	NA	NA	NA	NA	NA	NA	NA	NA	NA
NA	NA	NA	NA	NA	NA	NA	NA	NA	NA	NA	NA
NA	NA	NA	NA	NA	NA	NA	NA	NA	NA	NA	NA
NA	NA	NA	NA	NA	NA	NA	NA	NA	NA	NA	NA
NA	NA	NA	NA	NA	NA	NA	NA	NA	NA	NA	NA
NA	NA	NA	NA	NA	NA	NA	NA	NA	NA	NA	NA
NA	NA	NA	NA	NA	NA	NA	NA	NA	NA	NA	NA
NA	NA	NA	NA	NA	NA	NA	NA	NA	NA	NA	NA
NA	NA	NA	NA	NA	NA	NA	NA	NA	NA	NA	NA
NA	NA	NA	NA	NA	NA	NA	NA	NA	NA	NA	NA
NA	NA	NA	NA	NA	NA	NA	NA	NA	NA	NA	NA
NA	NA	NA	NA	NA	NA	NA	NA	NA	NA	NA	NA
NA	NA	NA	NA	NA	NA	NA	NA	NA	NA	NA	NA
NA	NA	NA	NA	NA	NA	NA	NA	NA	NA	NA	NA
NA	NA	NA	NA	NA	NA	NA	NA	NA	NA	NA	NA
NA	NA	NA	NA	NA	NA	NA	NA	NA	NA	NA	NA
NA	NA	NA	NA	NA	NA	NA	NA	NA	NA	NA	NA
NA	NA	NA	NA	NA	NA	NA	NA	NA	NA	NA	NA
NA	NA	NA	NA	NA	NA	NA	NA	NA	NA	NA	NA
NA	NA	NA	NA	NA	NA	NA	NA	NA	NA	NA	NA
NA	NA	NA	NA	NA	NA	NA	NA	NA	NA	NA	NA
NA	NA	NA	NA	NA	NA	NA	NA	NA	NA	NA	NA
NA	NA	NA	NA	NA	NA	NA	NA	NA	NA	NA	NA
NA	NA	NA	NA	NA	NA	NA	NA	NA	NA	NA	NA
NA	NA	NA	NA	NA	NA	NA	NA	NA	NA	NA	NA
NA	NA	NA	NA	NA	NA	NA	NA	NA	NA	NA	NA
NA	NA	NA	NA	NA	NA	NA	NA	NA	NA	NA	NA
NA	NA	NA	NA	NA	NA	NA	NA	NA	NA	NA	NA
NA	NA	NA	NA	NA	NA	NA	NA	NA	NA	NA	NA
NA	NA	NA	NA	NA	NA	NA	NA	NA	NA	NA	NA
NA	NA	NA	NA	NA	NA	NA	NA	NA	NA	NA	NA
NA	NA	NA	NA	NA	NA	NA	NA	NA	NA	NA	NA
NA	NA	NA	NA	NA	NA	NA	NA	NA	NA	NA	NA
NA	NA	NA	NA	NA	NA	NA	NA	NA	NA	NA	NA
NA	NA	NA	NA	NA	NA	NA	NA	NA	NA	NA	NA
NA	NA	NA	NA	NA	NA	NA	NA	NA	NA	NA	NA
NA	NA	NA	NA	NA	NA	NA	NA	NA	NA	NA	NA
NA	NA	NA	NA	NA	NA	NA	NA	NA	NA	NA	NA
NA	NA	NA	NA	NA	NA	NA	NA	NA	NA	NA	NA
NA	NA	NA	NA	NA	NA	NA	NA	NA	NA	NA	NA
NA	NA	NA	NA	NA	NA	NA	NA	NA	NA	NA	NA
NA	NA	NA	NA	NA	NA	NA	NA	NA	NA	NA	NA
NA	NA	NA	NA	NA	NA	NA	NA	NA	NA	NA	NA
NA	NA	NA	NA	NA	NA	NA	NA	NA	NA	NA	NA
NA	NA	NA	NA	NA	NA	NA	NA	NA	NA	NA	NA
NA	NA	NA	NA	NA	NA	NA	NA	NA	NA	NA	NA
NA	NA	NA	NA	NA	NA	NA	NA	NA	NA	NA	NA
NA	NA	NA	NA	NA	NA	NA	NA	NA	NA	NA	NA
NA	NA	NA	NA	NA	NA	NA	NA	NA	NA	NA	NA
NA	NA	NA	NA	NA	NA	NA	NA	NA	NA	NA	NA
NA	NA	NA	NA	NA	NA	NA	NA	NA	NA	NA	NA
NA	NA	NA	NA	NA	NA	NA	NA	NA	NA	NA	NA
NA	NA	NA	NA	NA	NA	NA	NA	NA	NA	NA	NA
NA	NA	NA	NA	NA	NA	NA	NA	NA	NA	NA	NA
NA	NA	NA	NA	NA	NA	NA	NA	NA	NA	NA	NA
NA	NA	NA	NA	NA	NA	NA	NA	NA	NA	NA	NA
NA	NA	NA	NA	NA	NA	NA	NA	NA	NA	NA	NA
NA	NA	NA	NA	NA	NA	NA	NA	NA	NA	NA	NA
NA	NA	NA	NA	NA	NA	NA	NA	NA	NA	NA	NA
NA	NA	NA	NA	NA	NA	NA	NA	NA	NA	NA	NA
NA	NA	NA	NA	NA	NA	NA	NA	NA	NA	NA	NA
NA	NA	NA	NA	NA	NA	NA	NA	NA	NA	NA	NA
NA	NA	NA	NA	NA	NA	NA	NA	NA	NA	NA	NA
NA	NA	NA	NA	NA	NA	NA	NA	NA	NA	NA	NA
NA	NA	NA	NA	NA	NA	NA	NA	NA	NA	NA	NA
NA	NA	NA	NA	NA	NA	NA	NA	NA	NA	NA	NA
NA	NA	NA	NA	NA	NA	NA	NA	NA	NA	NA	NA
NA	NA	NA	NA	NA	NA	NA	NA	NA	NA	NA	NA
NA	NA	NA	NA	NA	NA	NA	NA	NA	NA	NA	NA
NA	NA	NA	NA	NA	NA	NA	NA	NA	NA	NA	NA
NA	NA	NA	NA	NA	NA	NA	NA	NA	NA	NA	NA
NA	NA	NA	NA	NA	NA	NA	NA	NA	NA	NA	NA
NA	NA	NA	NA	NA	NA	NA	NA	NA	NA	NA	NA
NA	NA	NA	NA	NA	NA	NA	NA	NA	NA	NA	NA
NA	NA	NA	NA	NA	NA	NA	NA	NA	NA	NA	NA
NA	NA	NA	NA	NA	NA	NA	NA	NA	NA	NA	NA
NA	NA	NA	NA	NA	NA	NA	NA	NA	NA	NA	NA
NA	NA	NA	NA	NA	NA	NA	NA	NA	NA	NA	NA
NA	NA	NA	NA	NA	NA	NA	NA	NA	NA	NA	NA
NA	NA	NA	NA	NA	NA	NA	NA	NA	NA	NA	NA
NA	NA	NA	NA	NA	NA	NA	NA	NA	NA	NA	NA
NA	NA	NA	NA	NA	NA	NA	NA	NA	NA	NA	NA
NA	NA	NA	NA	NA	NA	NA	NA	NA	NA	NA	NA
NA	NA	NA	NA	NA	NA	NA	NA	NA	NA	NA	NA
NA	NA	NA	NA	NA	NA	NA	NA	NA	NA	NA	NA
NA	NA	NA	NA	NA	NA	NA	NA	NA	NA	NA	NA
NA	NA	NA	NA	NA	NA	NA	NA	NA	NA	NA	NA
NA	NA	NA	NA	NA	NA	NA	NA	NA	NA	NA	NA
NA	NA	NA	NA	NA	NA	NA	NA	NA	NA	NA	NA
NA	NA	NA	NA	NA	NA	NA	NA	NA	NA	NA	NA
NA	NA	NA	NA	NA	NA	NA	NA	NA	NA	NA	NA
NA	NA	NA	NA	NA	NA	NA	NA	NA	NA	NA	NA
NA	NA	NA	NA	NA	NA	NA	NA	NA	NA	NA	NA
NA	NA	NA	NA	NA	NA	NA	NA	NA	NA	NA	NA
NA	NA	NA	NA	NA	NA	NA	NA	NA	NA	NA	NA
NA	NA	NA	NA	NA	NA	NA	NA	NA	NA	NA	NA
NA	NA	NA	NA	NA	NA	NA	NA	NA	NA	NA	NA
NA	NA	NA	NA	NA	NA	NA	NA	NA	NA	NA	NA
NA	NA	NA	NA	NA	NA	NA	NA	NA	NA	NA	NA
NA	NA	NA	NA	NA	NA	NA	NA	NA	NA	NA	NA
NA	NA	NA	NA	NA	NA	NA	NA	NA	NA	NA	NA
NA	NA	NA	NA	NA	NA	NA	NA	NA	NA	NA	NA
NA	NA	NA	NA	NA	NA	NA	NA	NA	NA	NA	NA
NA	NA	NA	NA	NA	NA	NA	NA	NA	NA	NA	NA
NA	NA	NA	NA	NA	NA	NA	NA	NA	NA	NA	NA
NA	NA	NA	NA	NA	NA	NA	NA	NA	NA	NA	NA
NA	NA	NA	NA	NA	NA	NA	NA	NA	NA	NA	NA
NA	NA	NA	NA	NA	NA	NA	NA	NA	NA	NA	NA
NA	NA	NA	NA	NA	NA	NA	NA	NA	NA	NA	NA
NA	NA	NA	NA	NA	NA	NA	NA	NA	NA	NA	NA
NA	NA	NA	NA	NA	NA	NA	NA	NA	NA	NA	NA
NA	NA	NA	NA	NA	NA	NA	NA	NA	NA	NA	NA
NA	NA	NA	NA	NA	NA	NA	NA	NA	NA	NA	NA
NA	NA	NA	NA	NA	NA	NA	NA	NA	NA	NA	NA
NA	NA	NA	NA	NA	NA	NA	NA	NA	NA	NA	NA
NA	NA	NA	NA	NA	NA	NA	NA	NA	NA	NA	NA
NA	NA	NA	NA	NA	NA	NA	NA	NA	NA	NA	NA
NA	NA	NA	NA	NA	NA	NA	NA	NA	NA	NA	NA
NA	NA	NA	NA	NA	NA	NA	NA	NA	NA	NA	NA
NA	NA	NA	NA	NA	NA	NA	NA	NA	NA	NA	NA
NA	NA	NA	NA	NA	NA	NA	NA	NA	NA	NA	NA
NA	NA	NA	NA	NA	NA	NA	NA	NA	NA	NA	NA
NA	NA	NA	NA	NA	NA	NA	NA	NA	NA	NA	NA
NA	NA	NA	NA	NA	NA	NA	NA	NA	NA	NA	NA
NA	NA	NA	NA	NA	NA	NA	NA	NA	NA	NA	NA
NA	NA	NA	NA	NA	NA	NA	NA	NA	NA	NA	NA
NA	NA	NA	NA	NA	NA	NA	NA	NA	NA	NA	NA
NA	NA	NA	NA	NA	NA	NA	NA	NA	NA	NA	NA
NA	NA	NA	NA	NA	NA	NA	NA	NA	NA	NA	NA
NA	NA	NA	NA	NA	NA	NA	NA	NA	NA	NA	NA
NA	NA	NA	NA	NA	NA	NA	NA	NA	NA	NA	NA
NA	NA	NA	NA	NA	NA	NA	NA	NA	NA	NA	NA
NA	NA	NA	NA	NA	NA	NA	NA	NA	NA	NA	NA
NA	NA	NA	NA	NA	NA	NA	NA	NA	NA	NA	NA
NA	NA	NA	NA	NA	NA	NA	NA	NA	NA	NA	NA
NA	NA	NA	NA	NA	NA	NA	NA	NA	NA	NA	NA
NA	NA	NA	NA	NA	NA	NA	NA	NA	NA	NA	NA
NA	NA	NA	NA	NA	NA	NA	NA	NA	NA	NA	NA
NA	NA	NA	NA	NA	NA	NA	NA	NA	NA	NA	NA
NA	NA	NA	NA	NA	NA	NA	NA	NA	NA	NA	NA
NA	NA	NA	NA	NA	NA	NA	NA	NA	NA	NA	NA
NA	NA	NA	NA	NA	NA	NA	NA	NA	NA	NA	NA
NA	NA	NA	NA	NA	NA	NA	NA	NA	NA	NA	NA
NA	NA	NA	NA	NA	NA	NA	NA	NA	NA	NA	NA
NA	NA	NA	NA	NA	NA	NA	NA	NA	NA	NA	NA
NA	NA	NA	NA	NA	NA	NA	NA	NA	NA	NA	NA
NA	NA	NA	NA	NA	NA	NA	NA	NA	NA	NA	NA
NA	NA	NA	NA	NA	NA	NA	NA	NA	NA	NA	NA
NA	NA	NA	NA	NA	NA	NA	NA	NA	NA	NA	NA
NA	NA	NA	NA	NA	NA	NA	NA	NA	NA	NA	NA
NA	NA	NA	NA	NA	NA	NA	NA	NA	NA	NA	NA
NA	NA	NA	NA	NA	NA	NA	NA	NA	NA	NA	NA
NA	NA	NA	NA	NA	NA	NA	NA	NA	NA	NA	NA
NA	NA	NA	NA	NA	NA	NA	NA	NA	NA	NA	NA
NA	NA	NA	NA	NA	NA	NA	NA	NA	NA	NA	NA
NA	NA	NA	NA	NA	NA	NA	NA	NA	NA	NA	NA
NA	NA	NA	NA	NA	NA	NA	NA	NA	NA	NA	NA
NA	NA	NA	NA	NA	NA	NA	NA	NA	NA	NA	NA
NA	NA	NA	NA	NA	NA	NA	NA	NA	NA	NA	NA
NA	NA	NA	NA	NA	NA	NA	NA	NA	NA	NA	NA
NA	NA	NA	NA	NA	NA	NA	NA	NA	NA	NA	NA
NA	NA	NA	NA	NA	NA	NA	NA	NA	NA	NA	NA
NA	NA	NA	NA	NA	NA	NA	NA	NA	NA	NA	NA
NA	NA	NA	NA	NA	NA	NA	NA	NA	NA	NA	NA
NA	NA	NA	NA	NA	NA	NA	NA	NA	NA	NA	NA
NA	NA	NA	NA	NA	NA	NA	NA	NA	NA	NA	NA
NA	NA	NA	NA	NA	NA	NA	NA	NA	NA	NA	NA
NA	NA	NA	NA	NA	NA	NA	NA	NA	NA	NA	NA
NA	NA	NA	NA	NA	NA	NA	NA	NA	NA	NA	NA
NA	NA	NA	NA	NA	NA	NA	NA	NA	NA	NA	NA
NA	NA	NA	NA	NA	NA	NA	NA	NA	NA	NA	NA
NA	NA	NA	NA	NA	NA	NA	NA	NA	NA	NA	NA
NA	NA	NA	NA	NA	NA	NA	NA	NA	NA	NA	NA
NA	NA	NA	NA	NA	NA	NA	NA	NA	NA	NA	NA
NA	NA	NA	NA	NA	NA	NA	NA	NA	NA	NA	NA
NA	NA	NA	NA	NA	NA	NA	NA	NA	NA	NA	NA
NA	NA	NA	NA	NA	NA	NA	NA	NA	NA	NA	NA
NA	NA	NA	NA	NA	NA	NA	NA	NA	NA	NA	NA
NA	NA	NA	NA	NA	NA	NA	NA	NA	NA	NA	NA
NA	NA	NA	NA	NA	NA	NA	NA	NA	NA	NA	NA
NA	NA	NA	NA	NA	NA	NA	NA	NA	NA	NA	NA
NA	NA	NA	NA	NA	NA	NA	NA	NA	NA	NA	NA
NA	NA	NA	NA	NA	NA	NA	NA	NA	NA	NA	NA
NA	NA	NA	NA	NA	NA	NA	NA	NA	NA	NA	NA
NA	NA	NA	NA	NA	NA	NA	NA	NA	NA	NA	NA
NA	NA	NA	NA	NA	NA	NA	NA	NA	NA	NA	NA
NA	NA	NA	NA	NA	NA	NA	NA	NA	NA	NA	NA
NA	NA	NA	NA	NA	NA	NA	NA	NA	NA	NA	NA
NA	NA	NA	NA	NA	NA	NA	NA	NA	NA	NA	NA
NA	NA	NA	NA	NA	NA	NA	NA	NA	NA	NA	NA
NA	NA	NA	NA	NA	NA	NA	NA	NA	NA	NA	NA
NA	NA	NA	NA	NA	NA	NA	NA	NA	NA	NA	NA
NA	NA	NA	NA	NA	NA	NA	NA	NA	NA	NA	NA
NA	NA	NA	NA	NA	NA	NA	NA	NA	NA	NA	NA
NA	NA	NA	NA	NA	NA	NA	NA	NA	NA	NA	NA
NA	NA	NA	NA	NA	NA	NA	NA	NA	NA	NA	NA
NA	NA	NA	NA	NA	NA	NA	NA	NA	NA	NA	NA
NA	NA	NA	NA	NA	NA	NA	NA	NA	NA	NA	NA
NA	NA	NA	NA	NA	NA	NA	NA	NA	NA	NA	NA
NA	NA	NA	NA	NA	NA	NA	NA	NA	NA	NA	NA
NA	NA	NA	NA	NA	NA	NA	NA	NA	NA	NA	NA
NA	NA	NA	NA	NA	NA	NA	NA	NA	NA	NA	NA
NA	NA	NA	NA	NA	NA	NA	NA	NA	NA	NA	NA
NA	NA	NA	NA	NA	NA	NA	NA	NA	NA	NA	NA
NA	NA	NA	NA	NA	NA	NA	NA	NA	NA	NA	NA
NA	NA	NA	NA	NA	NA	NA	NA	NA	NA	NA	NA
NA	NA	NA	NA	NA	NA	NA	NA	NA	NA	NA	NA
NA	NA	NA	NA	NA	NA	NA	NA	NA	NA	NA	NA
NA	NA	NA	NA	NA	NA	NA	NA	NA	NA	NA	NA
NA	NA	NA	NA	NA	NA	NA	NA	NA	NA	NA	NA
NA	NA	NA	NA	NA	NA	NA	NA	NA	NA	NA	NA
NA	NA	NA	NA	NA	NA	NA	NA	NA	NA	NA	NA
NA	NA	NA	NA	NA	NA	NA	NA	NA	NA	NA	NA
NA	NA	NA	NA	NA	NA	NA	NA	NA	NA	NA	NA
NA	NA	NA	NA	NA	NA	NA	NA	NA	NA	NA	NA
NA	NA	NA	NA	NA	NA	NA	NA	NA	NA	NA	NA
NA	NA	NA	NA	NA	NA	NA	NA	NA	NA	NA	NA
NA	NA	NA	NA	NA	NA	NA	NA	NA	NA	NA	NA
NA	NA	NA	NA	NA	NA	NA	NA	NA	NA	NA	NA
NA	NA	NA	NA	NA	NA	NA	NA	NA	NA	NA	NA
NA	NA	NA	NA	NA	NA	NA	NA	NA	NA	NA	NA
NA	NA	NA	NA	NA	NA	NA	NA	NA	NA	NA	NA
NA	NA	NA	NA	NA	NA	NA	NA	NA	NA	NA	NA
NA	NA	NA	NA	NA	NA	NA	NA	NA	NA	NA	NA
NA	NA	NA	NA	NA	NA	NA	NA	NA	NA	NA	NA
NA	NA	NA	NA	NA	NA	NA	NA	NA	NA	NA	NA
NA	NA	NA	NA	NA	NA	NA	NA	NA	NA	NA	NA
NA	NA	NA	NA	NA	NA	NA	NA	NA	NA	NA	NA
NA	NA	NA	NA	NA	NA	NA	NA	NA	NA	NA	NA
NA	NA	NA	NA	NA	NA	NA	NA	NA	NA	NA	NA
NA	NA	NA	NA	NA	NA	NA	NA	NA	NA	NA	NA
NA	NA	NA	NA	NA	NA	NA	NA	NA	NA	NA	NA
NA	NA	NA	NA	NA	NA	NA	NA	NA	NA	NA	NA
NA	NA	NA	NA	NA	NA	NA	NA	NA	NA	NA	NA
NA	NA	NA	NA	NA	NA	NA	NA	NA	NA	NA	NA
NA	NA	NA	NA	NA	NA	NA	NA	NA	NA	NA	NA
NA	NA	NA	NA	NA	NA	NA	NA	NA	NA	NA	NA
NA	NA	NA	NA	NA	NA	NA	NA	NA	NA	NA	NA
NA	NA	NA	NA	NA	NA	NA	NA	NA	NA	NA	NA
NA	NA	NA	NA	NA	NA	NA	NA	NA	NA	NA	NA
NA	NA	NA	NA	NA	NA	NA	NA	NA	NA	NA	NA
NA	NA	NA	NA	NA	NA	NA	NA	NA	NA	NA	NA
NA	NA	NA	NA	NA	NA	NA	NA	NA	NA	NA	NA
NA	NA	NA	NA	NA	NA	NA	NA	NA	NA	NA	NA
NA	NA	NA	NA	NA	NA	NA	NA	NA	NA	NA	NA
NA	NA	NA	NA	NA	NA	NA	NA	NA	NA	NA	NA
NA	NA	NA	NA	NA	NA	NA	NA	NA	NA	NA	NA
NA	NA	NA	NA	NA	NA	NA	NA	NA	NA	NA	NA
NA	NA	NA	NA	NA	NA	NA	NA	NA	NA	NA	NA
NA	NA	NA	NA	NA	NA	NA	NA	NA	NA	NA	NA
NA	NA	NA	NA	NA	NA	NA	NA	NA	NA	NA	NA
NA	NA	NA	NA	NA	NA	NA	NA	NA	NA	NA	NA
NA	NA	NA	NA	NA	NA	NA	NA	NA	NA	NA	NA
NA	NA	NA	NA	NA	NA	NA	NA	NA	NA	NA	NA
NA	NA	NA	NA	NA	NA	NA	NA	NA	NA	NA	NA
NA	NA	NA	NA	NA	NA	NA	NA	NA	NA	NA	NA
NA	NA	NA	NA	NA	NA	NA	NA	NA	NA	NA	NA
NA	NA	NA	NA	NA	NA	NA	NA	NA	NA	NA	NA
NA	NA	NA	NA	NA	NA	NA	NA	NA	NA	NA	NA
NA	NA	NA	NA	NA	NA	NA	NA	NA	NA	NA	NA
NA	NA	NA	NA	NA	NA	NA	NA	NA	NA	NA	NA
NA	NA	NA	NA	NA	NA	NA	NA	NA	NA	NA	NA
NA	NA	NA	NA	NA	NA	NA	NA	NA	NA	NA	NA
NA	NA	NA	NA	NA	NA	NA	NA	NA	NA	NA	NA
NA	NA	NA	NA	NA	NA	NA	NA	NA	NA	NA	NA
NA	NA	NA	NA	NA	NA	NA	NA	NA	NA	NA	NA
NA	NA	NA	NA	NA	NA	NA	NA	NA	NA	NA	NA
NA	NA	NA	NA	NA	NA	NA	NA	NA	NA	NA	NA
NA	NA	NA	NA	NA	NA	NA	NA	NA	NA	NA	NA
NA	NA	NA	NA	NA	NA	NA	NA	NA	NA	NA	NA
NA	NA	NA	NA	NA	NA	NA	NA	NA	NA	NA	NA
NA	NA	NA	NA	NA	NA	NA	NA	NA	NA	NA	NA
NA	NA	NA	NA	NA	NA	NA	NA	NA	NA	NA	NA
NA	NA	NA	NA	NA	NA	NA	NA	NA	NA	NA	NA
NA	NA	NA	NA	NA	NA	NA	NA	NA	NA	NA	NA
NA	NA	NA	NA	NA	NA	NA	NA	NA	NA	NA	NA
NA	NA	NA	NA	NA	NA	NA	NA	NA	NA	NA	NA
NA	NA	NA	NA	NA	NA	NA	NA	NA	NA	NA	NA
NA	NA	NA	NA	NA	NA	NA	NA	NA	NA	NA	NA
NA	NA	NA	NA	NA	NA	NA	NA	NA	NA	NA	NA
NA	NA	NA	NA	NA	NA	NA	NA	NA	NA	NA	NA
NA	NA	NA	NA	NA	NA	NA	NA	NA	NA	NA	NA
NA	NA	NA	NA	NA	NA	NA	NA	NA	NA	NA	NA
NA	NA	NA	NA	NA	NA	NA	NA	NA	NA	NA	NA
NA	NA	NA	NA	NA	NA	NA	NA	NA	NA	NA	NA
NA	NA	NA	NA	NA	NA	NA	NA	NA	NA	NA	NA
