X1	X2	X3	X4	X1.1	X2.1	X3.1	X4.1	X1.2	X2.2	X3.2	X4.2
NA	NA	NA	NA	NA	NA	NA	NA	NA	NA	NA	NA
NA	NA	NA	NA	NA	NA	NA	NA	NA	NA	NA	NA
NA	NA	NA	NA	NA	NA	NA	NA	NA	NA	NA	NA
NA	NA	NA	NA	NA	NA	NA	NA	NA	NA	NA	NA
NA	NA	NA	NA	NA	NA	NA	NA	NA	NA	NA	NA
NA	NA	NA	NA	NA	NA	NA	NA	NA	NA	NA	NA
NA	NA	NA	NA	NA	NA	NA	NA	NA	NA	NA	NA
NA	NA	NA	NA	NA	NA	NA	NA	NA	NA	NA	NA
NA	NA	NA	NA	NA	NA	NA	NA	NA	NA	NA	NA
NA	NA	NA	NA	NA	NA	NA	NA	NA	NA	NA	NA
NA	NA	NA	NA	NA	NA	NA	NA	NA	NA	NA	NA
NA	NA	NA	NA	NA	NA	NA	NA	NA	NA	NA	NA
NA	NA	NA	NA	NA	NA	NA	NA	NA	NA	NA	NA
NA	NA	NA	NA	NA	NA	NA	NA	NA	NA	NA	NA
NA	NA	NA	NA	NA	NA	NA	NA	NA	NA	NA	NA
NA	NA	NA	NA	NA	NA	NA	NA	NA	NA	NA	NA
NA	NA	NA	NA	NA	NA	NA	NA	NA	NA	NA	NA
NA	NA	NA	NA	NA	NA	NA	NA	NA	NA	NA	NA
NA	NA	NA	NA	NA	NA	NA	NA	NA	NA	NA	NA
NA	NA	NA	NA	NA	NA	NA	NA	NA	NA	NA	NA
NA	NA	NA	NA	NA	NA	NA	NA	NA	NA	NA	NA
NA	NA	NA	NA	NA	NA	NA	NA	NA	NA	NA	NA
NA	NA	NA	NA	NA	NA	NA	NA	NA	NA	NA	NA
NA	NA	NA	NA	NA	NA	NA	NA	NA	NA	NA	NA
NA	NA	NA	NA	NA	NA	NA	NA	NA	NA	NA	NA
NA	NA	NA	NA	NA	NA	NA	NA	NA	NA	NA	NA
NA	NA	NA	NA	NA	NA	NA	NA	NA	NA	NA	NA
NA	NA	NA	NA	NA	NA	NA	NA	NA	NA	NA	NA
NA	NA	NA	NA	NA	NA	NA	NA	NA	NA	NA	NA
NA	NA	NA	NA	NA	NA	NA	NA	NA	NA	NA	NA
NA	NA	NA	NA	NA	NA	NA	NA	NA	NA	NA	NA
NA	NA	NA	NA	NA	NA	NA	NA	NA	NA	NA	NA
NA	NA	NA	NA	NA	NA	NA	NA	NA	NA	NA	NA
NA	NA	NA	NA	NA	NA	NA	NA	NA	NA	NA	NA
NA	NA	NA	NA	NA	NA	NA	NA	NA	NA	NA	NA
NA	NA	NA	NA	NA	NA	NA	NA	NA	NA	NA	NA
NA	NA	NA	NA	NA	NA	NA	NA	NA	NA	NA	NA
NA	NA	NA	NA	NA	NA	NA	NA	NA	NA	NA	NA
NA	NA	NA	NA	NA	NA	NA	NA	NA	NA	NA	NA
NA	NA	NA	NA	NA	NA	NA	NA	NA	NA	NA	NA
NA	NA	NA	NA	NA	NA	NA	NA	NA	NA	NA	NA
NA	NA	NA	NA	NA	NA	NA	NA	NA	NA	NA	NA
NA	NA	NA	NA	NA	NA	NA	NA	NA	NA	NA	NA
NA	NA	NA	NA	NA	NA	NA	NA	NA	NA	NA	NA
NA	NA	NA	NA	NA	NA	NA	NA	NA	NA	NA	NA
NA	NA	NA	NA	NA	NA	NA	NA	NA	NA	NA	NA
NA	NA	NA	NA	NA	NA	NA	NA	NA	NA	NA	NA
NA	NA	NA	NA	NA	NA	NA	NA	NA	NA	NA	NA
NA	NA	NA	NA	NA	NA	NA	NA	NA	NA	NA	NA
NA	NA	NA	NA	NA	NA	NA	NA	NA	NA	NA	NA
NA	NA	NA	NA	NA	NA	NA	NA	NA	NA	NA	NA
NA	NA	NA	NA	NA	NA	NA	NA	NA	NA	NA	NA
NA	NA	NA	NA	NA	NA	NA	NA	NA	NA	NA	NA
NA	NA	NA	NA	NA	NA	NA	NA	NA	NA	NA	NA
NA	NA	NA	NA	NA	NA	NA	NA	NA	NA	NA	NA
NA	NA	NA	NA	NA	NA	NA	NA	NA	NA	NA	NA
NA	NA	NA	NA	NA	NA	NA	NA	NA	NA	NA	NA
NA	NA	NA	NA	NA	NA	NA	NA	NA	NA	NA	NA
NA	NA	NA	NA	NA	NA	NA	NA	NA	NA	NA	NA
NA	NA	NA	NA	NA	NA	NA	NA	NA	NA	NA	NA
NA	NA	NA	NA	NA	NA	NA	NA	NA	NA	NA	NA
NA	NA	NA	NA	NA	NA	NA	NA	NA	NA	NA	NA
NA	NA	NA	NA	NA	NA	NA	NA	NA	NA	NA	NA
NA	NA	NA	NA	NA	NA	NA	NA	NA	NA	NA	NA
NA	NA	NA	NA	NA	NA	NA	NA	NA	NA	NA	NA
NA	NA	NA	NA	NA	NA	NA	NA	NA	NA	NA	NA
NA	NA	NA	NA	NA	NA	NA	NA	NA	NA	NA	NA
NA	NA	NA	NA	NA	NA	NA	NA	NA	NA	NA	NA
NA	NA	NA	NA	NA	NA	NA	NA	NA	NA	NA	NA
NA	NA	NA	NA	NA	NA	NA	NA	NA	NA	NA	NA
NA	NA	NA	NA	NA	NA	NA	NA	NA	NA	NA	NA
NA	NA	NA	NA	NA	NA	NA	NA	NA	NA	NA	NA
NA	NA	NA	NA	NA	NA	NA	NA	NA	NA	NA	NA
NA	NA	NA	NA	NA	NA	NA	NA	NA	NA	NA	NA
NA	NA	NA	NA	NA	NA	NA	NA	NA	NA	NA	NA
NA	NA	NA	NA	NA	NA	NA	NA	NA	NA	NA	NA
NA	NA	NA	NA	NA	NA	NA	NA	NA	NA	NA	NA
NA	NA	NA	NA	NA	NA	NA	NA	NA	NA	NA	NA
NA	NA	NA	NA	NA	NA	NA	NA	NA	NA	NA	NA
NA	NA	NA	NA	NA	NA	NA	NA	NA	NA	NA	NA
NA	NA	NA	NA	NA	NA	NA	NA	NA	NA	NA	NA
NA	NA	NA	NA	NA	NA	NA	NA	NA	NA	NA	NA
NA	NA	NA	NA	NA	NA	NA	NA	NA	NA	NA	NA
NA	NA	NA	NA	NA	NA	NA	NA	NA	NA	NA	NA
NA	NA	NA	NA	NA	NA	NA	NA	NA	NA	NA	NA
NA	NA	NA	NA	NA	NA	NA	NA	NA	NA	NA	NA
NA	NA	NA	NA	NA	NA	NA	NA	NA	NA	NA	NA
NA	NA	NA	NA	NA	NA	NA	NA	NA	NA	NA	NA
NA	NA	NA	NA	NA	NA	NA	NA	NA	NA	NA	NA
NA	NA	NA	NA	NA	NA	NA	NA	NA	NA	NA	NA
NA	NA	NA	NA	NA	NA	NA	NA	NA	NA	NA	NA
NA	NA	NA	NA	NA	NA	NA	NA	NA	NA	NA	NA
NA	NA	NA	NA	NA	NA	NA	NA	NA	NA	NA	NA
NA	NA	NA	NA	NA	NA	NA	NA	NA	NA	NA	NA
NA	NA	NA	NA	NA	NA	NA	NA	NA	NA	NA	NA
NA	NA	NA	NA	NA	NA	NA	NA	NA	NA	NA	NA
NA	NA	NA	NA	NA	NA	NA	NA	NA	NA	NA	NA
NA	NA	NA	NA	NA	NA	NA	NA	NA	NA	NA	NA
NA	NA	NA	NA	NA	NA	NA	NA	NA	NA	NA	NA
NA	NA	NA	NA	NA	NA	NA	NA	NA	NA	NA	NA
2.17951510019992	0.0868572178668587	2.00927495318088	2.34975524721896	2.17980560392511	0.115144664774738	1.95412206096662	2.40548914688359	2.17980560392511	0.0868572178668587	2.0044162635111	2.35565716788216
2.05362973034745	0.113616446738043	1.83094149474089	2.27631796595402	2.00603760954129	0.155151555046539	1.70194056165007	2.31013465743251	2.00603760954129	0.113616446738043	1.81243548167327	2.24150655483217
1.97923656074452	0.100034310009421	1.78316931312606	2.17530380836299	2.00635692361413	0.132690890754873	1.74628277773458	2.26643106949368	2.00635692361413	0.100034310009421	1.79934645300718	2.20581568109535
1.94686159747557	0.101253739636757	1.74840426778753	2.14531892716362	1.95777637409018	0.132907234528395	1.69727819441452	2.21827455376583	1.95777637409018	0.101253739636757	1.75177826128621	2.14170442481336
2.01812207494138	0.0984304469247397	1.82519839896889	2.21104575091387	2.00655537328466	0.127017413092514	1.75760124362333	2.25550950294598	2.00655537328466	0.0984304469247397	1.82813987308728	2.21758527018589
1.87595061129502	0.0978843507023246	1.68409728391846	2.06780393867157	1.90745971169317	0.126231353906537	1.66004625803635	2.15487316534998	1.90745971169317	0.0978843507023246	1.73855218490928	2.13058303118993
1.99762487696518	0.110332955482036	1.78137228422039	2.21387746970997	1.99912320958916	0.15352711029884	1.69821007340343	2.30003634577489	1.99912320958916	0.110332955482036	1.78318567991998	2.2209371946666
1.84875965835058	0.0787990242615838	1.69431357079787	2.00320574590328	1.8624154372579	0.106402892466872	1.65386576802283	2.07096510649297	1.8624154372579	0.0787990242615838	1.71264112067492	2.03110195764325
1.96820685194286	0.0861528056982416	1.7993473527743	2.13706635111141	1.96963803519174	0.114833296280088	1.74456477448277	2.19471129590071	1.96963803519174	0.0861528056982416	1.8014390940744	2.13149701319115
2.02075790494871	0.0914369546724043	1.8415414737908	2.19997433610663	2.01864526135586	0.119499684882234	1.78442587898668	2.25286464372503	2.01864526135586	0.0914369546724043	1.84037116286105	2.18901261098276
2.06965453669401	0.0932156440015916	1.88695187445089	2.25235719893713	2.07246410223531	0.123802640790437	1.82981092628606	2.31511727818457	2.07246410223531	0.0932156440015916	1.88127789101247	2.2493464571336
2.15964928844225	0.0840089567186515	1.99499173327369	2.3243068436108	2.16013396993281	0.119262504974188	1.9263794601834	2.39388847968222	2.16013396993281	0.0840089567186515	2.00551016142663	2.32518191090927
2.09711641274349	0.166422628553316	1.77092806077899	2.42330476470798	2.12190255869053	0.212795711604318	1.70482296394607	2.538982153435	2.12190255869053	0.166422628553316	1.8420761914842	2.52482457456947
1.87092958742885	0.0763170491598956	1.72134817107545	2.02051100378224	1.86593864322049	0.10495769077396	1.66022156930353	2.07165571713746	1.86593864322049	0.0763170491598956	1.71424059210179	2.01998002162331
2.02812105963562	0.0987747443654393	1.83452256067936	2.22171955859189	2.03346211875087	0.125709142401067	1.78707219964478	2.27985203785696	2.03346211875087	0.0987747443654393	1.85000397719729	2.2361179973305
2.03744073795399	0.115262342287564	1.81152654707036	2.26335492883761	2.110354382499	0.148760828100804	1.81878315942143	2.40192560557658	2.110354382499	0.115262342287564	1.92206507642001	2.37246409665019
2.00875198203328	0.0774666812488013	1.85691728678563	2.16058667728093	2.0064265979033	0.10792385180315	1.79489584836913	2.21795734743748	2.0064265979033	0.0774666812488013	1.84635319479585	2.16102675069641
1.83994002395313	0.121011635258257	1.60275721884694	2.07712282905931	1.86065062554292	0.157782296496041	1.55139732441068	2.16990392667516	1.86065062554292	0.121011635258257	1.6137397221014	2.05888525772219
2.0990515296579	0.0863787095766566	1.92974925888765	2.26835380042815	2.10669674661911	0.117787796253287	1.87583266596266	2.33756082727555	2.10669674661911	0.0863787095766566	1.93982448757501	2.27319637463359
1.95810887462783	0.104056831977599	1.75415748395174	2.16206026530393	2.02687666104208	0.135782320364714	1.76074331312724	2.29301000895692	2.02687666104208	0.104056831977599	1.83848633295474	2.23880304218161
1.87056312889287	0.112181557486044	1.65068727622022	2.09043898156552	1.8995850939721	0.147875634876592	1.60974884961398	2.18942133833022	1.8995850939721	0.112181557486044	1.67732924805882	2.11503958121113
2.01946988950543	0.106392364608073	1.81094085487361	2.22799892413726	2.06983828240615	0.143018433845067	1.78952215206982	2.35015441274248	2.06983828240615	0.106392364608073	1.88116121680787	2.29812885228542
1.9276861956485	0.0895596716902959	1.75214923913552	2.10322315216148	1.94347351071755	0.122959932382658	1.70247204324754	2.18447497818756	1.94347351071755	0.0895596716902959	1.76386685047019	2.12582851634835
2.08836826869024	0.129966324123041	1.83363427340908	2.3431022639714	2.171554256366	0.15972619388794	1.85849091634564	2.48461759638636	2.171554256366	0.129966324123041	1.95762087785541	2.45427498461883
2.05883942588695	0.0881651050674637	1.88603581995472	2.23164303181918	2.04855409838576	0.123213273986591	1.80705608137204	2.29005211539948	2.04855409838576	0.0881651050674637	1.88347813284029	2.21695668320971
2.15401711499719	0.0901664833877272	1.97729080755724	2.33074342243713	2.16814471764549	0.111430398948697	1.94974113570604	2.38654829958493	2.16814471764549	0.0901664833877272	1.98725867066417	2.33194419330609
2.08646769728505	0.0862887720089006	1.9173417041476	2.25559369042249	2.0892695924858	0.113897101306869	1.86603127392433	2.31250791104726	2.0892695924858	0.0862887720089006	1.93624735402555	2.27861953058197
2.07350835177732	0.0917878483299387	1.89360416905064	2.253412534504	2.08006901680843	0.124202817212048	1.83663149507282	2.32350653854405	2.08006901680843	0.0917878483299387	1.91142920600885	2.27119969136562
2.06181654584876	0.130027306909096	1.80696302430693	2.31667006739058	2.0625225398489	0.173755607179446	1.72196154977719	2.40308352992062	2.0625225398489	0.130027306909096	1.81087296709557	2.33763693120007
2.01814302857294	0.0826137293883308	1.85622011897181	2.18006593817407	2.01712734822189	0.106434764971528	1.8085152088777	2.22573948756608	2.01712734822189	0.0826137293883308	1.85170906007257	2.17788088293024
1.94800475820292	0.0997337090445812	1.75252668847554	2.1434828279303	1.97447255930562	0.130098950493851	1.71947861633767	2.22946650227357	1.97447255930562	0.0997337090445812	1.78269211480762	2.17496305097325
1.92894676725884	0.0865831344686546	1.75924382370028	2.09864971081741	1.93360465591089	0.118248701761066	1.7018372004592	2.16537211136258	1.93360465591089	0.0865831344686546	1.77009934348286	2.10825243198319
1.98954353691379	0.0923995262982621	1.8084404653692	2.17064660845839	1.98911028470005	0.121767874183968	1.75044525129947	2.22777531810062	1.98911028470005	0.0923995262982621	1.78485492608436	2.15720325599514
2.066116165749	0.127739980009842	1.81574580492971	2.31648652656828	2.01401679233966	0.165004457631361	1.69060805538219	2.33742552929712	2.01401679233966	0.127739980009842	1.69172299891758	2.21211010307052
2.06958803612753	0.0992618253503524	1.87503485844084	2.26414121381422	2.03321200995978	0.131270316301621	1.7759221900086	2.29050182991096	2.03321200995978	0.0992618253503524	1.80363073075284	2.20439177839338
2.02653299532696	0.0857169405032361	1.85852779194062	2.1945381987133	2.02826627958735	0.113890948345491	1.80504002083019	2.25149253834451	2.02826627958735	0.0857169405032361	1.85342958885494	2.19437488404755
1.9162224108032	0.0842202959454022	1.75115063075022	2.08129419085619	1.9202081854385	0.111167438211426	1.70232000654411	2.13809636433289	1.9202081854385	0.0842202959454022	1.74838928391113	2.08899919726735
1.94041744175449	0.105632582701333	1.73337757965987	2.1474573038491	1.99969498131747	0.136828932717795	1.7315102731906	2.26787968944435	1.99969498131747	0.105632582701333	1.81544571919644	2.22965295830242
1.90920372367515	0.0818057183484898	1.74886451571211	2.06954293163819	1.93125243388991	0.108953703355434	1.71770317531326	2.14480169246656	1.93125243388991	0.0818057183484898	1.78122615947936	2.10252765184439
1.81461471250694	0.118042246146405	1.58325191005998	2.04597751495389	1.88722296294636	0.154728427637687	1.5839552447765	2.19049068111623	1.88722296294636	0.118042246146405	1.65107651196505	2.10703673987503
1.98293514056733	0.127855232620199	1.73233888463174	2.23353139650292	2.0376354964023	0.157575389234767	1.72878773350215	2.34648325930244	2.0376354964023	0.127855232620199	1.81918085728659	2.34138488689698
1.8593318088929	0.0846691076757365	1.69338035784846	2.02528325993735	1.8699665127043	0.108976667618889	1.65637224417127	2.08356078123732	1.8699665127043	0.0846691076757365	1.718598661136	2.03486603621686
2.14090437586845	0.0977699001765723	1.94927537152236	2.33253338021453	2.18070475384325	0.129991568528134	1.92592127952811	2.43548822815839	2.18070475384325	0.0977699001765723	1.99664436292897	2.37234801047918
1.96284847423271	0.109068189710992	1.74907482239917	2.17662212606626	1.98812895503198	0.142751110367987	1.70833677871073	2.26792113135324	1.98812895503198	0.109068189710992	1.80878297001545	2.26100960309886
1.99964946445977	0.101629596367217	1.80045545558003	2.19884347333952	2.03163348219182	0.137021660227339	1.76307102814623	2.3001959362374	2.03163348219182	0.101629596367217	1.8389156445163	2.23589108311747
2.10052256927463	0.123849751987867	1.85777705537841	2.34326808317085	2.15877675921698	0.162092090457919	1.84107626191946	2.4764772565145	2.15877675921698	0.123849751987867	1.96144503010685	2.45383608415311
2.01411569847023	0.0819005520792114	1.85359061639497	2.17464078054548	2.01143141590369	0.109780047574017	1.79626252265862	2.22660030914876	2.01143141590369	0.0819005520792114	1.83693513299601	2.16039311781544
2.10670414289122	0.0980705747425444	1.91448581639584	2.29892246938661	2.10180406858048	0.133938864332528	1.83928389448873	2.36432424267224	2.10180406858048	0.0980705747425444	1.89877311901502	2.28351324639385
1.96173720470871	0.0924251793275073	1.78058385322679	2.14289055619062	1.94772763618974	0.117628261521767	1.71717624360707	2.1782790287724	1.94772763618974	0.0924251793275073	1.75233531916698	2.11434790071874
2.12835290515533	0.0772804446876245	1.97688323356759	2.27982257674308	2.13011195350653	0.104882700441112	1.92454186064195	2.33568204637111	2.13011195350653	0.0772804446876245	1.97770038386757	2.28082593112271
1.98235191031065	0.119187210002667	1.74874497870542	2.21595884191587	2.0000984406965	0.147017773284666	1.71194360505856	2.28825327633445	2.0000984406965	0.119187210002667	1.74817704087639	2.21053103941521
1.89240968258096	0.0863984639243922	1.72306869328915	2.06175067187277	1.91274252236826	0.111940591384788	1.69333896325407	2.13214608148244	1.91274252236826	0.0863984639243922	1.73888372683695	2.07657545833417
1.98270286686438	0.0834914987777429	1.81905952926	2.14634620446875	1.98898262533303	0.115544656853655	1.76251509789987	2.2154501527662	1.98898262533303	0.0834914987777429	1.82466477557514	2.14325711266669
1.92011288269503	0.0934221690176408	1.73700543142046	2.10322033396961	1.92334442636077	0.123066363558346	1.68213435378641	2.16455449893513	1.92334442636077	0.0934221690176408	1.74818856234023	2.13186947189851
2.05340593495889	0.100840677292438	1.85575820746571	2.25105366245207	2.10777986168445	0.133652328558447	1.8458212977099	2.36973842565901	2.10777986168445	0.100840677292438	1.91914148304538	2.31437705944994
1.8643261224565	0.176245982697263	1.51888399636986	2.20976824854313	1.88599215256479	0.227220275236512	1.44064041310122	2.33134389202835	1.88599215256479	0.176245982697263	1.50765297515138	2.16077931800357
1.90217027514599	0.111697011688216	1.68324413223709	2.12109641805489	1.93866959681638	0.15002775443582	1.64461519812217	2.23272399551059	1.93866959681638	0.111697011688216	1.71282306554471	2.16758552749063
1.99812742351992	0.0850845080254446	1.83136178779004	2.16489305924979	2.00154694328487	0.115834733108291	1.77451086639262	2.22858302017712	2.00154694328487	0.0850845080254446	1.83253082880021	2.17917781729612
1.94689778172869	0.0826115586842566	1.78497912670755	2.10881643674984	1.95553558316885	0.111051050463462	1.73787552426047	2.17319564207724	1.95553558316885	0.0826115586842566	1.80267668988625	2.12850971575178
2.20302664933118	0.0675755128122599	2.07057864421915	2.33547465444321	2.21399491124383	0.0865688887588477	2.04431988927649	2.38366993321117	2.21399491124383	0.0675755128122599	2.07875838277681	2.34815651036358
2.06275181354505	0.0969255383928082	1.87277775829514	2.25272586879495	2.04871581505637	0.125583198391956	1.80257274620813	2.2948588839046	2.04871581505637	0.0969255383928082	1.8476339488571	2.24685507282364
2.03426281982667	0.0975461179144584	1.84307242871433	2.22545321093901	2.03244086364463	0.125237522152024	1.78697532022666	2.2779064070626	2.03244086364463	0.0975461179144584	1.85027609798868	2.23382808092095
1.957040407007	0.0826752996715388	1.79499681965078	2.11908399436322	1.95250656060269	0.109133306803073	1.73860527926866	2.16640784193671	1.95250656060269	0.0826752996715388	1.79320179197197	2.12398942181221
1.95873860079156	0.0912392842250123	1.77990960371053	2.13756759787258	1.93169437866118	0.118998539977759	1.69845724030477	2.16493151701759	1.93169437866118	0.0912392842250123	1.73729426296574	2.10232463725949
2.04216687950409	0.0993219940956015	1.84749577107671	2.23683798793147	2.07300095842249	0.134933164777331	1.80853195545892	2.33746996138605	2.07300095842249	0.0993219940956015	1.88547916153623	2.27180771993467
2.08300628283048	0.102380610110939	1.88234028701304	2.28367227864792	2.07377429489349	0.140226262238237	1.79893082090655	2.34861776888044	2.07377429489349	0.102380610110939	1.88311554710945	2.26724500031446
1.98060763612299	0.11135859099405	1.76234479777465	2.19887047447133	2.00470463562949	0.143735199552407	1.72298364450677	2.28642562675221	2.00470463562949	0.11135859099405	1.82049983219983	2.29329840990863
2.08530186100992	0.101941502974273	1.88549651518035	2.2851072068395	2.04040169505178	0.135363753658347	1.77508873788142	2.30571465222214	2.04040169505178	0.101941502974273	1.84991987919365	2.24184358748078
2.08670561443413	0.0901942970978852	1.90992479212228	2.26348643674599	2.03991405414287	0.117628872418831	1.80936146420196	2.27046664408378	2.03991405414287	0.0901942970978852	1.84493496035843	2.20850932336015
2.07206979060677	0.0896299479915126	1.8963950925434	2.24774448867013	2.10520856778657	0.121623770713582	1.86682597718795	2.34359115838519	2.10520856778657	0.0896299479915126	1.93539020427383	2.29465176756163
2.11525462288286	0.130893056195361	1.85870423273995	2.37180501302577	2.11651760027473	0.177831906432636	1.76796706366676	2.4650681368827	2.11651760027473	0.130893056195361	1.90290757625533	2.40495930751607
2.10268641850879	0.100520755179268	1.90566573835743	2.29970709866016	2.06905480173882	0.134393146162895	1.80564423525955	2.3324653682181	2.06905480173882	0.100520755179268	1.85976810144202	2.24811093693668
2.11512790576316	0.0769791302600171	1.96424881045353	2.2660070010728	2.1190166366067	0.105816644151991	1.9116160140688	2.3264172591446	2.1190166366067	0.0769791302600171	1.96914328494271	2.26630984757239
2.11926525122378	0.116581560126171	1.89076539337648	2.34776510907107	2.17569929073374	0.145398394116865	1.89071843826469	2.4606801432028	2.17569929073374	0.116581560126171	1.99020250514671	2.47346494583034
2.10562126002379	0.0789700377918662	1.95083998595173	2.26040253409585	2.10279841724666	0.108017867851171	1.89108339625837	2.31451343823496	2.10279841724666	0.0789700377918662	1.95217181817228	2.25789787710474
2.05965072293337	0.0860556177043529	1.89098171223284	2.22831973363391	2.05682027373867	0.116581626492567	1.82832028581324	2.2853202616641	2.05682027373867	0.0860556177043529	1.89027150628477	2.2269873075946
2.03473407458923	0.140103344003703	1.76013152034197	2.30933662883648	2.01334959713445	0.180758284205106	1.65906336009244	2.36763583417646	2.01334959713445	0.140103344003703	1.73967955389216	2.26584133561296
2.12820279740095	0.0997962752852677	1.93260209784183	2.32380349696008	2.09770346605048	0.134237305085715	1.83459834808248	2.36080858401848	2.09770346605048	0.0997962752852677	1.90107509759007	2.29105852377593
1.97177244280704	0.0998694213052487	1.77602837704875	2.16751650856533	1.97659666635322	0.133346763757206	1.7152370093891	2.23795632331734	1.97659666635322	0.0998694213052487	1.78848487188645	2.19238243372553
2.16538842750022	0.0962696514836739	1.97669991059222	2.35407694440822	2.16507292112362	0.129128276817647	1.91198149856103	2.41816434368621	2.16507292112362	0.0962696514836739	1.97496583420681	2.350001120988
1.93496965582918	0.117912858687208	1.70386045280225	2.16607885885611	2.00126001553992	0.147500668116515	1.71215870603155	2.29036132504829	2.00126001553992	0.117912858687208	1.79926135610799	2.25828571725947
1.98596827215279	0.0890506814586885	1.81142893649376	2.16050760781182	1.98078383951601	0.121507447307601	1.74262924279311	2.21893843623891	1.98078383951601	0.0890506814586885	1.80559684228147	2.15245231601152
1.94983127093436	0.0887876489916288	1.77580747891076	2.12385506295795	1.94740797351157	0.117756719451729	1.71660480338618	2.17821114363696	1.94740797351157	0.0887876489916288	1.76983861113951	2.11395099440489
1.93146993491623	0.0850393255807633	1.76479285677793	2.09814701305453	1.92999014813234	0.115494395663318	1.70362113263224	2.15635916363244	1.92999014813234	0.0850393255807633	1.75554729461586	2.09585312926751
2.05492967759482	0.098778958002813	1.8613229199093	2.24853643528033	2.10824889787937	0.134859215161274	1.84392483616327	2.37257295959547	2.10824889787937	0.098778958002813	1.92787550433737	2.30638730097807
2.14655644546646	0.0891056908056553	1.97190929148738	2.32120359944555	2.15492653087568	0.123680825377036	1.91251211313669	2.39734094861467	2.15492653087568	0.0891056908056553	1.99053338115551	2.33010553024124
2.02962043448314	0.0771978972257654	1.87831255592064	2.18092831304564	2.02932644820199	0.101279826090673	1.83081798906427	2.22783490733971	2.02932644820199	0.0771978972257654	1.87987413656696	2.18210201115363
2.05979646099663	0.0817736075648258	1.89952019016957	2.22007273182369	2.06524729313296	0.113848263170682	1.84210469731842	2.2883898889475	2.06524729313296	0.0817736075648258	1.91218253421564	2.23313651587894
2.12873832333088	0.0922670465800455	1.94789491203399	2.30958173462777	2.15749511817364	0.120529959509792	1.92125639753445	2.39373383881283	2.15749511817364	0.0922670465800455	2.01148488531306	2.36323452704962
2.06983103575344	0.0789825472329292	1.9150252431769	2.22463682832998	2.06644531922418	0.109552617218749	1.85172218947543	2.28116844897292	2.06644531922418	0.0789825472329292	1.91157474739284	2.22395507730225
2.15157229752714	0.0876366424592514	1.97980447830701	2.32334011674727	2.11828418882733	0.117105907814082	1.88875660951173	2.34781176814293	2.11828418882733	0.0876366424592514	1.94096922344917	2.28676304632323
2.02822985067424	0.0931415983290331	1.84567231794934	2.21078738339915	2.04376192118857	0.126605093299271	1.795615938322	2.29190790405514	2.04376192118857	0.0931415983290331	1.86573817222378	2.22197464134045
1.85615192023151	0.111480910449479	1.63764933575053	2.07465450471249	1.88668282030888	0.145840401093666	1.6008356341653	2.17253000645247	1.88668282030888	0.111480910449479	1.66310505123429	2.1016819938801
2.02981252671623	0.108271386062395	1.81760061003394	2.24202444339853	2.05842784182997	0.138042508131582	1.78786452589207	2.32899115776787	2.05842784182997	0.108271386062395	1.87368791800597	2.30884228536165
1.98285092756547	0.0918228572214371	1.80287812741145	2.16282372771948	1.97995704776673	0.118055629168838	1.74856801459581	2.21134608093765	1.97995704776673	0.0918228572214371	1.78496624875209	2.15526747084509
2.10646130785532	0.0857070127846353	1.93847556279744	2.27444705291321	2.12837066448496	0.111271813614601	1.91027790980034	2.34646341916957	2.12837066448496	0.0857070127846353	1.96735759636909	2.30326333055356
1.99130794665249	0.0903947089236039	1.81413431716223	2.16848157614275	1.98232650248808	0.11808128735058	1.75088717928094	2.21376582569521	1.98232650248808	0.0903947089236039	1.78369446538279	2.14098508709767
2.04639489151394	0.102350303876663	1.84578829591568	2.2470014871122	2.06618163667975	0.135031314400474	1.80152026045482	2.33084301290468	2.06618163667975	0.102350303876663	1.85682881168544	2.26118480396256
1.98796846216367	0.0836737864238912	1.82396784077284	2.1519690835545	1.9831586511738	0.113169495364612	1.76134644025916	2.20497086208844	1.9831586511738	0.0836737864238912	1.82672234521389	2.13957176701987
1.99806805158417	0.0948674260352891	1.81212789655501	2.18400820661334	1.98285858580025	0.126877065324788	1.73417953776367	2.23153763383683	1.98285858580025	0.0948674260352891	1.80125488968413	2.16957055392421
NA	NA	NA	NA	NA	NA	NA	NA	NA	NA	NA	NA
NA	NA	NA	NA	NA	NA	NA	NA	NA	NA	NA	NA
NA	NA	NA	NA	NA	NA	NA	NA	NA	NA	NA	NA
NA	NA	NA	NA	NA	NA	NA	NA	NA	NA	NA	NA
NA	NA	NA	NA	NA	NA	NA	NA	NA	NA	NA	NA
NA	NA	NA	NA	NA	NA	NA	NA	NA	NA	NA	NA
NA	NA	NA	NA	NA	NA	NA	NA	NA	NA	NA	NA
NA	NA	NA	NA	NA	NA	NA	NA	NA	NA	NA	NA
NA	NA	NA	NA	NA	NA	NA	NA	NA	NA	NA	NA
NA	NA	NA	NA	NA	NA	NA	NA	NA	NA	NA	NA
NA	NA	NA	NA	NA	NA	NA	NA	NA	NA	NA	NA
NA	NA	NA	NA	NA	NA	NA	NA	NA	NA	NA	NA
NA	NA	NA	NA	NA	NA	NA	NA	NA	NA	NA	NA
NA	NA	NA	NA	NA	NA	NA	NA	NA	NA	NA	NA
NA	NA	NA	NA	NA	NA	NA	NA	NA	NA	NA	NA
NA	NA	NA	NA	NA	NA	NA	NA	NA	NA	NA	NA
NA	NA	NA	NA	NA	NA	NA	NA	NA	NA	NA	NA
NA	NA	NA	NA	NA	NA	NA	NA	NA	NA	NA	NA
NA	NA	NA	NA	NA	NA	NA	NA	NA	NA	NA	NA
NA	NA	NA	NA	NA	NA	NA	NA	NA	NA	NA	NA
NA	NA	NA	NA	NA	NA	NA	NA	NA	NA	NA	NA
NA	NA	NA	NA	NA	NA	NA	NA	NA	NA	NA	NA
NA	NA	NA	NA	NA	NA	NA	NA	NA	NA	NA	NA
NA	NA	NA	NA	NA	NA	NA	NA	NA	NA	NA	NA
NA	NA	NA	NA	NA	NA	NA	NA	NA	NA	NA	NA
NA	NA	NA	NA	NA	NA	NA	NA	NA	NA	NA	NA
NA	NA	NA	NA	NA	NA	NA	NA	NA	NA	NA	NA
NA	NA	NA	NA	NA	NA	NA	NA	NA	NA	NA	NA
NA	NA	NA	NA	NA	NA	NA	NA	NA	NA	NA	NA
NA	NA	NA	NA	NA	NA	NA	NA	NA	NA	NA	NA
NA	NA	NA	NA	NA	NA	NA	NA	NA	NA	NA	NA
NA	NA	NA	NA	NA	NA	NA	NA	NA	NA	NA	NA
NA	NA	NA	NA	NA	NA	NA	NA	NA	NA	NA	NA
NA	NA	NA	NA	NA	NA	NA	NA	NA	NA	NA	NA
NA	NA	NA	NA	NA	NA	NA	NA	NA	NA	NA	NA
NA	NA	NA	NA	NA	NA	NA	NA	NA	NA	NA	NA
NA	NA	NA	NA	NA	NA	NA	NA	NA	NA	NA	NA
NA	NA	NA	NA	NA	NA	NA	NA	NA	NA	NA	NA
NA	NA	NA	NA	NA	NA	NA	NA	NA	NA	NA	NA
NA	NA	NA	NA	NA	NA	NA	NA	NA	NA	NA	NA
NA	NA	NA	NA	NA	NA	NA	NA	NA	NA	NA	NA
NA	NA	NA	NA	NA	NA	NA	NA	NA	NA	NA	NA
NA	NA	NA	NA	NA	NA	NA	NA	NA	NA	NA	NA
NA	NA	NA	NA	NA	NA	NA	NA	NA	NA	NA	NA
NA	NA	NA	NA	NA	NA	NA	NA	NA	NA	NA	NA
NA	NA	NA	NA	NA	NA	NA	NA	NA	NA	NA	NA
NA	NA	NA	NA	NA	NA	NA	NA	NA	NA	NA	NA
NA	NA	NA	NA	NA	NA	NA	NA	NA	NA	NA	NA
NA	NA	NA	NA	NA	NA	NA	NA	NA	NA	NA	NA
NA	NA	NA	NA	NA	NA	NA	NA	NA	NA	NA	NA
NA	NA	NA	NA	NA	NA	NA	NA	NA	NA	NA	NA
NA	NA	NA	NA	NA	NA	NA	NA	NA	NA	NA	NA
NA	NA	NA	NA	NA	NA	NA	NA	NA	NA	NA	NA
NA	NA	NA	NA	NA	NA	NA	NA	NA	NA	NA	NA
NA	NA	NA	NA	NA	NA	NA	NA	NA	NA	NA	NA
NA	NA	NA	NA	NA	NA	NA	NA	NA	NA	NA	NA
NA	NA	NA	NA	NA	NA	NA	NA	NA	NA	NA	NA
NA	NA	NA	NA	NA	NA	NA	NA	NA	NA	NA	NA
NA	NA	NA	NA	NA	NA	NA	NA	NA	NA	NA	NA
NA	NA	NA	NA	NA	NA	NA	NA	NA	NA	NA	NA
NA	NA	NA	NA	NA	NA	NA	NA	NA	NA	NA	NA
NA	NA	NA	NA	NA	NA	NA	NA	NA	NA	NA	NA
NA	NA	NA	NA	NA	NA	NA	NA	NA	NA	NA	NA
NA	NA	NA	NA	NA	NA	NA	NA	NA	NA	NA	NA
NA	NA	NA	NA	NA	NA	NA	NA	NA	NA	NA	NA
NA	NA	NA	NA	NA	NA	NA	NA	NA	NA	NA	NA
NA	NA	NA	NA	NA	NA	NA	NA	NA	NA	NA	NA
NA	NA	NA	NA	NA	NA	NA	NA	NA	NA	NA	NA
NA	NA	NA	NA	NA	NA	NA	NA	NA	NA	NA	NA
NA	NA	NA	NA	NA	NA	NA	NA	NA	NA	NA	NA
NA	NA	NA	NA	NA	NA	NA	NA	NA	NA	NA	NA
NA	NA	NA	NA	NA	NA	NA	NA	NA	NA	NA	NA
NA	NA	NA	NA	NA	NA	NA	NA	NA	NA	NA	NA
NA	NA	NA	NA	NA	NA	NA	NA	NA	NA	NA	NA
NA	NA	NA	NA	NA	NA	NA	NA	NA	NA	NA	NA
NA	NA	NA	NA	NA	NA	NA	NA	NA	NA	NA	NA
NA	NA	NA	NA	NA	NA	NA	NA	NA	NA	NA	NA
NA	NA	NA	NA	NA	NA	NA	NA	NA	NA	NA	NA
NA	NA	NA	NA	NA	NA	NA	NA	NA	NA	NA	NA
NA	NA	NA	NA	NA	NA	NA	NA	NA	NA	NA	NA
NA	NA	NA	NA	NA	NA	NA	NA	NA	NA	NA	NA
NA	NA	NA	NA	NA	NA	NA	NA	NA	NA	NA	NA
NA	NA	NA	NA	NA	NA	NA	NA	NA	NA	NA	NA
NA	NA	NA	NA	NA	NA	NA	NA	NA	NA	NA	NA
NA	NA	NA	NA	NA	NA	NA	NA	NA	NA	NA	NA
NA	NA	NA	NA	NA	NA	NA	NA	NA	NA	NA	NA
NA	NA	NA	NA	NA	NA	NA	NA	NA	NA	NA	NA
NA	NA	NA	NA	NA	NA	NA	NA	NA	NA	NA	NA
NA	NA	NA	NA	NA	NA	NA	NA	NA	NA	NA	NA
NA	NA	NA	NA	NA	NA	NA	NA	NA	NA	NA	NA
NA	NA	NA	NA	NA	NA	NA	NA	NA	NA	NA	NA
NA	NA	NA	NA	NA	NA	NA	NA	NA	NA	NA	NA
NA	NA	NA	NA	NA	NA	NA	NA	NA	NA	NA	NA
NA	NA	NA	NA	NA	NA	NA	NA	NA	NA	NA	NA
NA	NA	NA	NA	NA	NA	NA	NA	NA	NA	NA	NA
NA	NA	NA	NA	NA	NA	NA	NA	NA	NA	NA	NA
NA	NA	NA	NA	NA	NA	NA	NA	NA	NA	NA	NA
NA	NA	NA	NA	NA	NA	NA	NA	NA	NA	NA	NA
NA	NA	NA	NA	NA	NA	NA	NA	NA	NA	NA	NA
NA	NA	NA	NA	NA	NA	NA	NA	NA	NA	NA	NA
NA	NA	NA	NA	NA	NA	NA	NA	NA	NA	NA	NA
NA	NA	NA	NA	NA	NA	NA	NA	NA	NA	NA	NA
NA	NA	NA	NA	NA	NA	NA	NA	NA	NA	NA	NA
NA	NA	NA	NA	NA	NA	NA	NA	NA	NA	NA	NA
NA	NA	NA	NA	NA	NA	NA	NA	NA	NA	NA	NA
NA	NA	NA	NA	NA	NA	NA	NA	NA	NA	NA	NA
NA	NA	NA	NA	NA	NA	NA	NA	NA	NA	NA	NA
NA	NA	NA	NA	NA	NA	NA	NA	NA	NA	NA	NA
NA	NA	NA	NA	NA	NA	NA	NA	NA	NA	NA	NA
NA	NA	NA	NA	NA	NA	NA	NA	NA	NA	NA	NA
NA	NA	NA	NA	NA	NA	NA	NA	NA	NA	NA	NA
NA	NA	NA	NA	NA	NA	NA	NA	NA	NA	NA	NA
NA	NA	NA	NA	NA	NA	NA	NA	NA	NA	NA	NA
NA	NA	NA	NA	NA	NA	NA	NA	NA	NA	NA	NA
NA	NA	NA	NA	NA	NA	NA	NA	NA	NA	NA	NA
NA	NA	NA	NA	NA	NA	NA	NA	NA	NA	NA	NA
NA	NA	NA	NA	NA	NA	NA	NA	NA	NA	NA	NA
NA	NA	NA	NA	NA	NA	NA	NA	NA	NA	NA	NA
NA	NA	NA	NA	NA	NA	NA	NA	NA	NA	NA	NA
NA	NA	NA	NA	NA	NA	NA	NA	NA	NA	NA	NA
NA	NA	NA	NA	NA	NA	NA	NA	NA	NA	NA	NA
NA	NA	NA	NA	NA	NA	NA	NA	NA	NA	NA	NA
NA	NA	NA	NA	NA	NA	NA	NA	NA	NA	NA	NA
NA	NA	NA	NA	NA	NA	NA	NA	NA	NA	NA	NA
NA	NA	NA	NA	NA	NA	NA	NA	NA	NA	NA	NA
NA	NA	NA	NA	NA	NA	NA	NA	NA	NA	NA	NA
NA	NA	NA	NA	NA	NA	NA	NA	NA	NA	NA	NA
NA	NA	NA	NA	NA	NA	NA	NA	NA	NA	NA	NA
NA	NA	NA	NA	NA	NA	NA	NA	NA	NA	NA	NA
NA	NA	NA	NA	NA	NA	NA	NA	NA	NA	NA	NA
NA	NA	NA	NA	NA	NA	NA	NA	NA	NA	NA	NA
NA	NA	NA	NA	NA	NA	NA	NA	NA	NA	NA	NA
NA	NA	NA	NA	NA	NA	NA	NA	NA	NA	NA	NA
NA	NA	NA	NA	NA	NA	NA	NA	NA	NA	NA	NA
NA	NA	NA	NA	NA	NA	NA	NA	NA	NA	NA	NA
NA	NA	NA	NA	NA	NA	NA	NA	NA	NA	NA	NA
NA	NA	NA	NA	NA	NA	NA	NA	NA	NA	NA	NA
NA	NA	NA	NA	NA	NA	NA	NA	NA	NA	NA	NA
NA	NA	NA	NA	NA	NA	NA	NA	NA	NA	NA	NA
NA	NA	NA	NA	NA	NA	NA	NA	NA	NA	NA	NA
NA	NA	NA	NA	NA	NA	NA	NA	NA	NA	NA	NA
NA	NA	NA	NA	NA	NA	NA	NA	NA	NA	NA	NA
NA	NA	NA	NA	NA	NA	NA	NA	NA	NA	NA	NA
NA	NA	NA	NA	NA	NA	NA	NA	NA	NA	NA	NA
NA	NA	NA	NA	NA	NA	NA	NA	NA	NA	NA	NA
NA	NA	NA	NA	NA	NA	NA	NA	NA	NA	NA	NA
NA	NA	NA	NA	NA	NA	NA	NA	NA	NA	NA	NA
NA	NA	NA	NA	NA	NA	NA	NA	NA	NA	NA	NA
NA	NA	NA	NA	NA	NA	NA	NA	NA	NA	NA	NA
NA	NA	NA	NA	NA	NA	NA	NA	NA	NA	NA	NA
NA	NA	NA	NA	NA	NA	NA	NA	NA	NA	NA	NA
NA	NA	NA	NA	NA	NA	NA	NA	NA	NA	NA	NA
NA	NA	NA	NA	NA	NA	NA	NA	NA	NA	NA	NA
NA	NA	NA	NA	NA	NA	NA	NA	NA	NA	NA	NA
NA	NA	NA	NA	NA	NA	NA	NA	NA	NA	NA	NA
NA	NA	NA	NA	NA	NA	NA	NA	NA	NA	NA	NA
NA	NA	NA	NA	NA	NA	NA	NA	NA	NA	NA	NA
NA	NA	NA	NA	NA	NA	NA	NA	NA	NA	NA	NA
NA	NA	NA	NA	NA	NA	NA	NA	NA	NA	NA	NA
NA	NA	NA	NA	NA	NA	NA	NA	NA	NA	NA	NA
NA	NA	NA	NA	NA	NA	NA	NA	NA	NA	NA	NA
NA	NA	NA	NA	NA	NA	NA	NA	NA	NA	NA	NA
NA	NA	NA	NA	NA	NA	NA	NA	NA	NA	NA	NA
NA	NA	NA	NA	NA	NA	NA	NA	NA	NA	NA	NA
NA	NA	NA	NA	NA	NA	NA	NA	NA	NA	NA	NA
NA	NA	NA	NA	NA	NA	NA	NA	NA	NA	NA	NA
NA	NA	NA	NA	NA	NA	NA	NA	NA	NA	NA	NA
NA	NA	NA	NA	NA	NA	NA	NA	NA	NA	NA	NA
NA	NA	NA	NA	NA	NA	NA	NA	NA	NA	NA	NA
NA	NA	NA	NA	NA	NA	NA	NA	NA	NA	NA	NA
NA	NA	NA	NA	NA	NA	NA	NA	NA	NA	NA	NA
NA	NA	NA	NA	NA	NA	NA	NA	NA	NA	NA	NA
NA	NA	NA	NA	NA	NA	NA	NA	NA	NA	NA	NA
NA	NA	NA	NA	NA	NA	NA	NA	NA	NA	NA	NA
NA	NA	NA	NA	NA	NA	NA	NA	NA	NA	NA	NA
NA	NA	NA	NA	NA	NA	NA	NA	NA	NA	NA	NA
NA	NA	NA	NA	NA	NA	NA	NA	NA	NA	NA	NA
NA	NA	NA	NA	NA	NA	NA	NA	NA	NA	NA	NA
NA	NA	NA	NA	NA	NA	NA	NA	NA	NA	NA	NA
NA	NA	NA	NA	NA	NA	NA	NA	NA	NA	NA	NA
NA	NA	NA	NA	NA	NA	NA	NA	NA	NA	NA	NA
NA	NA	NA	NA	NA	NA	NA	NA	NA	NA	NA	NA
NA	NA	NA	NA	NA	NA	NA	NA	NA	NA	NA	NA
NA	NA	NA	NA	NA	NA	NA	NA	NA	NA	NA	NA
NA	NA	NA	NA	NA	NA	NA	NA	NA	NA	NA	NA
NA	NA	NA	NA	NA	NA	NA	NA	NA	NA	NA	NA
NA	NA	NA	NA	NA	NA	NA	NA	NA	NA	NA	NA
NA	NA	NA	NA	NA	NA	NA	NA	NA	NA	NA	NA
NA	NA	NA	NA	NA	NA	NA	NA	NA	NA	NA	NA
NA	NA	NA	NA	NA	NA	NA	NA	NA	NA	NA	NA
NA	NA	NA	NA	NA	NA	NA	NA	NA	NA	NA	NA
NA	NA	NA	NA	NA	NA	NA	NA	NA	NA	NA	NA
NA	NA	NA	NA	NA	NA	NA	NA	NA	NA	NA	NA
NA	NA	NA	NA	NA	NA	NA	NA	NA	NA	NA	NA
NA	NA	NA	NA	NA	NA	NA	NA	NA	NA	NA	NA
NA	NA	NA	NA	NA	NA	NA	NA	NA	NA	NA	NA
NA	NA	NA	NA	NA	NA	NA	NA	NA	NA	NA	NA
NA	NA	NA	NA	NA	NA	NA	NA	NA	NA	NA	NA
NA	NA	NA	NA	NA	NA	NA	NA	NA	NA	NA	NA
NA	NA	NA	NA	NA	NA	NA	NA	NA	NA	NA	NA
NA	NA	NA	NA	NA	NA	NA	NA	NA	NA	NA	NA
NA	NA	NA	NA	NA	NA	NA	NA	NA	NA	NA	NA
NA	NA	NA	NA	NA	NA	NA	NA	NA	NA	NA	NA
NA	NA	NA	NA	NA	NA	NA	NA	NA	NA	NA	NA
NA	NA	NA	NA	NA	NA	NA	NA	NA	NA	NA	NA
NA	NA	NA	NA	NA	NA	NA	NA	NA	NA	NA	NA
NA	NA	NA	NA	NA	NA	NA	NA	NA	NA	NA	NA
NA	NA	NA	NA	NA	NA	NA	NA	NA	NA	NA	NA
NA	NA	NA	NA	NA	NA	NA	NA	NA	NA	NA	NA
NA	NA	NA	NA	NA	NA	NA	NA	NA	NA	NA	NA
NA	NA	NA	NA	NA	NA	NA	NA	NA	NA	NA	NA
NA	NA	NA	NA	NA	NA	NA	NA	NA	NA	NA	NA
NA	NA	NA	NA	NA	NA	NA	NA	NA	NA	NA	NA
NA	NA	NA	NA	NA	NA	NA	NA	NA	NA	NA	NA
NA	NA	NA	NA	NA	NA	NA	NA	NA	NA	NA	NA
NA	NA	NA	NA	NA	NA	NA	NA	NA	NA	NA	NA
NA	NA	NA	NA	NA	NA	NA	NA	NA	NA	NA	NA
NA	NA	NA	NA	NA	NA	NA	NA	NA	NA	NA	NA
NA	NA	NA	NA	NA	NA	NA	NA	NA	NA	NA	NA
NA	NA	NA	NA	NA	NA	NA	NA	NA	NA	NA	NA
NA	NA	NA	NA	NA	NA	NA	NA	NA	NA	NA	NA
NA	NA	NA	NA	NA	NA	NA	NA	NA	NA	NA	NA
NA	NA	NA	NA	NA	NA	NA	NA	NA	NA	NA	NA
NA	NA	NA	NA	NA	NA	NA	NA	NA	NA	NA	NA
NA	NA	NA	NA	NA	NA	NA	NA	NA	NA	NA	NA
NA	NA	NA	NA	NA	NA	NA	NA	NA	NA	NA	NA
NA	NA	NA	NA	NA	NA	NA	NA	NA	NA	NA	NA
NA	NA	NA	NA	NA	NA	NA	NA	NA	NA	NA	NA
NA	NA	NA	NA	NA	NA	NA	NA	NA	NA	NA	NA
NA	NA	NA	NA	NA	NA	NA	NA	NA	NA	NA	NA
NA	NA	NA	NA	NA	NA	NA	NA	NA	NA	NA	NA
NA	NA	NA	NA	NA	NA	NA	NA	NA	NA	NA	NA
NA	NA	NA	NA	NA	NA	NA	NA	NA	NA	NA	NA
NA	NA	NA	NA	NA	NA	NA	NA	NA	NA	NA	NA
NA	NA	NA	NA	NA	NA	NA	NA	NA	NA	NA	NA
NA	NA	NA	NA	NA	NA	NA	NA	NA	NA	NA	NA
NA	NA	NA	NA	NA	NA	NA	NA	NA	NA	NA	NA
NA	NA	NA	NA	NA	NA	NA	NA	NA	NA	NA	NA
NA	NA	NA	NA	NA	NA	NA	NA	NA	NA	NA	NA
NA	NA	NA	NA	NA	NA	NA	NA	NA	NA	NA	NA
NA	NA	NA	NA	NA	NA	NA	NA	NA	NA	NA	NA
NA	NA	NA	NA	NA	NA	NA	NA	NA	NA	NA	NA
NA	NA	NA	NA	NA	NA	NA	NA	NA	NA	NA	NA
NA	NA	NA	NA	NA	NA	NA	NA	NA	NA	NA	NA
NA	NA	NA	NA	NA	NA	NA	NA	NA	NA	NA	NA
NA	NA	NA	NA	NA	NA	NA	NA	NA	NA	NA	NA
NA	NA	NA	NA	NA	NA	NA	NA	NA	NA	NA	NA
NA	NA	NA	NA	NA	NA	NA	NA	NA	NA	NA	NA
NA	NA	NA	NA	NA	NA	NA	NA	NA	NA	NA	NA
NA	NA	NA	NA	NA	NA	NA	NA	NA	NA	NA	NA
NA	NA	NA	NA	NA	NA	NA	NA	NA	NA	NA	NA
NA	NA	NA	NA	NA	NA	NA	NA	NA	NA	NA	NA
NA	NA	NA	NA	NA	NA	NA	NA	NA	NA	NA	NA
NA	NA	NA	NA	NA	NA	NA	NA	NA	NA	NA	NA
NA	NA	NA	NA	NA	NA	NA	NA	NA	NA	NA	NA
NA	NA	NA	NA	NA	NA	NA	NA	NA	NA	NA	NA
NA	NA	NA	NA	NA	NA	NA	NA	NA	NA	NA	NA
NA	NA	NA	NA	NA	NA	NA	NA	NA	NA	NA	NA
NA	NA	NA	NA	NA	NA	NA	NA	NA	NA	NA	NA
NA	NA	NA	NA	NA	NA	NA	NA	NA	NA	NA	NA
NA	NA	NA	NA	NA	NA	NA	NA	NA	NA	NA	NA
NA	NA	NA	NA	NA	NA	NA	NA	NA	NA	NA	NA
NA	NA	NA	NA	NA	NA	NA	NA	NA	NA	NA	NA
NA	NA	NA	NA	NA	NA	NA	NA	NA	NA	NA	NA
NA	NA	NA	NA	NA	NA	NA	NA	NA	NA	NA	NA
NA	NA	NA	NA	NA	NA	NA	NA	NA	NA	NA	NA
NA	NA	NA	NA	NA	NA	NA	NA	NA	NA	NA	NA
NA	NA	NA	NA	NA	NA	NA	NA	NA	NA	NA	NA
NA	NA	NA	NA	NA	NA	NA	NA	NA	NA	NA	NA
NA	NA	NA	NA	NA	NA	NA	NA	NA	NA	NA	NA
NA	NA	NA	NA	NA	NA	NA	NA	NA	NA	NA	NA
NA	NA	NA	NA	NA	NA	NA	NA	NA	NA	NA	NA
NA	NA	NA	NA	NA	NA	NA	NA	NA	NA	NA	NA
NA	NA	NA	NA	NA	NA	NA	NA	NA	NA	NA	NA
NA	NA	NA	NA	NA	NA	NA	NA	NA	NA	NA	NA
NA	NA	NA	NA	NA	NA	NA	NA	NA	NA	NA	NA
NA	NA	NA	NA	NA	NA	NA	NA	NA	NA	NA	NA
NA	NA	NA	NA	NA	NA	NA	NA	NA	NA	NA	NA
NA	NA	NA	NA	NA	NA	NA	NA	NA	NA	NA	NA
NA	NA	NA	NA	NA	NA	NA	NA	NA	NA	NA	NA
NA	NA	NA	NA	NA	NA	NA	NA	NA	NA	NA	NA
NA	NA	NA	NA	NA	NA	NA	NA	NA	NA	NA	NA
NA	NA	NA	NA	NA	NA	NA	NA	NA	NA	NA	NA
NA	NA	NA	NA	NA	NA	NA	NA	NA	NA	NA	NA
NA	NA	NA	NA	NA	NA	NA	NA	NA	NA	NA	NA
NA	NA	NA	NA	NA	NA	NA	NA	NA	NA	NA	NA
NA	NA	NA	NA	NA	NA	NA	NA	NA	NA	NA	NA
NA	NA	NA	NA	NA	NA	NA	NA	NA	NA	NA	NA
NA	NA	NA	NA	NA	NA	NA	NA	NA	NA	NA	NA
NA	NA	NA	NA	NA	NA	NA	NA	NA	NA	NA	NA
NA	NA	NA	NA	NA	NA	NA	NA	NA	NA	NA	NA
NA	NA	NA	NA	NA	NA	NA	NA	NA	NA	NA	NA
NA	NA	NA	NA	NA	NA	NA	NA	NA	NA	NA	NA
NA	NA	NA	NA	NA	NA	NA	NA	NA	NA	NA	NA
NA	NA	NA	NA	NA	NA	NA	NA	NA	NA	NA	NA
NA	NA	NA	NA	NA	NA	NA	NA	NA	NA	NA	NA
NA	NA	NA	NA	NA	NA	NA	NA	NA	NA	NA	NA
NA	NA	NA	NA	NA	NA	NA	NA	NA	NA	NA	NA
NA	NA	NA	NA	NA	NA	NA	NA	NA	NA	NA	NA
NA	NA	NA	NA	NA	NA	NA	NA	NA	NA	NA	NA
