X1	X2	X3	X4	X1.1	X2.1	X3.1	X4.1	X1.2	X2.2	X3.2	X4.2
2.07031718204537	0.0817779267692654	1.91003244557761	2.23060191851313	2.06935537607306	0.113144053997065	1.84759303023881	2.29111772190731	2.06935537607306	0.0817779267692654	1.89999960779949	2.22056033083154
2.19637713196752	0.0689582844391409	2.0612188944668	2.33153536946824	2.19726543106016	0.0952367804143802	2.01060134144798	2.38392952067235	2.19726543106016	0.0689582844391409	2.0645147807375	2.33662376082769
1.95689001698083	0.0911082350951365	1.77831787619436	2.1354621577673	1.95901215604105	0.130292420638505	1.70363901158958	2.21438530049252	1.95901215604105	0.0911082350951365	1.7884360741163	2.14422942216863
2.09140096917045	0.0906595637423644	1.91370822423542	2.26909371410548	2.09429326433076	0.128033503845689	1.84334759679321	2.3452389318683	2.09429326433076	0.0906595637423644	1.91271125265445	2.27546690276406
2.01390933649867	0.0792413046480853	1.85859637938842	2.16922229360891	2.02016383888649	0.11476966483023	1.79521529581924	2.24511238195374	2.02016383888649	0.0792413046480853	1.8656326870755	2.16855523747522
2.00901958032957	0.0795207300745317	1.85315894938349	2.16488021127565	2.00854248555176	0.112791743842941	1.7874706676196	2.22961430348392	2.00854248555176	0.0795207300745317	1.85456325685917	2.17606161255015
1.95335299270355	0.0892497999911017	1.77842338472099	2.12828260068611	1.95148319092828	0.125980164905864	1.70456206771279	2.19840431414378	1.95148319092828	0.0892497999911017	1.77158987453512	2.12804127153921
1.90559676829558	0.0842920729705753	1.74038430527325	2.0708092313179	1.9035118546197	0.117516808049724	1.67317891084224	2.13384479839716	1.9035118546197	0.0842920729705753	1.74771699034767	2.06792238218911
2.10431439036538	0.0810519087628464	1.9454526491902	2.26317613154056	2.10824494023483	0.116581052501696	1.8797460773315	2.33674380313815	2.10824494023483	0.0810519087628464	1.95132840654307	2.27107780530202
2.17346426739789	0.0760386428947471	2.02442852732419	2.3225000074716	2.17413939069948	0.10628748583656	1.96581591845983	2.38246286293914	2.17413939069948	0.0760386428947471	2.02956841621432	2.31931170991135
1.9675580760554	0.0882272644755528	1.79463263768331	2.14048351442748	1.97347213237066	0.122520995822794	1.73333098055798	2.21361328418334	1.97347213237066	0.0882272644755528	1.80851831017766	2.14419145928879
1.99768915553458	0.0814852994538843	1.83797796860496	2.15740034246419	1.99891212532979	0.112781854461778	1.7778596905847	2.21996456007488	1.99891212532979	0.0814852994538843	1.84082852194361	2.17019939351125
2.06149388261555	0.0756696783406934	1.91318131306779	2.20980645216331	2.06035592551941	0.108182169132357	1.84831887402	2.27239297701883	2.06035592551941	0.0756696783406934	1.9099087986493	2.2083030360978
2.10252056874635	0.0760867230583491	1.95339059155198	2.25165054594071	2.10195671240574	0.108789922306672	1.88872846468466	2.31518496012682	2.10195671240574	0.0760867230583491	1.95002303842646	2.24549090631318
1.92900171939359	0.112416193406534	1.70866598031678	2.14933745847039	1.93210129055977	0.154211888699094	1.62984598870955	2.23435659241	1.93210129055977	0.112416193406534	1.70211855068237	2.13990255640997
2.01129649506375	0.0943184823840526	1.82643226959101	2.19616072053649	2.01411290674503	0.133615548791709	1.75222643111328	2.27599938237678	2.01411290674503	0.0943184823840526	1.81553015980802	2.18715294353709
2.09720375584605	0.07902657511738	1.94231166861598	2.25209584307611	2.10064352166573	0.113304156539823	1.87856737484768	2.32271966848378	2.10064352166573	0.07902657511738	1.95275235999348	2.2504906940394
2.01115723730762	0.0767637123061791	1.86070036118751	2.16161411342773	2.01025229201824	0.107176951213321	1.80018546764013	2.22031911639635	2.01025229201824	0.0767637123061791	1.86253841986855	2.15696274209814
2.06702191726431	0.085725090735442	1.89900073942285	2.23504309510578	2.0713729197962	0.12294574322733	1.83039926307063	2.31234657652176	2.0713729197962	0.085725090735442	1.88662579691587	2.2382097380953
2.13925220567649	0.0759993431770365	1.9902934930495	2.28821091830348	2.14078598630825	0.105974039191039	1.93307686949381	2.34849510312269	2.14078598630825	0.0759993431770365	1.99116933644951	2.28481355849597
2.039498701295	0.0717110308874403	1.89894508075561	2.18005232183438	2.04010453357795	0.0990479655469644	1.8459705211059	2.23423854605	2.04010453357795	0.0717110308874403	1.90559911019081	2.17078811189802
2.14845925941344	0.0791594482337254	1.99330674087533	2.30361177795154	2.15086679881228	0.111294844687683	1.93272890322442	2.36900469440013	2.15086679881228	0.0791594482337254	1.99563492883119	2.3014522277737
1.9285611697428	0.0868805383192459	1.75827531463708	2.09884702484852	1.92693610016436	0.123292303031767	1.68528318622209	2.16858901410662	1.92693610016436	0.0868805383192459	1.75248637402299	2.1014032498055
2.00986965402288	0.0747949183009729	1.86327161415297	2.15646769389279	2.0124126430884	0.101466128866495	1.81353903051007	2.21128625566673	2.0124126430884	0.0747949183009729	1.86556217956891	2.16038478209838
2.2430767760518	0.0836205084173831	2.07918057955373	2.40697297254987	2.24896608504194	0.116462579111432	2.02069942998353	2.47723274010035	2.24896608504194	0.0836205084173831	2.07839330420651	2.41148471373961
2.08878099887656	0.0761963006867644	1.9394362495305	2.23812574822262	2.09106423368979	0.105998479236302	1.88330721438664	2.29882125299294	2.09106423368979	0.0761963006867644	1.94506506239744	2.23821983835475
2.02346110430023	0.0746766143024911	1.87709494026735	2.16982726833311	2.02493461627488	0.104716248829988	1.81969076856811	2.23017846398166	2.02493461627488	0.0746766143024911	1.8821760008728	2.16325190613728
2.00500058956527	0.0924345561095059	1.82382885959064	2.18617231953991	2.00504899417909	0.130119638798155	1.7500145021347	2.26008348622347	2.00504899417909	0.0924345561095059	1.81736123757024	2.17904395093686
2.115527563131	0.0804275265135853	1.95788961116438	2.27316551509763	2.11699289752622	0.110161249807693	1.90107684790315	2.3329089471493	2.11699289752622	0.0804275265135853	1.96342119580515	2.28153661098873
2.11062716887511	0.0717195131981714	1.9700569230067	2.25119741474353	2.11130409347305	0.101918057877894	1.91154470003237	2.31106348691372	2.11130409347305	0.0717195131981714	1.9736782415316	2.25024586047387
2.05946372995212	0.0737738640338773	1.91486695644572	2.20406050345852	2.0610728757564	0.0998241360773899	1.86541756904471	2.25672818246808	2.0610728757564	0.0737738640338773	1.9131470229212	2.19883020505214
2.05028765023955	0.0816386791963443	1.89027583901471	2.21029946146438	2.05345377149901	0.114766341167374	1.82851174281095	2.27839580018706	2.05345377149901	0.0816386791963443	1.88899178136619	2.20650970124523
1.93453006282763	0.0768284071269985	1.78394638485871	2.08511374079654	1.93485386574298	0.103263556957376	1.73245729410652	2.13725043737944	1.93485386574298	0.0768284071269985	1.77676226957349	2.08046483989669
1.94269320021975	0.08877997818912	1.76868444296907	2.11670195747042	1.94303968235642	0.121295300813185	1.70530089276258	2.18077847195027	1.94303968235642	0.08877997818912	1.78378840553666	2.11475319319846
1.96094762726812	0.0748740020351288	1.81419458327927	2.10770067125698	1.95853405407983	0.104377477240008	1.75395419868941	2.16311390947024	1.95853405407983	0.0748740020351288	1.81096333711212	2.10976466770465
2.13005334244385	0.078041295605205	1.97709240305765	2.28301428183005	2.12812449091902	0.109672151574956	1.91316707383211	2.34308190800593	2.12812449091902	0.078041295605205	1.97000600589465	2.26691344384862
2.01297782957509	0.0773180228576867	1.86143450477403	2.16452115437616	2.01093504665176	0.107357187567542	1.80051495901938	2.22135513428414	2.01093504665176	0.0773180228576867	1.85948817007905	2.16207190708751
1.99560310767648	0.095128851936165	1.80915055788159	2.18205565747136	1.9952852654367	0.131866428107009	1.73682706634696	2.25374346452644	1.9952852654367	0.095128851936165	1.80781492141278	2.1712779210707
2.20567522515338	0.0847911693884332	2.03948453315205	2.37186591715471	2.20727485620699	0.118369056224576	1.97527150600682	2.43927820640715	2.20727485620699	0.0847911693884332	2.03650039353505	2.37440934149957
2.22693750757103	0.0766203455082712	2.07676163037482	2.37711338476724	2.22899430132969	0.109210947188845	2.01494084483955	2.44304775781982	2.22899430132969	0.0766203455082712	2.07638438789858	2.37476628525517
2.06855071482209	0.109543797144828	1.85384487241823	2.28325655722595	2.0676421995219	0.153168774814041	1.76743140088638	2.36785299815742	2.0676421995219	0.109543797144828	1.83819585578496	2.27136418253801
1.78109351442294	0.093048531201179	1.59871839326863	1.96346863557725	1.78065745907324	0.128594896405038	1.52861146211936	2.03270345602711	1.78065745907324	0.093048531201179	1.5969331427086	1.95454708421225
2.07435751605281	0.0783329785588824	1.9208248780774	2.22789015402822	2.07930344173581	0.110587051861537	1.8625528200872	2.29605406338442	2.07930344173581	0.0783329785588824	1.92504175709717	2.22977369198446
2.03599848199818	0.073869107013921	1.8912150322509	2.18078193174547	2.0326052258251	0.102532494630539	1.83164153634924	2.23356891530096	2.0326052258251	0.073869107013921	1.89391427346521	2.1957206297508
1.90249248064092	0.100143955059365	1.70621032872456	2.09877463255727	1.90338193387858	0.137214413495645	1.63444168342712	2.17232218433005	1.90338193387858	0.100143955059365	1.70858028902024	2.09290480524334
1.92687265744753	0.0863142402503142	1.75769674655691	2.09604856833815	1.93042774021863	0.121540955175849	1.69220746807397	2.1686480123633	1.93042774021863	0.0863142402503142	1.7519361941384	2.09502318484898
1.97782346266811	0.088690429628292	1.80399022059666	2.15165670473956	1.9750305446651	0.128320586592862	1.72352219494309	2.22653889438711	1.9750305446651	0.088690429628292	1.78176561004456	2.13794180751963
1.96765570258319	0.0754663959076405	1.81974156660421	2.11556983856216	1.96923777779535	0.103674435412592	1.76603588438667	2.17243967120403	1.96923777779535	0.0754663959076405	1.82536318388771	2.10984061801255
1.94237639554993	0.0978813549792639	1.75052893979057	2.13422385130929	1.94253112014297	0.134042071820713	1.67980865937437	2.20525358091157	1.94253112014297	0.0978813549792639	1.73149442757715	2.11563403491771
1.92799158190675	0.108597157141241	1.71514115390992	2.14084200990358	1.927264803421	0.153185025687293	1.6270221530739	2.22750745376809	1.927264803421	0.108597157141241	1.69557822807507	2.11946997650644
2.09979661674103	0.0773084121749011	1.94827212887822	2.25132110460383	2.10033352280833	0.108296093970675	1.88807317862581	2.31259386699085	2.10033352280833	0.0773084121749011	1.94844337458553	2.2495279850129
2.01404564945689	0.0747709757049788	1.86749453707513	2.16059676183865	2.01563558382138	0.106482463879569	1.80692995461743	2.22434121302534	2.01563558382138	0.0747709757049788	1.86672215635456	2.15811243320689
2.00774285750298	0.0731129017817102	1.86444157001083	2.15104414499513	2.00741083845183	0.101828107367632	1.80782774801128	2.20699392889239	2.00741083845183	0.0731129017817102	1.86097472215748	2.14970942157983
1.94922778722447	0.0812655802769169	1.78994724988171	2.10850832456723	1.94778490669327	0.109082001946121	1.73398418287888	2.16158563050767	1.94778490669327	0.0812655802769169	1.78799310701561	2.09300606474749
1.96780267948177	0.0886182069296916	1.79411099389957	2.14149436506396	1.9685834555503	0.123911015157201	1.72571786584219	2.21144904525842	1.9685834555503	0.0886182069296916	1.79643274323513	2.13308805611946
2.02162549043217	0.0925403264659191	1.84024645055897	2.20300453030537	2.02165061939856	0.127018540559582	1.77269427990178	2.27060695889534	2.02165061939856	0.0925403264659191	1.83125181978375	2.19498127479358
1.92994293290779	0.0715437095178734	1.78971726225276	2.07016860356282	1.92758998510155	0.101922047475661	1.72782277204926	2.12735719815385	1.92758998510155	0.0715437095178734	1.78379869350743	2.06636902274857
1.9668813931906	0.073826732508469	1.822180997474	2.1115817889072	1.96840581852191	0.104137389182254	1.76429653572469	2.17251510131913	1.96840581852191	0.073826732508469	1.82145535082279	2.124146319222
2.0710904596028	0.0748584900189887	1.92436781916558	2.21781310004002	2.07539713124175	0.106180718023761	1.86728292391518	2.28351133856833	2.07539713124175	0.0748584900189887	1.93450913665323	2.22844673483306
1.89406257569682	0.087314886220585	1.72292539870448	2.06519975268917	1.89161926403122	0.123355405116614	1.64984267000266	2.13339585805979	1.89161926403122	0.087314886220585	1.71398954516826	2.05739123303138
1.98051986052933	0.0872300933475917	1.80954887756805	2.15149084349061	1.98440349695791	0.123213065553177	1.74290588847368	2.22590110544213	1.98440349695791	0.0872300933475917	1.82183190236725	2.15720408427393
2.02051536705991	0.0790736319510438	1.86553104843586	2.17549968568395	2.02138441158136	0.107944792102299	1.80981261906086	2.23295620410187	2.02138441158136	0.0790736319510438	1.87024636408539	2.17784471429076
1.98696779017495	0.073469400359095	1.84296776547112	2.13096781487877	1.98891776013396	0.102751303083887	1.78752520608954	2.19031031417838	1.98891776013396	0.073469400359095	1.84755153069196	2.12924582043341
2.10641213680345	0.075678184587594	1.95808289501177	2.25474137859514	2.10370724325734	0.103998957203471	1.89986928713853	2.30754519937614	2.10370724325734	0.075678184587594	1.95910343523303	2.25347451114371
2.16718825332246	0.0817568630062456	2.00694480183022	2.3274317048147	2.166198584728	0.112586002517202	1.94553001979429	2.38686714966172	2.166198584728	0.0817568630062456	2.00608316501584	2.32260796614045
2.03379194159692	0.0792342571921516	1.8784927975003	2.18909108569354	2.0320073253241	0.112811910440905	1.81089598085992	2.25311866978827	2.0320073253241	0.0792342571921516	1.87537473678473	2.1826596752989
2.03118927703631	0.0850163179313986	1.86455729389077	2.19782126018185	2.02892824602144	0.119649579624952	1.79441506995653	2.26344142208634	2.02892824602144	0.0850163179313986	1.87067310610966	2.18920794133949
2.11406804086108	0.0849717214448031	1.94752346682927	2.2806126148929	2.11550218233977	0.119518794397493	1.88124534532068	2.34975901935885	2.11550218233977	0.0849717214448031	1.94476958059659	2.28766641447915
1.98688328193227	0.0709488043044394	1.84782362549557	2.12594293836898	1.98947023811866	0.0980152651762151	1.79736031837328	2.18158015786404	1.98947023811866	0.0709488043044394	1.85167251460363	2.12228401323163
2.07257537290936	0.0826535930924366	1.91057433044819	2.23457641537054	2.07283312872107	0.116500063098336	1.84449300504833	2.30117325239381	2.07283312872107	0.0826535930924366	1.91443095772855	2.23466679969002
1.96126361840054	0.0705462107361894	1.82299304535761	2.09953419144347	1.96321282818527	0.0968229574488399	1.77343983158554	2.15298582478499	1.96321282818527	0.0705462107361894	1.81770359782797	2.10022705510223
1.98057739563403	0.0718838432902638	1.83968506278511	2.12146972848295	1.97695594311323	0.100467812529929	1.78003903055456	2.17387285567189	1.97695594311323	0.0718838432902638	1.83661747960517	2.11655563933998
1.9110104931011	0.0912204471755667	1.73221841663699	2.08980256956521	1.90878499659447	0.126710180530449	1.66043304275479	2.15713695043415	1.90878499659447	0.0912204471755667	1.73615934325133	2.09116242320558
1.94350098299688	0.0765479947262774	1.79346691333338	2.09353505266039	1.93751320124423	0.1056667394377	1.73040639194634	2.14462001054212	1.93751320124423	0.0765479947262774	1.78683653990092	2.09124084380655
2.12527776950977	0.0822893080202997	1.96399072578999	2.28656481322956	2.12291834205233	0.118056976770642	1.89152666758187	2.35431001652278	2.12291834205233	0.0822893080202997	1.96435697317225	2.2803578813275
2.07727042542139	0.070670359552586	1.93875652069833	2.21578433014446	2.07748698545926	0.0963541477850593	1.88863285580055	2.26634111511798	2.07748698545926	0.070670359552586	1.94344197145772	2.21708336935097
2.07281602354822	0.0924548267757078	1.89160456306783	2.25402748402861	2.07424233033167	0.128302214055305	1.82276999078327	2.32571466988007	2.07424233033167	0.0924548267757078	1.87687303382234	2.25786591216775
2.09831745202844	0.0749209659029024	1.95147235885875	2.24516254519813	2.09707961366655	0.105949352100373	1.88941888354982	2.30474034378328	2.09707961366655	0.0749209659029024	1.94506234074052	2.23695125453855
1.99627625945593	0.0961692041029317	1.80778461941418	2.18476789949767	2.00345724949624	0.131898496096911	1.74493619714629	2.26197830184619	2.00345724949624	0.0961692041029317	1.80281633004465	2.17623260975899
1.92992164265001	0.115292036015877	1.70394925205889	2.15589403324113	1.93798436841493	0.161783258312145	1.62088918212313	2.25507955470674	1.93798436841493	0.115292036015877	1.70429366910684	2.15838225111539
2.05919930655582	0.0765185409836573	1.90922296622785	2.20917564688379	2.06274136849208	0.107165477877612	1.85269703185196	2.2727857051322	2.06274136849208	0.0765185409836573	1.91575890629475	2.21058474868091
2.04344278340547	0.0805992659616413	1.88546822212065	2.20141734469028	2.04647145901873	0.113743661653335	1.82353388217819	2.26940903585927	2.04647145901873	0.0805992659616413	1.8893498700189	2.20339238799904
1.92642067757446	0.0798783775459369	1.76985905758442	2.0829822975645	1.92715776450138	0.111733958746514	1.70815920535821	2.14615632364455	1.92715776450138	0.0798783775459369	1.76750795179756	2.07456544554009
1.87796375302128	0.07651086363457	1.72800246029752	2.02792504574504	1.88114849350775	0.108098811892984	1.6692748221975	2.093022164818	1.88114849350775	0.07651086363457	1.72929267551767	2.03182085227671
2.06881395882228	0.0758968898249955	1.92005605476528	2.21757186287927	2.0728916072825	0.106068564737461	1.86499722039708	2.28078599416793	2.0728916072825	0.0758968898249955	1.92247233503884	2.22407374981703
2.12262197537129	0.0817963874553426	1.96230105595882	2.28294289478377	2.12431277906419	0.109760126531843	1.90918293106178	2.3394426270666	2.12431277906419	0.0817963874553426	1.96815669213216	2.2819120908957
1.86974387330706	0.0829313389189605	1.7071984490259	2.03228929758822	1.87420929344165	0.117456812026905	1.64399394186891	2.10442464501438	1.87420929344165	0.0829313389189605	1.70983606316423	2.02878675890606
1.93727626385722	0.0882478700346411	1.76431043858932	2.11024208912512	1.9375268365443	0.11958605663424	1.70313816554119	2.17191550754742	1.9375268365443	0.0882478700346411	1.75609494209375	2.11048855512409
1.98293588553176	0.0789517820829746	1.82819039264913	2.13768137841439	1.98179356670315	0.108377323599974	1.7693740124472	2.1942131209591	1.98179356670315	0.0789517820829746	1.82278506637964	2.13854259332853
1.9175817579407	0.0834185462315312	1.7540814073269	2.0810821085545	1.91539698033201	0.113128923356659	1.69366429055295	2.13712967011106	1.91539698033201	0.0834185462315312	1.744763269582	2.06464920086947
1.93207077149799	0.0891229726201784	1.75738974516244	2.10675179783354	1.93525345879881	0.1259726262393	1.68834711136978	2.18215980622784	1.93525345879881	0.0891229726201784	1.75712467506242	2.11551139357826
2.09486760081419	0.083603256137886	1.93100521878394	2.25872998284445	2.08911326913573	0.114166800930908	1.86534633931115	2.31288019896031	2.08911326913573	0.083603256137886	1.91280181474358	2.24347093943489
2.06984581295147	0.0749840555679418	1.9228770640383	2.21681456186463	2.0671429948896	0.102499473445643	1.86624402693614	2.26804196284306	2.0671429948896	0.0749840555679418	1.92408069695076	2.21522336993185
2.11822543588403	0.0791845606487533	1.96302369701248	2.27342717475559	2.11858027947468	0.111515328690108	1.90001023524207	2.33715032370729	2.11858027947468	0.0791845606487533	1.96721330436337	2.27461606474247
1.97218636719598	0.0785721852888034	1.81818488402993	2.12618785036204	1.97250604221189	0.111254849918083	1.75444653637244	2.19056554805133	1.97250604221189	0.0785721852888034	1.81736346471203	2.13220522381785
2.09548569556404	0.0868654642352589	1.92522938566293	2.26574200546515	2.09687564515188	0.120347362917433	1.86099481383371	2.33275647647005	2.09687564515188	0.0868654642352589	1.92904885824614	2.26541915531802
1.91918750316573	0.0907569895553311	1.74130380363729	2.09707120269418	1.92074495894149	0.123991975851513	1.67772068627253	2.16376923161046	1.92074495894149	0.0907569895553311	1.73574832806606	2.08882125544956
1.81827378891331	0.081958096536756	1.65763591970127	1.97891165812535	1.82101712612958	0.11384621883123	1.59787853722037	2.04415571503879	1.82101712612958	0.081958096536756	1.65928262771925	1.98045733139396
2.04373349111525	0.0759839570083424	1.8948049353789	2.1926620468516	2.04389900569427	0.105348305579593	1.83741632675827	2.25038168463027	2.04389900569427	0.0759839570083424	1.90104345676185	2.18980437455789
2.0703734742808	0.0751724386018923	1.9230354946211	2.21771145394051	2.07120970781349	0.104758521184129	1.8658830062926	2.27653640933439	2.07120970781349	0.0751724386018923	1.92847278385941	2.22228701604087
NA	NA	NA	NA	NA	NA	NA	NA	NA	NA	NA	NA
NA	NA	NA	NA	NA	NA	NA	NA	NA	NA	NA	NA
NA	NA	NA	NA	NA	NA	NA	NA	NA	NA	NA	NA
NA	NA	NA	NA	NA	NA	NA	NA	NA	NA	NA	NA
NA	NA	NA	NA	NA	NA	NA	NA	NA	NA	NA	NA
NA	NA	NA	NA	NA	NA	NA	NA	NA	NA	NA	NA
NA	NA	NA	NA	NA	NA	NA	NA	NA	NA	NA	NA
NA	NA	NA	NA	NA	NA	NA	NA	NA	NA	NA	NA
NA	NA	NA	NA	NA	NA	NA	NA	NA	NA	NA	NA
NA	NA	NA	NA	NA	NA	NA	NA	NA	NA	NA	NA
NA	NA	NA	NA	NA	NA	NA	NA	NA	NA	NA	NA
NA	NA	NA	NA	NA	NA	NA	NA	NA	NA	NA	NA
NA	NA	NA	NA	NA	NA	NA	NA	NA	NA	NA	NA
NA	NA	NA	NA	NA	NA	NA	NA	NA	NA	NA	NA
NA	NA	NA	NA	NA	NA	NA	NA	NA	NA	NA	NA
NA	NA	NA	NA	NA	NA	NA	NA	NA	NA	NA	NA
NA	NA	NA	NA	NA	NA	NA	NA	NA	NA	NA	NA
NA	NA	NA	NA	NA	NA	NA	NA	NA	NA	NA	NA
NA	NA	NA	NA	NA	NA	NA	NA	NA	NA	NA	NA
NA	NA	NA	NA	NA	NA	NA	NA	NA	NA	NA	NA
NA	NA	NA	NA	NA	NA	NA	NA	NA	NA	NA	NA
NA	NA	NA	NA	NA	NA	NA	NA	NA	NA	NA	NA
NA	NA	NA	NA	NA	NA	NA	NA	NA	NA	NA	NA
NA	NA	NA	NA	NA	NA	NA	NA	NA	NA	NA	NA
NA	NA	NA	NA	NA	NA	NA	NA	NA	NA	NA	NA
NA	NA	NA	NA	NA	NA	NA	NA	NA	NA	NA	NA
NA	NA	NA	NA	NA	NA	NA	NA	NA	NA	NA	NA
NA	NA	NA	NA	NA	NA	NA	NA	NA	NA	NA	NA
NA	NA	NA	NA	NA	NA	NA	NA	NA	NA	NA	NA
NA	NA	NA	NA	NA	NA	NA	NA	NA	NA	NA	NA
NA	NA	NA	NA	NA	NA	NA	NA	NA	NA	NA	NA
NA	NA	NA	NA	NA	NA	NA	NA	NA	NA	NA	NA
NA	NA	NA	NA	NA	NA	NA	NA	NA	NA	NA	NA
NA	NA	NA	NA	NA	NA	NA	NA	NA	NA	NA	NA
NA	NA	NA	NA	NA	NA	NA	NA	NA	NA	NA	NA
NA	NA	NA	NA	NA	NA	NA	NA	NA	NA	NA	NA
NA	NA	NA	NA	NA	NA	NA	NA	NA	NA	NA	NA
NA	NA	NA	NA	NA	NA	NA	NA	NA	NA	NA	NA
NA	NA	NA	NA	NA	NA	NA	NA	NA	NA	NA	NA
NA	NA	NA	NA	NA	NA	NA	NA	NA	NA	NA	NA
NA	NA	NA	NA	NA	NA	NA	NA	NA	NA	NA	NA
NA	NA	NA	NA	NA	NA	NA	NA	NA	NA	NA	NA
NA	NA	NA	NA	NA	NA	NA	NA	NA	NA	NA	NA
NA	NA	NA	NA	NA	NA	NA	NA	NA	NA	NA	NA
NA	NA	NA	NA	NA	NA	NA	NA	NA	NA	NA	NA
NA	NA	NA	NA	NA	NA	NA	NA	NA	NA	NA	NA
NA	NA	NA	NA	NA	NA	NA	NA	NA	NA	NA	NA
NA	NA	NA	NA	NA	NA	NA	NA	NA	NA	NA	NA
NA	NA	NA	NA	NA	NA	NA	NA	NA	NA	NA	NA
NA	NA	NA	NA	NA	NA	NA	NA	NA	NA	NA	NA
NA	NA	NA	NA	NA	NA	NA	NA	NA	NA	NA	NA
NA	NA	NA	NA	NA	NA	NA	NA	NA	NA	NA	NA
NA	NA	NA	NA	NA	NA	NA	NA	NA	NA	NA	NA
NA	NA	NA	NA	NA	NA	NA	NA	NA	NA	NA	NA
NA	NA	NA	NA	NA	NA	NA	NA	NA	NA	NA	NA
NA	NA	NA	NA	NA	NA	NA	NA	NA	NA	NA	NA
NA	NA	NA	NA	NA	NA	NA	NA	NA	NA	NA	NA
NA	NA	NA	NA	NA	NA	NA	NA	NA	NA	NA	NA
NA	NA	NA	NA	NA	NA	NA	NA	NA	NA	NA	NA
NA	NA	NA	NA	NA	NA	NA	NA	NA	NA	NA	NA
NA	NA	NA	NA	NA	NA	NA	NA	NA	NA	NA	NA
NA	NA	NA	NA	NA	NA	NA	NA	NA	NA	NA	NA
NA	NA	NA	NA	NA	NA	NA	NA	NA	NA	NA	NA
NA	NA	NA	NA	NA	NA	NA	NA	NA	NA	NA	NA
NA	NA	NA	NA	NA	NA	NA	NA	NA	NA	NA	NA
NA	NA	NA	NA	NA	NA	NA	NA	NA	NA	NA	NA
NA	NA	NA	NA	NA	NA	NA	NA	NA	NA	NA	NA
NA	NA	NA	NA	NA	NA	NA	NA	NA	NA	NA	NA
NA	NA	NA	NA	NA	NA	NA	NA	NA	NA	NA	NA
NA	NA	NA	NA	NA	NA	NA	NA	NA	NA	NA	NA
NA	NA	NA	NA	NA	NA	NA	NA	NA	NA	NA	NA
NA	NA	NA	NA	NA	NA	NA	NA	NA	NA	NA	NA
NA	NA	NA	NA	NA	NA	NA	NA	NA	NA	NA	NA
NA	NA	NA	NA	NA	NA	NA	NA	NA	NA	NA	NA
NA	NA	NA	NA	NA	NA	NA	NA	NA	NA	NA	NA
NA	NA	NA	NA	NA	NA	NA	NA	NA	NA	NA	NA
NA	NA	NA	NA	NA	NA	NA	NA	NA	NA	NA	NA
NA	NA	NA	NA	NA	NA	NA	NA	NA	NA	NA	NA
NA	NA	NA	NA	NA	NA	NA	NA	NA	NA	NA	NA
NA	NA	NA	NA	NA	NA	NA	NA	NA	NA	NA	NA
NA	NA	NA	NA	NA	NA	NA	NA	NA	NA	NA	NA
NA	NA	NA	NA	NA	NA	NA	NA	NA	NA	NA	NA
NA	NA	NA	NA	NA	NA	NA	NA	NA	NA	NA	NA
NA	NA	NA	NA	NA	NA	NA	NA	NA	NA	NA	NA
NA	NA	NA	NA	NA	NA	NA	NA	NA	NA	NA	NA
NA	NA	NA	NA	NA	NA	NA	NA	NA	NA	NA	NA
NA	NA	NA	NA	NA	NA	NA	NA	NA	NA	NA	NA
NA	NA	NA	NA	NA	NA	NA	NA	NA	NA	NA	NA
NA	NA	NA	NA	NA	NA	NA	NA	NA	NA	NA	NA
NA	NA	NA	NA	NA	NA	NA	NA	NA	NA	NA	NA
NA	NA	NA	NA	NA	NA	NA	NA	NA	NA	NA	NA
NA	NA	NA	NA	NA	NA	NA	NA	NA	NA	NA	NA
NA	NA	NA	NA	NA	NA	NA	NA	NA	NA	NA	NA
NA	NA	NA	NA	NA	NA	NA	NA	NA	NA	NA	NA
NA	NA	NA	NA	NA	NA	NA	NA	NA	NA	NA	NA
NA	NA	NA	NA	NA	NA	NA	NA	NA	NA	NA	NA
NA	NA	NA	NA	NA	NA	NA	NA	NA	NA	NA	NA
NA	NA	NA	NA	NA	NA	NA	NA	NA	NA	NA	NA
NA	NA	NA	NA	NA	NA	NA	NA	NA	NA	NA	NA
NA	NA	NA	NA	NA	NA	NA	NA	NA	NA	NA	NA
NA	NA	NA	NA	NA	NA	NA	NA	NA	NA	NA	NA
NA	NA	NA	NA	NA	NA	NA	NA	NA	NA	NA	NA
NA	NA	NA	NA	NA	NA	NA	NA	NA	NA	NA	NA
NA	NA	NA	NA	NA	NA	NA	NA	NA	NA	NA	NA
NA	NA	NA	NA	NA	NA	NA	NA	NA	NA	NA	NA
NA	NA	NA	NA	NA	NA	NA	NA	NA	NA	NA	NA
NA	NA	NA	NA	NA	NA	NA	NA	NA	NA	NA	NA
NA	NA	NA	NA	NA	NA	NA	NA	NA	NA	NA	NA
NA	NA	NA	NA	NA	NA	NA	NA	NA	NA	NA	NA
NA	NA	NA	NA	NA	NA	NA	NA	NA	NA	NA	NA
NA	NA	NA	NA	NA	NA	NA	NA	NA	NA	NA	NA
NA	NA	NA	NA	NA	NA	NA	NA	NA	NA	NA	NA
NA	NA	NA	NA	NA	NA	NA	NA	NA	NA	NA	NA
NA	NA	NA	NA	NA	NA	NA	NA	NA	NA	NA	NA
NA	NA	NA	NA	NA	NA	NA	NA	NA	NA	NA	NA
NA	NA	NA	NA	NA	NA	NA	NA	NA	NA	NA	NA
NA	NA	NA	NA	NA	NA	NA	NA	NA	NA	NA	NA
NA	NA	NA	NA	NA	NA	NA	NA	NA	NA	NA	NA
NA	NA	NA	NA	NA	NA	NA	NA	NA	NA	NA	NA
NA	NA	NA	NA	NA	NA	NA	NA	NA	NA	NA	NA
NA	NA	NA	NA	NA	NA	NA	NA	NA	NA	NA	NA
NA	NA	NA	NA	NA	NA	NA	NA	NA	NA	NA	NA
NA	NA	NA	NA	NA	NA	NA	NA	NA	NA	NA	NA
NA	NA	NA	NA	NA	NA	NA	NA	NA	NA	NA	NA
NA	NA	NA	NA	NA	NA	NA	NA	NA	NA	NA	NA
NA	NA	NA	NA	NA	NA	NA	NA	NA	NA	NA	NA
NA	NA	NA	NA	NA	NA	NA	NA	NA	NA	NA	NA
NA	NA	NA	NA	NA	NA	NA	NA	NA	NA	NA	NA
NA	NA	NA	NA	NA	NA	NA	NA	NA	NA	NA	NA
NA	NA	NA	NA	NA	NA	NA	NA	NA	NA	NA	NA
NA	NA	NA	NA	NA	NA	NA	NA	NA	NA	NA	NA
NA	NA	NA	NA	NA	NA	NA	NA	NA	NA	NA	NA
NA	NA	NA	NA	NA	NA	NA	NA	NA	NA	NA	NA
NA	NA	NA	NA	NA	NA	NA	NA	NA	NA	NA	NA
NA	NA	NA	NA	NA	NA	NA	NA	NA	NA	NA	NA
NA	NA	NA	NA	NA	NA	NA	NA	NA	NA	NA	NA
NA	NA	NA	NA	NA	NA	NA	NA	NA	NA	NA	NA
NA	NA	NA	NA	NA	NA	NA	NA	NA	NA	NA	NA
NA	NA	NA	NA	NA	NA	NA	NA	NA	NA	NA	NA
NA	NA	NA	NA	NA	NA	NA	NA	NA	NA	NA	NA
NA	NA	NA	NA	NA	NA	NA	NA	NA	NA	NA	NA
NA	NA	NA	NA	NA	NA	NA	NA	NA	NA	NA	NA
NA	NA	NA	NA	NA	NA	NA	NA	NA	NA	NA	NA
NA	NA	NA	NA	NA	NA	NA	NA	NA	NA	NA	NA
NA	NA	NA	NA	NA	NA	NA	NA	NA	NA	NA	NA
NA	NA	NA	NA	NA	NA	NA	NA	NA	NA	NA	NA
NA	NA	NA	NA	NA	NA	NA	NA	NA	NA	NA	NA
NA	NA	NA	NA	NA	NA	NA	NA	NA	NA	NA	NA
NA	NA	NA	NA	NA	NA	NA	NA	NA	NA	NA	NA
NA	NA	NA	NA	NA	NA	NA	NA	NA	NA	NA	NA
NA	NA	NA	NA	NA	NA	NA	NA	NA	NA	NA	NA
NA	NA	NA	NA	NA	NA	NA	NA	NA	NA	NA	NA
NA	NA	NA	NA	NA	NA	NA	NA	NA	NA	NA	NA
NA	NA	NA	NA	NA	NA	NA	NA	NA	NA	NA	NA
NA	NA	NA	NA	NA	NA	NA	NA	NA	NA	NA	NA
NA	NA	NA	NA	NA	NA	NA	NA	NA	NA	NA	NA
NA	NA	NA	NA	NA	NA	NA	NA	NA	NA	NA	NA
NA	NA	NA	NA	NA	NA	NA	NA	NA	NA	NA	NA
NA	NA	NA	NA	NA	NA	NA	NA	NA	NA	NA	NA
NA	NA	NA	NA	NA	NA	NA	NA	NA	NA	NA	NA
NA	NA	NA	NA	NA	NA	NA	NA	NA	NA	NA	NA
NA	NA	NA	NA	NA	NA	NA	NA	NA	NA	NA	NA
NA	NA	NA	NA	NA	NA	NA	NA	NA	NA	NA	NA
NA	NA	NA	NA	NA	NA	NA	NA	NA	NA	NA	NA
NA	NA	NA	NA	NA	NA	NA	NA	NA	NA	NA	NA
NA	NA	NA	NA	NA	NA	NA	NA	NA	NA	NA	NA
NA	NA	NA	NA	NA	NA	NA	NA	NA	NA	NA	NA
NA	NA	NA	NA	NA	NA	NA	NA	NA	NA	NA	NA
NA	NA	NA	NA	NA	NA	NA	NA	NA	NA	NA	NA
NA	NA	NA	NA	NA	NA	NA	NA	NA	NA	NA	NA
NA	NA	NA	NA	NA	NA	NA	NA	NA	NA	NA	NA
NA	NA	NA	NA	NA	NA	NA	NA	NA	NA	NA	NA
NA	NA	NA	NA	NA	NA	NA	NA	NA	NA	NA	NA
NA	NA	NA	NA	NA	NA	NA	NA	NA	NA	NA	NA
NA	NA	NA	NA	NA	NA	NA	NA	NA	NA	NA	NA
NA	NA	NA	NA	NA	NA	NA	NA	NA	NA	NA	NA
NA	NA	NA	NA	NA	NA	NA	NA	NA	NA	NA	NA
NA	NA	NA	NA	NA	NA	NA	NA	NA	NA	NA	NA
NA	NA	NA	NA	NA	NA	NA	NA	NA	NA	NA	NA
NA	NA	NA	NA	NA	NA	NA	NA	NA	NA	NA	NA
NA	NA	NA	NA	NA	NA	NA	NA	NA	NA	NA	NA
NA	NA	NA	NA	NA	NA	NA	NA	NA	NA	NA	NA
NA	NA	NA	NA	NA	NA	NA	NA	NA	NA	NA	NA
NA	NA	NA	NA	NA	NA	NA	NA	NA	NA	NA	NA
NA	NA	NA	NA	NA	NA	NA	NA	NA	NA	NA	NA
NA	NA	NA	NA	NA	NA	NA	NA	NA	NA	NA	NA
NA	NA	NA	NA	NA	NA	NA	NA	NA	NA	NA	NA
NA	NA	NA	NA	NA	NA	NA	NA	NA	NA	NA	NA
NA	NA	NA	NA	NA	NA	NA	NA	NA	NA	NA	NA
NA	NA	NA	NA	NA	NA	NA	NA	NA	NA	NA	NA
NA	NA	NA	NA	NA	NA	NA	NA	NA	NA	NA	NA
NA	NA	NA	NA	NA	NA	NA	NA	NA	NA	NA	NA
NA	NA	NA	NA	NA	NA	NA	NA	NA	NA	NA	NA
NA	NA	NA	NA	NA	NA	NA	NA	NA	NA	NA	NA
NA	NA	NA	NA	NA	NA	NA	NA	NA	NA	NA	NA
NA	NA	NA	NA	NA	NA	NA	NA	NA	NA	NA	NA
NA	NA	NA	NA	NA	NA	NA	NA	NA	NA	NA	NA
NA	NA	NA	NA	NA	NA	NA	NA	NA	NA	NA	NA
NA	NA	NA	NA	NA	NA	NA	NA	NA	NA	NA	NA
NA	NA	NA	NA	NA	NA	NA	NA	NA	NA	NA	NA
NA	NA	NA	NA	NA	NA	NA	NA	NA	NA	NA	NA
NA	NA	NA	NA	NA	NA	NA	NA	NA	NA	NA	NA
NA	NA	NA	NA	NA	NA	NA	NA	NA	NA	NA	NA
NA	NA	NA	NA	NA	NA	NA	NA	NA	NA	NA	NA
NA	NA	NA	NA	NA	NA	NA	NA	NA	NA	NA	NA
NA	NA	NA	NA	NA	NA	NA	NA	NA	NA	NA	NA
NA	NA	NA	NA	NA	NA	NA	NA	NA	NA	NA	NA
NA	NA	NA	NA	NA	NA	NA	NA	NA	NA	NA	NA
NA	NA	NA	NA	NA	NA	NA	NA	NA	NA	NA	NA
NA	NA	NA	NA	NA	NA	NA	NA	NA	NA	NA	NA
NA	NA	NA	NA	NA	NA	NA	NA	NA	NA	NA	NA
NA	NA	NA	NA	NA	NA	NA	NA	NA	NA	NA	NA
NA	NA	NA	NA	NA	NA	NA	NA	NA	NA	NA	NA
NA	NA	NA	NA	NA	NA	NA	NA	NA	NA	NA	NA
NA	NA	NA	NA	NA	NA	NA	NA	NA	NA	NA	NA
NA	NA	NA	NA	NA	NA	NA	NA	NA	NA	NA	NA
NA	NA	NA	NA	NA	NA	NA	NA	NA	NA	NA	NA
NA	NA	NA	NA	NA	NA	NA	NA	NA	NA	NA	NA
NA	NA	NA	NA	NA	NA	NA	NA	NA	NA	NA	NA
NA	NA	NA	NA	NA	NA	NA	NA	NA	NA	NA	NA
NA	NA	NA	NA	NA	NA	NA	NA	NA	NA	NA	NA
NA	NA	NA	NA	NA	NA	NA	NA	NA	NA	NA	NA
NA	NA	NA	NA	NA	NA	NA	NA	NA	NA	NA	NA
NA	NA	NA	NA	NA	NA	NA	NA	NA	NA	NA	NA
NA	NA	NA	NA	NA	NA	NA	NA	NA	NA	NA	NA
NA	NA	NA	NA	NA	NA	NA	NA	NA	NA	NA	NA
NA	NA	NA	NA	NA	NA	NA	NA	NA	NA	NA	NA
NA	NA	NA	NA	NA	NA	NA	NA	NA	NA	NA	NA
NA	NA	NA	NA	NA	NA	NA	NA	NA	NA	NA	NA
NA	NA	NA	NA	NA	NA	NA	NA	NA	NA	NA	NA
NA	NA	NA	NA	NA	NA	NA	NA	NA	NA	NA	NA
NA	NA	NA	NA	NA	NA	NA	NA	NA	NA	NA	NA
NA	NA	NA	NA	NA	NA	NA	NA	NA	NA	NA	NA
NA	NA	NA	NA	NA	NA	NA	NA	NA	NA	NA	NA
NA	NA	NA	NA	NA	NA	NA	NA	NA	NA	NA	NA
NA	NA	NA	NA	NA	NA	NA	NA	NA	NA	NA	NA
NA	NA	NA	NA	NA	NA	NA	NA	NA	NA	NA	NA
NA	NA	NA	NA	NA	NA	NA	NA	NA	NA	NA	NA
NA	NA	NA	NA	NA	NA	NA	NA	NA	NA	NA	NA
NA	NA	NA	NA	NA	NA	NA	NA	NA	NA	NA	NA
NA	NA	NA	NA	NA	NA	NA	NA	NA	NA	NA	NA
NA	NA	NA	NA	NA	NA	NA	NA	NA	NA	NA	NA
NA	NA	NA	NA	NA	NA	NA	NA	NA	NA	NA	NA
NA	NA	NA	NA	NA	NA	NA	NA	NA	NA	NA	NA
NA	NA	NA	NA	NA	NA	NA	NA	NA	NA	NA	NA
NA	NA	NA	NA	NA	NA	NA	NA	NA	NA	NA	NA
NA	NA	NA	NA	NA	NA	NA	NA	NA	NA	NA	NA
NA	NA	NA	NA	NA	NA	NA	NA	NA	NA	NA	NA
NA	NA	NA	NA	NA	NA	NA	NA	NA	NA	NA	NA
NA	NA	NA	NA	NA	NA	NA	NA	NA	NA	NA	NA
NA	NA	NA	NA	NA	NA	NA	NA	NA	NA	NA	NA
NA	NA	NA	NA	NA	NA	NA	NA	NA	NA	NA	NA
NA	NA	NA	NA	NA	NA	NA	NA	NA	NA	NA	NA
NA	NA	NA	NA	NA	NA	NA	NA	NA	NA	NA	NA
NA	NA	NA	NA	NA	NA	NA	NA	NA	NA	NA	NA
NA	NA	NA	NA	NA	NA	NA	NA	NA	NA	NA	NA
NA	NA	NA	NA	NA	NA	NA	NA	NA	NA	NA	NA
NA	NA	NA	NA	NA	NA	NA	NA	NA	NA	NA	NA
NA	NA	NA	NA	NA	NA	NA	NA	NA	NA	NA	NA
NA	NA	NA	NA	NA	NA	NA	NA	NA	NA	NA	NA
NA	NA	NA	NA	NA	NA	NA	NA	NA	NA	NA	NA
NA	NA	NA	NA	NA	NA	NA	NA	NA	NA	NA	NA
NA	NA	NA	NA	NA	NA	NA	NA	NA	NA	NA	NA
NA	NA	NA	NA	NA	NA	NA	NA	NA	NA	NA	NA
NA	NA	NA	NA	NA	NA	NA	NA	NA	NA	NA	NA
NA	NA	NA	NA	NA	NA	NA	NA	NA	NA	NA	NA
NA	NA	NA	NA	NA	NA	NA	NA	NA	NA	NA	NA
NA	NA	NA	NA	NA	NA	NA	NA	NA	NA	NA	NA
NA	NA	NA	NA	NA	NA	NA	NA	NA	NA	NA	NA
NA	NA	NA	NA	NA	NA	NA	NA	NA	NA	NA	NA
NA	NA	NA	NA	NA	NA	NA	NA	NA	NA	NA	NA
NA	NA	NA	NA	NA	NA	NA	NA	NA	NA	NA	NA
NA	NA	NA	NA	NA	NA	NA	NA	NA	NA	NA	NA
NA	NA	NA	NA	NA	NA	NA	NA	NA	NA	NA	NA
NA	NA	NA	NA	NA	NA	NA	NA	NA	NA	NA	NA
NA	NA	NA	NA	NA	NA	NA	NA	NA	NA	NA	NA
NA	NA	NA	NA	NA	NA	NA	NA	NA	NA	NA	NA
NA	NA	NA	NA	NA	NA	NA	NA	NA	NA	NA	NA
NA	NA	NA	NA	NA	NA	NA	NA	NA	NA	NA	NA
NA	NA	NA	NA	NA	NA	NA	NA	NA	NA	NA	NA
NA	NA	NA	NA	NA	NA	NA	NA	NA	NA	NA	NA
NA	NA	NA	NA	NA	NA	NA	NA	NA	NA	NA	NA
NA	NA	NA	NA	NA	NA	NA	NA	NA	NA	NA	NA
NA	NA	NA	NA	NA	NA	NA	NA	NA	NA	NA	NA
NA	NA	NA	NA	NA	NA	NA	NA	NA	NA	NA	NA
NA	NA	NA	NA	NA	NA	NA	NA	NA	NA	NA	NA
NA	NA	NA	NA	NA	NA	NA	NA	NA	NA	NA	NA
NA	NA	NA	NA	NA	NA	NA	NA	NA	NA	NA	NA
NA	NA	NA	NA	NA	NA	NA	NA	NA	NA	NA	NA
NA	NA	NA	NA	NA	NA	NA	NA	NA	NA	NA	NA
NA	NA	NA	NA	NA	NA	NA	NA	NA	NA	NA	NA
NA	NA	NA	NA	NA	NA	NA	NA	NA	NA	NA	NA
NA	NA	NA	NA	NA	NA	NA	NA	NA	NA	NA	NA
NA	NA	NA	NA	NA	NA	NA	NA	NA	NA	NA	NA
NA	NA	NA	NA	NA	NA	NA	NA	NA	NA	NA	NA
NA	NA	NA	NA	NA	NA	NA	NA	NA	NA	NA	NA
NA	NA	NA	NA	NA	NA	NA	NA	NA	NA	NA	NA
NA	NA	NA	NA	NA	NA	NA	NA	NA	NA	NA	NA
NA	NA	NA	NA	NA	NA	NA	NA	NA	NA	NA	NA
NA	NA	NA	NA	NA	NA	NA	NA	NA	NA	NA	NA
NA	NA	NA	NA	NA	NA	NA	NA	NA	NA	NA	NA
NA	NA	NA	NA	NA	NA	NA	NA	NA	NA	NA	NA
NA	NA	NA	NA	NA	NA	NA	NA	NA	NA	NA	NA
NA	NA	NA	NA	NA	NA	NA	NA	NA	NA	NA	NA
NA	NA	NA	NA	NA	NA	NA	NA	NA	NA	NA	NA
NA	NA	NA	NA	NA	NA	NA	NA	NA	NA	NA	NA
NA	NA	NA	NA	NA	NA	NA	NA	NA	NA	NA	NA
NA	NA	NA	NA	NA	NA	NA	NA	NA	NA	NA	NA
NA	NA	NA	NA	NA	NA	NA	NA	NA	NA	NA	NA
NA	NA	NA	NA	NA	NA	NA	NA	NA	NA	NA	NA
NA	NA	NA	NA	NA	NA	NA	NA	NA	NA	NA	NA
NA	NA	NA	NA	NA	NA	NA	NA	NA	NA	NA	NA
NA	NA	NA	NA	NA	NA	NA	NA	NA	NA	NA	NA
NA	NA	NA	NA	NA	NA	NA	NA	NA	NA	NA	NA
NA	NA	NA	NA	NA	NA	NA	NA	NA	NA	NA	NA
NA	NA	NA	NA	NA	NA	NA	NA	NA	NA	NA	NA
NA	NA	NA	NA	NA	NA	NA	NA	NA	NA	NA	NA
NA	NA	NA	NA	NA	NA	NA	NA	NA	NA	NA	NA
NA	NA	NA	NA	NA	NA	NA	NA	NA	NA	NA	NA
NA	NA	NA	NA	NA	NA	NA	NA	NA	NA	NA	NA
NA	NA	NA	NA	NA	NA	NA	NA	NA	NA	NA	NA
NA	NA	NA	NA	NA	NA	NA	NA	NA	NA	NA	NA
NA	NA	NA	NA	NA	NA	NA	NA	NA	NA	NA	NA
NA	NA	NA	NA	NA	NA	NA	NA	NA	NA	NA	NA
NA	NA	NA	NA	NA	NA	NA	NA	NA	NA	NA	NA
NA	NA	NA	NA	NA	NA	NA	NA	NA	NA	NA	NA
NA	NA	NA	NA	NA	NA	NA	NA	NA	NA	NA	NA
NA	NA	NA	NA	NA	NA	NA	NA	NA	NA	NA	NA
NA	NA	NA	NA	NA	NA	NA	NA	NA	NA	NA	NA
NA	NA	NA	NA	NA	NA	NA	NA	NA	NA	NA	NA
NA	NA	NA	NA	NA	NA	NA	NA	NA	NA	NA	NA
NA	NA	NA	NA	NA	NA	NA	NA	NA	NA	NA	NA
NA	NA	NA	NA	NA	NA	NA	NA	NA	NA	NA	NA
NA	NA	NA	NA	NA	NA	NA	NA	NA	NA	NA	NA
NA	NA	NA	NA	NA	NA	NA	NA	NA	NA	NA	NA
NA	NA	NA	NA	NA	NA	NA	NA	NA	NA	NA	NA
NA	NA	NA	NA	NA	NA	NA	NA	NA	NA	NA	NA
NA	NA	NA	NA	NA	NA	NA	NA	NA	NA	NA	NA
NA	NA	NA	NA	NA	NA	NA	NA	NA	NA	NA	NA
NA	NA	NA	NA	NA	NA	NA	NA	NA	NA	NA	NA
NA	NA	NA	NA	NA	NA	NA	NA	NA	NA	NA	NA
NA	NA	NA	NA	NA	NA	NA	NA	NA	NA	NA	NA
NA	NA	NA	NA	NA	NA	NA	NA	NA	NA	NA	NA
NA	NA	NA	NA	NA	NA	NA	NA	NA	NA	NA	NA
NA	NA	NA	NA	NA	NA	NA	NA	NA	NA	NA	NA
NA	NA	NA	NA	NA	NA	NA	NA	NA	NA	NA	NA
NA	NA	NA	NA	NA	NA	NA	NA	NA	NA	NA	NA
NA	NA	NA	NA	NA	NA	NA	NA	NA	NA	NA	NA
NA	NA	NA	NA	NA	NA	NA	NA	NA	NA	NA	NA
NA	NA	NA	NA	NA	NA	NA	NA	NA	NA	NA	NA
NA	NA	NA	NA	NA	NA	NA	NA	NA	NA	NA	NA
NA	NA	NA	NA	NA	NA	NA	NA	NA	NA	NA	NA
NA	NA	NA	NA	NA	NA	NA	NA	NA	NA	NA	NA
NA	NA	NA	NA	NA	NA	NA	NA	NA	NA	NA	NA
NA	NA	NA	NA	NA	NA	NA	NA	NA	NA	NA	NA
NA	NA	NA	NA	NA	NA	NA	NA	NA	NA	NA	NA
NA	NA	NA	NA	NA	NA	NA	NA	NA	NA	NA	NA
NA	NA	NA	NA	NA	NA	NA	NA	NA	NA	NA	NA
NA	NA	NA	NA	NA	NA	NA	NA	NA	NA	NA	NA
NA	NA	NA	NA	NA	NA	NA	NA	NA	NA	NA	NA
NA	NA	NA	NA	NA	NA	NA	NA	NA	NA	NA	NA
NA	NA	NA	NA	NA	NA	NA	NA	NA	NA	NA	NA
NA	NA	NA	NA	NA	NA	NA	NA	NA	NA	NA	NA
NA	NA	NA	NA	NA	NA	NA	NA	NA	NA	NA	NA
NA	NA	NA	NA	NA	NA	NA	NA	NA	NA	NA	NA
NA	NA	NA	NA	NA	NA	NA	NA	NA	NA	NA	NA
NA	NA	NA	NA	NA	NA	NA	NA	NA	NA	NA	NA
NA	NA	NA	NA	NA	NA	NA	NA	NA	NA	NA	NA
NA	NA	NA	NA	NA	NA	NA	NA	NA	NA	NA	NA
NA	NA	NA	NA	NA	NA	NA	NA	NA	NA	NA	NA
NA	NA	NA	NA	NA	NA	NA	NA	NA	NA	NA	NA
NA	NA	NA	NA	NA	NA	NA	NA	NA	NA	NA	NA
NA	NA	NA	NA	NA	NA	NA	NA	NA	NA	NA	NA
NA	NA	NA	NA	NA	NA	NA	NA	NA	NA	NA	NA
NA	NA	NA	NA	NA	NA	NA	NA	NA	NA	NA	NA
NA	NA	NA	NA	NA	NA	NA	NA	NA	NA	NA	NA
NA	NA	NA	NA	NA	NA	NA	NA	NA	NA	NA	NA
NA	NA	NA	NA	NA	NA	NA	NA	NA	NA	NA	NA
NA	NA	NA	NA	NA	NA	NA	NA	NA	NA	NA	NA
NA	NA	NA	NA	NA	NA	NA	NA	NA	NA	NA	NA
NA	NA	NA	NA	NA	NA	NA	NA	NA	NA	NA	NA
NA	NA	NA	NA	NA	NA	NA	NA	NA	NA	NA	NA
NA	NA	NA	NA	NA	NA	NA	NA	NA	NA	NA	NA
NA	NA	NA	NA	NA	NA	NA	NA	NA	NA	NA	NA
NA	NA	NA	NA	NA	NA	NA	NA	NA	NA	NA	NA
NA	NA	NA	NA	NA	NA	NA	NA	NA	NA	NA	NA
NA	NA	NA	NA	NA	NA	NA	NA	NA	NA	NA	NA
NA	NA	NA	NA	NA	NA	NA	NA	NA	NA	NA	NA
NA	NA	NA	NA	NA	NA	NA	NA	NA	NA	NA	NA
NA	NA	NA	NA	NA	NA	NA	NA	NA	NA	NA	NA
NA	NA	NA	NA	NA	NA	NA	NA	NA	NA	NA	NA
NA	NA	NA	NA	NA	NA	NA	NA	NA	NA	NA	NA
NA	NA	NA	NA	NA	NA	NA	NA	NA	NA	NA	NA
NA	NA	NA	NA	NA	NA	NA	NA	NA	NA	NA	NA
NA	NA	NA	NA	NA	NA	NA	NA	NA	NA	NA	NA
NA	NA	NA	NA	NA	NA	NA	NA	NA	NA	NA	NA
NA	NA	NA	NA	NA	NA	NA	NA	NA	NA	NA	NA
NA	NA	NA	NA	NA	NA	NA	NA	NA	NA	NA	NA
NA	NA	NA	NA	NA	NA	NA	NA	NA	NA	NA	NA
NA	NA	NA	NA	NA	NA	NA	NA	NA	NA	NA	NA
