X1	X2	X3	X4	X1.1	X2.1	X3.1	X4.1	X1.2	X2.2	X3.2	X4.2
NA	NA	NA	NA	NA	NA	NA	NA	NA	NA	NA	NA
NA	NA	NA	NA	NA	NA	NA	NA	NA	NA	NA	NA
NA	NA	NA	NA	NA	NA	NA	NA	NA	NA	NA	NA
NA	NA	NA	NA	NA	NA	NA	NA	NA	NA	NA	NA
NA	NA	NA	NA	NA	NA	NA	NA	NA	NA	NA	NA
NA	NA	NA	NA	NA	NA	NA	NA	NA	NA	NA	NA
NA	NA	NA	NA	NA	NA	NA	NA	NA	NA	NA	NA
NA	NA	NA	NA	NA	NA	NA	NA	NA	NA	NA	NA
NA	NA	NA	NA	NA	NA	NA	NA	NA	NA	NA	NA
NA	NA	NA	NA	NA	NA	NA	NA	NA	NA	NA	NA
NA	NA	NA	NA	NA	NA	NA	NA	NA	NA	NA	NA
NA	NA	NA	NA	NA	NA	NA	NA	NA	NA	NA	NA
NA	NA	NA	NA	NA	NA	NA	NA	NA	NA	NA	NA
NA	NA	NA	NA	NA	NA	NA	NA	NA	NA	NA	NA
NA	NA	NA	NA	NA	NA	NA	NA	NA	NA	NA	NA
NA	NA	NA	NA	NA	NA	NA	NA	NA	NA	NA	NA
NA	NA	NA	NA	NA	NA	NA	NA	NA	NA	NA	NA
NA	NA	NA	NA	NA	NA	NA	NA	NA	NA	NA	NA
NA	NA	NA	NA	NA	NA	NA	NA	NA	NA	NA	NA
NA	NA	NA	NA	NA	NA	NA	NA	NA	NA	NA	NA
NA	NA	NA	NA	NA	NA	NA	NA	NA	NA	NA	NA
NA	NA	NA	NA	NA	NA	NA	NA	NA	NA	NA	NA
NA	NA	NA	NA	NA	NA	NA	NA	NA	NA	NA	NA
NA	NA	NA	NA	NA	NA	NA	NA	NA	NA	NA	NA
NA	NA	NA	NA	NA	NA	NA	NA	NA	NA	NA	NA
NA	NA	NA	NA	NA	NA	NA	NA	NA	NA	NA	NA
NA	NA	NA	NA	NA	NA	NA	NA	NA	NA	NA	NA
NA	NA	NA	NA	NA	NA	NA	NA	NA	NA	NA	NA
NA	NA	NA	NA	NA	NA	NA	NA	NA	NA	NA	NA
NA	NA	NA	NA	NA	NA	NA	NA	NA	NA	NA	NA
NA	NA	NA	NA	NA	NA	NA	NA	NA	NA	NA	NA
NA	NA	NA	NA	NA	NA	NA	NA	NA	NA	NA	NA
NA	NA	NA	NA	NA	NA	NA	NA	NA	NA	NA	NA
NA	NA	NA	NA	NA	NA	NA	NA	NA	NA	NA	NA
NA	NA	NA	NA	NA	NA	NA	NA	NA	NA	NA	NA
NA	NA	NA	NA	NA	NA	NA	NA	NA	NA	NA	NA
NA	NA	NA	NA	NA	NA	NA	NA	NA	NA	NA	NA
NA	NA	NA	NA	NA	NA	NA	NA	NA	NA	NA	NA
NA	NA	NA	NA	NA	NA	NA	NA	NA	NA	NA	NA
NA	NA	NA	NA	NA	NA	NA	NA	NA	NA	NA	NA
NA	NA	NA	NA	NA	NA	NA	NA	NA	NA	NA	NA
NA	NA	NA	NA	NA	NA	NA	NA	NA	NA	NA	NA
NA	NA	NA	NA	NA	NA	NA	NA	NA	NA	NA	NA
NA	NA	NA	NA	NA	NA	NA	NA	NA	NA	NA	NA
NA	NA	NA	NA	NA	NA	NA	NA	NA	NA	NA	NA
NA	NA	NA	NA	NA	NA	NA	NA	NA	NA	NA	NA
NA	NA	NA	NA	NA	NA	NA	NA	NA	NA	NA	NA
NA	NA	NA	NA	NA	NA	NA	NA	NA	NA	NA	NA
NA	NA	NA	NA	NA	NA	NA	NA	NA	NA	NA	NA
NA	NA	NA	NA	NA	NA	NA	NA	NA	NA	NA	NA
NA	NA	NA	NA	NA	NA	NA	NA	NA	NA	NA	NA
NA	NA	NA	NA	NA	NA	NA	NA	NA	NA	NA	NA
NA	NA	NA	NA	NA	NA	NA	NA	NA	NA	NA	NA
NA	NA	NA	NA	NA	NA	NA	NA	NA	NA	NA	NA
NA	NA	NA	NA	NA	NA	NA	NA	NA	NA	NA	NA
NA	NA	NA	NA	NA	NA	NA	NA	NA	NA	NA	NA
NA	NA	NA	NA	NA	NA	NA	NA	NA	NA	NA	NA
NA	NA	NA	NA	NA	NA	NA	NA	NA	NA	NA	NA
NA	NA	NA	NA	NA	NA	NA	NA	NA	NA	NA	NA
NA	NA	NA	NA	NA	NA	NA	NA	NA	NA	NA	NA
NA	NA	NA	NA	NA	NA	NA	NA	NA	NA	NA	NA
NA	NA	NA	NA	NA	NA	NA	NA	NA	NA	NA	NA
NA	NA	NA	NA	NA	NA	NA	NA	NA	NA	NA	NA
NA	NA	NA	NA	NA	NA	NA	NA	NA	NA	NA	NA
NA	NA	NA	NA	NA	NA	NA	NA	NA	NA	NA	NA
NA	NA	NA	NA	NA	NA	NA	NA	NA	NA	NA	NA
NA	NA	NA	NA	NA	NA	NA	NA	NA	NA	NA	NA
NA	NA	NA	NA	NA	NA	NA	NA	NA	NA	NA	NA
NA	NA	NA	NA	NA	NA	NA	NA	NA	NA	NA	NA
NA	NA	NA	NA	NA	NA	NA	NA	NA	NA	NA	NA
NA	NA	NA	NA	NA	NA	NA	NA	NA	NA	NA	NA
NA	NA	NA	NA	NA	NA	NA	NA	NA	NA	NA	NA
NA	NA	NA	NA	NA	NA	NA	NA	NA	NA	NA	NA
NA	NA	NA	NA	NA	NA	NA	NA	NA	NA	NA	NA
NA	NA	NA	NA	NA	NA	NA	NA	NA	NA	NA	NA
NA	NA	NA	NA	NA	NA	NA	NA	NA	NA	NA	NA
NA	NA	NA	NA	NA	NA	NA	NA	NA	NA	NA	NA
NA	NA	NA	NA	NA	NA	NA	NA	NA	NA	NA	NA
NA	NA	NA	NA	NA	NA	NA	NA	NA	NA	NA	NA
NA	NA	NA	NA	NA	NA	NA	NA	NA	NA	NA	NA
NA	NA	NA	NA	NA	NA	NA	NA	NA	NA	NA	NA
NA	NA	NA	NA	NA	NA	NA	NA	NA	NA	NA	NA
NA	NA	NA	NA	NA	NA	NA	NA	NA	NA	NA	NA
NA	NA	NA	NA	NA	NA	NA	NA	NA	NA	NA	NA
NA	NA	NA	NA	NA	NA	NA	NA	NA	NA	NA	NA
NA	NA	NA	NA	NA	NA	NA	NA	NA	NA	NA	NA
NA	NA	NA	NA	NA	NA	NA	NA	NA	NA	NA	NA
NA	NA	NA	NA	NA	NA	NA	NA	NA	NA	NA	NA
NA	NA	NA	NA	NA	NA	NA	NA	NA	NA	NA	NA
NA	NA	NA	NA	NA	NA	NA	NA	NA	NA	NA	NA
NA	NA	NA	NA	NA	NA	NA	NA	NA	NA	NA	NA
NA	NA	NA	NA	NA	NA	NA	NA	NA	NA	NA	NA
NA	NA	NA	NA	NA	NA	NA	NA	NA	NA	NA	NA
NA	NA	NA	NA	NA	NA	NA	NA	NA	NA	NA	NA
NA	NA	NA	NA	NA	NA	NA	NA	NA	NA	NA	NA
NA	NA	NA	NA	NA	NA	NA	NA	NA	NA	NA	NA
NA	NA	NA	NA	NA	NA	NA	NA	NA	NA	NA	NA
NA	NA	NA	NA	NA	NA	NA	NA	NA	NA	NA	NA
NA	NA	NA	NA	NA	NA	NA	NA	NA	NA	NA	NA
NA	NA	NA	NA	NA	NA	NA	NA	NA	NA	NA	NA
2.16439028400282	0.0881349749456831	1.99164573310928	2.33713483489636	2.16466597037239	0.119798708485441	1.92986050174092	2.39947143900385	2.16466597037239	0.0881349749456831	1.97296213375031	2.33071253088976
1.9579851358239	0.0866933305837974	1.78806620787966	2.12790406376814	1.95677949726877	0.122778536537727	1.71613356565483	2.19742542888272	1.95677949726877	0.0866933305837974	1.787073660414	2.12903274285007
1.95814100792688	0.11223900257722	1.73815256287552	2.17812945297823	1.96115938709011	0.154994460322776	1.65737024485746	2.26494852932275	1.96115938709011	0.11223900257722	1.70423637035783	2.15711531513959
1.96860879463762	0.132251714135627	1.70939543493179	2.22782215434345	1.97638301734996	0.182770149754032	1.61815352383206	2.33461251086786	1.97638301734996	0.132251714135627	1.69363906325141	2.21173886159034
2.01235749248644	0.0755542928971362	1.86427107840806	2.16044390656483	2.0113609633228	0.105040480401476	1.8054816217359	2.21724030490969	2.0113609633228	0.0755542928971362	1.86220862324466	2.1540594663553
1.87731261429519	0.0810822835238621	1.71839133858842	2.03623389000196	1.88240660391968	0.112043418768885	1.66280150313266	2.10201170470669	1.88240660391968	0.0810822835238621	1.72230259080017	2.03599489193826
1.97525784315137	0.108371604329447	1.76284949866565	2.18766618763708	1.98193372342795	0.155635908431214	1.67688734290277	2.28698010395313	1.98193372342795	0.108371604329447	1.75374554296234	2.19502836393686
1.85189763223497	0.0803328670995935	1.69444521271977	2.00935005175017	1.85385474544027	0.113638355252578	1.63112356914522	2.07658592173532	1.85385474544027	0.0803328670995935	1.70108613316736	2.01528417601702
1.97110345711581	0.0724205937268659	1.82915909341115	2.11304782082047	1.97311297590053	0.1028909116719	1.7714467890236	2.17477916277745	1.97311297590053	0.0724205937268659	1.82773044962822	2.1229737351613
2.02689669899585	0.0922426547029493	1.84610109577807	2.20769230221363	2.03427151337765	0.125529598983019	1.78823349937094	2.28030952738437	2.03427151337765	0.0922426547029493	1.84251999535616	2.21124472205617
2.03774924327573	0.0949383807595932	1.85167001698693	2.22382846956454	2.04008421678921	0.129302933533891	1.78665046706278	2.29351796651564	2.04008421678921	0.0949383807595932	1.8443000147864	2.22349900066129
2.153126370514	0.0856667208494689	1.98521959764904	2.32103314337896	2.15783676159553	0.125173321890134	1.91249705069087	2.40317647250019	2.15783676159553	0.0856667208494689	1.99160541720045	2.32543435921752
2.09368709056628	0.0933501692930247	1.91072075875196	2.27665342238061	2.09947509848263	0.130706841359432	1.84328968941815	2.35566050754712	2.09947509848263	0.0933501692930247	1.90854635180669	2.27439018454895
1.88096915515124	0.0728029459908444	1.73827538100918	2.02366292929329	1.88497009606768	0.103611590516401	1.68189137865553	2.08804881347983	1.88497009606768	0.0728029459908444	1.74223551236176	2.03451391601206
2.02136046436387	0.0895092607844205	1.8459223132264	2.19679861550133	2.0281112133976	0.123095673797176	1.78684369275513	2.26937873404006	2.0281112133976	0.0895092607844205	1.85398195648188	2.21268394320138
2.08372930949075	0.0749692389938625	1.93678960106278	2.23066901791872	2.08476671512869	0.107492366808513	1.874081676184	2.29545175407337	2.08476671512869	0.0749692389938625	1.93579661684361	2.22836206942211
2.00062813187566	0.0834267433072486	1.83711171499345	2.16414454875787	2.00368321664519	0.117083568188607	1.77419942299552	2.23316701029486	2.00368321664519	0.0834267433072486	1.83606206537033	2.16568932802672
1.99334862972568	0.0862842365226959	1.82423152614119	2.16246573331016	1.98626597309305	0.115758562309813	1.75937919096582	2.21315275522028	1.98626597309305	0.0862842365226959	1.82252010155568	2.14923916623057
2.10037633432303	0.0858056059275287	1.93219734670508	2.26855532194099	2.10320070120562	0.122020973870098	1.86403959242023	2.34236180999102	2.10320070120562	0.0858056059275287	1.92455415136358	2.27176157561982
1.98111529728585	0.0750042731693959	1.83410692187384	2.12812367269787	1.98238692484256	0.104836097592945	1.77690817356039	2.18786567612473	1.98238692484256	0.0750042731693959	1.83404577738615	2.12906488044402
1.82798403559848	0.136077958828743	1.56127123629414	2.09469683490282	1.83250130516967	0.190142013532908	1.45982295864517	2.20517965169417	1.83250130516967	0.136077958828743	1.53838224138331	2.07282185801268
2.06806768142377	0.0771287615728613	1.91689530874096	2.21924005410658	2.07024679191544	0.104307517887355	1.86580405685622	2.27468952697465	2.07024679191544	0.0771287615728613	1.920824809388	2.22027413026909
1.91830530250167	0.0899140816029263	1.74207370255994	2.09453690244341	1.9205871086564	0.129568808881227	1.6666322432492	2.17454197406361	1.9205871086564	0.0899140816029263	1.74569789692903	2.08778046509307
2.11278371569391	0.0777536776340622	1.96038650753115	2.26518092385667	2.11914649224473	0.102830626185869	1.91759846492042	2.32069451956903	2.11914649224473	0.0777536776340622	1.97132524989895	2.27298360122273
2.03970809632036	0.0981770315726445	1.84728111443797	2.23213507820274	2.03897555155679	0.138586098146265	1.76734679919011	2.31060430392347	2.03897555155679	0.0981770315726445	1.83879516127601	2.23048749742778
2.1877103391522	0.0778356893353504	2.03515238805491	2.34026829024949	2.18695488710352	0.106813064894762	1.97760127990978	2.39630849429725	2.18695488710352	0.0778356893353504	2.03564481319878	2.34713196492786
2.10707249857164	0.0791761426316946	1.95188725901352	2.26225773812976	2.10566907782683	0.111875827671726	1.88639245559025	2.32494570006342	2.10566907782683	0.0791761426316946	1.95793481163061	2.26713619886466
2.04291863104886	0.0860718477287527	1.8742178095005	2.21161945259721	2.0463208902629	0.117192820167835	1.81662296273394	2.27601881779185	2.0463208902629	0.0860718477287527	1.88406621829532	2.227896432487
2.05370666164711	0.134990625405932	1.78912503585148	2.31828828744274	2.06204604437114	0.185411006538013	1.69864047155664	2.42545161718565	2.06204604437114	0.134990625405932	1.77686078955515	2.29738735120008
2.01225630887483	0.0723150687238449	1.87051877417609	2.15399384357356	2.01236706350592	0.0993769322750475	1.81758827624682	2.20714585076501	2.01236706350592	0.0723150687238449	1.86864308635426	2.14909232890609
1.91031242868181	0.103907878198044	1.70665298741365	2.11397186994998	1.909951695172	0.144382796403157	1.62696141422181	2.19294197612219	1.909951695172	0.103907878198044	1.69644822015073	2.10597642106522
1.92085370149591	0.0954073894192696	1.73385521823414	2.10785218475768	1.926051767926	0.133855811268512	1.66369437783971	2.18840915801228	1.926051767926	0.0954073894192696	1.73408894761764	2.1091322634263
1.96681071424005	0.104139746739624	1.76269681063039	2.17092461784972	1.97355162338791	0.143678778132411	1.69194121824839	2.25516202852744	1.97355162338791	0.104139746739624	1.75950334676421	2.16552687603401
2.11897998198233	0.0803597516498832	1.96147486874856	2.2764850952161	2.11671753600236	0.113983012435894	1.89331083162801	2.34012424037671	2.11671753600236	0.0803597516498832	1.95234223164926	2.27021427711868
2.07842161714652	0.0763995276866754	1.92867854288064	2.22816469141241	2.08040607567613	0.103997448882729	1.87657107586598	2.28424107548628	2.08040607567613	0.0763995276866754	1.92572341908123	2.21804478233203
2.048460377908	0.0728287673764182	1.90571599385022	2.19120476196578	2.04850802839557	0.101135342589932	1.8502827569193	2.24673329987183	2.04850802839557	0.0728287673764182	1.90687410787134	2.18327206542119
1.90692737648868	0.075996313453268	1.75797460212027	2.05588015085708	1.91249747041532	0.104798866382854	1.70709169230493	2.11790324852572	1.91249747041532	0.075996313453268	1.75980894558896	2.05268466603493
1.93123653062893	0.0853899408233037	1.76387224661525	2.0986008146426	1.93617480948134	0.118090442225404	1.70471754271955	2.16763207624314	1.93617480948134	0.0853899408233037	1.78589970528596	2.09976764704802
1.8993424274309	0.073303524002164	1.75566752038665	2.04301733447514	1.89982003882301	0.100083362817769	1.70365664770019	2.09598342994584	1.89982003882301	0.073303524002164	1.75458478191506	2.03942167920925
1.95898202946774	0.0830728301243758	1.79615928242397	2.12180477651152	1.96338724028365	0.117982716538564	1.73214111586807	2.19463336469924	1.96338724028365	0.0830728301243758	1.79383284998842	2.12160917724675
2.01567751347319	0.0768233765966758	1.8651036953437	2.16625133160267	2.01626972544908	0.109219149072335	1.80220019326731	2.23033925763086	2.01626972544908	0.0768233765966758	1.85358413063938	2.17360347114101
1.8482443758612	0.0762674511136687	1.69876017167841	1.99772858004399	1.84710201462688	0.10504473583105	1.64121433239802	2.05298969685574	1.84710201462688	0.0762674511136687	1.69561215667897	1.99037940002308
2.16285309634543	0.0759236762313727	2.01404269093194	2.31166350175892	2.16105880937773	0.108466735434362	1.94846400792638	2.37365361082908	2.16105880937773	0.0759236762313727	2.01081754507909	2.30610795090712
1.98897437960653	0.0746438738731815	1.84267238681509	2.13527637239797	1.98791362708076	0.105345281917554	1.78143687452235	2.19439037963916	1.98791362708076	0.0746438738731815	1.84397589961119	2.1307416010138
1.98501752043512	0.0894589842548113	1.80967791129569	2.16035712957455	1.98955240324114	0.124689545680128	1.74516089370809	2.23394391277419	1.98955240324114	0.0894589842548113	1.81291951937694	2.16231347389784
2.13133520518101	0.0810216982635979	1.97253267658436	2.29013773377766	2.13120166195497	0.109862480806718	1.9158711995738	2.34653212433614	2.13120166195497	0.0810216982635979	1.98027558891169	2.29115800354604
2.01360288568948	0.0757052284532801	1.86522063792105	2.16198513345791	2.01230294667598	0.104387081256285	1.80770426741366	2.2169016259383	2.01230294667598	0.0757052284532801	1.8616571836626	2.1570889091431
2.03565071423676	0.10013980241967	1.83937670149421	2.23192472697931	2.03802336179775	0.1419892056563	1.7597245187114	2.3163222048841	2.03802336179775	0.10013980241967	1.82945881503341	2.22384678305781
1.9532087827529	0.0852112833843138	1.78619466731964	2.12022289818615	1.95524861908255	0.116128358431398	1.72763703655701	2.1828602016081	1.95524861908255	0.0852112833843138	1.79121030382363	2.12310346864453
2.13276104587474	0.0791175489331974	1.97769064996567	2.2878314417838	2.13508232119168	0.109805666466452	1.91986321491744	2.35030142746593	2.13508232119168	0.0791175489331974	1.98343220756565	2.28893880299798
2.00545274607558	0.0784680653547199	1.85165533798033	2.15925015417083	2.0047365100197	0.104646519956994	1.79962933090399	2.20984368913541	2.0047365100197	0.0784680653547199	1.85372770222446	2.14865806960247
1.87533999727002	0.0855555013804668	1.7076512145643	2.04302877997573	1.87965918356489	0.117731174388098	1.64890608176421	2.11041228536556	1.87965918356489	0.0855555013804668	1.70139469566526	2.04560777127695
2.04312362854804	0.0832948496594438	1.87986572321553	2.20638153388055	2.04285413650377	0.120025006005688	1.80760512473262	2.27810314827491	2.04285413650377	0.0832948496594438	1.8742870291709	2.19619238142942
1.93166060126955	0.0881080051611946	1.75896891115361	2.10435229138549	1.93786838990942	0.122427208752785	1.69791106075396	2.17782571906488	1.93786838990942	0.0881080051611946	1.76492635907555	2.10464943642672
2.08210696710924	0.0838249860753091	1.91780999440163	2.24640393981685	2.07941980808156	0.116704697466232	1.85067860104775	2.30816101511538	2.07941980808156	0.0838249860753091	1.91300762655475	2.25030584833064
1.98996311017215	0.158098279560209	1.68009048223414	2.29983573811016	1.96289984175834	0.195448940971686	1.57981991745383	2.34597976606284	1.96289984175834	0.158098279560209	1.53088094166674	2.17984756519391
2.08330484500205	0.0824582022111683	1.92168676866816	2.24492292133594	2.08237351005246	0.114207408088673	1.85852699019866	2.30622002990626	2.08237351005246	0.0824582022111683	1.9122444676739	2.23070683144578
2.00084439413125	0.0891231378155826	1.8261630440127	2.17552574424979	2.00063727937739	0.128188089914617	1.74938862314474	2.25188593561004	2.00063727937739	0.0891231378155826	1.8164600363732	2.17055092376171
1.97924101019368	0.0802582692806543	1.8219348024036	2.13654721798376	1.98602794216083	0.110325505727291	1.76978995093534	2.20226593338632	1.98602794216083	0.0802582692806543	1.83388621525482	2.14116573979311
2.22549044037616	0.0631914839160019	2.10163513190079	2.34934574885152	2.22500507320838	0.0832755882906425	2.06178492015872	2.38822522625804	2.22500507320838	0.0631914839160019	2.09614022477961	2.34061108375021
2.0915328613081	0.080752049388539	1.93325884450656	2.24980687810964	2.09249642881682	0.116032379477463	1.86507296504099	2.31991989259265	2.09249642881682	0.080752049388539	1.93229731897006	2.24990587471221
2.04110938653281	0.0812148274839907	1.88192832466419	2.20029044840143	2.04282921527387	0.114197324279607	1.81900245968584	2.2666559708619	2.04282921527387	0.0812148274839907	1.88260365853444	2.20087306175741
1.98119901593296	0.0785167284322374	1.82730622820577	2.13509180366014	1.98073694223337	0.109464731536272	1.76618606842228	2.19528781604446	1.98073694223337	0.0785167284322374	1.83028248879094	2.13322193361031
2.00459713930654	0.0746473257540297	1.85828838082864	2.15090589778444	2.00349280614295	0.104519200454515	1.7986351732521	2.20835043903379	2.00349280614295	0.0746473257540297	1.86345767584462	2.15402844520518
2.02853095865755	0.097966712155971	1.83651620283185	2.22054571448326	2.02970557639765	0.136696033553148	1.76178135063349	2.29762980216182	2.02970557639765	0.097966712155971	1.8360107438849	2.22333868410907
1.98186936457536	0.107761118278315	1.77065757274986	2.19308115640086	1.98641611633408	0.152300351949666	1.68790742651273	2.28492480615542	1.98641611633408	0.107761118278315	1.76678648407813	2.19391354230463
2.00728179002514	0.0842410393965036	1.84216935280799	2.17239422724228	2.00585013213981	0.118780784876845	1.77303979378119	2.23866047049843	2.00585013213981	0.0842410393965036	1.83710557683019	2.16527466218354
2.11269566999375	0.0812976817703649	1.95335221372384	2.27203912626367	2.10761067882864	0.11333671604117	1.88547071538795	2.32975064226934	2.10761067882864	0.0812976817703649	1.93841646360134	2.26150514913645
2.11350940783089	0.0688440489712147	1.97857507184731	2.24844374381448	2.11653096192258	0.0962922495940546	1.92779815271824	2.30526377112693	2.11653096192258	0.0688440489712147	1.98673237625111	2.24941073513755
2.12687854354588	0.0729244296729849	1.98394666138683	2.26981042570493	2.12660729502847	0.101943122857714	1.92679877422735	2.32641581582959	2.12660729502847	0.0729244296729849	1.98608723666227	2.2706457485552
2.04023312293059	0.0758290802937754	1.89160812555479	2.18885812030639	2.0397612535738	0.106329277776608	1.83135586913165	2.24816663801595	2.0397612535738	0.0758290802937754	1.89296505178154	2.1954053442048
2.06013584604327	0.0804656031897932	1.90242326379128	2.21784842829527	2.06735849989018	0.10861703796034	1.85446910548791	2.28024789429245	2.06735849989018	0.0804656031897932	1.91320562543432	2.21574081323315
2.15371841271503	0.0752739053302612	2.00618155826771	2.30125526716234	2.1539251221208	0.10641504107897	1.94535164160602	2.36249860263559	2.1539251221208	0.0752739053302612	2.00203125820603	2.29110606489697
2.10646498801775	0.0725965065251894	1.96417583522838	2.24875414080712	2.10735925648636	0.103300653837758	1.90488997496435	2.30982853800836	2.10735925648636	0.0725965065251894	1.95951364114252	2.24476732240542
2.09659846360437	0.082928520684301	1.93405856306314	2.2591383641456	2.09935405275672	0.116499127775724	1.8710157623163	2.32769234319714	2.09935405275672	0.082928520684301	1.92253598859995	2.25799169186159
2.08892378394529	0.08275713522747	1.92671979889945	2.25112776899113	2.08972038270186	0.115276787525882	1.86377787915113	2.31566288625259	2.08972038270186	0.08275713522747	1.91902866698689	2.24575679422822
1.99134375068252	0.181488098826947	1.63562707698171	2.34706042438334	2.01184926731395	0.241744838568854	1.53802938371899	2.4856691509089	2.01184926731395	0.181488098826947	1.61417898288473	2.28909827494672
2.06530994640842	0.0950575672439871	1.8789971146102	2.25162277820663	2.06723684636304	0.134139142752982	1.8043241265672	2.33014956615889	2.06723684636304	0.0950575672439871	1.86673747709554	2.23845058361259
1.97817245005968	0.0929566392375017	1.79597743715418	2.16036746296519	1.9781584213761	0.132586873374071	1.71828814956292	2.23802869318928	1.9781584213761	0.0929566392375017	1.79667630855179	2.15580880902119
2.12177839680242	0.0795571605017732	1.96584636221894	2.27771043138589	2.12684645244885	0.109513592714287	1.91219981072885	2.34149309416886	2.12684645244885	0.0795571605017732	1.97092356080368	2.28329976811068
1.90449110955953	0.095826970750636	1.71667024688829	2.09231197223078	1.91345146733312	0.130750905751538	1.65717969206011	2.16972324260614	1.91345146733312	0.095826970750636	1.73152214312766	2.09749992238681
1.99965661511521	0.0778265647820198	1.84711654814245	2.15219668208797	1.99644028507668	0.109604792592852	1.78161489159469	2.21126567855867	1.99644028507668	0.0778265647820198	1.84925299022209	2.14632744674734
1.96691525933259	0.0937719167274415	1.78312230254681	2.15070821611838	1.97174213728464	0.129960812247075	1.71701894528037	2.2264653292889	1.97174213728464	0.0937719167274415	1.77461150964195	2.14783266480176
1.87460479366095	0.0856657602348475	1.70669990360065	2.04250968372125	1.88005387225281	0.122144734859217	1.64065019192875	2.11945755257688	1.88005387225281	0.0856657602348475	1.71293240637675	2.04025295319921
2.10854874491029	0.0734359283690251	1.964614325307	2.25248316451358	2.11043814322476	0.103202878410992	1.90816050153921	2.3127157849103	2.11043814322476	0.0734359283690251	1.9624697151164	2.25771103259156
2.18155636273565	0.0741670701290182	2.03618890528278	2.32692382018853	2.18674476748732	0.107762864406575	1.97552955325044	2.39795998172421	2.18674476748732	0.0741670701290182	2.04689455403546	2.32571803320948
2.04160043445355	0.0733050353921386	1.89792256508496	2.18527830382214	2.04261399279501	0.101142853259321	1.84437400040674	2.24085398518328	2.04261399279501	0.0733050353921386	1.89714929935047	2.1858644197378
2.06607275011987	0.0826849860662904	1.90401017742994	2.2281353228098	2.06560325413188	0.119196768388933	1.83197758808957	2.29922892017419	2.06560325413188	0.0826849860662904	1.90416915045095	2.22399998967683
2.14076222004159	0.0679723067396309	2.00753649883192	2.27398794125127	2.13985819451162	0.0960338454823715	1.95163185736617	2.32808453165707	2.13985819451162	0.0679723067396309	2.00448326266881	2.27646690917464
2.09431154562705	0.0803308243731572	1.93686312985566	2.25175996139844	2.09521855548317	0.115267318884668	1.86929461046922	2.32114250049712	2.09521855548317	0.0803308243731572	1.93824969225699	2.25919230313503
2.20610237842398	0.0876421838287158	2.0343236981197	2.37788105872826	2.19337588887921	0.115857442518479	1.96629530154299	2.42045647621543	2.19337588887921	0.0876421838287158	2.01874617140996	2.35923942024149
2.06963663136911	0.0801158852501919	1.91260949627874	2.22666376645949	2.06596756810229	0.111511026958765	1.84740595526311	2.28452918094147	2.06596756810229	0.0801158852501919	1.90532847425297	2.22330787955693
1.81553717006861	0.136546958670952	1.54790513107354	2.08316920906368	1.82656055169896	0.190299409934222	1.45357370822789	2.19954739517004	1.82656055169896	0.136546958670952	1.52891390803134	2.07678386805377
2.03231561562984	0.0820448102045614	1.8715077876289	2.19312344363078	2.03054801064321	0.109942432660296	1.81506084262903	2.24603517865739	2.03054801064321	0.0820448102045614	1.8709832383347	2.18406054811883
2.00129038405481	0.0771303040351254	1.85011498814597	2.15246577996366	1.99715503506085	0.104577066510114	1.79218398470102	2.20212608542067	1.99715503506085	0.0771303040351254	1.85090298933756	2.14345438610664
2.11212050341162	0.0857360723911445	1.94407780152498	2.28016320529827	2.11533933745328	0.120131148140152	1.87988228709859	2.35079638780798	2.11533933745328	0.0857360723911445	1.93433334136712	2.27483233464635
1.99535310283274	0.0786035155377342	1.84129021237878	2.1494159932867	1.99497559891794	0.106482393139992	1.78627010836355	2.20368108947232	1.99497559891794	0.0786035155377342	1.83568411983481	2.14128231293525
2.01911315340688	0.119347872893554	1.78519132253552	2.25303498427825	2.02292559697108	0.166226540213886	1.69712157815187	2.3487296157903	2.02292559697108	0.119347872893554	1.77381124427769	2.23974914400027
2.01395754935045	0.0751826862080819	1.86659948438261	2.16131561431829	2.01818898016236	0.105035280194332	1.81231983098147	2.22405812934325	2.01818898016236	0.0751826862080819	1.87435843666385	2.16178160611223
1.99189044290327	0.108493284893182	1.77924360451263	2.2045372812939	1.993454956666	0.151568196315951	1.69638129188674	2.29052862144527	1.993454956666	0.108493284893182	1.78319016977788	2.18668475347598
NA	NA	NA	NA	NA	NA	NA	NA	NA	NA	NA	NA
NA	NA	NA	NA	NA	NA	NA	NA	NA	NA	NA	NA
NA	NA	NA	NA	NA	NA	NA	NA	NA	NA	NA	NA
NA	NA	NA	NA	NA	NA	NA	NA	NA	NA	NA	NA
NA	NA	NA	NA	NA	NA	NA	NA	NA	NA	NA	NA
NA	NA	NA	NA	NA	NA	NA	NA	NA	NA	NA	NA
NA	NA	NA	NA	NA	NA	NA	NA	NA	NA	NA	NA
NA	NA	NA	NA	NA	NA	NA	NA	NA	NA	NA	NA
NA	NA	NA	NA	NA	NA	NA	NA	NA	NA	NA	NA
NA	NA	NA	NA	NA	NA	NA	NA	NA	NA	NA	NA
NA	NA	NA	NA	NA	NA	NA	NA	NA	NA	NA	NA
NA	NA	NA	NA	NA	NA	NA	NA	NA	NA	NA	NA
NA	NA	NA	NA	NA	NA	NA	NA	NA	NA	NA	NA
NA	NA	NA	NA	NA	NA	NA	NA	NA	NA	NA	NA
NA	NA	NA	NA	NA	NA	NA	NA	NA	NA	NA	NA
NA	NA	NA	NA	NA	NA	NA	NA	NA	NA	NA	NA
NA	NA	NA	NA	NA	NA	NA	NA	NA	NA	NA	NA
NA	NA	NA	NA	NA	NA	NA	NA	NA	NA	NA	NA
NA	NA	NA	NA	NA	NA	NA	NA	NA	NA	NA	NA
NA	NA	NA	NA	NA	NA	NA	NA	NA	NA	NA	NA
NA	NA	NA	NA	NA	NA	NA	NA	NA	NA	NA	NA
NA	NA	NA	NA	NA	NA	NA	NA	NA	NA	NA	NA
NA	NA	NA	NA	NA	NA	NA	NA	NA	NA	NA	NA
NA	NA	NA	NA	NA	NA	NA	NA	NA	NA	NA	NA
NA	NA	NA	NA	NA	NA	NA	NA	NA	NA	NA	NA
NA	NA	NA	NA	NA	NA	NA	NA	NA	NA	NA	NA
NA	NA	NA	NA	NA	NA	NA	NA	NA	NA	NA	NA
NA	NA	NA	NA	NA	NA	NA	NA	NA	NA	NA	NA
NA	NA	NA	NA	NA	NA	NA	NA	NA	NA	NA	NA
NA	NA	NA	NA	NA	NA	NA	NA	NA	NA	NA	NA
NA	NA	NA	NA	NA	NA	NA	NA	NA	NA	NA	NA
NA	NA	NA	NA	NA	NA	NA	NA	NA	NA	NA	NA
NA	NA	NA	NA	NA	NA	NA	NA	NA	NA	NA	NA
NA	NA	NA	NA	NA	NA	NA	NA	NA	NA	NA	NA
NA	NA	NA	NA	NA	NA	NA	NA	NA	NA	NA	NA
NA	NA	NA	NA	NA	NA	NA	NA	NA	NA	NA	NA
NA	NA	NA	NA	NA	NA	NA	NA	NA	NA	NA	NA
NA	NA	NA	NA	NA	NA	NA	NA	NA	NA	NA	NA
NA	NA	NA	NA	NA	NA	NA	NA	NA	NA	NA	NA
NA	NA	NA	NA	NA	NA	NA	NA	NA	NA	NA	NA
NA	NA	NA	NA	NA	NA	NA	NA	NA	NA	NA	NA
NA	NA	NA	NA	NA	NA	NA	NA	NA	NA	NA	NA
NA	NA	NA	NA	NA	NA	NA	NA	NA	NA	NA	NA
NA	NA	NA	NA	NA	NA	NA	NA	NA	NA	NA	NA
NA	NA	NA	NA	NA	NA	NA	NA	NA	NA	NA	NA
NA	NA	NA	NA	NA	NA	NA	NA	NA	NA	NA	NA
NA	NA	NA	NA	NA	NA	NA	NA	NA	NA	NA	NA
NA	NA	NA	NA	NA	NA	NA	NA	NA	NA	NA	NA
NA	NA	NA	NA	NA	NA	NA	NA	NA	NA	NA	NA
NA	NA	NA	NA	NA	NA	NA	NA	NA	NA	NA	NA
NA	NA	NA	NA	NA	NA	NA	NA	NA	NA	NA	NA
NA	NA	NA	NA	NA	NA	NA	NA	NA	NA	NA	NA
NA	NA	NA	NA	NA	NA	NA	NA	NA	NA	NA	NA
NA	NA	NA	NA	NA	NA	NA	NA	NA	NA	NA	NA
NA	NA	NA	NA	NA	NA	NA	NA	NA	NA	NA	NA
NA	NA	NA	NA	NA	NA	NA	NA	NA	NA	NA	NA
NA	NA	NA	NA	NA	NA	NA	NA	NA	NA	NA	NA
NA	NA	NA	NA	NA	NA	NA	NA	NA	NA	NA	NA
NA	NA	NA	NA	NA	NA	NA	NA	NA	NA	NA	NA
NA	NA	NA	NA	NA	NA	NA	NA	NA	NA	NA	NA
NA	NA	NA	NA	NA	NA	NA	NA	NA	NA	NA	NA
NA	NA	NA	NA	NA	NA	NA	NA	NA	NA	NA	NA
NA	NA	NA	NA	NA	NA	NA	NA	NA	NA	NA	NA
NA	NA	NA	NA	NA	NA	NA	NA	NA	NA	NA	NA
NA	NA	NA	NA	NA	NA	NA	NA	NA	NA	NA	NA
NA	NA	NA	NA	NA	NA	NA	NA	NA	NA	NA	NA
NA	NA	NA	NA	NA	NA	NA	NA	NA	NA	NA	NA
NA	NA	NA	NA	NA	NA	NA	NA	NA	NA	NA	NA
NA	NA	NA	NA	NA	NA	NA	NA	NA	NA	NA	NA
NA	NA	NA	NA	NA	NA	NA	NA	NA	NA	NA	NA
NA	NA	NA	NA	NA	NA	NA	NA	NA	NA	NA	NA
NA	NA	NA	NA	NA	NA	NA	NA	NA	NA	NA	NA
NA	NA	NA	NA	NA	NA	NA	NA	NA	NA	NA	NA
NA	NA	NA	NA	NA	NA	NA	NA	NA	NA	NA	NA
NA	NA	NA	NA	NA	NA	NA	NA	NA	NA	NA	NA
NA	NA	NA	NA	NA	NA	NA	NA	NA	NA	NA	NA
NA	NA	NA	NA	NA	NA	NA	NA	NA	NA	NA	NA
NA	NA	NA	NA	NA	NA	NA	NA	NA	NA	NA	NA
NA	NA	NA	NA	NA	NA	NA	NA	NA	NA	NA	NA
NA	NA	NA	NA	NA	NA	NA	NA	NA	NA	NA	NA
NA	NA	NA	NA	NA	NA	NA	NA	NA	NA	NA	NA
NA	NA	NA	NA	NA	NA	NA	NA	NA	NA	NA	NA
NA	NA	NA	NA	NA	NA	NA	NA	NA	NA	NA	NA
NA	NA	NA	NA	NA	NA	NA	NA	NA	NA	NA	NA
NA	NA	NA	NA	NA	NA	NA	NA	NA	NA	NA	NA
NA	NA	NA	NA	NA	NA	NA	NA	NA	NA	NA	NA
NA	NA	NA	NA	NA	NA	NA	NA	NA	NA	NA	NA
NA	NA	NA	NA	NA	NA	NA	NA	NA	NA	NA	NA
NA	NA	NA	NA	NA	NA	NA	NA	NA	NA	NA	NA
NA	NA	NA	NA	NA	NA	NA	NA	NA	NA	NA	NA
NA	NA	NA	NA	NA	NA	NA	NA	NA	NA	NA	NA
NA	NA	NA	NA	NA	NA	NA	NA	NA	NA	NA	NA
NA	NA	NA	NA	NA	NA	NA	NA	NA	NA	NA	NA
NA	NA	NA	NA	NA	NA	NA	NA	NA	NA	NA	NA
NA	NA	NA	NA	NA	NA	NA	NA	NA	NA	NA	NA
NA	NA	NA	NA	NA	NA	NA	NA	NA	NA	NA	NA
NA	NA	NA	NA	NA	NA	NA	NA	NA	NA	NA	NA
NA	NA	NA	NA	NA	NA	NA	NA	NA	NA	NA	NA
NA	NA	NA	NA	NA	NA	NA	NA	NA	NA	NA	NA
NA	NA	NA	NA	NA	NA	NA	NA	NA	NA	NA	NA
NA	NA	NA	NA	NA	NA	NA	NA	NA	NA	NA	NA
NA	NA	NA	NA	NA	NA	NA	NA	NA	NA	NA	NA
NA	NA	NA	NA	NA	NA	NA	NA	NA	NA	NA	NA
NA	NA	NA	NA	NA	NA	NA	NA	NA	NA	NA	NA
NA	NA	NA	NA	NA	NA	NA	NA	NA	NA	NA	NA
NA	NA	NA	NA	NA	NA	NA	NA	NA	NA	NA	NA
NA	NA	NA	NA	NA	NA	NA	NA	NA	NA	NA	NA
NA	NA	NA	NA	NA	NA	NA	NA	NA	NA	NA	NA
NA	NA	NA	NA	NA	NA	NA	NA	NA	NA	NA	NA
NA	NA	NA	NA	NA	NA	NA	NA	NA	NA	NA	NA
NA	NA	NA	NA	NA	NA	NA	NA	NA	NA	NA	NA
NA	NA	NA	NA	NA	NA	NA	NA	NA	NA	NA	NA
NA	NA	NA	NA	NA	NA	NA	NA	NA	NA	NA	NA
NA	NA	NA	NA	NA	NA	NA	NA	NA	NA	NA	NA
NA	NA	NA	NA	NA	NA	NA	NA	NA	NA	NA	NA
NA	NA	NA	NA	NA	NA	NA	NA	NA	NA	NA	NA
NA	NA	NA	NA	NA	NA	NA	NA	NA	NA	NA	NA
NA	NA	NA	NA	NA	NA	NA	NA	NA	NA	NA	NA
NA	NA	NA	NA	NA	NA	NA	NA	NA	NA	NA	NA
NA	NA	NA	NA	NA	NA	NA	NA	NA	NA	NA	NA
NA	NA	NA	NA	NA	NA	NA	NA	NA	NA	NA	NA
NA	NA	NA	NA	NA	NA	NA	NA	NA	NA	NA	NA
NA	NA	NA	NA	NA	NA	NA	NA	NA	NA	NA	NA
NA	NA	NA	NA	NA	NA	NA	NA	NA	NA	NA	NA
NA	NA	NA	NA	NA	NA	NA	NA	NA	NA	NA	NA
NA	NA	NA	NA	NA	NA	NA	NA	NA	NA	NA	NA
NA	NA	NA	NA	NA	NA	NA	NA	NA	NA	NA	NA
NA	NA	NA	NA	NA	NA	NA	NA	NA	NA	NA	NA
NA	NA	NA	NA	NA	NA	NA	NA	NA	NA	NA	NA
NA	NA	NA	NA	NA	NA	NA	NA	NA	NA	NA	NA
NA	NA	NA	NA	NA	NA	NA	NA	NA	NA	NA	NA
NA	NA	NA	NA	NA	NA	NA	NA	NA	NA	NA	NA
NA	NA	NA	NA	NA	NA	NA	NA	NA	NA	NA	NA
NA	NA	NA	NA	NA	NA	NA	NA	NA	NA	NA	NA
NA	NA	NA	NA	NA	NA	NA	NA	NA	NA	NA	NA
NA	NA	NA	NA	NA	NA	NA	NA	NA	NA	NA	NA
NA	NA	NA	NA	NA	NA	NA	NA	NA	NA	NA	NA
NA	NA	NA	NA	NA	NA	NA	NA	NA	NA	NA	NA
NA	NA	NA	NA	NA	NA	NA	NA	NA	NA	NA	NA
NA	NA	NA	NA	NA	NA	NA	NA	NA	NA	NA	NA
NA	NA	NA	NA	NA	NA	NA	NA	NA	NA	NA	NA
NA	NA	NA	NA	NA	NA	NA	NA	NA	NA	NA	NA
NA	NA	NA	NA	NA	NA	NA	NA	NA	NA	NA	NA
NA	NA	NA	NA	NA	NA	NA	NA	NA	NA	NA	NA
NA	NA	NA	NA	NA	NA	NA	NA	NA	NA	NA	NA
NA	NA	NA	NA	NA	NA	NA	NA	NA	NA	NA	NA
NA	NA	NA	NA	NA	NA	NA	NA	NA	NA	NA	NA
NA	NA	NA	NA	NA	NA	NA	NA	NA	NA	NA	NA
NA	NA	NA	NA	NA	NA	NA	NA	NA	NA	NA	NA
NA	NA	NA	NA	NA	NA	NA	NA	NA	NA	NA	NA
NA	NA	NA	NA	NA	NA	NA	NA	NA	NA	NA	NA
NA	NA	NA	NA	NA	NA	NA	NA	NA	NA	NA	NA
NA	NA	NA	NA	NA	NA	NA	NA	NA	NA	NA	NA
NA	NA	NA	NA	NA	NA	NA	NA	NA	NA	NA	NA
NA	NA	NA	NA	NA	NA	NA	NA	NA	NA	NA	NA
NA	NA	NA	NA	NA	NA	NA	NA	NA	NA	NA	NA
NA	NA	NA	NA	NA	NA	NA	NA	NA	NA	NA	NA
NA	NA	NA	NA	NA	NA	NA	NA	NA	NA	NA	NA
NA	NA	NA	NA	NA	NA	NA	NA	NA	NA	NA	NA
NA	NA	NA	NA	NA	NA	NA	NA	NA	NA	NA	NA
NA	NA	NA	NA	NA	NA	NA	NA	NA	NA	NA	NA
NA	NA	NA	NA	NA	NA	NA	NA	NA	NA	NA	NA
NA	NA	NA	NA	NA	NA	NA	NA	NA	NA	NA	NA
NA	NA	NA	NA	NA	NA	NA	NA	NA	NA	NA	NA
NA	NA	NA	NA	NA	NA	NA	NA	NA	NA	NA	NA
NA	NA	NA	NA	NA	NA	NA	NA	NA	NA	NA	NA
NA	NA	NA	NA	NA	NA	NA	NA	NA	NA	NA	NA
NA	NA	NA	NA	NA	NA	NA	NA	NA	NA	NA	NA
NA	NA	NA	NA	NA	NA	NA	NA	NA	NA	NA	NA
NA	NA	NA	NA	NA	NA	NA	NA	NA	NA	NA	NA
NA	NA	NA	NA	NA	NA	NA	NA	NA	NA	NA	NA
NA	NA	NA	NA	NA	NA	NA	NA	NA	NA	NA	NA
NA	NA	NA	NA	NA	NA	NA	NA	NA	NA	NA	NA
NA	NA	NA	NA	NA	NA	NA	NA	NA	NA	NA	NA
NA	NA	NA	NA	NA	NA	NA	NA	NA	NA	NA	NA
NA	NA	NA	NA	NA	NA	NA	NA	NA	NA	NA	NA
NA	NA	NA	NA	NA	NA	NA	NA	NA	NA	NA	NA
NA	NA	NA	NA	NA	NA	NA	NA	NA	NA	NA	NA
NA	NA	NA	NA	NA	NA	NA	NA	NA	NA	NA	NA
NA	NA	NA	NA	NA	NA	NA	NA	NA	NA	NA	NA
NA	NA	NA	NA	NA	NA	NA	NA	NA	NA	NA	NA
NA	NA	NA	NA	NA	NA	NA	NA	NA	NA	NA	NA
NA	NA	NA	NA	NA	NA	NA	NA	NA	NA	NA	NA
NA	NA	NA	NA	NA	NA	NA	NA	NA	NA	NA	NA
NA	NA	NA	NA	NA	NA	NA	NA	NA	NA	NA	NA
NA	NA	NA	NA	NA	NA	NA	NA	NA	NA	NA	NA
NA	NA	NA	NA	NA	NA	NA	NA	NA	NA	NA	NA
NA	NA	NA	NA	NA	NA	NA	NA	NA	NA	NA	NA
NA	NA	NA	NA	NA	NA	NA	NA	NA	NA	NA	NA
NA	NA	NA	NA	NA	NA	NA	NA	NA	NA	NA	NA
NA	NA	NA	NA	NA	NA	NA	NA	NA	NA	NA	NA
NA	NA	NA	NA	NA	NA	NA	NA	NA	NA	NA	NA
NA	NA	NA	NA	NA	NA	NA	NA	NA	NA	NA	NA
NA	NA	NA	NA	NA	NA	NA	NA	NA	NA	NA	NA
NA	NA	NA	NA	NA	NA	NA	NA	NA	NA	NA	NA
NA	NA	NA	NA	NA	NA	NA	NA	NA	NA	NA	NA
NA	NA	NA	NA	NA	NA	NA	NA	NA	NA	NA	NA
NA	NA	NA	NA	NA	NA	NA	NA	NA	NA	NA	NA
NA	NA	NA	NA	NA	NA	NA	NA	NA	NA	NA	NA
NA	NA	NA	NA	NA	NA	NA	NA	NA	NA	NA	NA
NA	NA	NA	NA	NA	NA	NA	NA	NA	NA	NA	NA
NA	NA	NA	NA	NA	NA	NA	NA	NA	NA	NA	NA
NA	NA	NA	NA	NA	NA	NA	NA	NA	NA	NA	NA
NA	NA	NA	NA	NA	NA	NA	NA	NA	NA	NA	NA
NA	NA	NA	NA	NA	NA	NA	NA	NA	NA	NA	NA
NA	NA	NA	NA	NA	NA	NA	NA	NA	NA	NA	NA
NA	NA	NA	NA	NA	NA	NA	NA	NA	NA	NA	NA
NA	NA	NA	NA	NA	NA	NA	NA	NA	NA	NA	NA
NA	NA	NA	NA	NA	NA	NA	NA	NA	NA	NA	NA
NA	NA	NA	NA	NA	NA	NA	NA	NA	NA	NA	NA
NA	NA	NA	NA	NA	NA	NA	NA	NA	NA	NA	NA
NA	NA	NA	NA	NA	NA	NA	NA	NA	NA	NA	NA
NA	NA	NA	NA	NA	NA	NA	NA	NA	NA	NA	NA
NA	NA	NA	NA	NA	NA	NA	NA	NA	NA	NA	NA
NA	NA	NA	NA	NA	NA	NA	NA	NA	NA	NA	NA
NA	NA	NA	NA	NA	NA	NA	NA	NA	NA	NA	NA
NA	NA	NA	NA	NA	NA	NA	NA	NA	NA	NA	NA
NA	NA	NA	NA	NA	NA	NA	NA	NA	NA	NA	NA
NA	NA	NA	NA	NA	NA	NA	NA	NA	NA	NA	NA
NA	NA	NA	NA	NA	NA	NA	NA	NA	NA	NA	NA
NA	NA	NA	NA	NA	NA	NA	NA	NA	NA	NA	NA
NA	NA	NA	NA	NA	NA	NA	NA	NA	NA	NA	NA
NA	NA	NA	NA	NA	NA	NA	NA	NA	NA	NA	NA
NA	NA	NA	NA	NA	NA	NA	NA	NA	NA	NA	NA
NA	NA	NA	NA	NA	NA	NA	NA	NA	NA	NA	NA
NA	NA	NA	NA	NA	NA	NA	NA	NA	NA	NA	NA
NA	NA	NA	NA	NA	NA	NA	NA	NA	NA	NA	NA
NA	NA	NA	NA	NA	NA	NA	NA	NA	NA	NA	NA
NA	NA	NA	NA	NA	NA	NA	NA	NA	NA	NA	NA
NA	NA	NA	NA	NA	NA	NA	NA	NA	NA	NA	NA
NA	NA	NA	NA	NA	NA	NA	NA	NA	NA	NA	NA
NA	NA	NA	NA	NA	NA	NA	NA	NA	NA	NA	NA
NA	NA	NA	NA	NA	NA	NA	NA	NA	NA	NA	NA
NA	NA	NA	NA	NA	NA	NA	NA	NA	NA	NA	NA
NA	NA	NA	NA	NA	NA	NA	NA	NA	NA	NA	NA
NA	NA	NA	NA	NA	NA	NA	NA	NA	NA	NA	NA
NA	NA	NA	NA	NA	NA	NA	NA	NA	NA	NA	NA
NA	NA	NA	NA	NA	NA	NA	NA	NA	NA	NA	NA
NA	NA	NA	NA	NA	NA	NA	NA	NA	NA	NA	NA
NA	NA	NA	NA	NA	NA	NA	NA	NA	NA	NA	NA
NA	NA	NA	NA	NA	NA	NA	NA	NA	NA	NA	NA
NA	NA	NA	NA	NA	NA	NA	NA	NA	NA	NA	NA
NA	NA	NA	NA	NA	NA	NA	NA	NA	NA	NA	NA
NA	NA	NA	NA	NA	NA	NA	NA	NA	NA	NA	NA
NA	NA	NA	NA	NA	NA	NA	NA	NA	NA	NA	NA
NA	NA	NA	NA	NA	NA	NA	NA	NA	NA	NA	NA
NA	NA	NA	NA	NA	NA	NA	NA	NA	NA	NA	NA
NA	NA	NA	NA	NA	NA	NA	NA	NA	NA	NA	NA
NA	NA	NA	NA	NA	NA	NA	NA	NA	NA	NA	NA
NA	NA	NA	NA	NA	NA	NA	NA	NA	NA	NA	NA
NA	NA	NA	NA	NA	NA	NA	NA	NA	NA	NA	NA
NA	NA	NA	NA	NA	NA	NA	NA	NA	NA	NA	NA
NA	NA	NA	NA	NA	NA	NA	NA	NA	NA	NA	NA
NA	NA	NA	NA	NA	NA	NA	NA	NA	NA	NA	NA
NA	NA	NA	NA	NA	NA	NA	NA	NA	NA	NA	NA
NA	NA	NA	NA	NA	NA	NA	NA	NA	NA	NA	NA
NA	NA	NA	NA	NA	NA	NA	NA	NA	NA	NA	NA
NA	NA	NA	NA	NA	NA	NA	NA	NA	NA	NA	NA
NA	NA	NA	NA	NA	NA	NA	NA	NA	NA	NA	NA
NA	NA	NA	NA	NA	NA	NA	NA	NA	NA	NA	NA
NA	NA	NA	NA	NA	NA	NA	NA	NA	NA	NA	NA
NA	NA	NA	NA	NA	NA	NA	NA	NA	NA	NA	NA
NA	NA	NA	NA	NA	NA	NA	NA	NA	NA	NA	NA
NA	NA	NA	NA	NA	NA	NA	NA	NA	NA	NA	NA
NA	NA	NA	NA	NA	NA	NA	NA	NA	NA	NA	NA
NA	NA	NA	NA	NA	NA	NA	NA	NA	NA	NA	NA
NA	NA	NA	NA	NA	NA	NA	NA	NA	NA	NA	NA
NA	NA	NA	NA	NA	NA	NA	NA	NA	NA	NA	NA
NA	NA	NA	NA	NA	NA	NA	NA	NA	NA	NA	NA
NA	NA	NA	NA	NA	NA	NA	NA	NA	NA	NA	NA
NA	NA	NA	NA	NA	NA	NA	NA	NA	NA	NA	NA
NA	NA	NA	NA	NA	NA	NA	NA	NA	NA	NA	NA
NA	NA	NA	NA	NA	NA	NA	NA	NA	NA	NA	NA
NA	NA	NA	NA	NA	NA	NA	NA	NA	NA	NA	NA
NA	NA	NA	NA	NA	NA	NA	NA	NA	NA	NA	NA
NA	NA	NA	NA	NA	NA	NA	NA	NA	NA	NA	NA
NA	NA	NA	NA	NA	NA	NA	NA	NA	NA	NA	NA
NA	NA	NA	NA	NA	NA	NA	NA	NA	NA	NA	NA
NA	NA	NA	NA	NA	NA	NA	NA	NA	NA	NA	NA
NA	NA	NA	NA	NA	NA	NA	NA	NA	NA	NA	NA
NA	NA	NA	NA	NA	NA	NA	NA	NA	NA	NA	NA
NA	NA	NA	NA	NA	NA	NA	NA	NA	NA	NA	NA
NA	NA	NA	NA	NA	NA	NA	NA	NA	NA	NA	NA
NA	NA	NA	NA	NA	NA	NA	NA	NA	NA	NA	NA
NA	NA	NA	NA	NA	NA	NA	NA	NA	NA	NA	NA
NA	NA	NA	NA	NA	NA	NA	NA	NA	NA	NA	NA
NA	NA	NA	NA	NA	NA	NA	NA	NA	NA	NA	NA
NA	NA	NA	NA	NA	NA	NA	NA	NA	NA	NA	NA
NA	NA	NA	NA	NA	NA	NA	NA	NA	NA	NA	NA
NA	NA	NA	NA	NA	NA	NA	NA	NA	NA	NA	NA
NA	NA	NA	NA	NA	NA	NA	NA	NA	NA	NA	NA
NA	NA	NA	NA	NA	NA	NA	NA	NA	NA	NA	NA
NA	NA	NA	NA	NA	NA	NA	NA	NA	NA	NA	NA
NA	NA	NA	NA	NA	NA	NA	NA	NA	NA	NA	NA
NA	NA	NA	NA	NA	NA	NA	NA	NA	NA	NA	NA
NA	NA	NA	NA	NA	NA	NA	NA	NA	NA	NA	NA
NA	NA	NA	NA	NA	NA	NA	NA	NA	NA	NA	NA
NA	NA	NA	NA	NA	NA	NA	NA	NA	NA	NA	NA
NA	NA	NA	NA	NA	NA	NA	NA	NA	NA	NA	NA
NA	NA	NA	NA	NA	NA	NA	NA	NA	NA	NA	NA
