X1	X2	X3	X4	X1.1	X2.1	X3.1	X4.1	X1.2	X2.2	X3.2	X4.2	X1.3	X2.3	X3.3	X4.3
NA	NA	NA	NA	NA	NA	NA	NA	NA	NA	NA	NA	NA	NA	NA	NA
NA	NA	NA	NA	NA	NA	NA	NA	NA	NA	NA	NA	NA	NA	NA	NA
NA	NA	NA	NA	NA	NA	NA	NA	NA	NA	NA	NA	NA	NA	NA	NA
NA	NA	NA	NA	NA	NA	NA	NA	NA	NA	NA	NA	NA	NA	NA	NA
NA	NA	NA	NA	NA	NA	NA	NA	NA	NA	NA	NA	NA	NA	NA	NA
NA	NA	NA	NA	NA	NA	NA	NA	NA	NA	NA	NA	NA	NA	NA	NA
NA	NA	NA	NA	NA	NA	NA	NA	NA	NA	NA	NA	NA	NA	NA	NA
NA	NA	NA	NA	NA	NA	NA	NA	NA	NA	NA	NA	NA	NA	NA	NA
NA	NA	NA	NA	NA	NA	NA	NA	NA	NA	NA	NA	NA	NA	NA	NA
NA	NA	NA	NA	NA	NA	NA	NA	NA	NA	NA	NA	NA	NA	NA	NA
NA	NA	NA	NA	NA	NA	NA	NA	NA	NA	NA	NA	NA	NA	NA	NA
NA	NA	NA	NA	NA	NA	NA	NA	NA	NA	NA	NA	NA	NA	NA	NA
NA	NA	NA	NA	NA	NA	NA	NA	NA	NA	NA	NA	NA	NA	NA	NA
NA	NA	NA	NA	NA	NA	NA	NA	NA	NA	NA	NA	NA	NA	NA	NA
NA	NA	NA	NA	NA	NA	NA	NA	NA	NA	NA	NA	NA	NA	NA	NA
NA	NA	NA	NA	NA	NA	NA	NA	NA	NA	NA	NA	NA	NA	NA	NA
NA	NA	NA	NA	NA	NA	NA	NA	NA	NA	NA	NA	NA	NA	NA	NA
NA	NA	NA	NA	NA	NA	NA	NA	NA	NA	NA	NA	NA	NA	NA	NA
NA	NA	NA	NA	NA	NA	NA	NA	NA	NA	NA	NA	NA	NA	NA	NA
NA	NA	NA	NA	NA	NA	NA	NA	NA	NA	NA	NA	NA	NA	NA	NA
NA	NA	NA	NA	NA	NA	NA	NA	NA	NA	NA	NA	NA	NA	NA	NA
NA	NA	NA	NA	NA	NA	NA	NA	NA	NA	NA	NA	NA	NA	NA	NA
NA	NA	NA	NA	NA	NA	NA	NA	NA	NA	NA	NA	NA	NA	NA	NA
NA	NA	NA	NA	NA	NA	NA	NA	NA	NA	NA	NA	NA	NA	NA	NA
NA	NA	NA	NA	NA	NA	NA	NA	NA	NA	NA	NA	NA	NA	NA	NA
NA	NA	NA	NA	NA	NA	NA	NA	NA	NA	NA	NA	NA	NA	NA	NA
NA	NA	NA	NA	NA	NA	NA	NA	NA	NA	NA	NA	NA	NA	NA	NA
NA	NA	NA	NA	NA	NA	NA	NA	NA	NA	NA	NA	NA	NA	NA	NA
NA	NA	NA	NA	NA	NA	NA	NA	NA	NA	NA	NA	NA	NA	NA	NA
NA	NA	NA	NA	NA	NA	NA	NA	NA	NA	NA	NA	NA	NA	NA	NA
NA	NA	NA	NA	NA	NA	NA	NA	NA	NA	NA	NA	NA	NA	NA	NA
NA	NA	NA	NA	NA	NA	NA	NA	NA	NA	NA	NA	NA	NA	NA	NA
NA	NA	NA	NA	NA	NA	NA	NA	NA	NA	NA	NA	NA	NA	NA	NA
NA	NA	NA	NA	NA	NA	NA	NA	NA	NA	NA	NA	NA	NA	NA	NA
NA	NA	NA	NA	NA	NA	NA	NA	NA	NA	NA	NA	NA	NA	NA	NA
NA	NA	NA	NA	NA	NA	NA	NA	NA	NA	NA	NA	NA	NA	NA	NA
NA	NA	NA	NA	NA	NA	NA	NA	NA	NA	NA	NA	NA	NA	NA	NA
NA	NA	NA	NA	NA	NA	NA	NA	NA	NA	NA	NA	NA	NA	NA	NA
NA	NA	NA	NA	NA	NA	NA	NA	NA	NA	NA	NA	NA	NA	NA	NA
NA	NA	NA	NA	NA	NA	NA	NA	NA	NA	NA	NA	NA	NA	NA	NA
NA	NA	NA	NA	NA	NA	NA	NA	NA	NA	NA	NA	NA	NA	NA	NA
NA	NA	NA	NA	NA	NA	NA	NA	NA	NA	NA	NA	NA	NA	NA	NA
NA	NA	NA	NA	NA	NA	NA	NA	NA	NA	NA	NA	NA	NA	NA	NA
NA	NA	NA	NA	NA	NA	NA	NA	NA	NA	NA	NA	NA	NA	NA	NA
NA	NA	NA	NA	NA	NA	NA	NA	NA	NA	NA	NA	NA	NA	NA	NA
NA	NA	NA	NA	NA	NA	NA	NA	NA	NA	NA	NA	NA	NA	NA	NA
NA	NA	NA	NA	NA	NA	NA	NA	NA	NA	NA	NA	NA	NA	NA	NA
NA	NA	NA	NA	NA	NA	NA	NA	NA	NA	NA	NA	NA	NA	NA	NA
NA	NA	NA	NA	NA	NA	NA	NA	NA	NA	NA	NA	NA	NA	NA	NA
NA	NA	NA	NA	NA	NA	NA	NA	NA	NA	NA	NA	NA	NA	NA	NA
NA	NA	NA	NA	NA	NA	NA	NA	NA	NA	NA	NA	NA	NA	NA	NA
NA	NA	NA	NA	NA	NA	NA	NA	NA	NA	NA	NA	NA	NA	NA	NA
NA	NA	NA	NA	NA	NA	NA	NA	NA	NA	NA	NA	NA	NA	NA	NA
NA	NA	NA	NA	NA	NA	NA	NA	NA	NA	NA	NA	NA	NA	NA	NA
NA	NA	NA	NA	NA	NA	NA	NA	NA	NA	NA	NA	NA	NA	NA	NA
NA	NA	NA	NA	NA	NA	NA	NA	NA	NA	NA	NA	NA	NA	NA	NA
NA	NA	NA	NA	NA	NA	NA	NA	NA	NA	NA	NA	NA	NA	NA	NA
NA	NA	NA	NA	NA	NA	NA	NA	NA	NA	NA	NA	NA	NA	NA	NA
NA	NA	NA	NA	NA	NA	NA	NA	NA	NA	NA	NA	NA	NA	NA	NA
NA	NA	NA	NA	NA	NA	NA	NA	NA	NA	NA	NA	NA	NA	NA	NA
NA	NA	NA	NA	NA	NA	NA	NA	NA	NA	NA	NA	NA	NA	NA	NA
NA	NA	NA	NA	NA	NA	NA	NA	NA	NA	NA	NA	NA	NA	NA	NA
NA	NA	NA	NA	NA	NA	NA	NA	NA	NA	NA	NA	NA	NA	NA	NA
NA	NA	NA	NA	NA	NA	NA	NA	NA	NA	NA	NA	NA	NA	NA	NA
NA	NA	NA	NA	NA	NA	NA	NA	NA	NA	NA	NA	NA	NA	NA	NA
NA	NA	NA	NA	NA	NA	NA	NA	NA	NA	NA	NA	NA	NA	NA	NA
NA	NA	NA	NA	NA	NA	NA	NA	NA	NA	NA	NA	NA	NA	NA	NA
NA	NA	NA	NA	NA	NA	NA	NA	NA	NA	NA	NA	NA	NA	NA	NA
NA	NA	NA	NA	NA	NA	NA	NA	NA	NA	NA	NA	NA	NA	NA	NA
NA	NA	NA	NA	NA	NA	NA	NA	NA	NA	NA	NA	NA	NA	NA	NA
NA	NA	NA	NA	NA	NA	NA	NA	NA	NA	NA	NA	NA	NA	NA	NA
NA	NA	NA	NA	NA	NA	NA	NA	NA	NA	NA	NA	NA	NA	NA	NA
NA	NA	NA	NA	NA	NA	NA	NA	NA	NA	NA	NA	NA	NA	NA	NA
NA	NA	NA	NA	NA	NA	NA	NA	NA	NA	NA	NA	NA	NA	NA	NA
NA	NA	NA	NA	NA	NA	NA	NA	NA	NA	NA	NA	NA	NA	NA	NA
NA	NA	NA	NA	NA	NA	NA	NA	NA	NA	NA	NA	NA	NA	NA	NA
NA	NA	NA	NA	NA	NA	NA	NA	NA	NA	NA	NA	NA	NA	NA	NA
NA	NA	NA	NA	NA	NA	NA	NA	NA	NA	NA	NA	NA	NA	NA	NA
NA	NA	NA	NA	NA	NA	NA	NA	NA	NA	NA	NA	NA	NA	NA	NA
NA	NA	NA	NA	NA	NA	NA	NA	NA	NA	NA	NA	NA	NA	NA	NA
NA	NA	NA	NA	NA	NA	NA	NA	NA	NA	NA	NA	NA	NA	NA	NA
NA	NA	NA	NA	NA	NA	NA	NA	NA	NA	NA	NA	NA	NA	NA	NA
NA	NA	NA	NA	NA	NA	NA	NA	NA	NA	NA	NA	NA	NA	NA	NA
NA	NA	NA	NA	NA	NA	NA	NA	NA	NA	NA	NA	NA	NA	NA	NA
NA	NA	NA	NA	NA	NA	NA	NA	NA	NA	NA	NA	NA	NA	NA	NA
NA	NA	NA	NA	NA	NA	NA	NA	NA	NA	NA	NA	NA	NA	NA	NA
NA	NA	NA	NA	NA	NA	NA	NA	NA	NA	NA	NA	NA	NA	NA	NA
NA	NA	NA	NA	NA	NA	NA	NA	NA	NA	NA	NA	NA	NA	NA	NA
NA	NA	NA	NA	NA	NA	NA	NA	NA	NA	NA	NA	NA	NA	NA	NA
NA	NA	NA	NA	NA	NA	NA	NA	NA	NA	NA	NA	NA	NA	NA	NA
NA	NA	NA	NA	NA	NA	NA	NA	NA	NA	NA	NA	NA	NA	NA	NA
NA	NA	NA	NA	NA	NA	NA	NA	NA	NA	NA	NA	NA	NA	NA	NA
NA	NA	NA	NA	NA	NA	NA	NA	NA	NA	NA	NA	NA	NA	NA	NA
NA	NA	NA	NA	NA	NA	NA	NA	NA	NA	NA	NA	NA	NA	NA	NA
NA	NA	NA	NA	NA	NA	NA	NA	NA	NA	NA	NA	NA	NA	NA	NA
NA	NA	NA	NA	NA	NA	NA	NA	NA	NA	NA	NA	NA	NA	NA	NA
NA	NA	NA	NA	NA	NA	NA	NA	NA	NA	NA	NA	NA	NA	NA	NA
NA	NA	NA	NA	NA	NA	NA	NA	NA	NA	NA	NA	NA	NA	NA	NA
NA	NA	NA	NA	NA	NA	NA	NA	NA	NA	NA	NA	NA	NA	NA	NA
NA	NA	NA	NA	NA	NA	NA	NA	NA	NA	NA	NA	NA	NA	NA	NA
2.11390956171625	0.0715113125677821	1.9737473890834	2.25407173434911	2.11485353509877	0.096204240713702	1.92629322329991	2.30341384689762	2.11485353509877	0.0715113125677821	1.96984606523447	2.25500434739413	2.11620750812943	0.0647158035977906	1.9893233983933	2.24309161786557
1.96481827297282	0.0698590602297974	1.82789451492242	2.10174203102323	1.92450233556709	0.0924470965232388	1.74330602638154	2.10569864475264	1.92450233556709	0.0698590602297974	1.78528698980958	2.06141866226019	1.92541529718926	0.0635631495747101	1.80079276720392	2.05003782717461
2.16735773314792	0.0727976828289531	2.02467427480317	2.31004119149267	2.15088990692378	0.0980889371001516	1.95863559020748	2.34314422364007	2.15088990692378	0.0727976828289531	2.01868716805753	2.28742486419668	2.15026008192966	0.0641210048737128	2.02453933545255	2.27598082840678
2.00148452524434	0.0712287784905301	1.8618761194029	2.14109293108578	1.99878807674426	0.0963892069305785	1.80986523116033	2.1877109223282	1.99878807674426	0.0712287784905301	1.86520256484909	2.14260073885678	1.99609533969242	0.0647070891311833	1.86922710003847	2.12296357934638
1.9554736921911	0.0694445957149542	1.81936228458979	2.09158509979241	1.93481351806641	0.0918785237498129	1.75473161151678	2.11489542461604	1.93481351806641	0.0694445957149542	1.7992169348048	2.07083298682314	1.93554901614633	0.0633641550571264	1.8113176430456	2.05978038924705
1.95024185500476	0.0732442637694426	1.80668309801665	2.09380061199287	1.92819787109952	0.0986896029043904	1.73476624940692	2.12162949279213	1.92819787109952	0.0732442637694426	1.7905278687588	2.07683381268794	1.9302042802519	0.0647801444901024	1.80319775084605	2.05721080965775
1.89800355995956	0.0758686509215916	1.74930100415324	2.04670611576588	1.99043466350884	0.10005797296983	1.79432103648797	2.1865482905297	1.99043466350884	0.0758686509215916	1.83054024970441	2.13852315647721	1.99070501663671	0.0677402328458866	1.8578918378518	2.12351819542161
1.87772453808221	0.068139951417349	1.74417023330421	2.01127884286021	1.89772986193077	0.0886753566610292	1.72392616287515	2.07153356098638	1.89772986193077	0.068139951417349	1.76188393281032	2.02761690945384	1.89849180163802	0.063385478469422	1.77421539982643	2.02276820344961
1.85822277599043	0.0782265056091371	1.70489882499652	2.01154672698434	1.88160978642155	0.105578934623717	1.67467507455907	2.08854449828404	1.88160978642155	0.0782265056091371	1.72891986409706	2.04037097209518	1.88175549990076	0.0685089203853603	1.74743040758671	2.0160805922148
1.99004009490506	0.0741773602946294	1.84465246872759	2.13542772108254	2.01591232086273	0.0991146622501152	1.8216475828525	2.21017705887295	2.01591232086273	0.0741773602946294	1.875476376281	2.16108997441223	2.01406006091028	0.0652935205114746	1.88604132123696	2.1420788005836
1.95939590152317	0.073263660808002	1.81579912633949	2.10299267670686	1.93237858143138	0.0986437910626686	1.73903675094855	2.12572041191421	1.93237858143138	0.073263660808002	1.78856916255517	2.07639491520494	1.93141340883544	0.0671858392287207	1.79968250389185	2.06314431377902
2.10882762372862	0.0733858926958802	1.96499127404469	2.25266397341254	2.10907109569129	0.0991547680195528	1.91472775037296	2.30341444100961	2.10907109569129	0.0733858926958802	1.96602894779619	2.25271664443274	2.10830526714611	0.0650091445929163	1.98084338158523	2.235767152707
1.95392060312802	0.0714452449283934	1.81388792306837	2.09395328318767	1.96316795089216	0.0941238451616854	1.77868521437526	2.14765068740906	1.96316795089216	0.0714452449283934	1.82507386292627	2.09927906025337	1.96078361255464	0.0660453462035212	1.83129311732182	2.09027410778746
1.92237835907199	0.0688142706512252	1.78750238859558	2.05725432954839	1.9312625788	0.0924018669530985	1.75015491957193	2.11237023802807	1.9312625788	0.0688142706512252	1.79307321686574	2.06774292490713	1.93262318541364	0.0627957071438679	1.80950731203673	2.05573905879054
1.98560532649228	0.0747974403171263	1.83900234347071	2.13220830951385	1.96919694691258	0.0998999270597091	1.77339308987555	2.16500080394961	1.96919694691258	0.0747974403171263	1.81751274560157	2.1238197023983	1.96894641532705	0.0675810185795174	1.83644223813827	2.10145059251583
1.81372070123106	0.0703093304946055	1.67591441346163	1.95152698900048	1.87802882611082	0.0932291776397043	1.695299637937	2.06075801428464	1.87802882611082	0.0703093304946055	1.74561900129737	2.02645582303199	1.876197319303	0.0634460303318559	1.75180735815923	2.00058728044678
2.01585389980215	0.0699390528681682	1.87877335618054	2.15293444342376	2.01920231713826	0.0941948483107428	1.8345804144492	2.20382421982732	2.01920231713826	0.0699390528681682	1.88269915490074	2.15648495791784	2.01843111741072	0.0622075849208081	1.8964690956377	2.14039313918373
1.88976340516216	0.0771188492850067	1.73861046056355	2.04091634976077	1.88740744607158	0.101585593642843	1.68829968253161	2.08651520961155	1.88740744607158	0.0771188492850067	1.7302890501146	2.03401517387788	1.88811046006724	0.0691145179229708	1.75259095528764	2.02362996484684
2.12513283313639	0.0758926357534101	1.9763832670597	2.27388239921307	2.11763639509199	0.104614788032298	1.91259141054869	2.32268137963529	2.11763639509199	0.0758926357534101	1.97158359946408	2.27017712995509	2.115061589278	0.0677058647113238	1.98231177472931	2.24781140382668
2.05550610293037	0.0748604605773825	1.9087796001987	2.20223260566204	2.02406149290083	0.097043744467869	1.83385575374381	2.21426723205786	2.02406149290083	0.0748604605773825	1.88047276338717	2.18519399172873	2.02519862586099	0.0682558678415393	1.89137078256814	2.15902646915383
1.94869108978457	0.0744857501581079	1.80269901947468	2.09468316009446	1.97784951118745	0.100249809677295	1.78135988421995	2.17433913815495	1.97784951118745	0.0744857501581079	1.83255212651114	2.11526261582358	1.97584679111567	0.0659858942269667	1.8464747137186	2.10521886851275
1.89762464667147	0.0746547383820737	1.75130135944261	2.04394793390034	1.96618260273439	0.0999969931936712	1.77018849607479	2.16217670939398	1.96618260273439	0.0746547383820737	1.81804682705531	2.10896957856615	1.96694879820541	0.0667784201868892	1.83601834881262	2.0978792475982
1.96367270186116	0.0733249692409736	1.81995576214885	2.10738964157346	1.90552106332352	0.0977613286400303	1.71390885918906	2.09713326745798	1.90552106332352	0.0733249692409736	1.75980085469129	2.04505387456646	1.90620177281028	0.0653305482418379	1.77811566314468	2.03428788247587
2.08854545652553	0.070997547406934	1.94939026360794	2.22770064944312	2.06339241418158	0.0930334986530696	1.88104675682156	2.24573807154159	2.06339241418158	0.070997547406934	1.922720799564	2.2017232151878	2.06628327563575	0.064787136337254	1.93925931593675	2.19330723533474
2.06370411629866	0.0712644041943884	1.92402588407766	2.20338234851966	2.05406471191436	0.0944323846261939	1.86897723804702	2.2391521857817	2.05406471191436	0.0712644041943884	1.91108043127484	2.18186067101764	2.05301976052154	0.0657736335122644	1.92406131752865	2.18197820351444
1.97714026604667	0.0713160709665063	1.83736076695232	2.11691976514102	1.98586543631403	0.0962789660778451	1.79715866280145	2.1745722098266	1.98586543631403	0.0713160709665063	1.84228083589798	2.12578952809018	1.98635862445824	0.0654261833683349	1.85807908268845	2.11463816622803
2.08411737334062	0.0716381552034066	1.94370658914195	2.2245281575393	2.06741976384172	0.0939122117339942	1.88335182884309	2.25148769884035	2.06741976384172	0.0716381552034066	1.93123175653834	2.21500574308851	2.07114160528333	0.066004305163052	1.94172856281627	2.2005546477504
1.95015924937674	0.0707688888820636	1.8114522271679	2.08886627158559	1.93209900156274	0.0916174881456477	1.75252872479727	2.11166927832821	1.93209900156274	0.0707688888820636	1.79574048716385	2.06887380776108	1.93204120369172	0.0638873566258175	1.80678425930537	2.05729814807808
2.07180173680473	0.0760654718746762	1.92271341193036	2.22089006167909	2.04655139552767	0.102519350199401	1.84561346913684	2.24748932191849	2.04655139552767	0.0760654718746762	1.89515816251321	2.18714768381237	2.04520811878513	0.068304618458898	1.91128534603219	2.17913089153808
2.01913668640089	0.0717915258363203	1.8784252957617	2.15984807704008	2.00021698730561	0.093765038853259	1.81643751115322	2.183996463458	2.00021698730561	0.0717915258363203	1.86163696479171	2.14231740468338	2.0000759853491	0.0636455893295129	1.87529317405554	2.12485879664266
1.99330307928033	0.0743272054627029	1.84762175657343	2.13898440198722	2.02366800218882	0.101882748349381	1.82397781542403	2.22335818895361	2.02366800218882	0.0743272054627029	1.88138293692803	2.16234585579074	2.02409907438698	0.0657644440471179	1.89515711657537	2.15304103219859
1.84873641898426	0.0722158700663317	1.70719331365425	1.99027952431427	1.86601963081286	0.097202863185416	1.67550201896945	2.05653724265628	1.86601963081286	0.0722158700663317	1.72878521767357	2.00828501717153	1.86626706515748	0.0636953220492325	1.74138638513598	1.99114774517898
2.01173438326736	0.0718809648449862	1.87084769217119	2.15262107436353	2.04586857503875	0.0985757857852126	1.85266003489973	2.23907711517777	2.04586857503875	0.0718809648449862	1.90275446126477	2.17970378018613	2.04445354639106	0.0650138899709574	1.9169863185495	2.17192077423263
1.9730703957021	0.073275963844078	1.82944950656771	2.11669128483649	1.98049921257095	0.0996016569144586	1.78527996501862	2.17571846012329	1.98049921257095	0.073275963844078	1.84245739933978	2.12189830434095	1.97877123726121	0.0657964439349194	1.84976953637286	2.10777293814956
2.10135871013953	0.0722173111770226	1.95981278023257	2.24290464004649	2.04417084719045	0.097595651556181	1.85288337014034	2.23545832424057	2.04417084719045	0.0722173111770226	1.90469150810109	2.18776971849279	2.04243371021099	0.0650228479958757	1.91494568306304	2.16992173735894
1.96759126837699	0.0724183935288599	1.82565121706043	2.10953131969356	2.01412295238887	0.0974002006569418	1.82321855910127	2.20502734567648	2.01412295238887	0.0724183935288599	1.87848883662213	2.15024646622513	2.01578042536155	0.0654255468195073	1.88750430342264	2.14405654730047
1.9674353202703	0.072738053465822	1.82486873547729	2.11000190506331	1.97529800855176	0.0960560439359465	1.78702816243731	2.16356785466622	1.97529800855176	0.072738053465822	1.82782901495745	2.11684858697344	1.97397618830222	0.0649635695999353	1.84661003112014	2.10134234548431
1.85091593249044	0.0731674342113215	1.70750776143625	1.99432410354463	1.89440929846968	0.0994200365041162	1.69954602692161	2.08927257001774	1.89440929846968	0.0731674342113215	1.74764268555169	2.0370685704412	1.89485963499527	0.0651763459962909	1.76707456139106	2.02264470859948
1.97607654546431	0.0712998156206912	1.83632890684775	2.11582418408086	1.95241816262961	0.0937737710285288	1.7686215714137	2.13621475384553	1.95241816262961	0.0712998156206912	1.81907118091543	2.08451658806922	1.95226645007309	0.0660294862796561	1.82280573600337	2.08172716414281
2.01255422171319	0.0724776862265508	1.87049795670915	2.15461048671723	2.04032755920734	0.0982109596999262	1.84783407819548	2.2328210402192	2.04032755920734	0.0724776862265508	1.89688866946902	2.18717269596804	2.04111072080637	0.0660019254586863	1.91170125542745	2.1705201861853
1.92370829311596	0.0712388534393097	1.78408014037491	2.063336445857	1.96013986085826	0.094615818699724	1.7746928562068	2.14558686550971	1.96013986085826	0.0712388534393097	1.82152500976759	2.09815182820123	1.96092982852471	0.0651808886122037	1.83313516427064	2.08872449277878
1.94570315231844	0.0721973730892042	1.8041963010636	2.08721000357328	1.94531157854703	0.09881685040982	1.75163055174378	2.13899260535027	1.94531157854703	0.0721973730892042	1.80822020272011	2.08197423762021	1.94552877279245	0.0651563379610301	1.81777910857059	2.07327843701432
2.02205876092371	0.072045840087622	1.88084891435197	2.16326860749545	2.05537873593316	0.0969157021251817	1.8654239597678	2.24533351209852	2.05537873593316	0.072045840087622	1.91776050373893	2.19419885785352	2.05322512557082	0.0656048265698994	1.92459926176236	2.18185098937929
1.90668317491752	0.0699568381461327	1.7695677721511	2.04379857768394	1.92967277392035	0.0928934657517531	1.74760158104691	2.11174396679379	1.92967277392035	0.0699568381461327	1.79420186735995	2.05921553420786	1.92944017826172	0.0640542581931533	1.80385406121846	2.05502629530498
1.92903767120225	0.0816223280035538	1.76905790831528	2.08901743408921	1.89350963372526	0.113484376062831	1.67108025664211	2.11593901080841	1.89350963372526	0.0816223280035538	1.72156149840791	2.03733853191431	1.89360695207177	0.0704269901864539	1.75552094579392	2.03169295834962
2.080792279239	0.0755095020207316	1.93279365527837	2.22879090319963	2.086327874589	0.100096528753746	1.89013867823166	2.28251707094634	2.086327874589	0.0755095020207316	1.93934377247334	2.23982488409913	2.08482961228256	0.069763423040424	1.94804725286366	2.22161197170146
1.97450534659857	0.0750125993548187	1.82748065186312	2.12153004133401	1.9464858119594	0.100065949817865	1.75035655031638	2.14261507360241	1.9464858119594	0.0750125993548187	1.81027017689886	2.09788358311557	1.94608510799392	0.0681277078130808	1.81251161913298	2.07965859685486
1.99516019045862	0.0753786145738309	1.84741810589391	2.14290227502333	1.98549273051433	0.102167756896285	1.78524392699761	2.18574153403105	1.98549273051433	0.0753786145738309	1.84019806395609	2.13620675315541	1.98728537819834	0.0667424526646642	1.85642183167748	2.1181489247192
2.03530951309814	0.0744290631968309	1.88942854923235	2.18119047696392	1.98570021145124	0.100614766301879	1.78849526949956	2.18290515340292	1.98570021145124	0.0744290631968309	1.84215270877069	2.12999045321624	1.98607383259764	0.0674918278914384	1.85374867201591	2.11839899317937
1.96502489913049	0.0756249067123893	1.81680008197421	2.11324971628677	1.97482586912162	0.100064617206709	1.77869921939647	2.17095251884677	1.97482586912162	0.0756249067123893	1.83147275105489	2.12153183455975	1.97474710893358	0.0657556231120142	1.84582694397315	2.10366727389401
2.09660337890517	0.0765240059490229	1.94661632724508	2.24659043056525	2.06535688489405	0.0977858638573349	1.87369659173367	2.25701717805442	2.06535688489405	0.0765240059490229	1.90899554131343	2.20441871565194	2.06386646141733	0.0690328488071467	1.92850883243276	2.1992240904019
1.97714481930243	0.0714944848378602	1.83701562902022	2.11727400958463	2.0107580405654	0.0926014941012124	1.82925911212702	2.19225696900377	2.0107580405654	0.0714944848378602	1.87596520009702	2.15476869124572	2.00989523545616	0.0655616936964788	1.88135325498434	2.13843721592799
1.90614432170232	0.0714050975565815	1.76619033049142	2.04609831291322	1.94981303462846	0.0967613884657998	1.7601607132355	2.13946535602143	1.94981303462846	0.0714050975565815	1.81325332413232	2.09342551719903	1.95248125500871	0.0629229174835994	1.82910972575698	2.07585278426044
2.01041641547462	0.0712208903646011	1.87082347036	2.15000936058923	2.01927672968462	0.0916149020066499	1.83971152175158	2.19884193761765	2.01927672968462	0.0712208903646011	1.87681592414322	2.15575759179321	2.02020167695416	0.0646747602102179	1.89339807515094	2.14700527875738
1.9729475663572	0.0709475146339517	1.83389043767465	2.11200469503974	2.00114630461912	0.0938713827803237	1.81715839436969	2.18513421486856	2.00114630461912	0.0709475146339517	1.86072651725396	2.1326914751349	1.99972693848445	0.0637927766842268	1.87465364069387	2.12480023627502
2.10113819731731	0.0778407960476308	1.94857023706396	2.25370615757067	2.1331301865037	0.101546176164565	1.93409968122116	2.33216069178625	2.1331301865037	0.0778407960476308	1.97040356977766	2.27010397809359	2.1362269186785	0.0729227410679414	1.9932340526881	2.27921978466891
2.12082613799222	0.0776370581570192	1.96865750400446	2.27299477197998	2.05256805679862	0.0997085505438604	1.85713929773265	2.24799681586459	2.05256805679862	0.0776370581570192	1.90969043570252	2.19593933122458	2.05088154803003	0.0704704466837271	1.91270421332731	2.18905888273275
2.09103083965619	0.0709273043287589	1.95201332317182	2.23004835614056	2.13129050342957	0.0959192805532258	1.94328871354524	2.31929229331389	2.13129050342957	0.0709273043287589	1.99456631515522	2.27350504770767	2.13394920391873	0.0639611132855191	2.00854859167312	2.25934981616433
1.98981065729936	0.0747095338519202	1.8433799709496	2.13624134364912	2.04016437756932	0.100393525296568	1.84339306798805	2.2369356871506	2.04016437756932	0.0747095338519202	1.89488061525573	2.1856910379557	2.04134580424348	0.068452685981161	1.90713063661348	2.17556097187348
2.14267680844069	0.0721147531334595	2.00133189229911	2.28402172458228	2.1243992750674	0.0975193713269088	1.93326130726666	2.31553724286814	2.1243992750674	0.0721147531334595	1.99298522033524	2.2671771431391	2.12374039588651	0.0633875679253006	1.99946435105126	2.24801644072176
2.08701145227018	0.0717532069512686	1.94637516664569	2.22764773789467	2.07502645633395	0.0990813353936292	1.88082703896244	2.26922587370546	2.07502645633395	0.0717532069512686	1.93141055465113	2.21150950467162	2.07726023932964	0.065692179651817	1.94845805707383	2.20606242158544
2.12659594796732	0.0753909594774976	1.97882966739143	2.27436222854322	2.10459135281168	0.10091686998515	1.90679428764079	2.30238841798258	2.10459135281168	0.0753909594774976	1.96091334852417	2.24706437555392	2.1020929717443	0.0679636215956785	1.96883738075796	2.23534856273063
1.96867207979334	0.0716915107109136	1.82815671879995	2.10918744078673	1.98119252504036	0.0960051272200755	1.79302247568901	2.16936257439171	1.98119252504036	0.0716915107109136	1.84002261644543	2.12076563367452	1.98183776037077	0.0662399649056383	1.85196098311901	2.11171453762252
2.00597997223415	0.0716515224156525	1.86554298829948	2.14641695616883	2.00768735279673	0.0981374613024157	1.81533792864399	2.20003677694946	2.00768735279673	0.0716515224156525	1.86686854375171	2.1419078604461	2.00917740922889	0.0659086864037652	1.87995041829612	2.13840440016166
1.94330190685104	0.0772494596484258	1.79189296594012	2.09471084776195	1.95664541175425	0.10209077191379	1.75654749880322	2.15674332470528	1.95664541175425	0.0772494596484258	1.81207366158086	2.10977783120781	1.95662612013336	0.0697213389372576	1.81992677821935	2.09332546204736
1.92397247461954	0.0756874634829796	1.7756250461929	2.07231990304618	1.94143173377205	0.103486419790769	1.73859835098214	2.14426511656196	1.94143173377205	0.0756874634829796	1.8007348298824	2.09283872645735	1.94122205542026	0.0687635481091741	1.8063952779427	2.07604883289783
2.03430251331549	0.0723797416295348	1.8924382197216	2.17616680690938	2.05838698926962	0.0982865141422497	1.86574542155081	2.25102855698843	2.05838698926962	0.0723797416295348	1.91374823976978	2.1972589150589	2.05936007643592	0.0651994031245149	1.93152702015107	2.18719313272077
2.07058280981239	0.0763249996734219	1.92098581045248	2.2201798091723	2.04491776453323	0.100937887098006	1.84707950582114	2.24275602324532	2.04491776453323	0.0763249996734219	1.88460299526436	2.18161152815839	2.0454821481691	0.0695608957327529	1.90908794442148	2.18187635191673
2.02124133392647	0.0699888191757793	1.88406324834194	2.158419419511	1.98976303865089	0.091765935059856	1.80990180593357	2.1696242713682	1.98976303865089	0.0699888191757793	1.8590299876954	2.11934757268759	1.98973619248793	0.0636308333516107	1.86497773321218	2.11449465176369
1.93580903148586	0.0732363550598181	1.79226577556862	2.0793522874031	1.92019964175754	0.0983964053949659	1.72734268718341	2.11305659633168	1.92019964175754	0.0732363550598181	1.78738229902133	2.06098588226696	1.92190348493872	0.0657218818084239	1.79304477095671	2.05076219892073
1.98684720856677	0.07714698752141	1.83563911302481	2.13805530410874	2.00525324554814	0.105058307847718	1.79933896216661	2.21116752892967	2.00525324554814	0.07714698752141	1.85232803378883	2.160813478601	2.00895393233233	0.0667780855925409	1.87802965044282	2.13987821422183
1.92333524321957	0.0707846734543348	1.78459728324908	2.06207320319007	1.9569599336191	0.0915412466366751	1.77753909021122	2.13638077702699	1.9569599336191	0.0707846734543348	1.82033084712282	2.09174600795556	1.95772972497916	0.0642205241870916	1.83181149135594	2.08364795860238
2.00743409926109	0.0707403606335822	1.86878299241927	2.14608520610291	2.00315446666421	0.0972149617461935	1.81261314164167	2.19369579168675	2.00315446666421	0.0707403606335822	1.86394216935459	2.13903470615205	2.00368047021141	0.0651052160372139	1.87603145654234	2.13132948388048
1.96974363799017	0.0721071006031555	1.82841372080798	2.11107355517235	1.98816770548071	0.0955014263543137	1.80098490982625	2.17535050113516	1.98816770548071	0.0721071006031555	1.8441488143913	2.14250066044487	1.98790988429267	0.0666879803710668	1.85715771505367	2.11866205353166
2.09662621973155	0.0713176005162615	1.95684372271968	2.23640871674342	2.03466122616083	0.0939295851899822	1.85055923918846	2.21876321313319	2.03466122616083	0.0713176005162615	1.89887662699797	2.17992516743438	2.03519141792546	0.0656586137684668	1.90645747330337	2.16392536254754
2.01365134114277	0.0730441881564057	1.87048473235621	2.15681794992932	2.04585539599704	0.0993854507599318	1.85105991250757	2.2406508794865	2.04585539599704	0.0730441881564057	1.90825833964725	2.18819236990311	2.04370855425523	0.0648293670520278	1.91660052044716	2.1708165880633
2.08490515497392	0.0718929421186146	1.94399498842143	2.2258153215264	2.05657984209387	0.0957702818838316	1.86887008960156	2.24428959458618	2.05657984209387	0.0718929421186146	1.91997932715415	2.19574740401376	2.05574049281385	0.065315648963082	1.92768337199089	2.18379761363682
2.04712602633182	0.0729224812893507	1.9041979630047	2.19005408965895	1.99695136930961	0.0956641386745338	1.80944965750753	2.1844530811117	1.99695136930961	0.0729224812893507	1.85611472795315	2.13683162815647	1.99586198449395	0.0664797177726871	1.86551918069488	2.12620478829303
2.03851175532201	0.077245420258537	1.88711073161528	2.18991277902874	2.02141717404926	0.105588649168905	1.81446342167821	2.22837092642032	2.02141717404926	0.077245420258537	1.86833125058418	2.16742321162487	2.02228111735359	0.0681739469599014	1.88861529378114	2.15594694092605
1.91879388365111	0.0712308905142549	1.77918133824317	2.05840642905905	1.93418587624245	0.0936137152388686	1.75070299437427	2.11766875811064	1.93418587624245	0.0712308905142549	1.80195886068583	2.066753073392	1.93238026087709	0.0646692379623954	1.8055874773733	2.05917304438087
1.99228411072153	0.0747134511902015	1.84584574638874	2.13872247505433	2.02003385906271	0.097572404487001	1.82879194626819	2.21127577185723	2.02003385906271	0.0747134511902015	1.87502719305799	2.15719049606021	2.01883812944212	0.0695712272827643	1.88242573067258	2.15525052821167
1.99343002334111	0.0745965832505114	1.8472207201701	2.13963932651211	1.98472337047785	0.0959168793967877	1.79672628686015	2.17272045409555	1.98472337047785	0.0745965832505114	1.83066569186079	2.13211468778202	1.9872056830594	0.069643278808463	1.85064801368765	2.12376335243114
2.02296399195257	0.0714110164720816	1.88299839966729	2.16292958423785	2.01492427455011	0.0941698448278687	1.83035137868748	2.19949717041273	2.01492427455011	0.0714110164720816	1.87966834306926	2.15315589710168	2.01604897553974	0.0635440531614236	1.89146257582979	2.14063537524969
1.97357215307594	0.0703119861909643	1.83576066014165	2.11138364601023	1.93960175658654	0.0911800850008056	1.76088878998496	2.11831472318812	1.93960175658654	0.0703119861909643	1.80199793910826	2.08025256285196	1.94022752813169	0.0644668776696824	1.81383140606454	2.06662365019885
2.01700361561288	0.0709621472747983	1.87791780695428	2.15608942427149	1.99550946183667	0.0926671299468858	1.81388188714078	2.17713703653257	1.99550946183667	0.0709621472747983	1.8609828607112	2.13850137217714	1.9955790245108	0.0623145627732331	1.8734044538407	2.1177535951809
1.9751022976987	0.0731020710469745	1.83182223844663	2.11838235695077	1.96770815686008	0.0978102449092475	1.77600007683796	2.15941623688221	1.96770815686008	0.0731020710469745	1.82051388817572	2.10892321320903	1.96696049462641	0.0640943708656227	1.84129786004966	2.09262312920316
2.01101563074129	0.0766375820778061	1.86080596986879	2.16122529161379	2.01304493120276	0.103691067245474	1.80981043940163	2.21627942300389	2.01304493120276	0.0766375820778061	1.85861058275074	2.16634549376698	2.0153023792137	0.0666092421661107	1.88470215204302	2.14590260638438
2.11026249125814	0.0687260823475848	1.97555936985687	2.2449656126594	2.04736652789899	0.0906752276787276	1.86964308164869	2.2250899741493	2.04736652789899	0.0687260823475848	1.91107833995293	2.18253304817902	2.04814970335158	0.0624883611559674	1.92563482653395	2.17066458016921
1.9834545082845	0.0659288101723434	1.85423404034671	2.11267497622229	1.98508719828139	0.0900608546164458	1.80856792323316	2.16160647332963	1.98508719828139	0.0659288101723434	1.84726724840461	2.11467325319398	1.98667903330002	0.0612601165000725	1.86657398693229	2.10678407966775
2.03748462028229	0.0700686572667799	1.9001500520394	2.17481918852518	2.01481102218621	0.0930371252540081	1.83245825668836	2.19716378768407	2.01481102218621	0.0700686572667799	1.88085144902863	2.14625759453833	2.01586041990254	0.0636856670286617	1.89099728318436	2.14072355662073
2.03330422045543	0.0756616593978023	1.88500736803574	2.18160107287512	2.01288601549791	0.099653797211769	1.81756457296284	2.20820745803297	2.01288601549791	0.0756616593978023	1.84874412933236	2.14910529111128	2.01357573887092	0.0694598452338248	1.87737891537985	2.14977256236199
2.02054040355573	0.0718901616443477	1.87963568673281	2.16144512037865	2.03598917342366	0.0984816615342383	1.84296511681656	2.22901323003077	2.03598917342366	0.0718901616443477	1.89676354472864	2.17643223161135	2.03653392015907	0.0634813686536649	1.91207317833798	2.16099466198015
1.96263304715224	0.0762128372027919	1.81325588623476	2.11201020806971	1.9491163407309	0.102614868932828	1.74799119762256	2.15024148383925	1.9491163407309	0.0762128372027919	1.79648261644057	2.09260343052904	1.9480605037267	0.0683273769569182	1.81409323731327	2.08202777014013
1.96452279833712	0.071502649794071	1.82437760474074	2.10466799193349	1.94469101324307	0.0920936691820866	1.76418742164618	2.12519460483996	1.94469101324307	0.071502649794071	1.7952936425862	2.09515180348769	1.94595924332392	0.0662890763331252	1.81599030052632	2.07592818612152
1.90722802014484	0.0719742679880526	1.76615845488825	2.04829758540142	1.8777880711113	0.0950547920042113	1.69148067878305	2.06409546343956	1.8777880711113	0.0719742679880526	1.73867599241156	2.01782635993862	1.87831890934961	0.0655352328903024	1.74982839049864	2.00680942820058
1.98646617304816	0.0679048601587594	1.85337264713699	2.11955969895933	2.00928724287541	0.0913932142481891	1.83015654294896	2.18841794280186	2.00928724287541	0.0679048601587594	1.86794102610564	2.13797997928399	2.00964214149632	0.0614634077872231	1.88913500801114	2.13014927498149
1.91369102062966	0.0670965354407367	1.78218181116581	2.0452002300935	1.97897386373562	0.0887225665737922	1.80507763325099	2.15287009422025	1.97897386373562	0.0670965354407367	1.85048667386756	2.11675635356681	1.98084958708392	0.0627414990775813	1.8578408675396	2.10385830662824
2.07057960521433	0.0687518806454359	1.93582591914927	2.20533329127938	2.10939963868887	0.0913963172449631	1.93026285688874	2.28853642048899	2.10939963868887	0.0687518806454359	1.97097139602007	2.24796669886335	2.10858623444295	0.063264433014326	1.98454621847568	2.23262625041022
2.04967698284315	0.065896138397776	1.92052055158351	2.17883341410279	2.0208216761703	0.0874753644567722	1.84936996183503	2.19227339050558	2.0208216761703	0.065896138397776	1.89291608880654	2.14842984705862	2.02223468633931	0.0623420132724834	1.90000657887523	2.14446279380338
2.04988517656714	0.0708775800459993	1.91096511967698	2.1888052334573	2.03490263035704	0.0936694191270179	1.85131056886808	2.21849469184599	2.03490263035704	0.0708775800459993	1.89949426263743	2.1784495191771	2.03513119841044	0.0646754385317093	1.9083246106246	2.16193778619627
NA	NA	NA	NA	NA	NA	NA	NA	NA	NA	NA	NA	NA	NA	NA	NA
NA	NA	NA	NA	NA	NA	NA	NA	NA	NA	NA	NA	NA	NA	NA	NA
NA	NA	NA	NA	NA	NA	NA	NA	NA	NA	NA	NA	NA	NA	NA	NA
NA	NA	NA	NA	NA	NA	NA	NA	NA	NA	NA	NA	NA	NA	NA	NA
NA	NA	NA	NA	NA	NA	NA	NA	NA	NA	NA	NA	NA	NA	NA	NA
NA	NA	NA	NA	NA	NA	NA	NA	NA	NA	NA	NA	NA	NA	NA	NA
NA	NA	NA	NA	NA	NA	NA	NA	NA	NA	NA	NA	NA	NA	NA	NA
NA	NA	NA	NA	NA	NA	NA	NA	NA	NA	NA	NA	NA	NA	NA	NA
NA	NA	NA	NA	NA	NA	NA	NA	NA	NA	NA	NA	NA	NA	NA	NA
NA	NA	NA	NA	NA	NA	NA	NA	NA	NA	NA	NA	NA	NA	NA	NA
NA	NA	NA	NA	NA	NA	NA	NA	NA	NA	NA	NA	NA	NA	NA	NA
NA	NA	NA	NA	NA	NA	NA	NA	NA	NA	NA	NA	NA	NA	NA	NA
NA	NA	NA	NA	NA	NA	NA	NA	NA	NA	NA	NA	NA	NA	NA	NA
NA	NA	NA	NA	NA	NA	NA	NA	NA	NA	NA	NA	NA	NA	NA	NA
NA	NA	NA	NA	NA	NA	NA	NA	NA	NA	NA	NA	NA	NA	NA	NA
NA	NA	NA	NA	NA	NA	NA	NA	NA	NA	NA	NA	NA	NA	NA	NA
NA	NA	NA	NA	NA	NA	NA	NA	NA	NA	NA	NA	NA	NA	NA	NA
NA	NA	NA	NA	NA	NA	NA	NA	NA	NA	NA	NA	NA	NA	NA	NA
NA	NA	NA	NA	NA	NA	NA	NA	NA	NA	NA	NA	NA	NA	NA	NA
NA	NA	NA	NA	NA	NA	NA	NA	NA	NA	NA	NA	NA	NA	NA	NA
NA	NA	NA	NA	NA	NA	NA	NA	NA	NA	NA	NA	NA	NA	NA	NA
NA	NA	NA	NA	NA	NA	NA	NA	NA	NA	NA	NA	NA	NA	NA	NA
NA	NA	NA	NA	NA	NA	NA	NA	NA	NA	NA	NA	NA	NA	NA	NA
NA	NA	NA	NA	NA	NA	NA	NA	NA	NA	NA	NA	NA	NA	NA	NA
NA	NA	NA	NA	NA	NA	NA	NA	NA	NA	NA	NA	NA	NA	NA	NA
NA	NA	NA	NA	NA	NA	NA	NA	NA	NA	NA	NA	NA	NA	NA	NA
NA	NA	NA	NA	NA	NA	NA	NA	NA	NA	NA	NA	NA	NA	NA	NA
NA	NA	NA	NA	NA	NA	NA	NA	NA	NA	NA	NA	NA	NA	NA	NA
NA	NA	NA	NA	NA	NA	NA	NA	NA	NA	NA	NA	NA	NA	NA	NA
NA	NA	NA	NA	NA	NA	NA	NA	NA	NA	NA	NA	NA	NA	NA	NA
NA	NA	NA	NA	NA	NA	NA	NA	NA	NA	NA	NA	NA	NA	NA	NA
NA	NA	NA	NA	NA	NA	NA	NA	NA	NA	NA	NA	NA	NA	NA	NA
NA	NA	NA	NA	NA	NA	NA	NA	NA	NA	NA	NA	NA	NA	NA	NA
NA	NA	NA	NA	NA	NA	NA	NA	NA	NA	NA	NA	NA	NA	NA	NA
NA	NA	NA	NA	NA	NA	NA	NA	NA	NA	NA	NA	NA	NA	NA	NA
NA	NA	NA	NA	NA	NA	NA	NA	NA	NA	NA	NA	NA	NA	NA	NA
NA	NA	NA	NA	NA	NA	NA	NA	NA	NA	NA	NA	NA	NA	NA	NA
NA	NA	NA	NA	NA	NA	NA	NA	NA	NA	NA	NA	NA	NA	NA	NA
NA	NA	NA	NA	NA	NA	NA	NA	NA	NA	NA	NA	NA	NA	NA	NA
NA	NA	NA	NA	NA	NA	NA	NA	NA	NA	NA	NA	NA	NA	NA	NA
NA	NA	NA	NA	NA	NA	NA	NA	NA	NA	NA	NA	NA	NA	NA	NA
NA	NA	NA	NA	NA	NA	NA	NA	NA	NA	NA	NA	NA	NA	NA	NA
NA	NA	NA	NA	NA	NA	NA	NA	NA	NA	NA	NA	NA	NA	NA	NA
NA	NA	NA	NA	NA	NA	NA	NA	NA	NA	NA	NA	NA	NA	NA	NA
NA	NA	NA	NA	NA	NA	NA	NA	NA	NA	NA	NA	NA	NA	NA	NA
NA	NA	NA	NA	NA	NA	NA	NA	NA	NA	NA	NA	NA	NA	NA	NA
NA	NA	NA	NA	NA	NA	NA	NA	NA	NA	NA	NA	NA	NA	NA	NA
NA	NA	NA	NA	NA	NA	NA	NA	NA	NA	NA	NA	NA	NA	NA	NA
NA	NA	NA	NA	NA	NA	NA	NA	NA	NA	NA	NA	NA	NA	NA	NA
NA	NA	NA	NA	NA	NA	NA	NA	NA	NA	NA	NA	NA	NA	NA	NA
NA	NA	NA	NA	NA	NA	NA	NA	NA	NA	NA	NA	NA	NA	NA	NA
NA	NA	NA	NA	NA	NA	NA	NA	NA	NA	NA	NA	NA	NA	NA	NA
NA	NA	NA	NA	NA	NA	NA	NA	NA	NA	NA	NA	NA	NA	NA	NA
NA	NA	NA	NA	NA	NA	NA	NA	NA	NA	NA	NA	NA	NA	NA	NA
NA	NA	NA	NA	NA	NA	NA	NA	NA	NA	NA	NA	NA	NA	NA	NA
NA	NA	NA	NA	NA	NA	NA	NA	NA	NA	NA	NA	NA	NA	NA	NA
NA	NA	NA	NA	NA	NA	NA	NA	NA	NA	NA	NA	NA	NA	NA	NA
NA	NA	NA	NA	NA	NA	NA	NA	NA	NA	NA	NA	NA	NA	NA	NA
NA	NA	NA	NA	NA	NA	NA	NA	NA	NA	NA	NA	NA	NA	NA	NA
NA	NA	NA	NA	NA	NA	NA	NA	NA	NA	NA	NA	NA	NA	NA	NA
NA	NA	NA	NA	NA	NA	NA	NA	NA	NA	NA	NA	NA	NA	NA	NA
NA	NA	NA	NA	NA	NA	NA	NA	NA	NA	NA	NA	NA	NA	NA	NA
NA	NA	NA	NA	NA	NA	NA	NA	NA	NA	NA	NA	NA	NA	NA	NA
NA	NA	NA	NA	NA	NA	NA	NA	NA	NA	NA	NA	NA	NA	NA	NA
NA	NA	NA	NA	NA	NA	NA	NA	NA	NA	NA	NA	NA	NA	NA	NA
NA	NA	NA	NA	NA	NA	NA	NA	NA	NA	NA	NA	NA	NA	NA	NA
NA	NA	NA	NA	NA	NA	NA	NA	NA	NA	NA	NA	NA	NA	NA	NA
NA	NA	NA	NA	NA	NA	NA	NA	NA	NA	NA	NA	NA	NA	NA	NA
NA	NA	NA	NA	NA	NA	NA	NA	NA	NA	NA	NA	NA	NA	NA	NA
NA	NA	NA	NA	NA	NA	NA	NA	NA	NA	NA	NA	NA	NA	NA	NA
NA	NA	NA	NA	NA	NA	NA	NA	NA	NA	NA	NA	NA	NA	NA	NA
NA	NA	NA	NA	NA	NA	NA	NA	NA	NA	NA	NA	NA	NA	NA	NA
NA	NA	NA	NA	NA	NA	NA	NA	NA	NA	NA	NA	NA	NA	NA	NA
NA	NA	NA	NA	NA	NA	NA	NA	NA	NA	NA	NA	NA	NA	NA	NA
NA	NA	NA	NA	NA	NA	NA	NA	NA	NA	NA	NA	NA	NA	NA	NA
NA	NA	NA	NA	NA	NA	NA	NA	NA	NA	NA	NA	NA	NA	NA	NA
NA	NA	NA	NA	NA	NA	NA	NA	NA	NA	NA	NA	NA	NA	NA	NA
NA	NA	NA	NA	NA	NA	NA	NA	NA	NA	NA	NA	NA	NA	NA	NA
NA	NA	NA	NA	NA	NA	NA	NA	NA	NA	NA	NA	NA	NA	NA	NA
NA	NA	NA	NA	NA	NA	NA	NA	NA	NA	NA	NA	NA	NA	NA	NA
NA	NA	NA	NA	NA	NA	NA	NA	NA	NA	NA	NA	NA	NA	NA	NA
NA	NA	NA	NA	NA	NA	NA	NA	NA	NA	NA	NA	NA	NA	NA	NA
NA	NA	NA	NA	NA	NA	NA	NA	NA	NA	NA	NA	NA	NA	NA	NA
NA	NA	NA	NA	NA	NA	NA	NA	NA	NA	NA	NA	NA	NA	NA	NA
NA	NA	NA	NA	NA	NA	NA	NA	NA	NA	NA	NA	NA	NA	NA	NA
NA	NA	NA	NA	NA	NA	NA	NA	NA	NA	NA	NA	NA	NA	NA	NA
NA	NA	NA	NA	NA	NA	NA	NA	NA	NA	NA	NA	NA	NA	NA	NA
NA	NA	NA	NA	NA	NA	NA	NA	NA	NA	NA	NA	NA	NA	NA	NA
NA	NA	NA	NA	NA	NA	NA	NA	NA	NA	NA	NA	NA	NA	NA	NA
NA	NA	NA	NA	NA	NA	NA	NA	NA	NA	NA	NA	NA	NA	NA	NA
NA	NA	NA	NA	NA	NA	NA	NA	NA	NA	NA	NA	NA	NA	NA	NA
NA	NA	NA	NA	NA	NA	NA	NA	NA	NA	NA	NA	NA	NA	NA	NA
NA	NA	NA	NA	NA	NA	NA	NA	NA	NA	NA	NA	NA	NA	NA	NA
NA	NA	NA	NA	NA	NA	NA	NA	NA	NA	NA	NA	NA	NA	NA	NA
NA	NA	NA	NA	NA	NA	NA	NA	NA	NA	NA	NA	NA	NA	NA	NA
NA	NA	NA	NA	NA	NA	NA	NA	NA	NA	NA	NA	NA	NA	NA	NA
NA	NA	NA	NA	NA	NA	NA	NA	NA	NA	NA	NA	NA	NA	NA	NA
NA	NA	NA	NA	NA	NA	NA	NA	NA	NA	NA	NA	NA	NA	NA	NA
NA	NA	NA	NA	NA	NA	NA	NA	NA	NA	NA	NA	NA	NA	NA	NA
NA	NA	NA	NA	NA	NA	NA	NA	NA	NA	NA	NA	NA	NA	NA	NA
NA	NA	NA	NA	NA	NA	NA	NA	NA	NA	NA	NA	NA	NA	NA	NA
NA	NA	NA	NA	NA	NA	NA	NA	NA	NA	NA	NA	NA	NA	NA	NA
NA	NA	NA	NA	NA	NA	NA	NA	NA	NA	NA	NA	NA	NA	NA	NA
NA	NA	NA	NA	NA	NA	NA	NA	NA	NA	NA	NA	NA	NA	NA	NA
NA	NA	NA	NA	NA	NA	NA	NA	NA	NA	NA	NA	NA	NA	NA	NA
NA	NA	NA	NA	NA	NA	NA	NA	NA	NA	NA	NA	NA	NA	NA	NA
NA	NA	NA	NA	NA	NA	NA	NA	NA	NA	NA	NA	NA	NA	NA	NA
NA	NA	NA	NA	NA	NA	NA	NA	NA	NA	NA	NA	NA	NA	NA	NA
NA	NA	NA	NA	NA	NA	NA	NA	NA	NA	NA	NA	NA	NA	NA	NA
NA	NA	NA	NA	NA	NA	NA	NA	NA	NA	NA	NA	NA	NA	NA	NA
NA	NA	NA	NA	NA	NA	NA	NA	NA	NA	NA	NA	NA	NA	NA	NA
NA	NA	NA	NA	NA	NA	NA	NA	NA	NA	NA	NA	NA	NA	NA	NA
NA	NA	NA	NA	NA	NA	NA	NA	NA	NA	NA	NA	NA	NA	NA	NA
NA	NA	NA	NA	NA	NA	NA	NA	NA	NA	NA	NA	NA	NA	NA	NA
NA	NA	NA	NA	NA	NA	NA	NA	NA	NA	NA	NA	NA	NA	NA	NA
NA	NA	NA	NA	NA	NA	NA	NA	NA	NA	NA	NA	NA	NA	NA	NA
NA	NA	NA	NA	NA	NA	NA	NA	NA	NA	NA	NA	NA	NA	NA	NA
NA	NA	NA	NA	NA	NA	NA	NA	NA	NA	NA	NA	NA	NA	NA	NA
NA	NA	NA	NA	NA	NA	NA	NA	NA	NA	NA	NA	NA	NA	NA	NA
NA	NA	NA	NA	NA	NA	NA	NA	NA	NA	NA	NA	NA	NA	NA	NA
NA	NA	NA	NA	NA	NA	NA	NA	NA	NA	NA	NA	NA	NA	NA	NA
NA	NA	NA	NA	NA	NA	NA	NA	NA	NA	NA	NA	NA	NA	NA	NA
NA	NA	NA	NA	NA	NA	NA	NA	NA	NA	NA	NA	NA	NA	NA	NA
NA	NA	NA	NA	NA	NA	NA	NA	NA	NA	NA	NA	NA	NA	NA	NA
NA	NA	NA	NA	NA	NA	NA	NA	NA	NA	NA	NA	NA	NA	NA	NA
NA	NA	NA	NA	NA	NA	NA	NA	NA	NA	NA	NA	NA	NA	NA	NA
NA	NA	NA	NA	NA	NA	NA	NA	NA	NA	NA	NA	NA	NA	NA	NA
NA	NA	NA	NA	NA	NA	NA	NA	NA	NA	NA	NA	NA	NA	NA	NA
NA	NA	NA	NA	NA	NA	NA	NA	NA	NA	NA	NA	NA	NA	NA	NA
NA	NA	NA	NA	NA	NA	NA	NA	NA	NA	NA	NA	NA	NA	NA	NA
NA	NA	NA	NA	NA	NA	NA	NA	NA	NA	NA	NA	NA	NA	NA	NA
NA	NA	NA	NA	NA	NA	NA	NA	NA	NA	NA	NA	NA	NA	NA	NA
NA	NA	NA	NA	NA	NA	NA	NA	NA	NA	NA	NA	NA	NA	NA	NA
NA	NA	NA	NA	NA	NA	NA	NA	NA	NA	NA	NA	NA	NA	NA	NA
NA	NA	NA	NA	NA	NA	NA	NA	NA	NA	NA	NA	NA	NA	NA	NA
NA	NA	NA	NA	NA	NA	NA	NA	NA	NA	NA	NA	NA	NA	NA	NA
NA	NA	NA	NA	NA	NA	NA	NA	NA	NA	NA	NA	NA	NA	NA	NA
NA	NA	NA	NA	NA	NA	NA	NA	NA	NA	NA	NA	NA	NA	NA	NA
NA	NA	NA	NA	NA	NA	NA	NA	NA	NA	NA	NA	NA	NA	NA	NA
NA	NA	NA	NA	NA	NA	NA	NA	NA	NA	NA	NA	NA	NA	NA	NA
NA	NA	NA	NA	NA	NA	NA	NA	NA	NA	NA	NA	NA	NA	NA	NA
NA	NA	NA	NA	NA	NA	NA	NA	NA	NA	NA	NA	NA	NA	NA	NA
NA	NA	NA	NA	NA	NA	NA	NA	NA	NA	NA	NA	NA	NA	NA	NA
NA	NA	NA	NA	NA	NA	NA	NA	NA	NA	NA	NA	NA	NA	NA	NA
NA	NA	NA	NA	NA	NA	NA	NA	NA	NA	NA	NA	NA	NA	NA	NA
NA	NA	NA	NA	NA	NA	NA	NA	NA	NA	NA	NA	NA	NA	NA	NA
NA	NA	NA	NA	NA	NA	NA	NA	NA	NA	NA	NA	NA	NA	NA	NA
NA	NA	NA	NA	NA	NA	NA	NA	NA	NA	NA	NA	NA	NA	NA	NA
NA	NA	NA	NA	NA	NA	NA	NA	NA	NA	NA	NA	NA	NA	NA	NA
NA	NA	NA	NA	NA	NA	NA	NA	NA	NA	NA	NA	NA	NA	NA	NA
NA	NA	NA	NA	NA	NA	NA	NA	NA	NA	NA	NA	NA	NA	NA	NA
NA	NA	NA	NA	NA	NA	NA	NA	NA	NA	NA	NA	NA	NA	NA	NA
NA	NA	NA	NA	NA	NA	NA	NA	NA	NA	NA	NA	NA	NA	NA	NA
NA	NA	NA	NA	NA	NA	NA	NA	NA	NA	NA	NA	NA	NA	NA	NA
NA	NA	NA	NA	NA	NA	NA	NA	NA	NA	NA	NA	NA	NA	NA	NA
NA	NA	NA	NA	NA	NA	NA	NA	NA	NA	NA	NA	NA	NA	NA	NA
NA	NA	NA	NA	NA	NA	NA	NA	NA	NA	NA	NA	NA	NA	NA	NA
NA	NA	NA	NA	NA	NA	NA	NA	NA	NA	NA	NA	NA	NA	NA	NA
NA	NA	NA	NA	NA	NA	NA	NA	NA	NA	NA	NA	NA	NA	NA	NA
NA	NA	NA	NA	NA	NA	NA	NA	NA	NA	NA	NA	NA	NA	NA	NA
NA	NA	NA	NA	NA	NA	NA	NA	NA	NA	NA	NA	NA	NA	NA	NA
NA	NA	NA	NA	NA	NA	NA	NA	NA	NA	NA	NA	NA	NA	NA	NA
NA	NA	NA	NA	NA	NA	NA	NA	NA	NA	NA	NA	NA	NA	NA	NA
NA	NA	NA	NA	NA	NA	NA	NA	NA	NA	NA	NA	NA	NA	NA	NA
NA	NA	NA	NA	NA	NA	NA	NA	NA	NA	NA	NA	NA	NA	NA	NA
NA	NA	NA	NA	NA	NA	NA	NA	NA	NA	NA	NA	NA	NA	NA	NA
NA	NA	NA	NA	NA	NA	NA	NA	NA	NA	NA	NA	NA	NA	NA	NA
NA	NA	NA	NA	NA	NA	NA	NA	NA	NA	NA	NA	NA	NA	NA	NA
NA	NA	NA	NA	NA	NA	NA	NA	NA	NA	NA	NA	NA	NA	NA	NA
NA	NA	NA	NA	NA	NA	NA	NA	NA	NA	NA	NA	NA	NA	NA	NA
NA	NA	NA	NA	NA	NA	NA	NA	NA	NA	NA	NA	NA	NA	NA	NA
NA	NA	NA	NA	NA	NA	NA	NA	NA	NA	NA	NA	NA	NA	NA	NA
NA	NA	NA	NA	NA	NA	NA	NA	NA	NA	NA	NA	NA	NA	NA	NA
NA	NA	NA	NA	NA	NA	NA	NA	NA	NA	NA	NA	NA	NA	NA	NA
NA	NA	NA	NA	NA	NA	NA	NA	NA	NA	NA	NA	NA	NA	NA	NA
NA	NA	NA	NA	NA	NA	NA	NA	NA	NA	NA	NA	NA	NA	NA	NA
NA	NA	NA	NA	NA	NA	NA	NA	NA	NA	NA	NA	NA	NA	NA	NA
NA	NA	NA	NA	NA	NA	NA	NA	NA	NA	NA	NA	NA	NA	NA	NA
NA	NA	NA	NA	NA	NA	NA	NA	NA	NA	NA	NA	NA	NA	NA	NA
NA	NA	NA	NA	NA	NA	NA	NA	NA	NA	NA	NA	NA	NA	NA	NA
NA	NA	NA	NA	NA	NA	NA	NA	NA	NA	NA	NA	NA	NA	NA	NA
NA	NA	NA	NA	NA	NA	NA	NA	NA	NA	NA	NA	NA	NA	NA	NA
NA	NA	NA	NA	NA	NA	NA	NA	NA	NA	NA	NA	NA	NA	NA	NA
NA	NA	NA	NA	NA	NA	NA	NA	NA	NA	NA	NA	NA	NA	NA	NA
NA	NA	NA	NA	NA	NA	NA	NA	NA	NA	NA	NA	NA	NA	NA	NA
NA	NA	NA	NA	NA	NA	NA	NA	NA	NA	NA	NA	NA	NA	NA	NA
NA	NA	NA	NA	NA	NA	NA	NA	NA	NA	NA	NA	NA	NA	NA	NA
NA	NA	NA	NA	NA	NA	NA	NA	NA	NA	NA	NA	NA	NA	NA	NA
NA	NA	NA	NA	NA	NA	NA	NA	NA	NA	NA	NA	NA	NA	NA	NA
NA	NA	NA	NA	NA	NA	NA	NA	NA	NA	NA	NA	NA	NA	NA	NA
NA	NA	NA	NA	NA	NA	NA	NA	NA	NA	NA	NA	NA	NA	NA	NA
NA	NA	NA	NA	NA	NA	NA	NA	NA	NA	NA	NA	NA	NA	NA	NA
NA	NA	NA	NA	NA	NA	NA	NA	NA	NA	NA	NA	NA	NA	NA	NA
NA	NA	NA	NA	NA	NA	NA	NA	NA	NA	NA	NA	NA	NA	NA	NA
NA	NA	NA	NA	NA	NA	NA	NA	NA	NA	NA	NA	NA	NA	NA	NA
NA	NA	NA	NA	NA	NA	NA	NA	NA	NA	NA	NA	NA	NA	NA	NA
NA	NA	NA	NA	NA	NA	NA	NA	NA	NA	NA	NA	NA	NA	NA	NA
NA	NA	NA	NA	NA	NA	NA	NA	NA	NA	NA	NA	NA	NA	NA	NA
NA	NA	NA	NA	NA	NA	NA	NA	NA	NA	NA	NA	NA	NA	NA	NA
NA	NA	NA	NA	NA	NA	NA	NA	NA	NA	NA	NA	NA	NA	NA	NA
NA	NA	NA	NA	NA	NA	NA	NA	NA	NA	NA	NA	NA	NA	NA	NA
NA	NA	NA	NA	NA	NA	NA	NA	NA	NA	NA	NA	NA	NA	NA	NA
NA	NA	NA	NA	NA	NA	NA	NA	NA	NA	NA	NA	NA	NA	NA	NA
NA	NA	NA	NA	NA	NA	NA	NA	NA	NA	NA	NA	NA	NA	NA	NA
NA	NA	NA	NA	NA	NA	NA	NA	NA	NA	NA	NA	NA	NA	NA	NA
NA	NA	NA	NA	NA	NA	NA	NA	NA	NA	NA	NA	NA	NA	NA	NA
NA	NA	NA	NA	NA	NA	NA	NA	NA	NA	NA	NA	NA	NA	NA	NA
NA	NA	NA	NA	NA	NA	NA	NA	NA	NA	NA	NA	NA	NA	NA	NA
NA	NA	NA	NA	NA	NA	NA	NA	NA	NA	NA	NA	NA	NA	NA	NA
NA	NA	NA	NA	NA	NA	NA	NA	NA	NA	NA	NA	NA	NA	NA	NA
NA	NA	NA	NA	NA	NA	NA	NA	NA	NA	NA	NA	NA	NA	NA	NA
NA	NA	NA	NA	NA	NA	NA	NA	NA	NA	NA	NA	NA	NA	NA	NA
NA	NA	NA	NA	NA	NA	NA	NA	NA	NA	NA	NA	NA	NA	NA	NA
NA	NA	NA	NA	NA	NA	NA	NA	NA	NA	NA	NA	NA	NA	NA	NA
NA	NA	NA	NA	NA	NA	NA	NA	NA	NA	NA	NA	NA	NA	NA	NA
NA	NA	NA	NA	NA	NA	NA	NA	NA	NA	NA	NA	NA	NA	NA	NA
NA	NA	NA	NA	NA	NA	NA	NA	NA	NA	NA	NA	NA	NA	NA	NA
NA	NA	NA	NA	NA	NA	NA	NA	NA	NA	NA	NA	NA	NA	NA	NA
NA	NA	NA	NA	NA	NA	NA	NA	NA	NA	NA	NA	NA	NA	NA	NA
NA	NA	NA	NA	NA	NA	NA	NA	NA	NA	NA	NA	NA	NA	NA	NA
NA	NA	NA	NA	NA	NA	NA	NA	NA	NA	NA	NA	NA	NA	NA	NA
NA	NA	NA	NA	NA	NA	NA	NA	NA	NA	NA	NA	NA	NA	NA	NA
NA	NA	NA	NA	NA	NA	NA	NA	NA	NA	NA	NA	NA	NA	NA	NA
NA	NA	NA	NA	NA	NA	NA	NA	NA	NA	NA	NA	NA	NA	NA	NA
NA	NA	NA	NA	NA	NA	NA	NA	NA	NA	NA	NA	NA	NA	NA	NA
NA	NA	NA	NA	NA	NA	NA	NA	NA	NA	NA	NA	NA	NA	NA	NA
NA	NA	NA	NA	NA	NA	NA	NA	NA	NA	NA	NA	NA	NA	NA	NA
NA	NA	NA	NA	NA	NA	NA	NA	NA	NA	NA	NA	NA	NA	NA	NA
NA	NA	NA	NA	NA	NA	NA	NA	NA	NA	NA	NA	NA	NA	NA	NA
NA	NA	NA	NA	NA	NA	NA	NA	NA	NA	NA	NA	NA	NA	NA	NA
NA	NA	NA	NA	NA	NA	NA	NA	NA	NA	NA	NA	NA	NA	NA	NA
NA	NA	NA	NA	NA	NA	NA	NA	NA	NA	NA	NA	NA	NA	NA	NA
NA	NA	NA	NA	NA	NA	NA	NA	NA	NA	NA	NA	NA	NA	NA	NA
NA	NA	NA	NA	NA	NA	NA	NA	NA	NA	NA	NA	NA	NA	NA	NA
NA	NA	NA	NA	NA	NA	NA	NA	NA	NA	NA	NA	NA	NA	NA	NA
NA	NA	NA	NA	NA	NA	NA	NA	NA	NA	NA	NA	NA	NA	NA	NA
NA	NA	NA	NA	NA	NA	NA	NA	NA	NA	NA	NA	NA	NA	NA	NA
NA	NA	NA	NA	NA	NA	NA	NA	NA	NA	NA	NA	NA	NA	NA	NA
NA	NA	NA	NA	NA	NA	NA	NA	NA	NA	NA	NA	NA	NA	NA	NA
NA	NA	NA	NA	NA	NA	NA	NA	NA	NA	NA	NA	NA	NA	NA	NA
NA	NA	NA	NA	NA	NA	NA	NA	NA	NA	NA	NA	NA	NA	NA	NA
NA	NA	NA	NA	NA	NA	NA	NA	NA	NA	NA	NA	NA	NA	NA	NA
NA	NA	NA	NA	NA	NA	NA	NA	NA	NA	NA	NA	NA	NA	NA	NA
NA	NA	NA	NA	NA	NA	NA	NA	NA	NA	NA	NA	NA	NA	NA	NA
NA	NA	NA	NA	NA	NA	NA	NA	NA	NA	NA	NA	NA	NA	NA	NA
NA	NA	NA	NA	NA	NA	NA	NA	NA	NA	NA	NA	NA	NA	NA	NA
NA	NA	NA	NA	NA	NA	NA	NA	NA	NA	NA	NA	NA	NA	NA	NA
NA	NA	NA	NA	NA	NA	NA	NA	NA	NA	NA	NA	NA	NA	NA	NA
NA	NA	NA	NA	NA	NA	NA	NA	NA	NA	NA	NA	NA	NA	NA	NA
NA	NA	NA	NA	NA	NA	NA	NA	NA	NA	NA	NA	NA	NA	NA	NA
NA	NA	NA	NA	NA	NA	NA	NA	NA	NA	NA	NA	NA	NA	NA	NA
NA	NA	NA	NA	NA	NA	NA	NA	NA	NA	NA	NA	NA	NA	NA	NA
NA	NA	NA	NA	NA	NA	NA	NA	NA	NA	NA	NA	NA	NA	NA	NA
NA	NA	NA	NA	NA	NA	NA	NA	NA	NA	NA	NA	NA	NA	NA	NA
NA	NA	NA	NA	NA	NA	NA	NA	NA	NA	NA	NA	NA	NA	NA	NA
NA	NA	NA	NA	NA	NA	NA	NA	NA	NA	NA	NA	NA	NA	NA	NA
NA	NA	NA	NA	NA	NA	NA	NA	NA	NA	NA	NA	NA	NA	NA	NA
NA	NA	NA	NA	NA	NA	NA	NA	NA	NA	NA	NA	NA	NA	NA	NA
NA	NA	NA	NA	NA	NA	NA	NA	NA	NA	NA	NA	NA	NA	NA	NA
NA	NA	NA	NA	NA	NA	NA	NA	NA	NA	NA	NA	NA	NA	NA	NA
NA	NA	NA	NA	NA	NA	NA	NA	NA	NA	NA	NA	NA	NA	NA	NA
NA	NA	NA	NA	NA	NA	NA	NA	NA	NA	NA	NA	NA	NA	NA	NA
NA	NA	NA	NA	NA	NA	NA	NA	NA	NA	NA	NA	NA	NA	NA	NA
NA	NA	NA	NA	NA	NA	NA	NA	NA	NA	NA	NA	NA	NA	NA	NA
NA	NA	NA	NA	NA	NA	NA	NA	NA	NA	NA	NA	NA	NA	NA	NA
NA	NA	NA	NA	NA	NA	NA	NA	NA	NA	NA	NA	NA	NA	NA	NA
NA	NA	NA	NA	NA	NA	NA	NA	NA	NA	NA	NA	NA	NA	NA	NA
NA	NA	NA	NA	NA	NA	NA	NA	NA	NA	NA	NA	NA	NA	NA	NA
NA	NA	NA	NA	NA	NA	NA	NA	NA	NA	NA	NA	NA	NA	NA	NA
NA	NA	NA	NA	NA	NA	NA	NA	NA	NA	NA	NA	NA	NA	NA	NA
NA	NA	NA	NA	NA	NA	NA	NA	NA	NA	NA	NA	NA	NA	NA	NA
NA	NA	NA	NA	NA	NA	NA	NA	NA	NA	NA	NA	NA	NA	NA	NA
NA	NA	NA	NA	NA	NA	NA	NA	NA	NA	NA	NA	NA	NA	NA	NA
NA	NA	NA	NA	NA	NA	NA	NA	NA	NA	NA	NA	NA	NA	NA	NA
NA	NA	NA	NA	NA	NA	NA	NA	NA	NA	NA	NA	NA	NA	NA	NA
NA	NA	NA	NA	NA	NA	NA	NA	NA	NA	NA	NA	NA	NA	NA	NA
NA	NA	NA	NA	NA	NA	NA	NA	NA	NA	NA	NA	NA	NA	NA	NA
NA	NA	NA	NA	NA	NA	NA	NA	NA	NA	NA	NA	NA	NA	NA	NA
NA	NA	NA	NA	NA	NA	NA	NA	NA	NA	NA	NA	NA	NA	NA	NA
NA	NA	NA	NA	NA	NA	NA	NA	NA	NA	NA	NA	NA	NA	NA	NA
NA	NA	NA	NA	NA	NA	NA	NA	NA	NA	NA	NA	NA	NA	NA	NA
NA	NA	NA	NA	NA	NA	NA	NA	NA	NA	NA	NA	NA	NA	NA	NA
NA	NA	NA	NA	NA	NA	NA	NA	NA	NA	NA	NA	NA	NA	NA	NA
NA	NA	NA	NA	NA	NA	NA	NA	NA	NA	NA	NA	NA	NA	NA	NA
NA	NA	NA	NA	NA	NA	NA	NA	NA	NA	NA	NA	NA	NA	NA	NA
NA	NA	NA	NA	NA	NA	NA	NA	NA	NA	NA	NA	NA	NA	NA	NA
NA	NA	NA	NA	NA	NA	NA	NA	NA	NA	NA	NA	NA	NA	NA	NA
NA	NA	NA	NA	NA	NA	NA	NA	NA	NA	NA	NA	NA	NA	NA	NA
NA	NA	NA	NA	NA	NA	NA	NA	NA	NA	NA	NA	NA	NA	NA	NA
NA	NA	NA	NA	NA	NA	NA	NA	NA	NA	NA	NA	NA	NA	NA	NA
NA	NA	NA	NA	NA	NA	NA	NA	NA	NA	NA	NA	NA	NA	NA	NA
NA	NA	NA	NA	NA	NA	NA	NA	NA	NA	NA	NA	NA	NA	NA	NA
NA	NA	NA	NA	NA	NA	NA	NA	NA	NA	NA	NA	NA	NA	NA	NA
NA	NA	NA	NA	NA	NA	NA	NA	NA	NA	NA	NA	NA	NA	NA	NA
NA	NA	NA	NA	NA	NA	NA	NA	NA	NA	NA	NA	NA	NA	NA	NA
NA	NA	NA	NA	NA	NA	NA	NA	NA	NA	NA	NA	NA	NA	NA	NA
NA	NA	NA	NA	NA	NA	NA	NA	NA	NA	NA	NA	NA	NA	NA	NA
NA	NA	NA	NA	NA	NA	NA	NA	NA	NA	NA	NA	NA	NA	NA	NA
NA	NA	NA	NA	NA	NA	NA	NA	NA	NA	NA	NA	NA	NA	NA	NA
NA	NA	NA	NA	NA	NA	NA	NA	NA	NA	NA	NA	NA	NA	NA	NA
