X1	X2	X3	X4	X1.1	X2.1	X3.1	X4.1	X1.2	X2.2	X3.2	X4.2	X1.3	X2.3	X3.3	X4.3
NA	NA	NA	NA	NA	NA	NA	NA	NA	NA	NA	NA	NA	NA	NA	NA
NA	NA	NA	NA	NA	NA	NA	NA	NA	NA	NA	NA	NA	NA	NA	NA
NA	NA	NA	NA	NA	NA	NA	NA	NA	NA	NA	NA	NA	NA	NA	NA
NA	NA	NA	NA	NA	NA	NA	NA	NA	NA	NA	NA	NA	NA	NA	NA
NA	NA	NA	NA	NA	NA	NA	NA	NA	NA	NA	NA	NA	NA	NA	NA
NA	NA	NA	NA	NA	NA	NA	NA	NA	NA	NA	NA	NA	NA	NA	NA
NA	NA	NA	NA	NA	NA	NA	NA	NA	NA	NA	NA	NA	NA	NA	NA
NA	NA	NA	NA	NA	NA	NA	NA	NA	NA	NA	NA	NA	NA	NA	NA
NA	NA	NA	NA	NA	NA	NA	NA	NA	NA	NA	NA	NA	NA	NA	NA
NA	NA	NA	NA	NA	NA	NA	NA	NA	NA	NA	NA	NA	NA	NA	NA
NA	NA	NA	NA	NA	NA	NA	NA	NA	NA	NA	NA	NA	NA	NA	NA
NA	NA	NA	NA	NA	NA	NA	NA	NA	NA	NA	NA	NA	NA	NA	NA
NA	NA	NA	NA	NA	NA	NA	NA	NA	NA	NA	NA	NA	NA	NA	NA
NA	NA	NA	NA	NA	NA	NA	NA	NA	NA	NA	NA	NA	NA	NA	NA
NA	NA	NA	NA	NA	NA	NA	NA	NA	NA	NA	NA	NA	NA	NA	NA
NA	NA	NA	NA	NA	NA	NA	NA	NA	NA	NA	NA	NA	NA	NA	NA
NA	NA	NA	NA	NA	NA	NA	NA	NA	NA	NA	NA	NA	NA	NA	NA
NA	NA	NA	NA	NA	NA	NA	NA	NA	NA	NA	NA	NA	NA	NA	NA
NA	NA	NA	NA	NA	NA	NA	NA	NA	NA	NA	NA	NA	NA	NA	NA
NA	NA	NA	NA	NA	NA	NA	NA	NA	NA	NA	NA	NA	NA	NA	NA
NA	NA	NA	NA	NA	NA	NA	NA	NA	NA	NA	NA	NA	NA	NA	NA
NA	NA	NA	NA	NA	NA	NA	NA	NA	NA	NA	NA	NA	NA	NA	NA
NA	NA	NA	NA	NA	NA	NA	NA	NA	NA	NA	NA	NA	NA	NA	NA
NA	NA	NA	NA	NA	NA	NA	NA	NA	NA	NA	NA	NA	NA	NA	NA
NA	NA	NA	NA	NA	NA	NA	NA	NA	NA	NA	NA	NA	NA	NA	NA
NA	NA	NA	NA	NA	NA	NA	NA	NA	NA	NA	NA	NA	NA	NA	NA
NA	NA	NA	NA	NA	NA	NA	NA	NA	NA	NA	NA	NA	NA	NA	NA
NA	NA	NA	NA	NA	NA	NA	NA	NA	NA	NA	NA	NA	NA	NA	NA
NA	NA	NA	NA	NA	NA	NA	NA	NA	NA	NA	NA	NA	NA	NA	NA
NA	NA	NA	NA	NA	NA	NA	NA	NA	NA	NA	NA	NA	NA	NA	NA
NA	NA	NA	NA	NA	NA	NA	NA	NA	NA	NA	NA	NA	NA	NA	NA
NA	NA	NA	NA	NA	NA	NA	NA	NA	NA	NA	NA	NA	NA	NA	NA
NA	NA	NA	NA	NA	NA	NA	NA	NA	NA	NA	NA	NA	NA	NA	NA
NA	NA	NA	NA	NA	NA	NA	NA	NA	NA	NA	NA	NA	NA	NA	NA
NA	NA	NA	NA	NA	NA	NA	NA	NA	NA	NA	NA	NA	NA	NA	NA
NA	NA	NA	NA	NA	NA	NA	NA	NA	NA	NA	NA	NA	NA	NA	NA
NA	NA	NA	NA	NA	NA	NA	NA	NA	NA	NA	NA	NA	NA	NA	NA
NA	NA	NA	NA	NA	NA	NA	NA	NA	NA	NA	NA	NA	NA	NA	NA
NA	NA	NA	NA	NA	NA	NA	NA	NA	NA	NA	NA	NA	NA	NA	NA
NA	NA	NA	NA	NA	NA	NA	NA	NA	NA	NA	NA	NA	NA	NA	NA
NA	NA	NA	NA	NA	NA	NA	NA	NA	NA	NA	NA	NA	NA	NA	NA
NA	NA	NA	NA	NA	NA	NA	NA	NA	NA	NA	NA	NA	NA	NA	NA
NA	NA	NA	NA	NA	NA	NA	NA	NA	NA	NA	NA	NA	NA	NA	NA
NA	NA	NA	NA	NA	NA	NA	NA	NA	NA	NA	NA	NA	NA	NA	NA
NA	NA	NA	NA	NA	NA	NA	NA	NA	NA	NA	NA	NA	NA	NA	NA
NA	NA	NA	NA	NA	NA	NA	NA	NA	NA	NA	NA	NA	NA	NA	NA
NA	NA	NA	NA	NA	NA	NA	NA	NA	NA	NA	NA	NA	NA	NA	NA
NA	NA	NA	NA	NA	NA	NA	NA	NA	NA	NA	NA	NA	NA	NA	NA
NA	NA	NA	NA	NA	NA	NA	NA	NA	NA	NA	NA	NA	NA	NA	NA
NA	NA	NA	NA	NA	NA	NA	NA	NA	NA	NA	NA	NA	NA	NA	NA
NA	NA	NA	NA	NA	NA	NA	NA	NA	NA	NA	NA	NA	NA	NA	NA
NA	NA	NA	NA	NA	NA	NA	NA	NA	NA	NA	NA	NA	NA	NA	NA
NA	NA	NA	NA	NA	NA	NA	NA	NA	NA	NA	NA	NA	NA	NA	NA
NA	NA	NA	NA	NA	NA	NA	NA	NA	NA	NA	NA	NA	NA	NA	NA
NA	NA	NA	NA	NA	NA	NA	NA	NA	NA	NA	NA	NA	NA	NA	NA
NA	NA	NA	NA	NA	NA	NA	NA	NA	NA	NA	NA	NA	NA	NA	NA
NA	NA	NA	NA	NA	NA	NA	NA	NA	NA	NA	NA	NA	NA	NA	NA
NA	NA	NA	NA	NA	NA	NA	NA	NA	NA	NA	NA	NA	NA	NA	NA
NA	NA	NA	NA	NA	NA	NA	NA	NA	NA	NA	NA	NA	NA	NA	NA
NA	NA	NA	NA	NA	NA	NA	NA	NA	NA	NA	NA	NA	NA	NA	NA
NA	NA	NA	NA	NA	NA	NA	NA	NA	NA	NA	NA	NA	NA	NA	NA
NA	NA	NA	NA	NA	NA	NA	NA	NA	NA	NA	NA	NA	NA	NA	NA
NA	NA	NA	NA	NA	NA	NA	NA	NA	NA	NA	NA	NA	NA	NA	NA
NA	NA	NA	NA	NA	NA	NA	NA	NA	NA	NA	NA	NA	NA	NA	NA
NA	NA	NA	NA	NA	NA	NA	NA	NA	NA	NA	NA	NA	NA	NA	NA
NA	NA	NA	NA	NA	NA	NA	NA	NA	NA	NA	NA	NA	NA	NA	NA
NA	NA	NA	NA	NA	NA	NA	NA	NA	NA	NA	NA	NA	NA	NA	NA
NA	NA	NA	NA	NA	NA	NA	NA	NA	NA	NA	NA	NA	NA	NA	NA
NA	NA	NA	NA	NA	NA	NA	NA	NA	NA	NA	NA	NA	NA	NA	NA
NA	NA	NA	NA	NA	NA	NA	NA	NA	NA	NA	NA	NA	NA	NA	NA
NA	NA	NA	NA	NA	NA	NA	NA	NA	NA	NA	NA	NA	NA	NA	NA
NA	NA	NA	NA	NA	NA	NA	NA	NA	NA	NA	NA	NA	NA	NA	NA
NA	NA	NA	NA	NA	NA	NA	NA	NA	NA	NA	NA	NA	NA	NA	NA
NA	NA	NA	NA	NA	NA	NA	NA	NA	NA	NA	NA	NA	NA	NA	NA
NA	NA	NA	NA	NA	NA	NA	NA	NA	NA	NA	NA	NA	NA	NA	NA
NA	NA	NA	NA	NA	NA	NA	NA	NA	NA	NA	NA	NA	NA	NA	NA
NA	NA	NA	NA	NA	NA	NA	NA	NA	NA	NA	NA	NA	NA	NA	NA
NA	NA	NA	NA	NA	NA	NA	NA	NA	NA	NA	NA	NA	NA	NA	NA
NA	NA	NA	NA	NA	NA	NA	NA	NA	NA	NA	NA	NA	NA	NA	NA
NA	NA	NA	NA	NA	NA	NA	NA	NA	NA	NA	NA	NA	NA	NA	NA
NA	NA	NA	NA	NA	NA	NA	NA	NA	NA	NA	NA	NA	NA	NA	NA
NA	NA	NA	NA	NA	NA	NA	NA	NA	NA	NA	NA	NA	NA	NA	NA
NA	NA	NA	NA	NA	NA	NA	NA	NA	NA	NA	NA	NA	NA	NA	NA
NA	NA	NA	NA	NA	NA	NA	NA	NA	NA	NA	NA	NA	NA	NA	NA
NA	NA	NA	NA	NA	NA	NA	NA	NA	NA	NA	NA	NA	NA	NA	NA
NA	NA	NA	NA	NA	NA	NA	NA	NA	NA	NA	NA	NA	NA	NA	NA
NA	NA	NA	NA	NA	NA	NA	NA	NA	NA	NA	NA	NA	NA	NA	NA
NA	NA	NA	NA	NA	NA	NA	NA	NA	NA	NA	NA	NA	NA	NA	NA
NA	NA	NA	NA	NA	NA	NA	NA	NA	NA	NA	NA	NA	NA	NA	NA
NA	NA	NA	NA	NA	NA	NA	NA	NA	NA	NA	NA	NA	NA	NA	NA
NA	NA	NA	NA	NA	NA	NA	NA	NA	NA	NA	NA	NA	NA	NA	NA
NA	NA	NA	NA	NA	NA	NA	NA	NA	NA	NA	NA	NA	NA	NA	NA
NA	NA	NA	NA	NA	NA	NA	NA	NA	NA	NA	NA	NA	NA	NA	NA
NA	NA	NA	NA	NA	NA	NA	NA	NA	NA	NA	NA	NA	NA	NA	NA
NA	NA	NA	NA	NA	NA	NA	NA	NA	NA	NA	NA	NA	NA	NA	NA
NA	NA	NA	NA	NA	NA	NA	NA	NA	NA	NA	NA	NA	NA	NA	NA
NA	NA	NA	NA	NA	NA	NA	NA	NA	NA	NA	NA	NA	NA	NA	NA
NA	NA	NA	NA	NA	NA	NA	NA	NA	NA	NA	NA	NA	NA	NA	NA
NA	NA	NA	NA	NA	NA	NA	NA	NA	NA	NA	NA	NA	NA	NA	NA
NA	NA	NA	NA	NA	NA	NA	NA	NA	NA	NA	NA	NA	NA	NA	NA
NA	NA	NA	NA	NA	NA	NA	NA	NA	NA	NA	NA	NA	NA	NA	NA
NA	NA	NA	NA	NA	NA	NA	NA	NA	NA	NA	NA	NA	NA	NA	NA
NA	NA	NA	NA	NA	NA	NA	NA	NA	NA	NA	NA	NA	NA	NA	NA
NA	NA	NA	NA	NA	NA	NA	NA	NA	NA	NA	NA	NA	NA	NA	NA
NA	NA	NA	NA	NA	NA	NA	NA	NA	NA	NA	NA	NA	NA	NA	NA
NA	NA	NA	NA	NA	NA	NA	NA	NA	NA	NA	NA	NA	NA	NA	NA
NA	NA	NA	NA	NA	NA	NA	NA	NA	NA	NA	NA	NA	NA	NA	NA
NA	NA	NA	NA	NA	NA	NA	NA	NA	NA	NA	NA	NA	NA	NA	NA
NA	NA	NA	NA	NA	NA	NA	NA	NA	NA	NA	NA	NA	NA	NA	NA
NA	NA	NA	NA	NA	NA	NA	NA	NA	NA	NA	NA	NA	NA	NA	NA
NA	NA	NA	NA	NA	NA	NA	NA	NA	NA	NA	NA	NA	NA	NA	NA
NA	NA	NA	NA	NA	NA	NA	NA	NA	NA	NA	NA	NA	NA	NA	NA
NA	NA	NA	NA	NA	NA	NA	NA	NA	NA	NA	NA	NA	NA	NA	NA
NA	NA	NA	NA	NA	NA	NA	NA	NA	NA	NA	NA	NA	NA	NA	NA
NA	NA	NA	NA	NA	NA	NA	NA	NA	NA	NA	NA	NA	NA	NA	NA
NA	NA	NA	NA	NA	NA	NA	NA	NA	NA	NA	NA	NA	NA	NA	NA
NA	NA	NA	NA	NA	NA	NA	NA	NA	NA	NA	NA	NA	NA	NA	NA
NA	NA	NA	NA	NA	NA	NA	NA	NA	NA	NA	NA	NA	NA	NA	NA
NA	NA	NA	NA	NA	NA	NA	NA	NA	NA	NA	NA	NA	NA	NA	NA
NA	NA	NA	NA	NA	NA	NA	NA	NA	NA	NA	NA	NA	NA	NA	NA
NA	NA	NA	NA	NA	NA	NA	NA	NA	NA	NA	NA	NA	NA	NA	NA
NA	NA	NA	NA	NA	NA	NA	NA	NA	NA	NA	NA	NA	NA	NA	NA
NA	NA	NA	NA	NA	NA	NA	NA	NA	NA	NA	NA	NA	NA	NA	NA
NA	NA	NA	NA	NA	NA	NA	NA	NA	NA	NA	NA	NA	NA	NA	NA
NA	NA	NA	NA	NA	NA	NA	NA	NA	NA	NA	NA	NA	NA	NA	NA
NA	NA	NA	NA	NA	NA	NA	NA	NA	NA	NA	NA	NA	NA	NA	NA
NA	NA	NA	NA	NA	NA	NA	NA	NA	NA	NA	NA	NA	NA	NA	NA
NA	NA	NA	NA	NA	NA	NA	NA	NA	NA	NA	NA	NA	NA	NA	NA
NA	NA	NA	NA	NA	NA	NA	NA	NA	NA	NA	NA	NA	NA	NA	NA
NA	NA	NA	NA	NA	NA	NA	NA	NA	NA	NA	NA	NA	NA	NA	NA
NA	NA	NA	NA	NA	NA	NA	NA	NA	NA	NA	NA	NA	NA	NA	NA
NA	NA	NA	NA	NA	NA	NA	NA	NA	NA	NA	NA	NA	NA	NA	NA
NA	NA	NA	NA	NA	NA	NA	NA	NA	NA	NA	NA	NA	NA	NA	NA
NA	NA	NA	NA	NA	NA	NA	NA	NA	NA	NA	NA	NA	NA	NA	NA
NA	NA	NA	NA	NA	NA	NA	NA	NA	NA	NA	NA	NA	NA	NA	NA
NA	NA	NA	NA	NA	NA	NA	NA	NA	NA	NA	NA	NA	NA	NA	NA
NA	NA	NA	NA	NA	NA	NA	NA	NA	NA	NA	NA	NA	NA	NA	NA
NA	NA	NA	NA	NA	NA	NA	NA	NA	NA	NA	NA	NA	NA	NA	NA
NA	NA	NA	NA	NA	NA	NA	NA	NA	NA	NA	NA	NA	NA	NA	NA
NA	NA	NA	NA	NA	NA	NA	NA	NA	NA	NA	NA	NA	NA	NA	NA
NA	NA	NA	NA	NA	NA	NA	NA	NA	NA	NA	NA	NA	NA	NA	NA
NA	NA	NA	NA	NA	NA	NA	NA	NA	NA	NA	NA	NA	NA	NA	NA
NA	NA	NA	NA	NA	NA	NA	NA	NA	NA	NA	NA	NA	NA	NA	NA
NA	NA	NA	NA	NA	NA	NA	NA	NA	NA	NA	NA	NA	NA	NA	NA
NA	NA	NA	NA	NA	NA	NA	NA	NA	NA	NA	NA	NA	NA	NA	NA
NA	NA	NA	NA	NA	NA	NA	NA	NA	NA	NA	NA	NA	NA	NA	NA
NA	NA	NA	NA	NA	NA	NA	NA	NA	NA	NA	NA	NA	NA	NA	NA
NA	NA	NA	NA	NA	NA	NA	NA	NA	NA	NA	NA	NA	NA	NA	NA
NA	NA	NA	NA	NA	NA	NA	NA	NA	NA	NA	NA	NA	NA	NA	NA
NA	NA	NA	NA	NA	NA	NA	NA	NA	NA	NA	NA	NA	NA	NA	NA
NA	NA	NA	NA	NA	NA	NA	NA	NA	NA	NA	NA	NA	NA	NA	NA
NA	NA	NA	NA	NA	NA	NA	NA	NA	NA	NA	NA	NA	NA	NA	NA
NA	NA	NA	NA	NA	NA	NA	NA	NA	NA	NA	NA	NA	NA	NA	NA
NA	NA	NA	NA	NA	NA	NA	NA	NA	NA	NA	NA	NA	NA	NA	NA
NA	NA	NA	NA	NA	NA	NA	NA	NA	NA	NA	NA	NA	NA	NA	NA
NA	NA	NA	NA	NA	NA	NA	NA	NA	NA	NA	NA	NA	NA	NA	NA
NA	NA	NA	NA	NA	NA	NA	NA	NA	NA	NA	NA	NA	NA	NA	NA
NA	NA	NA	NA	NA	NA	NA	NA	NA	NA	NA	NA	NA	NA	NA	NA
NA	NA	NA	NA	NA	NA	NA	NA	NA	NA	NA	NA	NA	NA	NA	NA
NA	NA	NA	NA	NA	NA	NA	NA	NA	NA	NA	NA	NA	NA	NA	NA
NA	NA	NA	NA	NA	NA	NA	NA	NA	NA	NA	NA	NA	NA	NA	NA
NA	NA	NA	NA	NA	NA	NA	NA	NA	NA	NA	NA	NA	NA	NA	NA
NA	NA	NA	NA	NA	NA	NA	NA	NA	NA	NA	NA	NA	NA	NA	NA
NA	NA	NA	NA	NA	NA	NA	NA	NA	NA	NA	NA	NA	NA	NA	NA
NA	NA	NA	NA	NA	NA	NA	NA	NA	NA	NA	NA	NA	NA	NA	NA
NA	NA	NA	NA	NA	NA	NA	NA	NA	NA	NA	NA	NA	NA	NA	NA
NA	NA	NA	NA	NA	NA	NA	NA	NA	NA	NA	NA	NA	NA	NA	NA
NA	NA	NA	NA	NA	NA	NA	NA	NA	NA	NA	NA	NA	NA	NA	NA
NA	NA	NA	NA	NA	NA	NA	NA	NA	NA	NA	NA	NA	NA	NA	NA
NA	NA	NA	NA	NA	NA	NA	NA	NA	NA	NA	NA	NA	NA	NA	NA
NA	NA	NA	NA	NA	NA	NA	NA	NA	NA	NA	NA	NA	NA	NA	NA
NA	NA	NA	NA	NA	NA	NA	NA	NA	NA	NA	NA	NA	NA	NA	NA
NA	NA	NA	NA	NA	NA	NA	NA	NA	NA	NA	NA	NA	NA	NA	NA
NA	NA	NA	NA	NA	NA	NA	NA	NA	NA	NA	NA	NA	NA	NA	NA
NA	NA	NA	NA	NA	NA	NA	NA	NA	NA	NA	NA	NA	NA	NA	NA
NA	NA	NA	NA	NA	NA	NA	NA	NA	NA	NA	NA	NA	NA	NA	NA
NA	NA	NA	NA	NA	NA	NA	NA	NA	NA	NA	NA	NA	NA	NA	NA
NA	NA	NA	NA	NA	NA	NA	NA	NA	NA	NA	NA	NA	NA	NA	NA
NA	NA	NA	NA	NA	NA	NA	NA	NA	NA	NA	NA	NA	NA	NA	NA
NA	NA	NA	NA	NA	NA	NA	NA	NA	NA	NA	NA	NA	NA	NA	NA
NA	NA	NA	NA	NA	NA	NA	NA	NA	NA	NA	NA	NA	NA	NA	NA
NA	NA	NA	NA	NA	NA	NA	NA	NA	NA	NA	NA	NA	NA	NA	NA
NA	NA	NA	NA	NA	NA	NA	NA	NA	NA	NA	NA	NA	NA	NA	NA
NA	NA	NA	NA	NA	NA	NA	NA	NA	NA	NA	NA	NA	NA	NA	NA
NA	NA	NA	NA	NA	NA	NA	NA	NA	NA	NA	NA	NA	NA	NA	NA
NA	NA	NA	NA	NA	NA	NA	NA	NA	NA	NA	NA	NA	NA	NA	NA
NA	NA	NA	NA	NA	NA	NA	NA	NA	NA	NA	NA	NA	NA	NA	NA
NA	NA	NA	NA	NA	NA	NA	NA	NA	NA	NA	NA	NA	NA	NA	NA
NA	NA	NA	NA	NA	NA	NA	NA	NA	NA	NA	NA	NA	NA	NA	NA
NA	NA	NA	NA	NA	NA	NA	NA	NA	NA	NA	NA	NA	NA	NA	NA
NA	NA	NA	NA	NA	NA	NA	NA	NA	NA	NA	NA	NA	NA	NA	NA
NA	NA	NA	NA	NA	NA	NA	NA	NA	NA	NA	NA	NA	NA	NA	NA
NA	NA	NA	NA	NA	NA	NA	NA	NA	NA	NA	NA	NA	NA	NA	NA
NA	NA	NA	NA	NA	NA	NA	NA	NA	NA	NA	NA	NA	NA	NA	NA
NA	NA	NA	NA	NA	NA	NA	NA	NA	NA	NA	NA	NA	NA	NA	NA
NA	NA	NA	NA	NA	NA	NA	NA	NA	NA	NA	NA	NA	NA	NA	NA
NA	NA	NA	NA	NA	NA	NA	NA	NA	NA	NA	NA	NA	NA	NA	NA
NA	NA	NA	NA	NA	NA	NA	NA	NA	NA	NA	NA	NA	NA	NA	NA
NA	NA	NA	NA	NA	NA	NA	NA	NA	NA	NA	NA	NA	NA	NA	NA
NA	NA	NA	NA	NA	NA	NA	NA	NA	NA	NA	NA	NA	NA	NA	NA
NA	NA	NA	NA	NA	NA	NA	NA	NA	NA	NA	NA	NA	NA	NA	NA
NA	NA	NA	NA	NA	NA	NA	NA	NA	NA	NA	NA	NA	NA	NA	NA
NA	NA	NA	NA	NA	NA	NA	NA	NA	NA	NA	NA	NA	NA	NA	NA
NA	NA	NA	NA	NA	NA	NA	NA	NA	NA	NA	NA	NA	NA	NA	NA
NA	NA	NA	NA	NA	NA	NA	NA	NA	NA	NA	NA	NA	NA	NA	NA
NA	NA	NA	NA	NA	NA	NA	NA	NA	NA	NA	NA	NA	NA	NA	NA
NA	NA	NA	NA	NA	NA	NA	NA	NA	NA	NA	NA	NA	NA	NA	NA
NA	NA	NA	NA	NA	NA	NA	NA	NA	NA	NA	NA	NA	NA	NA	NA
NA	NA	NA	NA	NA	NA	NA	NA	NA	NA	NA	NA	NA	NA	NA	NA
NA	NA	NA	NA	NA	NA	NA	NA	NA	NA	NA	NA	NA	NA	NA	NA
NA	NA	NA	NA	NA	NA	NA	NA	NA	NA	NA	NA	NA	NA	NA	NA
NA	NA	NA	NA	NA	NA	NA	NA	NA	NA	NA	NA	NA	NA	NA	NA
NA	NA	NA	NA	NA	NA	NA	NA	NA	NA	NA	NA	NA	NA	NA	NA
NA	NA	NA	NA	NA	NA	NA	NA	NA	NA	NA	NA	NA	NA	NA	NA
NA	NA	NA	NA	NA	NA	NA	NA	NA	NA	NA	NA	NA	NA	NA	NA
NA	NA	NA	NA	NA	NA	NA	NA	NA	NA	NA	NA	NA	NA	NA	NA
NA	NA	NA	NA	NA	NA	NA	NA	NA	NA	NA	NA	NA	NA	NA	NA
NA	NA	NA	NA	NA	NA	NA	NA	NA	NA	NA	NA	NA	NA	NA	NA
NA	NA	NA	NA	NA	NA	NA	NA	NA	NA	NA	NA	NA	NA	NA	NA
NA	NA	NA	NA	NA	NA	NA	NA	NA	NA	NA	NA	NA	NA	NA	NA
NA	NA	NA	NA	NA	NA	NA	NA	NA	NA	NA	NA	NA	NA	NA	NA
NA	NA	NA	NA	NA	NA	NA	NA	NA	NA	NA	NA	NA	NA	NA	NA
NA	NA	NA	NA	NA	NA	NA	NA	NA	NA	NA	NA	NA	NA	NA	NA
NA	NA	NA	NA	NA	NA	NA	NA	NA	NA	NA	NA	NA	NA	NA	NA
NA	NA	NA	NA	NA	NA	NA	NA	NA	NA	NA	NA	NA	NA	NA	NA
NA	NA	NA	NA	NA	NA	NA	NA	NA	NA	NA	NA	NA	NA	NA	NA
NA	NA	NA	NA	NA	NA	NA	NA	NA	NA	NA	NA	NA	NA	NA	NA
NA	NA	NA	NA	NA	NA	NA	NA	NA	NA	NA	NA	NA	NA	NA	NA
NA	NA	NA	NA	NA	NA	NA	NA	NA	NA	NA	NA	NA	NA	NA	NA
NA	NA	NA	NA	NA	NA	NA	NA	NA	NA	NA	NA	NA	NA	NA	NA
NA	NA	NA	NA	NA	NA	NA	NA	NA	NA	NA	NA	NA	NA	NA	NA
NA	NA	NA	NA	NA	NA	NA	NA	NA	NA	NA	NA	NA	NA	NA	NA
NA	NA	NA	NA	NA	NA	NA	NA	NA	NA	NA	NA	NA	NA	NA	NA
NA	NA	NA	NA	NA	NA	NA	NA	NA	NA	NA	NA	NA	NA	NA	NA
NA	NA	NA	NA	NA	NA	NA	NA	NA	NA	NA	NA	NA	NA	NA	NA
NA	NA	NA	NA	NA	NA	NA	NA	NA	NA	NA	NA	NA	NA	NA	NA
NA	NA	NA	NA	NA	NA	NA	NA	NA	NA	NA	NA	NA	NA	NA	NA
NA	NA	NA	NA	NA	NA	NA	NA	NA	NA	NA	NA	NA	NA	NA	NA
NA	NA	NA	NA	NA	NA	NA	NA	NA	NA	NA	NA	NA	NA	NA	NA
NA	NA	NA	NA	NA	NA	NA	NA	NA	NA	NA	NA	NA	NA	NA	NA
NA	NA	NA	NA	NA	NA	NA	NA	NA	NA	NA	NA	NA	NA	NA	NA
NA	NA	NA	NA	NA	NA	NA	NA	NA	NA	NA	NA	NA	NA	NA	NA
NA	NA	NA	NA	NA	NA	NA	NA	NA	NA	NA	NA	NA	NA	NA	NA
NA	NA	NA	NA	NA	NA	NA	NA	NA	NA	NA	NA	NA	NA	NA	NA
NA	NA	NA	NA	NA	NA	NA	NA	NA	NA	NA	NA	NA	NA	NA	NA
NA	NA	NA	NA	NA	NA	NA	NA	NA	NA	NA	NA	NA	NA	NA	NA
NA	NA	NA	NA	NA	NA	NA	NA	NA	NA	NA	NA	NA	NA	NA	NA
NA	NA	NA	NA	NA	NA	NA	NA	NA	NA	NA	NA	NA	NA	NA	NA
NA	NA	NA	NA	NA	NA	NA	NA	NA	NA	NA	NA	NA	NA	NA	NA
NA	NA	NA	NA	NA	NA	NA	NA	NA	NA	NA	NA	NA	NA	NA	NA
NA	NA	NA	NA	NA	NA	NA	NA	NA	NA	NA	NA	NA	NA	NA	NA
NA	NA	NA	NA	NA	NA	NA	NA	NA	NA	NA	NA	NA	NA	NA	NA
NA	NA	NA	NA	NA	NA	NA	NA	NA	NA	NA	NA	NA	NA	NA	NA
NA	NA	NA	NA	NA	NA	NA	NA	NA	NA	NA	NA	NA	NA	NA	NA
NA	NA	NA	NA	NA	NA	NA	NA	NA	NA	NA	NA	NA	NA	NA	NA
NA	NA	NA	NA	NA	NA	NA	NA	NA	NA	NA	NA	NA	NA	NA	NA
NA	NA	NA	NA	NA	NA	NA	NA	NA	NA	NA	NA	NA	NA	NA	NA
NA	NA	NA	NA	NA	NA	NA	NA	NA	NA	NA	NA	NA	NA	NA	NA
NA	NA	NA	NA	NA	NA	NA	NA	NA	NA	NA	NA	NA	NA	NA	NA
NA	NA	NA	NA	NA	NA	NA	NA	NA	NA	NA	NA	NA	NA	NA	NA
NA	NA	NA	NA	NA	NA	NA	NA	NA	NA	NA	NA	NA	NA	NA	NA
NA	NA	NA	NA	NA	NA	NA	NA	NA	NA	NA	NA	NA	NA	NA	NA
NA	NA	NA	NA	NA	NA	NA	NA	NA	NA	NA	NA	NA	NA	NA	NA
NA	NA	NA	NA	NA	NA	NA	NA	NA	NA	NA	NA	NA	NA	NA	NA
NA	NA	NA	NA	NA	NA	NA	NA	NA	NA	NA	NA	NA	NA	NA	NA
NA	NA	NA	NA	NA	NA	NA	NA	NA	NA	NA	NA	NA	NA	NA	NA
NA	NA	NA	NA	NA	NA	NA	NA	NA	NA	NA	NA	NA	NA	NA	NA
NA	NA	NA	NA	NA	NA	NA	NA	NA	NA	NA	NA	NA	NA	NA	NA
NA	NA	NA	NA	NA	NA	NA	NA	NA	NA	NA	NA	NA	NA	NA	NA
NA	NA	NA	NA	NA	NA	NA	NA	NA	NA	NA	NA	NA	NA	NA	NA
NA	NA	NA	NA	NA	NA	NA	NA	NA	NA	NA	NA	NA	NA	NA	NA
NA	NA	NA	NA	NA	NA	NA	NA	NA	NA	NA	NA	NA	NA	NA	NA
NA	NA	NA	NA	NA	NA	NA	NA	NA	NA	NA	NA	NA	NA	NA	NA
NA	NA	NA	NA	NA	NA	NA	NA	NA	NA	NA	NA	NA	NA	NA	NA
NA	NA	NA	NA	NA	NA	NA	NA	NA	NA	NA	NA	NA	NA	NA	NA
NA	NA	NA	NA	NA	NA	NA	NA	NA	NA	NA	NA	NA	NA	NA	NA
NA	NA	NA	NA	NA	NA	NA	NA	NA	NA	NA	NA	NA	NA	NA	NA
NA	NA	NA	NA	NA	NA	NA	NA	NA	NA	NA	NA	NA	NA	NA	NA
NA	NA	NA	NA	NA	NA	NA	NA	NA	NA	NA	NA	NA	NA	NA	NA
NA	NA	NA	NA	NA	NA	NA	NA	NA	NA	NA	NA	NA	NA	NA	NA
NA	NA	NA	NA	NA	NA	NA	NA	NA	NA	NA	NA	NA	NA	NA	NA
NA	NA	NA	NA	NA	NA	NA	NA	NA	NA	NA	NA	NA	NA	NA	NA
NA	NA	NA	NA	NA	NA	NA	NA	NA	NA	NA	NA	NA	NA	NA	NA
NA	NA	NA	NA	NA	NA	NA	NA	NA	NA	NA	NA	NA	NA	NA	NA
NA	NA	NA	NA	NA	NA	NA	NA	NA	NA	NA	NA	NA	NA	NA	NA
NA	NA	NA	NA	NA	NA	NA	NA	NA	NA	NA	NA	NA	NA	NA	NA
NA	NA	NA	NA	NA	NA	NA	NA	NA	NA	NA	NA	NA	NA	NA	NA
NA	NA	NA	NA	NA	NA	NA	NA	NA	NA	NA	NA	NA	NA	NA	NA
NA	NA	NA	NA	NA	NA	NA	NA	NA	NA	NA	NA	NA	NA	NA	NA
NA	NA	NA	NA	NA	NA	NA	NA	NA	NA	NA	NA	NA	NA	NA	NA
NA	NA	NA	NA	NA	NA	NA	NA	NA	NA	NA	NA	NA	NA	NA	NA
NA	NA	NA	NA	NA	NA	NA	NA	NA	NA	NA	NA	NA	NA	NA	NA
NA	NA	NA	NA	NA	NA	NA	NA	NA	NA	NA	NA	NA	NA	NA	NA
NA	NA	NA	NA	NA	NA	NA	NA	NA	NA	NA	NA	NA	NA	NA	NA
NA	NA	NA	NA	NA	NA	NA	NA	NA	NA	NA	NA	NA	NA	NA	NA
NA	NA	NA	NA	NA	NA	NA	NA	NA	NA	NA	NA	NA	NA	NA	NA
NA	NA	NA	NA	NA	NA	NA	NA	NA	NA	NA	NA	NA	NA	NA	NA
NA	NA	NA	NA	NA	NA	NA	NA	NA	NA	NA	NA	NA	NA	NA	NA
NA	NA	NA	NA	NA	NA	NA	NA	NA	NA	NA	NA	NA	NA	NA	NA
NA	NA	NA	NA	NA	NA	NA	NA	NA	NA	NA	NA	NA	NA	NA	NA
2.12413571845117	0.0956413017044137	1.93667876711052	2.31159266979182	2.0735079848662	0.126874510556006	1.82483394417643	2.32218202555597	2.0735079848662	0.0956413017044137	1.8829200881814	2.2685147966148	2.07369482512767	0.0942072113867868	1.88891756074875	2.25847208950659
2.05187908476291	0.0993151562655049	1.85722137848252	2.2465367910433	2.06682374207675	0.131883282208993	1.80833250894712	2.32531497520638	2.06682374207675	0.0993151562655049	1.87456541542192	2.25906152906602	2.06877011302049	0.0936681944161037	1.88505844271734	2.25248178332364
1.87477463100641	0.0800975538863876	1.71778342538909	2.03176583662373	1.90693593317904	0.10246103373412	1.70611230706017	2.10775955929792	1.90693593317904	0.0800975538863876	1.74257088683126	2.06732863741145	1.90580973388384	0.0760928480994004	1.7565928207311	2.05502664703659
1.97402507808805	0.0875823307769791	1.80236370976517	2.14568644641093	1.9553901542052	0.11920195643124	1.72175431959997	2.18902598881043	1.9553901542052	0.0875823307769791	1.77642043452974	2.12436786847494	1.95521058351698	0.0776785531823792	1.80288854864911	2.10753261838486
1.84778334197323	0.0924450411306973	1.66659106135707	2.0289756225894	1.8214518776016	0.117710588121525	1.59073912488341	2.05216463031979	1.8214518776016	0.0924450411306973	1.64652311625676	2.03035266380309	1.82180652629566	0.0866426334275256	1.65187668166737	1.99173637092395
2.06045533740643	0.101696036433031	1.86113110599769	2.25977956881517	2.06359013369296	0.130127676412899	1.80853988792368	2.31864037946224	2.06359013369296	0.101696036433031	1.86090883578365	2.26754281902383	2.06514515144818	0.094446460382281	1.87990558534723	2.25038471754913
2.00104793350626	0.0952770147890122	1.81430498451979	2.18779088249272	2.07368440672899	0.126615024307076	1.82551895908712	2.32184985437086	2.07368440672899	0.0952770147890122	1.89585037072986	2.25913488332592	2.07222738829429	0.0911896333739473	1.8933753818352	2.25107939475338
2.05534266500049	0.101763475938877	1.85588625216029	2.25479907784069	2.01743884141642	0.13185183526092	1.75900924430501	2.27586843852782	2.01743884141642	0.101763475938877	1.8357422092371	2.22749151449019	2.01522550817681	0.0965507122068222	1.825852929642	2.20459808671161
2.07076663309623	0.112799324427294	1.84967995721874	2.29185330897373	2.09009095304814	0.149750210312771	1.79658054083511	2.38360136526117	2.09009095304814	0.112799324427294	1.85879640250763	2.30576847502962	2.08963200769549	0.106282815273716	1.88114935811011	2.29811465728087
1.87577598413846	0.0892349184515434	1.70087554397344	2.05067642430349	1.85535365138795	0.116650949301284	1.62671779075743	2.08398951201846	1.85535365138795	0.0892349184515434	1.68199421655312	2.02653186071427	1.85685486523877	0.0807466984205975	1.69850658151211	2.01520314896542
2.03566323172419	0.085258741016533	1.86855609933179	2.2027703641166	2.12527945831928	0.109566517967856	1.91052908310229	2.34002983353628	2.12527945831928	0.085258741016533	1.96236550891847	2.28998163431582	2.12155852691098	0.081980787890553	1.9607869607386	2.28233009308337
1.86521867078278	0.0963836632056881	1.67630669089964	2.05413065066593	1.88407096814785	0.124656648735515	1.63974393662624	2.12839799966946	1.88407096814785	0.0963836632056881	1.68331301965	2.0499940498645	1.88489074848907	0.0933108438528092	1.70187498139506	2.06790651558308
1.94789552507192	0.087813439112283	1.77578118441184	2.12000986573199	2.00205654298531	0.116615990255514	1.7734892020845	2.23062388388612	2.00205654298531	0.087813439112283	1.82910580081	2.17122274311551	2.00057736631484	0.0829072786567915	1.83797647026798	2.1631782623617
2.06903902010905	0.0827512667034015	1.90684653737039	2.23123150284772	2.00906541718852	0.10997734808998	1.79350981493216	2.22462101944489	2.00906541718852	0.0827512667034015	1.85041810349163	2.18421672064687	2.00609739805287	0.0789503838267732	1.8512783967506	2.16091639935515
1.99570891321158	0.0848767205376566	1.82935054095777	2.16206728546539	2.04488273910161	0.111051212161425	1.82722236326522	2.26254311493801	2.04488273910161	0.0848767205376566	1.87363845387712	2.21123625952263	2.04400007470478	0.076888399652833	1.89322190893613	2.19477824047343
1.99053052871219	0.0893291320456011	1.81544542990281	2.16561562752157	2.0047372752928	0.114268361907228	1.78077128595464	2.22870326463097	2.0047372752928	0.0893291320456011	1.83144999709129	2.19874687565047	2.0045809683749	0.0840143672679035	1.83981511518149	2.1693468215683
1.96437573601667	0.0882263213340148	1.791452146202	2.13729932583134	1.96620623720465	0.116089535419393	1.73867074778264	2.19374172662666	1.96620623720465	0.0882263213340148	1.79831431762269	2.15353441000635	1.96520977152239	0.082128148557126	1.80414356078895	2.12627598225583
1.98530515302986	0.101579824537569	1.78620869693622	2.1844016091235	1.88808297657721	0.134909766888763	1.62365983347524	2.15250611967919	1.88808297657721	0.101579824537569	1.69651325161993	2.09659871279259	1.88893792833066	0.0917233750320365	1.70904028402213	2.06883557263918
1.92015441499617	0.0855226219483408	1.75253007597742	2.08777875401492	1.96392664812264	0.112817445784599	1.74280445438483	2.18504884186046	1.96392664812264	0.0855226219483408	1.80177648678719	2.14188068452053	1.96469804621803	0.0820663203342088	1.80375615044102	2.12563994199505
2.04560263344058	0.0936923074731519	1.86196571079321	2.22923955608796	2.04443409066159	0.126422516157381	1.79664595899312	2.29222222233005	2.04443409066159	0.0936923074731519	1.86611187292369	2.2173151876902	2.04532026969523	0.0829859332964606	1.88257971774115	2.2080608216493
1.99851714749799	0.083241270755834	1.83536425681656	2.16167003817943	2.0353847937875	0.110992957480661	1.8178385971254	2.25293099044959	2.0353847937875	0.083241270755834	1.86893666185937	2.19416486512539	2.03292908020849	0.0772913568567694	1.88136356832642	2.18449459209057
2.03007404169528	0.0784934016605513	1.8762269744406	2.18392110894996	2.03938844134734	0.100790354780287	1.84183934597798	2.2369375367167	2.03938844134734	0.0784934016605513	1.89375916776363	2.20550213554133	2.03546550504418	0.0714945640184701	1.89527223849809	2.17565877159026
1.98974671670455	0.0892150554553638	1.81488520801204	2.16460822539707	2.00881695876274	0.114243157087556	1.78490037087113	2.23273354665435	2.00881695876274	0.0892150554553638	1.84281385440922	2.1836263139462	2.00625013965098	0.0854974715993832	1.83857126888768	2.17392901041428
1.96752922283823	0.0930815637642495	1.7850893578603	2.14996908781616	1.95966940273413	0.121240306739003	1.72203840152569	2.19730040394258	1.95966940273413	0.0930815637642495	1.77937501724256	2.13923828148444	1.96081218913398	0.087216800391397	1.78976069070475	2.1318636875632
1.97945830766282	0.0811047293125864	1.82049303821015	2.13842357711549	1.97597762554274	0.103648329752409	1.77282689922802	2.17912835185746	1.97597762554274	0.0811047293125864	1.82411182998296	2.14539818351334	1.97331456293024	0.0771738579794799	1.82196745836899	2.12466166749149
1.91873313141196	0.0892146760976732	1.74387236626052	2.0935938965634	2.01112426874769	0.116648109085718	1.78249397493968	2.23975456255569	2.01112426874769	0.0892146760976732	1.83296712625827	2.18316718208422	2.00995922178144	0.0802515253786821	1.85257677681573	2.16734166674714
2.12496398202992	0.0924597622085195	1.94374284810122	2.30618511595861	2.08550813629553	0.117138152119941	1.85591735814045	2.31509891445062	2.08550813629553	0.0924597622085195	1.9103090100545	2.27274884187018	2.08452516061475	0.0880839837829375	1.91176562422168	2.25728469700782
1.993869132729	0.0843625971774043	1.82851844226129	2.15921982319671	2.03802284574249	0.110424465887595	1.8215908926028	2.25445479888218	2.03802284574249	0.0843625971774043	1.87475476827109	2.19877301856386	2.03641343311265	0.078908642912352	1.8816706338636	2.1911562323617
2.07137188195612	0.0939543151195368	1.88722142432183	2.25552233959041	2.07405914429135	0.123680198944304	1.83164595436052	2.31647233422219	2.07405914429135	0.0939543151195368	1.89270548839676	2.25128853445918	2.07290891168079	0.0907543465120963	1.89491301464689	2.25090480871469
2.02120842381423	0.089210189654572	1.84635645209127	2.19606039553719	2.01049564120787	0.120801970341256	1.77372377933901	2.24726750307674	2.01049564120787	0.089210189654572	1.83455830162956	2.17080978331936	2.01026213041224	0.0815901057991664	1.85025543361269	2.17026882721179
1.90341058073573	0.0980799288425061	1.71117392020441	2.09564724126704	1.95993030839622	0.133008501870676	1.6992336447297	2.22062697206275	1.95993030839622	0.0980799288425061	1.76731061624132	2.16347992643808	1.95688275488906	0.0892814318628948	1.78177757822629	2.13198793155182
1.97641915130333	0.0822651624505587	1.81517943290023	2.13765886970642	1.98828355643097	0.109173338628733	1.77430381271865	2.20226330014329	1.98828355643097	0.0822651624505587	1.83097717907971	2.15414573418737	1.99010316751851	0.076468090052684	1.84014551848313	2.14006081655388
1.84773384949879	0.0821517932904666	1.68671633464948	2.00875136434811	1.88698101236676	0.106364938244534	1.67850573340748	2.09545629132605	1.88698101236676	0.0821517932904666	1.73123336791367	2.05123844411288	1.88690778754678	0.0785478626200811	1.73286950924458	2.04094606584899
1.98134400107801	0.0838816500907684	1.81693596690011	2.14575203525592	2.00110715309473	0.107295106189109	1.79080874496407	2.21140556122538	2.00110715309473	0.0838816500907684	1.82684172046776	2.15362772964369	2.00058166583447	0.0798000399469188	1.84408816329243	2.1570751683765
1.93606465827025	0.0873595934665806	1.76483985507576	2.10728946146475	1.96283442012811	0.114447737990288	1.73851685366715	2.18715198658908	1.96283442012811	0.0873595934665806	1.7804503061558	2.13036473355862	1.96281937549188	0.0825358621108202	1.80095208225901	2.12468666872475
1.89323209973243	0.0999076102815308	1.69741318358063	2.08905101588423	1.91956269537427	0.130367688001137	1.66404202689205	2.1750833638565	1.91956269537427	0.0999076102815308	1.7224264365551	2.12997279323993	1.91807481806168	0.0914680315759457	1.73868047275151	2.09746916337184
1.97678193663183	0.0908711301313112	1.79867452157446	2.15488935168919	1.96872315512768	0.121460405800431	1.73066075975884	2.20678555049653	1.96872315512768	0.0908711301313112	1.78787521938244	2.14532898965925	1.96512714122839	0.0883221559545745	1.79190897149197	2.13834531096481
2.02719890763791	0.0839647138074318	1.86262806857534	2.19176974670048	1.99909306059436	0.106168939737793	1.79100193870829	2.20718418248044	1.99909306059436	0.0839647138074318	1.8286375298333	2.14671819910865	1.99856669843304	0.0777433984788506	1.84611268427175	2.15102071259434
2.11719076963741	0.0867515838062661	1.94715766537713	2.2872238738977	2.12171693629416	0.115837170509465	1.89467608209561	2.34875779049271	2.12171693629416	0.0867515838062661	1.960119314267	2.30308749502192	2.12027760640636	0.0814889272344278	1.96046496869321	2.28009024411951
2.06216550197232	0.100228133520606	1.86571836027193	2.25861264367271	2.03565744092622	0.127393247894193	1.7859666750536	2.28534820679884	2.03565744092622	0.100228133520606	1.84385496110868	2.24065841459512	2.03342332127928	0.0956477764309183	1.84581935656615	2.22102728599241
1.97558287805612	0.0906609406160475	1.79788743444866	2.15327832166357	1.99518215467324	0.113755022155218	1.77222231124902	2.21814199809747	1.99518215467324	0.0906609406160475	1.82223940616838	2.18971755321152	1.99268618508781	0.0873745596423101	1.82132009262082	2.16405227755481
2.03276545721612	0.0879192369239814	1.86044375284512	2.20508716158712	2.08419257634644	0.1110857038035	1.86646459689158	2.3019205558013	2.08419257634644	0.0879192369239814	1.91321001921333	2.26636470415697	2.08412246599761	0.0854172741715779	1.91659658458804	2.25164834740717
2.08080271661713	0.105289172360256	1.87443593879103	2.28716949444323	2.05953739463331	0.137614252279175	1.78981346016612	2.32926132910049	2.05953739463331	0.105289172360256	1.85074281499797	2.25879329064844	2.05894985616571	0.0977880939673658	1.86714181617233	2.2507578961591
2.04968687806354	0.08025093247966	1.89239505040341	2.20697870572367	2.09456714629271	0.105707473942253	1.88738049736589	2.30175379521952	2.09456714629271	0.08025093247966	1.94276345788707	2.24586858356076	2.09399644086988	0.0758392865506217	1.9452769329235	2.24271594881626
1.80816495320189	0.0839768780036196	1.6435702723148	1.97275963408899	1.86511275388641	0.11217303872256	1.64525359799019	2.08497190978263	1.86511275388641	0.0839768780036196	1.70145136992526	2.0265215656962	1.86304746735477	0.0778580768210714	1.71036556089303	2.01572937381651
1.94402438333405	0.0980047294291868	1.75193511365284	2.13611365301525	1.90182141817094	0.128505876352218	1.6499499005206	2.15369293582129	1.90182141817094	0.0980047294291868	1.68916877123035	2.08383886120725	1.89980510504697	0.0914870513073671	1.72036564332303	2.0792445667709
2.0688366009563	0.106788350944566	1.85953143310495	2.27814176880765	2.07391564668347	0.137445542118604	1.80452238413101	2.34330890923594	2.07391564668347	0.106788350944566	1.86967627220571	2.28729064966243	2.07176432676026	0.0984320458995225	1.87869757261961	2.26483108090091
1.93153279254084	0.086822263328348	1.76136115641727	2.1017044286644	1.93905710878367	0.112262075683936	1.71902344044316	2.15909077712419	1.93905710878367	0.086822263328348	1.7677144575711	2.11097765346044	1.94060239143267	0.0806805190851162	1.78237750159069	2.09882728127466
1.91800886317276	0.0920428781442641	1.73760482201	2.09841290433551	1.91145123131076	0.11690629972847	1.68231488384296	2.14058757877856	1.91145123131076	0.0920428781442641	1.7239440551787	2.08562638684598	1.91188976510359	0.0896763995384017	1.73600674509763	2.08777278510956
1.99902032841858	0.10020980709296	1.80260910651638	2.19543155032078	1.9739487503886	0.128470658730807	1.72214625927621	2.22575124150098	1.9739487503886	0.10020980709296	1.78132401513776	2.17955976421869	1.9749508826053	0.0938333093268612	1.79090577572792	2.15899598948267
1.86435688961256	0.112034339811751	1.64476958358153	2.08394419564359	1.88199632548878	0.145199024654528	1.5974062371659	2.16658641381165	1.88199632548878	0.112034339811751	1.6640674277355	2.10495345570857	1.8812137095471	0.105868445316955	1.67354389785792	2.08888352123627
2.01527671420616	0.102525283523277	1.81432715850054	2.21622626991178	2.04452248756491	0.130781525454912	1.78819069767328	2.30085427745653	2.04452248756491	0.102525283523277	1.85361848627915	2.22998958009954	2.04287547234984	0.0973243151395864	1.85198233031796	2.23376861438172
1.71339006452878	0.120718713256477	1.47678138654608	1.94999874251147	1.78486304342328	0.156312028650563	1.47849146726818	2.09123461957838	1.78486304342328	0.120718713256477	1.54211482529819	2.0027637772046	1.78707730089608	0.117386873792235	1.55679869786665	2.01735590392551
2.06245750401718	0.0853136358233936	1.89524277780333	2.22967223023103	2.08072738617877	0.110277143586422	1.86458418474938	2.29687058760815	2.08072738617877	0.0853136358233936	1.92472659522885	2.25434553476632	2.07921603866731	0.0774578576637027	1.9273200835368	2.23111199379781
2.01989383028564	0.111388912194818	1.80157156238379	2.23821609818748	1.96656223047464	0.141371557991653	1.689473976811	2.24365048413828	1.96656223047464	0.111388912194818	1.7316638918693	2.17139783996368	1.96564422673628	0.107833722066884	1.75412082737898	2.17716762609359
2.02903187974115	0.0883941767403761	1.85577929333002	2.20228446615229	2.0468886464473	0.115666839755175	1.82018164052716	2.27359565236745	2.0468886464473	0.0883941767403761	1.86194232181766	2.22610435980712	2.04524895539951	0.084159308923385	1.88019580214959	2.21030210864943
1.95072691812638	0.106821875168986	1.74135604279517	2.1600977934576	1.93871149708735	0.135612799620559	1.67291040983105	2.20451258434365	1.93871149708735	0.106821875168986	1.71795187764196	2.14122824949877	1.94001699836121	0.102646546311098	1.73867850794757	2.14135548877485
1.98709161176659	0.0857586473936075	1.81900466287512	2.15517856065806	1.96730791446143	0.114865881387563	1.74217078694181	2.19244504198105	1.96730791446143	0.0857586473936075	1.80177981210233	2.14172092596401	1.96656781843197	0.077722986184232	1.81415175092753	2.1189838859364
2.05030776983633	0.0949240697727104	1.86425659308181	2.23635894659084	2.05432723854771	0.122074888627499	1.81506045683781	2.2935940202576	2.05432723854771	0.0949240697727104	1.88731236264299	2.25974771084253	2.05152115995067	0.0890723774628378	1.87682922256516	2.22621309733618
1.98304868448182	0.0830360122565838	1.82029810045892	2.14579926850473	1.99852076652711	0.109769542772341	1.78337246269332	2.2136690703609	1.99852076652711	0.0830360122565838	1.83887743604436	2.16540407745758	1.9958236504265	0.0771099606342352	1.84460634789766	2.14704095295533
2.03137719374461	0.0886389920725701	1.85764476928238	2.20510961820685	2.09401354699843	0.118065967384864	1.8626042509241	2.32542284307276	2.09401354699843	0.0886389920725701	1.91565108855086	2.28138032179467	2.09463387397539	0.0837517203624386	1.93038497311594	2.25888277483484
2.0339473096518	0.0787195956431847	1.87965690219116	2.18823771711244	2.00559693387486	0.104183131055044	1.80139799700698	2.20979587074275	2.00559693387486	0.0787195956431847	1.85188793544739	2.16870660511097	2.00230570753572	0.0738486137585779	1.85749515079048	2.14711626428097
1.95975232721229	0.085762487368586	1.79165785196986	2.12784680245472	1.96409543311615	0.112127027942632	1.74432645834859	2.18386440788371	1.96409543311615	0.085762487368586	1.7996621726701	2.12670746344895	1.96348252338299	0.0812738613060674	1.8040978485647	2.12286719820129
2.07631085680163	0.0882257726814959	1.90338834234589	2.24923337125736	2.0394908856009	0.116861414716111	1.81044251275732	2.26853925844447	2.0394908856009	0.0882257726814959	1.86892835136538	2.20639796940324	2.03953814930323	0.0808610612032969	1.88096251634326	2.19811378226321
1.90595912568508	0.0900048556177628	1.72954960867427	2.0823686426959	1.92251527651243	0.116572445471092	1.69403328338909	2.15099726963577	1.92251527651243	0.0900048556177628	1.74155385906137	2.1028115743784	1.92189821306326	0.0870560962656187	1.75115674166918	2.09263968445734
2.00786105271144	0.0907500062939023	1.82999104037539	2.18573106504749	2.01434172121238	0.113755302160008	1.79138132897877	2.237302113446	2.01434172121238	0.0907500062939023	1.82731440731273	2.18694282205339	2.01378824105813	0.0853358863279293	1.8464225465041	2.18115393561216
2.00647130855564	0.0791851180840418	1.85126847711092	2.16167414000036	2.04604034553003	0.103444808333953	1.84328852119549	2.24879216986458	2.04604034553003	0.0791851180840418	1.89324834873097	2.19769868383946	2.04331005485772	0.0719688504958292	1.90218372450917	2.18443638520626
1.85876628862908	0.0810571316265548	1.69989431064103	2.01763826661713	1.9404316192031	0.104222708125537	1.73615511127705	2.14470812712916	1.9404316192031	0.0810571316265548	1.78903426229049	2.10244368482078	1.94175236610504	0.0774429062801452	1.78988848983981	2.09361624237028
1.80276768393869	0.0995107123510521	1.60772668773063	1.99780868014676	1.80706144918068	0.125038763509191	1.56198547270266	2.05213742565869	1.80706144918068	0.0995107123510521	1.62043085077571	1.99967969331279	1.80643599380226	0.0953105368456405	1.61949784936507	1.99337413823945
2.16857863968764	0.0888772040841181	1.99437931968276	2.34277795969251	2.16266438213639	0.113836922160911	1.93954401470101	2.38578474957178	2.16266438213639	0.0888772040841181	1.99800394704627	2.33691710053831	2.16405440186945	0.0819140115961244	2.00340950838945	2.32469929534945
1.99123633248158	0.0848855138645922	1.82486072530698	2.15761193965618	2.00827791790684	0.107375888497336	1.79782117645206	2.21873465936162	2.00827791790684	0.0848855138645922	1.84995884660932	2.16879889063605	2.00987244897148	0.0808414578498186	1.85133025361019	2.16841464433278
2.11455028660724	0.0836237344254631	1.95064776713333	2.27845280608114	2.10671350905166	0.110169952744569	1.8907804016723	2.32264661643102	2.10671350905166	0.0836237344254631	1.95056238145809	2.27943621247828	2.10669381221145	0.077480510709458	1.95475148039565	2.25863614402725
1.93891296312178	0.0842646852617071	1.77375418000883	2.10407174623472	1.98498814038112	0.11212806748423	1.76521712811202	2.20475915265021	1.98498814038112	0.0842646852617071	1.82275133226092	2.15406929654392	1.98495299808434	0.0805536528035051	1.82698589451287	2.14292010165582
2.00510283690349	0.0809386785151018	1.84646302701389	2.16374264679309	1.95446552623155	0.104595443737627	1.7494584565058	2.1594725959573	1.95446552623155	0.0809386785151018	1.79808038695112	2.11441311224059	1.95363352270664	0.0771257317572496	1.80239455373963	2.10487249167366
2.13414348901575	0.0870828853851455	1.96346103366087	2.30482594437064	2.10855083040636	0.110450001516735	1.89206882743356	2.32503283337916	2.10855083040636	0.0870828853851455	1.94568573262468	2.2814596628045	2.10780744887919	0.0838481481351493	1.94336573140704	2.27224916635133
1.98484450673164	0.10809821140348	1.77297201238082	2.19671700108246	1.9843410349811	0.138508964484868	1.71286346459076	2.25581860537144	1.9843410349811	0.10809821140348	1.78871267336427	2.22031453356034	1.98266241072161	0.101318680510227	1.78393128048853	2.18139354095468
2.04856488583227	0.0837025236041947	1.88450793956804	2.21262183209649	2.06668935808664	0.108569951583908	1.85389225298218	2.2794864631911	2.06668935808664	0.0837025236041947	1.90734314924562	2.22705880560136	2.06419253617431	0.0775043114071913	1.91220045742579	2.21618461492282
2.12310325726098	0.103389097540548	1.92046062608151	2.32574588844045	2.08678169547273	0.134869478598225	1.82243751742021	2.35112587352525	2.08678169547273	0.103389097540548	1.86808949877764	2.27818411770501	2.08773750944607	0.0986300463095026	1.89427945862916	2.28119556026299
1.92504215406665	0.0795889798024695	1.76904775365381	2.08103655447949	1.93798695127883	0.103579518045877	1.73497109590892	2.14100280664875	1.93798695127883	0.0795889798024695	1.77741147082955	2.08441667142143	1.93738742140543	0.0760115838759032	1.78832633145003	2.08644851136083
1.92971732156511	0.0919501185504724	1.74949508920619	2.10993955392404	1.8591870482891	0.1199623561505	1.62406083023412	2.09431326634408	1.8591870482891	0.0919501185504724	1.67166989482738	2.02403310082828	1.85965291690838	0.0860042340740808	1.69098086940254	2.02832496441422
1.95818661093785	0.0821879399084343	1.79709824871732	2.11927497315838	1.93758804206199	0.108516535343809	1.72489563278812	2.15028045133585	1.93758804206199	0.0821879399084343	1.78004534924206	2.1021175042131	1.93709277917863	0.0804401742986539	1.77934258988652	2.09484296847074
1.91220435134473	0.086328912597396	1.74299968265384	2.08140902003563	1.87951575159982	0.113897741205003	1.65627617883801	2.10275532436162	1.87951575159982	0.086328912597396	1.7155152876752	2.0463913159455	1.87857751044959	0.0808702139882269	1.71998520275528	2.03716981814389
2.16593978699582	0.084800778205869	1.99973026171232	2.33214931227932	2.09747746861068	0.109777678759542	1.88231321824198	2.31264171897938	2.09747746861068	0.084800778205869	1.92492182463663	2.26760327143267	2.09832507041118	0.0788605882219429	1.94367819264872	2.25297194817363
1.99234925290342	0.104268923922963	1.78798216201441	2.19671634379243	1.93873259160819	0.13234787971952	1.67933074735793	2.19813443585845	1.93873259160819	0.104268923922963	1.73618311115999	2.14521370283021	1.93853602599707	0.100442506805357	1.74152172415366	2.13555032784047
1.93836306320944	0.094480776925194	1.75318074043606	2.12354538598282	1.99792808021887	0.122135242288173	1.75854300533405	2.23731315510369	1.99792808021887	0.094480776925194	1.81911001040367	2.17613037695623	1.99683569835238	0.0893411185213727	1.82161533328362	2.17205606342113
2.03119618862628	0.0846328858758349	1.86531573230965	2.19707664494292	2.06598792902175	0.107699659400096	1.85489659659756	2.27707926144594	2.06598792902175	0.0846328858758349	1.89928013032894	2.22578208091134	2.06645488768211	0.0800904350823344	1.90938718216431	2.22352259319991
1.94650888978637	0.0987984681959995	1.75286389212221	2.14015388745053	1.86053439369604	0.127321528339743	1.61098419815015	2.11008458924194	1.86053439369604	0.0987984681959995	1.6601408845648	2.03912416840247	1.86110138626885	0.0948514811484402	1.67505790700425	2.04714486553346
1.8721339251431	0.0848907243928129	1.70574810533319	2.03851974495301	1.86112466582388	0.108869687746021	1.64774007784168	2.07450925380608	1.86112466582388	0.0848907243928129	1.69181688304708	2.02042826855311	1.86031478839986	0.0804452510188564	1.70255016169332	2.01807941510641
2.12694944486917	0.0871483596717927	1.95613865991245	2.29776022982588	2.10378595308346	0.111708634979122	1.88483702852438	2.32273487764254	2.10378595308346	0.0871483596717927	1.93085005331503	2.27110916711184	2.10209181890886	0.0802682138927789	1.94467854639538	2.25950509142235
2.05039356538301	0.0909208994036337	1.87218860255189	2.22859852821414	2.06578654730248	0.118831211216332	1.83287737331847	2.29869572128649	2.06578654730248	0.0909208994036337	1.88985727007942	2.24372825666986	2.06642820372102	0.0846099527349874	1.90048859489106	2.23236781255097
2.08673286896169	0.124639412791361	1.84243961989062	2.33102611803276	2.13050080706575	0.162761057627837	1.81148913411518	2.44951248001631	2.13050080706575	0.124639412791361	1.91728424398142	2.39865177175829	2.12769017871424	0.120724918666132	1.89086012345476	2.36452023397372
2.00865092595684	0.0862581719133125	1.83958490900674	2.17771694290693	2.01067517520969	0.109935378654469	1.79520183304693	2.22614851737245	2.01067517520969	0.0862581719133125	1.85513160673057	2.19327682079907	2.01479492219435	0.0818224884726506	1.85433410914376	2.17525573524494
1.97756462941902	0.0856747538474714	1.80964211187798	2.14548714696007	1.96874757741759	0.113127386917388	1.74701789905951	2.19047725577567	1.96874757741759	0.0856747538474714	1.80875998920526	2.13795157895202	1.96820681963758	0.0801777938945594	1.81096536090981	2.12544827836535
1.9396224029554	0.0841570899435642	1.77467450666601	2.10457029924478	1.925498501072	0.109156776082086	1.71155121995111	2.13944578219288	1.925498501072	0.0841570899435642	1.76927454685476	2.09001075842571	1.92477197933135	0.07902683665147	1.76979312572797	2.07975083293473
1.99097765122299	0.107211413816573	1.7808432801425	2.20111202230347	1.923141794395	0.142179286927744	1.64447039201662	2.20181319677337	1.923141794395	0.107211413816573	1.70321857830499	2.12623798794728	1.92334183280129	0.0997408135801708	1.72769928675173	2.11898437885085
1.98122682824627	0.0879559613923951	1.80883314391717	2.15362051257536	2.03293366385804	0.111559327166573	1.81427738261156	2.25158994510453	2.03293366385804	0.0879559613923951	1.86164968425501	2.21327391663103	2.03320334473812	0.0844146651314464	1.86765261618072	2.19875407329552
1.9554518609003	0.0966125198187671	1.76609132205551	2.14481239974508	1.96588750072251	0.119375963515027	1.73191061223305	2.19986438921196	1.96588750072251	0.0966125198187671	1.7718428784824	2.14834055627925	1.96647078927495	0.0921303499385598	1.78577285660683	2.14716872194307
2.09621621228889	0.0839988208656638	1.93157852339219	2.26085390118559	2.09414612152251	0.111518294709041	1.87557026389279	2.31272197915223	2.09414612152251	0.0839988208656638	1.92282521764778	2.25369252619281	2.09425956538542	0.0779892599522803	1.94131647227839	2.24720265849246
2.04995813777749	0.0836529813927185	1.88599829424776	2.21391798130722	2.01559703524801	0.111769158487368	1.79652948461277	2.23466458588325	2.01559703524801	0.0836529813927185	1.86818636882107	2.17573108759246	2.01269051175982	0.0774927757122018	1.86072224064243	2.16465878287722
2.03946233013173	0.0964498336008292	1.8504206562741	2.22850400398935	2.04474830856324	0.125726218315057	1.79832492066573	2.29117169646075	2.04474830856324	0.0964498336008292	1.83507094079627	2.22281033699716	2.04335274216555	0.0909423522400819	1.86497997139561	2.2217255129355
NA	NA	NA	NA	NA	NA	NA	NA	NA	NA	NA	NA	NA	NA	NA	NA
NA	NA	NA	NA	NA	NA	NA	NA	NA	NA	NA	NA	NA	NA	NA	NA
NA	NA	NA	NA	NA	NA	NA	NA	NA	NA	NA	NA	NA	NA	NA	NA
NA	NA	NA	NA	NA	NA	NA	NA	NA	NA	NA	NA	NA	NA	NA	NA
NA	NA	NA	NA	NA	NA	NA	NA	NA	NA	NA	NA	NA	NA	NA	NA
NA	NA	NA	NA	NA	NA	NA	NA	NA	NA	NA	NA	NA	NA	NA	NA
NA	NA	NA	NA	NA	NA	NA	NA	NA	NA	NA	NA	NA	NA	NA	NA
NA	NA	NA	NA	NA	NA	NA	NA	NA	NA	NA	NA	NA	NA	NA	NA
NA	NA	NA	NA	NA	NA	NA	NA	NA	NA	NA	NA	NA	NA	NA	NA
NA	NA	NA	NA	NA	NA	NA	NA	NA	NA	NA	NA	NA	NA	NA	NA
NA	NA	NA	NA	NA	NA	NA	NA	NA	NA	NA	NA	NA	NA	NA	NA
NA	NA	NA	NA	NA	NA	NA	NA	NA	NA	NA	NA	NA	NA	NA	NA
NA	NA	NA	NA	NA	NA	NA	NA	NA	NA	NA	NA	NA	NA	NA	NA
NA	NA	NA	NA	NA	NA	NA	NA	NA	NA	NA	NA	NA	NA	NA	NA
NA	NA	NA	NA	NA	NA	NA	NA	NA	NA	NA	NA	NA	NA	NA	NA
NA	NA	NA	NA	NA	NA	NA	NA	NA	NA	NA	NA	NA	NA	NA	NA
NA	NA	NA	NA	NA	NA	NA	NA	NA	NA	NA	NA	NA	NA	NA	NA
NA	NA	NA	NA	NA	NA	NA	NA	NA	NA	NA	NA	NA	NA	NA	NA
NA	NA	NA	NA	NA	NA	NA	NA	NA	NA	NA	NA	NA	NA	NA	NA
NA	NA	NA	NA	NA	NA	NA	NA	NA	NA	NA	NA	NA	NA	NA	NA
NA	NA	NA	NA	NA	NA	NA	NA	NA	NA	NA	NA	NA	NA	NA	NA
NA	NA	NA	NA	NA	NA	NA	NA	NA	NA	NA	NA	NA	NA	NA	NA
NA	NA	NA	NA	NA	NA	NA	NA	NA	NA	NA	NA	NA	NA	NA	NA
NA	NA	NA	NA	NA	NA	NA	NA	NA	NA	NA	NA	NA	NA	NA	NA
NA	NA	NA	NA	NA	NA	NA	NA	NA	NA	NA	NA	NA	NA	NA	NA
NA	NA	NA	NA	NA	NA	NA	NA	NA	NA	NA	NA	NA	NA	NA	NA
NA	NA	NA	NA	NA	NA	NA	NA	NA	NA	NA	NA	NA	NA	NA	NA
NA	NA	NA	NA	NA	NA	NA	NA	NA	NA	NA	NA	NA	NA	NA	NA
NA	NA	NA	NA	NA	NA	NA	NA	NA	NA	NA	NA	NA	NA	NA	NA
NA	NA	NA	NA	NA	NA	NA	NA	NA	NA	NA	NA	NA	NA	NA	NA
NA	NA	NA	NA	NA	NA	NA	NA	NA	NA	NA	NA	NA	NA	NA	NA
NA	NA	NA	NA	NA	NA	NA	NA	NA	NA	NA	NA	NA	NA	NA	NA
NA	NA	NA	NA	NA	NA	NA	NA	NA	NA	NA	NA	NA	NA	NA	NA
NA	NA	NA	NA	NA	NA	NA	NA	NA	NA	NA	NA	NA	NA	NA	NA
NA	NA	NA	NA	NA	NA	NA	NA	NA	NA	NA	NA	NA	NA	NA	NA
NA	NA	NA	NA	NA	NA	NA	NA	NA	NA	NA	NA	NA	NA	NA	NA
NA	NA	NA	NA	NA	NA	NA	NA	NA	NA	NA	NA	NA	NA	NA	NA
NA	NA	NA	NA	NA	NA	NA	NA	NA	NA	NA	NA	NA	NA	NA	NA
NA	NA	NA	NA	NA	NA	NA	NA	NA	NA	NA	NA	NA	NA	NA	NA
NA	NA	NA	NA	NA	NA	NA	NA	NA	NA	NA	NA	NA	NA	NA	NA
NA	NA	NA	NA	NA	NA	NA	NA	NA	NA	NA	NA	NA	NA	NA	NA
NA	NA	NA	NA	NA	NA	NA	NA	NA	NA	NA	NA	NA	NA	NA	NA
NA	NA	NA	NA	NA	NA	NA	NA	NA	NA	NA	NA	NA	NA	NA	NA
NA	NA	NA	NA	NA	NA	NA	NA	NA	NA	NA	NA	NA	NA	NA	NA
NA	NA	NA	NA	NA	NA	NA	NA	NA	NA	NA	NA	NA	NA	NA	NA
NA	NA	NA	NA	NA	NA	NA	NA	NA	NA	NA	NA	NA	NA	NA	NA
NA	NA	NA	NA	NA	NA	NA	NA	NA	NA	NA	NA	NA	NA	NA	NA
NA	NA	NA	NA	NA	NA	NA	NA	NA	NA	NA	NA	NA	NA	NA	NA
NA	NA	NA	NA	NA	NA	NA	NA	NA	NA	NA	NA	NA	NA	NA	NA
NA	NA	NA	NA	NA	NA	NA	NA	NA	NA	NA	NA	NA	NA	NA	NA
NA	NA	NA	NA	NA	NA	NA	NA	NA	NA	NA	NA	NA	NA	NA	NA
NA	NA	NA	NA	NA	NA	NA	NA	NA	NA	NA	NA	NA	NA	NA	NA
NA	NA	NA	NA	NA	NA	NA	NA	NA	NA	NA	NA	NA	NA	NA	NA
NA	NA	NA	NA	NA	NA	NA	NA	NA	NA	NA	NA	NA	NA	NA	NA
NA	NA	NA	NA	NA	NA	NA	NA	NA	NA	NA	NA	NA	NA	NA	NA
NA	NA	NA	NA	NA	NA	NA	NA	NA	NA	NA	NA	NA	NA	NA	NA
NA	NA	NA	NA	NA	NA	NA	NA	NA	NA	NA	NA	NA	NA	NA	NA
NA	NA	NA	NA	NA	NA	NA	NA	NA	NA	NA	NA	NA	NA	NA	NA
NA	NA	NA	NA	NA	NA	NA	NA	NA	NA	NA	NA	NA	NA	NA	NA
NA	NA	NA	NA	NA	NA	NA	NA	NA	NA	NA	NA	NA	NA	NA	NA
NA	NA	NA	NA	NA	NA	NA	NA	NA	NA	NA	NA	NA	NA	NA	NA
NA	NA	NA	NA	NA	NA	NA	NA	NA	NA	NA	NA	NA	NA	NA	NA
NA	NA	NA	NA	NA	NA	NA	NA	NA	NA	NA	NA	NA	NA	NA	NA
NA	NA	NA	NA	NA	NA	NA	NA	NA	NA	NA	NA	NA	NA	NA	NA
NA	NA	NA	NA	NA	NA	NA	NA	NA	NA	NA	NA	NA	NA	NA	NA
NA	NA	NA	NA	NA	NA	NA	NA	NA	NA	NA	NA	NA	NA	NA	NA
NA	NA	NA	NA	NA	NA	NA	NA	NA	NA	NA	NA	NA	NA	NA	NA
NA	NA	NA	NA	NA	NA	NA	NA	NA	NA	NA	NA	NA	NA	NA	NA
NA	NA	NA	NA	NA	NA	NA	NA	NA	NA	NA	NA	NA	NA	NA	NA
NA	NA	NA	NA	NA	NA	NA	NA	NA	NA	NA	NA	NA	NA	NA	NA
NA	NA	NA	NA	NA	NA	NA	NA	NA	NA	NA	NA	NA	NA	NA	NA
NA	NA	NA	NA	NA	NA	NA	NA	NA	NA	NA	NA	NA	NA	NA	NA
NA	NA	NA	NA	NA	NA	NA	NA	NA	NA	NA	NA	NA	NA	NA	NA
NA	NA	NA	NA	NA	NA	NA	NA	NA	NA	NA	NA	NA	NA	NA	NA
NA	NA	NA	NA	NA	NA	NA	NA	NA	NA	NA	NA	NA	NA	NA	NA
NA	NA	NA	NA	NA	NA	NA	NA	NA	NA	NA	NA	NA	NA	NA	NA
NA	NA	NA	NA	NA	NA	NA	NA	NA	NA	NA	NA	NA	NA	NA	NA
NA	NA	NA	NA	NA	NA	NA	NA	NA	NA	NA	NA	NA	NA	NA	NA
NA	NA	NA	NA	NA	NA	NA	NA	NA	NA	NA	NA	NA	NA	NA	NA
NA	NA	NA	NA	NA	NA	NA	NA	NA	NA	NA	NA	NA	NA	NA	NA
NA	NA	NA	NA	NA	NA	NA	NA	NA	NA	NA	NA	NA	NA	NA	NA
NA	NA	NA	NA	NA	NA	NA	NA	NA	NA	NA	NA	NA	NA	NA	NA
NA	NA	NA	NA	NA	NA	NA	NA	NA	NA	NA	NA	NA	NA	NA	NA
NA	NA	NA	NA	NA	NA	NA	NA	NA	NA	NA	NA	NA	NA	NA	NA
NA	NA	NA	NA	NA	NA	NA	NA	NA	NA	NA	NA	NA	NA	NA	NA
NA	NA	NA	NA	NA	NA	NA	NA	NA	NA	NA	NA	NA	NA	NA	NA
NA	NA	NA	NA	NA	NA	NA	NA	NA	NA	NA	NA	NA	NA	NA	NA
NA	NA	NA	NA	NA	NA	NA	NA	NA	NA	NA	NA	NA	NA	NA	NA
NA	NA	NA	NA	NA	NA	NA	NA	NA	NA	NA	NA	NA	NA	NA	NA
NA	NA	NA	NA	NA	NA	NA	NA	NA	NA	NA	NA	NA	NA	NA	NA
NA	NA	NA	NA	NA	NA	NA	NA	NA	NA	NA	NA	NA	NA	NA	NA
NA	NA	NA	NA	NA	NA	NA	NA	NA	NA	NA	NA	NA	NA	NA	NA
NA	NA	NA	NA	NA	NA	NA	NA	NA	NA	NA	NA	NA	NA	NA	NA
NA	NA	NA	NA	NA	NA	NA	NA	NA	NA	NA	NA	NA	NA	NA	NA
NA	NA	NA	NA	NA	NA	NA	NA	NA	NA	NA	NA	NA	NA	NA	NA
NA	NA	NA	NA	NA	NA	NA	NA	NA	NA	NA	NA	NA	NA	NA	NA
NA	NA	NA	NA	NA	NA	NA	NA	NA	NA	NA	NA	NA	NA	NA	NA
NA	NA	NA	NA	NA	NA	NA	NA	NA	NA	NA	NA	NA	NA	NA	NA
NA	NA	NA	NA	NA	NA	NA	NA	NA	NA	NA	NA	NA	NA	NA	NA
NA	NA	NA	NA	NA	NA	NA	NA	NA	NA	NA	NA	NA	NA	NA	NA
