X1	X2	X3	X4	X1.1	X2.1	X3.1	X4.1	X1.2	X2.2	X3.2	X4.2	X1.3	X2.3	X3.3	X4.3
NA	NA	NA	NA	NA	NA	NA	NA	NA	NA	NA	NA	NA	NA	NA	NA
NA	NA	NA	NA	NA	NA	NA	NA	NA	NA	NA	NA	NA	NA	NA	NA
NA	NA	NA	NA	NA	NA	NA	NA	NA	NA	NA	NA	NA	NA	NA	NA
NA	NA	NA	NA	NA	NA	NA	NA	NA	NA	NA	NA	NA	NA	NA	NA
NA	NA	NA	NA	NA	NA	NA	NA	NA	NA	NA	NA	NA	NA	NA	NA
NA	NA	NA	NA	NA	NA	NA	NA	NA	NA	NA	NA	NA	NA	NA	NA
NA	NA	NA	NA	NA	NA	NA	NA	NA	NA	NA	NA	NA	NA	NA	NA
NA	NA	NA	NA	NA	NA	NA	NA	NA	NA	NA	NA	NA	NA	NA	NA
NA	NA	NA	NA	NA	NA	NA	NA	NA	NA	NA	NA	NA	NA	NA	NA
NA	NA	NA	NA	NA	NA	NA	NA	NA	NA	NA	NA	NA	NA	NA	NA
NA	NA	NA	NA	NA	NA	NA	NA	NA	NA	NA	NA	NA	NA	NA	NA
NA	NA	NA	NA	NA	NA	NA	NA	NA	NA	NA	NA	NA	NA	NA	NA
NA	NA	NA	NA	NA	NA	NA	NA	NA	NA	NA	NA	NA	NA	NA	NA
NA	NA	NA	NA	NA	NA	NA	NA	NA	NA	NA	NA	NA	NA	NA	NA
NA	NA	NA	NA	NA	NA	NA	NA	NA	NA	NA	NA	NA	NA	NA	NA
NA	NA	NA	NA	NA	NA	NA	NA	NA	NA	NA	NA	NA	NA	NA	NA
NA	NA	NA	NA	NA	NA	NA	NA	NA	NA	NA	NA	NA	NA	NA	NA
NA	NA	NA	NA	NA	NA	NA	NA	NA	NA	NA	NA	NA	NA	NA	NA
NA	NA	NA	NA	NA	NA	NA	NA	NA	NA	NA	NA	NA	NA	NA	NA
NA	NA	NA	NA	NA	NA	NA	NA	NA	NA	NA	NA	NA	NA	NA	NA
NA	NA	NA	NA	NA	NA	NA	NA	NA	NA	NA	NA	NA	NA	NA	NA
NA	NA	NA	NA	NA	NA	NA	NA	NA	NA	NA	NA	NA	NA	NA	NA
NA	NA	NA	NA	NA	NA	NA	NA	NA	NA	NA	NA	NA	NA	NA	NA
NA	NA	NA	NA	NA	NA	NA	NA	NA	NA	NA	NA	NA	NA	NA	NA
NA	NA	NA	NA	NA	NA	NA	NA	NA	NA	NA	NA	NA	NA	NA	NA
NA	NA	NA	NA	NA	NA	NA	NA	NA	NA	NA	NA	NA	NA	NA	NA
NA	NA	NA	NA	NA	NA	NA	NA	NA	NA	NA	NA	NA	NA	NA	NA
NA	NA	NA	NA	NA	NA	NA	NA	NA	NA	NA	NA	NA	NA	NA	NA
NA	NA	NA	NA	NA	NA	NA	NA	NA	NA	NA	NA	NA	NA	NA	NA
NA	NA	NA	NA	NA	NA	NA	NA	NA	NA	NA	NA	NA	NA	NA	NA
NA	NA	NA	NA	NA	NA	NA	NA	NA	NA	NA	NA	NA	NA	NA	NA
NA	NA	NA	NA	NA	NA	NA	NA	NA	NA	NA	NA	NA	NA	NA	NA
NA	NA	NA	NA	NA	NA	NA	NA	NA	NA	NA	NA	NA	NA	NA	NA
NA	NA	NA	NA	NA	NA	NA	NA	NA	NA	NA	NA	NA	NA	NA	NA
NA	NA	NA	NA	NA	NA	NA	NA	NA	NA	NA	NA	NA	NA	NA	NA
NA	NA	NA	NA	NA	NA	NA	NA	NA	NA	NA	NA	NA	NA	NA	NA
NA	NA	NA	NA	NA	NA	NA	NA	NA	NA	NA	NA	NA	NA	NA	NA
NA	NA	NA	NA	NA	NA	NA	NA	NA	NA	NA	NA	NA	NA	NA	NA
NA	NA	NA	NA	NA	NA	NA	NA	NA	NA	NA	NA	NA	NA	NA	NA
NA	NA	NA	NA	NA	NA	NA	NA	NA	NA	NA	NA	NA	NA	NA	NA
NA	NA	NA	NA	NA	NA	NA	NA	NA	NA	NA	NA	NA	NA	NA	NA
NA	NA	NA	NA	NA	NA	NA	NA	NA	NA	NA	NA	NA	NA	NA	NA
NA	NA	NA	NA	NA	NA	NA	NA	NA	NA	NA	NA	NA	NA	NA	NA
NA	NA	NA	NA	NA	NA	NA	NA	NA	NA	NA	NA	NA	NA	NA	NA
NA	NA	NA	NA	NA	NA	NA	NA	NA	NA	NA	NA	NA	NA	NA	NA
NA	NA	NA	NA	NA	NA	NA	NA	NA	NA	NA	NA	NA	NA	NA	NA
NA	NA	NA	NA	NA	NA	NA	NA	NA	NA	NA	NA	NA	NA	NA	NA
NA	NA	NA	NA	NA	NA	NA	NA	NA	NA	NA	NA	NA	NA	NA	NA
NA	NA	NA	NA	NA	NA	NA	NA	NA	NA	NA	NA	NA	NA	NA	NA
NA	NA	NA	NA	NA	NA	NA	NA	NA	NA	NA	NA	NA	NA	NA	NA
NA	NA	NA	NA	NA	NA	NA	NA	NA	NA	NA	NA	NA	NA	NA	NA
NA	NA	NA	NA	NA	NA	NA	NA	NA	NA	NA	NA	NA	NA	NA	NA
NA	NA	NA	NA	NA	NA	NA	NA	NA	NA	NA	NA	NA	NA	NA	NA
NA	NA	NA	NA	NA	NA	NA	NA	NA	NA	NA	NA	NA	NA	NA	NA
NA	NA	NA	NA	NA	NA	NA	NA	NA	NA	NA	NA	NA	NA	NA	NA
NA	NA	NA	NA	NA	NA	NA	NA	NA	NA	NA	NA	NA	NA	NA	NA
NA	NA	NA	NA	NA	NA	NA	NA	NA	NA	NA	NA	NA	NA	NA	NA
NA	NA	NA	NA	NA	NA	NA	NA	NA	NA	NA	NA	NA	NA	NA	NA
NA	NA	NA	NA	NA	NA	NA	NA	NA	NA	NA	NA	NA	NA	NA	NA
NA	NA	NA	NA	NA	NA	NA	NA	NA	NA	NA	NA	NA	NA	NA	NA
NA	NA	NA	NA	NA	NA	NA	NA	NA	NA	NA	NA	NA	NA	NA	NA
NA	NA	NA	NA	NA	NA	NA	NA	NA	NA	NA	NA	NA	NA	NA	NA
NA	NA	NA	NA	NA	NA	NA	NA	NA	NA	NA	NA	NA	NA	NA	NA
NA	NA	NA	NA	NA	NA	NA	NA	NA	NA	NA	NA	NA	NA	NA	NA
NA	NA	NA	NA	NA	NA	NA	NA	NA	NA	NA	NA	NA	NA	NA	NA
NA	NA	NA	NA	NA	NA	NA	NA	NA	NA	NA	NA	NA	NA	NA	NA
NA	NA	NA	NA	NA	NA	NA	NA	NA	NA	NA	NA	NA	NA	NA	NA
NA	NA	NA	NA	NA	NA	NA	NA	NA	NA	NA	NA	NA	NA	NA	NA
NA	NA	NA	NA	NA	NA	NA	NA	NA	NA	NA	NA	NA	NA	NA	NA
NA	NA	NA	NA	NA	NA	NA	NA	NA	NA	NA	NA	NA	NA	NA	NA
NA	NA	NA	NA	NA	NA	NA	NA	NA	NA	NA	NA	NA	NA	NA	NA
NA	NA	NA	NA	NA	NA	NA	NA	NA	NA	NA	NA	NA	NA	NA	NA
NA	NA	NA	NA	NA	NA	NA	NA	NA	NA	NA	NA	NA	NA	NA	NA
NA	NA	NA	NA	NA	NA	NA	NA	NA	NA	NA	NA	NA	NA	NA	NA
NA	NA	NA	NA	NA	NA	NA	NA	NA	NA	NA	NA	NA	NA	NA	NA
NA	NA	NA	NA	NA	NA	NA	NA	NA	NA	NA	NA	NA	NA	NA	NA
NA	NA	NA	NA	NA	NA	NA	NA	NA	NA	NA	NA	NA	NA	NA	NA
NA	NA	NA	NA	NA	NA	NA	NA	NA	NA	NA	NA	NA	NA	NA	NA
NA	NA	NA	NA	NA	NA	NA	NA	NA	NA	NA	NA	NA	NA	NA	NA
NA	NA	NA	NA	NA	NA	NA	NA	NA	NA	NA	NA	NA	NA	NA	NA
NA	NA	NA	NA	NA	NA	NA	NA	NA	NA	NA	NA	NA	NA	NA	NA
NA	NA	NA	NA	NA	NA	NA	NA	NA	NA	NA	NA	NA	NA	NA	NA
NA	NA	NA	NA	NA	NA	NA	NA	NA	NA	NA	NA	NA	NA	NA	NA
NA	NA	NA	NA	NA	NA	NA	NA	NA	NA	NA	NA	NA	NA	NA	NA
NA	NA	NA	NA	NA	NA	NA	NA	NA	NA	NA	NA	NA	NA	NA	NA
NA	NA	NA	NA	NA	NA	NA	NA	NA	NA	NA	NA	NA	NA	NA	NA
NA	NA	NA	NA	NA	NA	NA	NA	NA	NA	NA	NA	NA	NA	NA	NA
NA	NA	NA	NA	NA	NA	NA	NA	NA	NA	NA	NA	NA	NA	NA	NA
NA	NA	NA	NA	NA	NA	NA	NA	NA	NA	NA	NA	NA	NA	NA	NA
NA	NA	NA	NA	NA	NA	NA	NA	NA	NA	NA	NA	NA	NA	NA	NA
NA	NA	NA	NA	NA	NA	NA	NA	NA	NA	NA	NA	NA	NA	NA	NA
NA	NA	NA	NA	NA	NA	NA	NA	NA	NA	NA	NA	NA	NA	NA	NA
NA	NA	NA	NA	NA	NA	NA	NA	NA	NA	NA	NA	NA	NA	NA	NA
NA	NA	NA	NA	NA	NA	NA	NA	NA	NA	NA	NA	NA	NA	NA	NA
NA	NA	NA	NA	NA	NA	NA	NA	NA	NA	NA	NA	NA	NA	NA	NA
NA	NA	NA	NA	NA	NA	NA	NA	NA	NA	NA	NA	NA	NA	NA	NA
NA	NA	NA	NA	NA	NA	NA	NA	NA	NA	NA	NA	NA	NA	NA	NA
NA	NA	NA	NA	NA	NA	NA	NA	NA	NA	NA	NA	NA	NA	NA	NA
NA	NA	NA	NA	NA	NA	NA	NA	NA	NA	NA	NA	NA	NA	NA	NA
NA	NA	NA	NA	NA	NA	NA	NA	NA	NA	NA	NA	NA	NA	NA	NA
NA	NA	NA	NA	NA	NA	NA	NA	NA	NA	NA	NA	NA	NA	NA	NA
NA	NA	NA	NA	NA	NA	NA	NA	NA	NA	NA	NA	NA	NA	NA	NA
NA	NA	NA	NA	NA	NA	NA	NA	NA	NA	NA	NA	NA	NA	NA	NA
NA	NA	NA	NA	NA	NA	NA	NA	NA	NA	NA	NA	NA	NA	NA	NA
NA	NA	NA	NA	NA	NA	NA	NA	NA	NA	NA	NA	NA	NA	NA	NA
NA	NA	NA	NA	NA	NA	NA	NA	NA	NA	NA	NA	NA	NA	NA	NA
NA	NA	NA	NA	NA	NA	NA	NA	NA	NA	NA	NA	NA	NA	NA	NA
NA	NA	NA	NA	NA	NA	NA	NA	NA	NA	NA	NA	NA	NA	NA	NA
NA	NA	NA	NA	NA	NA	NA	NA	NA	NA	NA	NA	NA	NA	NA	NA
NA	NA	NA	NA	NA	NA	NA	NA	NA	NA	NA	NA	NA	NA	NA	NA
NA	NA	NA	NA	NA	NA	NA	NA	NA	NA	NA	NA	NA	NA	NA	NA
NA	NA	NA	NA	NA	NA	NA	NA	NA	NA	NA	NA	NA	NA	NA	NA
NA	NA	NA	NA	NA	NA	NA	NA	NA	NA	NA	NA	NA	NA	NA	NA
NA	NA	NA	NA	NA	NA	NA	NA	NA	NA	NA	NA	NA	NA	NA	NA
NA	NA	NA	NA	NA	NA	NA	NA	NA	NA	NA	NA	NA	NA	NA	NA
NA	NA	NA	NA	NA	NA	NA	NA	NA	NA	NA	NA	NA	NA	NA	NA
NA	NA	NA	NA	NA	NA	NA	NA	NA	NA	NA	NA	NA	NA	NA	NA
NA	NA	NA	NA	NA	NA	NA	NA	NA	NA	NA	NA	NA	NA	NA	NA
NA	NA	NA	NA	NA	NA	NA	NA	NA	NA	NA	NA	NA	NA	NA	NA
NA	NA	NA	NA	NA	NA	NA	NA	NA	NA	NA	NA	NA	NA	NA	NA
NA	NA	NA	NA	NA	NA	NA	NA	NA	NA	NA	NA	NA	NA	NA	NA
NA	NA	NA	NA	NA	NA	NA	NA	NA	NA	NA	NA	NA	NA	NA	NA
NA	NA	NA	NA	NA	NA	NA	NA	NA	NA	NA	NA	NA	NA	NA	NA
NA	NA	NA	NA	NA	NA	NA	NA	NA	NA	NA	NA	NA	NA	NA	NA
NA	NA	NA	NA	NA	NA	NA	NA	NA	NA	NA	NA	NA	NA	NA	NA
NA	NA	NA	NA	NA	NA	NA	NA	NA	NA	NA	NA	NA	NA	NA	NA
NA	NA	NA	NA	NA	NA	NA	NA	NA	NA	NA	NA	NA	NA	NA	NA
NA	NA	NA	NA	NA	NA	NA	NA	NA	NA	NA	NA	NA	NA	NA	NA
NA	NA	NA	NA	NA	NA	NA	NA	NA	NA	NA	NA	NA	NA	NA	NA
NA	NA	NA	NA	NA	NA	NA	NA	NA	NA	NA	NA	NA	NA	NA	NA
NA	NA	NA	NA	NA	NA	NA	NA	NA	NA	NA	NA	NA	NA	NA	NA
NA	NA	NA	NA	NA	NA	NA	NA	NA	NA	NA	NA	NA	NA	NA	NA
NA	NA	NA	NA	NA	NA	NA	NA	NA	NA	NA	NA	NA	NA	NA	NA
NA	NA	NA	NA	NA	NA	NA	NA	NA	NA	NA	NA	NA	NA	NA	NA
NA	NA	NA	NA	NA	NA	NA	NA	NA	NA	NA	NA	NA	NA	NA	NA
NA	NA	NA	NA	NA	NA	NA	NA	NA	NA	NA	NA	NA	NA	NA	NA
NA	NA	NA	NA	NA	NA	NA	NA	NA	NA	NA	NA	NA	NA	NA	NA
NA	NA	NA	NA	NA	NA	NA	NA	NA	NA	NA	NA	NA	NA	NA	NA
NA	NA	NA	NA	NA	NA	NA	NA	NA	NA	NA	NA	NA	NA	NA	NA
NA	NA	NA	NA	NA	NA	NA	NA	NA	NA	NA	NA	NA	NA	NA	NA
NA	NA	NA	NA	NA	NA	NA	NA	NA	NA	NA	NA	NA	NA	NA	NA
NA	NA	NA	NA	NA	NA	NA	NA	NA	NA	NA	NA	NA	NA	NA	NA
NA	NA	NA	NA	NA	NA	NA	NA	NA	NA	NA	NA	NA	NA	NA	NA
NA	NA	NA	NA	NA	NA	NA	NA	NA	NA	NA	NA	NA	NA	NA	NA
NA	NA	NA	NA	NA	NA	NA	NA	NA	NA	NA	NA	NA	NA	NA	NA
NA	NA	NA	NA	NA	NA	NA	NA	NA	NA	NA	NA	NA	NA	NA	NA
NA	NA	NA	NA	NA	NA	NA	NA	NA	NA	NA	NA	NA	NA	NA	NA
NA	NA	NA	NA	NA	NA	NA	NA	NA	NA	NA	NA	NA	NA	NA	NA
NA	NA	NA	NA	NA	NA	NA	NA	NA	NA	NA	NA	NA	NA	NA	NA
NA	NA	NA	NA	NA	NA	NA	NA	NA	NA	NA	NA	NA	NA	NA	NA
NA	NA	NA	NA	NA	NA	NA	NA	NA	NA	NA	NA	NA	NA	NA	NA
NA	NA	NA	NA	NA	NA	NA	NA	NA	NA	NA	NA	NA	NA	NA	NA
NA	NA	NA	NA	NA	NA	NA	NA	NA	NA	NA	NA	NA	NA	NA	NA
NA	NA	NA	NA	NA	NA	NA	NA	NA	NA	NA	NA	NA	NA	NA	NA
NA	NA	NA	NA	NA	NA	NA	NA	NA	NA	NA	NA	NA	NA	NA	NA
NA	NA	NA	NA	NA	NA	NA	NA	NA	NA	NA	NA	NA	NA	NA	NA
NA	NA	NA	NA	NA	NA	NA	NA	NA	NA	NA	NA	NA	NA	NA	NA
NA	NA	NA	NA	NA	NA	NA	NA	NA	NA	NA	NA	NA	NA	NA	NA
NA	NA	NA	NA	NA	NA	NA	NA	NA	NA	NA	NA	NA	NA	NA	NA
NA	NA	NA	NA	NA	NA	NA	NA	NA	NA	NA	NA	NA	NA	NA	NA
NA	NA	NA	NA	NA	NA	NA	NA	NA	NA	NA	NA	NA	NA	NA	NA
NA	NA	NA	NA	NA	NA	NA	NA	NA	NA	NA	NA	NA	NA	NA	NA
NA	NA	NA	NA	NA	NA	NA	NA	NA	NA	NA	NA	NA	NA	NA	NA
NA	NA	NA	NA	NA	NA	NA	NA	NA	NA	NA	NA	NA	NA	NA	NA
NA	NA	NA	NA	NA	NA	NA	NA	NA	NA	NA	NA	NA	NA	NA	NA
NA	NA	NA	NA	NA	NA	NA	NA	NA	NA	NA	NA	NA	NA	NA	NA
NA	NA	NA	NA	NA	NA	NA	NA	NA	NA	NA	NA	NA	NA	NA	NA
NA	NA	NA	NA	NA	NA	NA	NA	NA	NA	NA	NA	NA	NA	NA	NA
NA	NA	NA	NA	NA	NA	NA	NA	NA	NA	NA	NA	NA	NA	NA	NA
NA	NA	NA	NA	NA	NA	NA	NA	NA	NA	NA	NA	NA	NA	NA	NA
NA	NA	NA	NA	NA	NA	NA	NA	NA	NA	NA	NA	NA	NA	NA	NA
NA	NA	NA	NA	NA	NA	NA	NA	NA	NA	NA	NA	NA	NA	NA	NA
NA	NA	NA	NA	NA	NA	NA	NA	NA	NA	NA	NA	NA	NA	NA	NA
NA	NA	NA	NA	NA	NA	NA	NA	NA	NA	NA	NA	NA	NA	NA	NA
NA	NA	NA	NA	NA	NA	NA	NA	NA	NA	NA	NA	NA	NA	NA	NA
NA	NA	NA	NA	NA	NA	NA	NA	NA	NA	NA	NA	NA	NA	NA	NA
NA	NA	NA	NA	NA	NA	NA	NA	NA	NA	NA	NA	NA	NA	NA	NA
NA	NA	NA	NA	NA	NA	NA	NA	NA	NA	NA	NA	NA	NA	NA	NA
NA	NA	NA	NA	NA	NA	NA	NA	NA	NA	NA	NA	NA	NA	NA	NA
NA	NA	NA	NA	NA	NA	NA	NA	NA	NA	NA	NA	NA	NA	NA	NA
NA	NA	NA	NA	NA	NA	NA	NA	NA	NA	NA	NA	NA	NA	NA	NA
NA	NA	NA	NA	NA	NA	NA	NA	NA	NA	NA	NA	NA	NA	NA	NA
NA	NA	NA	NA	NA	NA	NA	NA	NA	NA	NA	NA	NA	NA	NA	NA
NA	NA	NA	NA	NA	NA	NA	NA	NA	NA	NA	NA	NA	NA	NA	NA
NA	NA	NA	NA	NA	NA	NA	NA	NA	NA	NA	NA	NA	NA	NA	NA
NA	NA	NA	NA	NA	NA	NA	NA	NA	NA	NA	NA	NA	NA	NA	NA
NA	NA	NA	NA	NA	NA	NA	NA	NA	NA	NA	NA	NA	NA	NA	NA
NA	NA	NA	NA	NA	NA	NA	NA	NA	NA	NA	NA	NA	NA	NA	NA
NA	NA	NA	NA	NA	NA	NA	NA	NA	NA	NA	NA	NA	NA	NA	NA
NA	NA	NA	NA	NA	NA	NA	NA	NA	NA	NA	NA	NA	NA	NA	NA
NA	NA	NA	NA	NA	NA	NA	NA	NA	NA	NA	NA	NA	NA	NA	NA
NA	NA	NA	NA	NA	NA	NA	NA	NA	NA	NA	NA	NA	NA	NA	NA
NA	NA	NA	NA	NA	NA	NA	NA	NA	NA	NA	NA	NA	NA	NA	NA
NA	NA	NA	NA	NA	NA	NA	NA	NA	NA	NA	NA	NA	NA	NA	NA
NA	NA	NA	NA	NA	NA	NA	NA	NA	NA	NA	NA	NA	NA	NA	NA
NA	NA	NA	NA	NA	NA	NA	NA	NA	NA	NA	NA	NA	NA	NA	NA
NA	NA	NA	NA	NA	NA	NA	NA	NA	NA	NA	NA	NA	NA	NA	NA
NA	NA	NA	NA	NA	NA	NA	NA	NA	NA	NA	NA	NA	NA	NA	NA
NA	NA	NA	NA	NA	NA	NA	NA	NA	NA	NA	NA	NA	NA	NA	NA
NA	NA	NA	NA	NA	NA	NA	NA	NA	NA	NA	NA	NA	NA	NA	NA
NA	NA	NA	NA	NA	NA	NA	NA	NA	NA	NA	NA	NA	NA	NA	NA
NA	NA	NA	NA	NA	NA	NA	NA	NA	NA	NA	NA	NA	NA	NA	NA
NA	NA	NA	NA	NA	NA	NA	NA	NA	NA	NA	NA	NA	NA	NA	NA
NA	NA	NA	NA	NA	NA	NA	NA	NA	NA	NA	NA	NA	NA	NA	NA
NA	NA	NA	NA	NA	NA	NA	NA	NA	NA	NA	NA	NA	NA	NA	NA
NA	NA	NA	NA	NA	NA	NA	NA	NA	NA	NA	NA	NA	NA	NA	NA
NA	NA	NA	NA	NA	NA	NA	NA	NA	NA	NA	NA	NA	NA	NA	NA
NA	NA	NA	NA	NA	NA	NA	NA	NA	NA	NA	NA	NA	NA	NA	NA
NA	NA	NA	NA	NA	NA	NA	NA	NA	NA	NA	NA	NA	NA	NA	NA
NA	NA	NA	NA	NA	NA	NA	NA	NA	NA	NA	NA	NA	NA	NA	NA
NA	NA	NA	NA	NA	NA	NA	NA	NA	NA	NA	NA	NA	NA	NA	NA
NA	NA	NA	NA	NA	NA	NA	NA	NA	NA	NA	NA	NA	NA	NA	NA
NA	NA	NA	NA	NA	NA	NA	NA	NA	NA	NA	NA	NA	NA	NA	NA
NA	NA	NA	NA	NA	NA	NA	NA	NA	NA	NA	NA	NA	NA	NA	NA
NA	NA	NA	NA	NA	NA	NA	NA	NA	NA	NA	NA	NA	NA	NA	NA
NA	NA	NA	NA	NA	NA	NA	NA	NA	NA	NA	NA	NA	NA	NA	NA
NA	NA	NA	NA	NA	NA	NA	NA	NA	NA	NA	NA	NA	NA	NA	NA
NA	NA	NA	NA	NA	NA	NA	NA	NA	NA	NA	NA	NA	NA	NA	NA
NA	NA	NA	NA	NA	NA	NA	NA	NA	NA	NA	NA	NA	NA	NA	NA
NA	NA	NA	NA	NA	NA	NA	NA	NA	NA	NA	NA	NA	NA	NA	NA
NA	NA	NA	NA	NA	NA	NA	NA	NA	NA	NA	NA	NA	NA	NA	NA
NA	NA	NA	NA	NA	NA	NA	NA	NA	NA	NA	NA	NA	NA	NA	NA
NA	NA	NA	NA	NA	NA	NA	NA	NA	NA	NA	NA	NA	NA	NA	NA
NA	NA	NA	NA	NA	NA	NA	NA	NA	NA	NA	NA	NA	NA	NA	NA
NA	NA	NA	NA	NA	NA	NA	NA	NA	NA	NA	NA	NA	NA	NA	NA
NA	NA	NA	NA	NA	NA	NA	NA	NA	NA	NA	NA	NA	NA	NA	NA
NA	NA	NA	NA	NA	NA	NA	NA	NA	NA	NA	NA	NA	NA	NA	NA
NA	NA	NA	NA	NA	NA	NA	NA	NA	NA	NA	NA	NA	NA	NA	NA
NA	NA	NA	NA	NA	NA	NA	NA	NA	NA	NA	NA	NA	NA	NA	NA
NA	NA	NA	NA	NA	NA	NA	NA	NA	NA	NA	NA	NA	NA	NA	NA
NA	NA	NA	NA	NA	NA	NA	NA	NA	NA	NA	NA	NA	NA	NA	NA
NA	NA	NA	NA	NA	NA	NA	NA	NA	NA	NA	NA	NA	NA	NA	NA
NA	NA	NA	NA	NA	NA	NA	NA	NA	NA	NA	NA	NA	NA	NA	NA
NA	NA	NA	NA	NA	NA	NA	NA	NA	NA	NA	NA	NA	NA	NA	NA
NA	NA	NA	NA	NA	NA	NA	NA	NA	NA	NA	NA	NA	NA	NA	NA
NA	NA	NA	NA	NA	NA	NA	NA	NA	NA	NA	NA	NA	NA	NA	NA
NA	NA	NA	NA	NA	NA	NA	NA	NA	NA	NA	NA	NA	NA	NA	NA
NA	NA	NA	NA	NA	NA	NA	NA	NA	NA	NA	NA	NA	NA	NA	NA
NA	NA	NA	NA	NA	NA	NA	NA	NA	NA	NA	NA	NA	NA	NA	NA
NA	NA	NA	NA	NA	NA	NA	NA	NA	NA	NA	NA	NA	NA	NA	NA
NA	NA	NA	NA	NA	NA	NA	NA	NA	NA	NA	NA	NA	NA	NA	NA
NA	NA	NA	NA	NA	NA	NA	NA	NA	NA	NA	NA	NA	NA	NA	NA
NA	NA	NA	NA	NA	NA	NA	NA	NA	NA	NA	NA	NA	NA	NA	NA
NA	NA	NA	NA	NA	NA	NA	NA	NA	NA	NA	NA	NA	NA	NA	NA
NA	NA	NA	NA	NA	NA	NA	NA	NA	NA	NA	NA	NA	NA	NA	NA
NA	NA	NA	NA	NA	NA	NA	NA	NA	NA	NA	NA	NA	NA	NA	NA
NA	NA	NA	NA	NA	NA	NA	NA	NA	NA	NA	NA	NA	NA	NA	NA
NA	NA	NA	NA	NA	NA	NA	NA	NA	NA	NA	NA	NA	NA	NA	NA
NA	NA	NA	NA	NA	NA	NA	NA	NA	NA	NA	NA	NA	NA	NA	NA
NA	NA	NA	NA	NA	NA	NA	NA	NA	NA	NA	NA	NA	NA	NA	NA
NA	NA	NA	NA	NA	NA	NA	NA	NA	NA	NA	NA	NA	NA	NA	NA
NA	NA	NA	NA	NA	NA	NA	NA	NA	NA	NA	NA	NA	NA	NA	NA
NA	NA	NA	NA	NA	NA	NA	NA	NA	NA	NA	NA	NA	NA	NA	NA
NA	NA	NA	NA	NA	NA	NA	NA	NA	NA	NA	NA	NA	NA	NA	NA
NA	NA	NA	NA	NA	NA	NA	NA	NA	NA	NA	NA	NA	NA	NA	NA
NA	NA	NA	NA	NA	NA	NA	NA	NA	NA	NA	NA	NA	NA	NA	NA
NA	NA	NA	NA	NA	NA	NA	NA	NA	NA	NA	NA	NA	NA	NA	NA
NA	NA	NA	NA	NA	NA	NA	NA	NA	NA	NA	NA	NA	NA	NA	NA
NA	NA	NA	NA	NA	NA	NA	NA	NA	NA	NA	NA	NA	NA	NA	NA
NA	NA	NA	NA	NA	NA	NA	NA	NA	NA	NA	NA	NA	NA	NA	NA
NA	NA	NA	NA	NA	NA	NA	NA	NA	NA	NA	NA	NA	NA	NA	NA
NA	NA	NA	NA	NA	NA	NA	NA	NA	NA	NA	NA	NA	NA	NA	NA
NA	NA	NA	NA	NA	NA	NA	NA	NA	NA	NA	NA	NA	NA	NA	NA
NA	NA	NA	NA	NA	NA	NA	NA	NA	NA	NA	NA	NA	NA	NA	NA
NA	NA	NA	NA	NA	NA	NA	NA	NA	NA	NA	NA	NA	NA	NA	NA
NA	NA	NA	NA	NA	NA	NA	NA	NA	NA	NA	NA	NA	NA	NA	NA
NA	NA	NA	NA	NA	NA	NA	NA	NA	NA	NA	NA	NA	NA	NA	NA
NA	NA	NA	NA	NA	NA	NA	NA	NA	NA	NA	NA	NA	NA	NA	NA
NA	NA	NA	NA	NA	NA	NA	NA	NA	NA	NA	NA	NA	NA	NA	NA
NA	NA	NA	NA	NA	NA	NA	NA	NA	NA	NA	NA	NA	NA	NA	NA
NA	NA	NA	NA	NA	NA	NA	NA	NA	NA	NA	NA	NA	NA	NA	NA
NA	NA	NA	NA	NA	NA	NA	NA	NA	NA	NA	NA	NA	NA	NA	NA
NA	NA	NA	NA	NA	NA	NA	NA	NA	NA	NA	NA	NA	NA	NA	NA
NA	NA	NA	NA	NA	NA	NA	NA	NA	NA	NA	NA	NA	NA	NA	NA
NA	NA	NA	NA	NA	NA	NA	NA	NA	NA	NA	NA	NA	NA	NA	NA
NA	NA	NA	NA	NA	NA	NA	NA	NA	NA	NA	NA	NA	NA	NA	NA
NA	NA	NA	NA	NA	NA	NA	NA	NA	NA	NA	NA	NA	NA	NA	NA
NA	NA	NA	NA	NA	NA	NA	NA	NA	NA	NA	NA	NA	NA	NA	NA
NA	NA	NA	NA	NA	NA	NA	NA	NA	NA	NA	NA	NA	NA	NA	NA
NA	NA	NA	NA	NA	NA	NA	NA	NA	NA	NA	NA	NA	NA	NA	NA
NA	NA	NA	NA	NA	NA	NA	NA	NA	NA	NA	NA	NA	NA	NA	NA
NA	NA	NA	NA	NA	NA	NA	NA	NA	NA	NA	NA	NA	NA	NA	NA
NA	NA	NA	NA	NA	NA	NA	NA	NA	NA	NA	NA	NA	NA	NA	NA
NA	NA	NA	NA	NA	NA	NA	NA	NA	NA	NA	NA	NA	NA	NA	NA
NA	NA	NA	NA	NA	NA	NA	NA	NA	NA	NA	NA	NA	NA	NA	NA
NA	NA	NA	NA	NA	NA	NA	NA	NA	NA	NA	NA	NA	NA	NA	NA
NA	NA	NA	NA	NA	NA	NA	NA	NA	NA	NA	NA	NA	NA	NA	NA
NA	NA	NA	NA	NA	NA	NA	NA	NA	NA	NA	NA	NA	NA	NA	NA
NA	NA	NA	NA	NA	NA	NA	NA	NA	NA	NA	NA	NA	NA	NA	NA
NA	NA	NA	NA	NA	NA	NA	NA	NA	NA	NA	NA	NA	NA	NA	NA
NA	NA	NA	NA	NA	NA	NA	NA	NA	NA	NA	NA	NA	NA	NA	NA
NA	NA	NA	NA	NA	NA	NA	NA	NA	NA	NA	NA	NA	NA	NA	NA
NA	NA	NA	NA	NA	NA	NA	NA	NA	NA	NA	NA	NA	NA	NA	NA
NA	NA	NA	NA	NA	NA	NA	NA	NA	NA	NA	NA	NA	NA	NA	NA
NA	NA	NA	NA	NA	NA	NA	NA	NA	NA	NA	NA	NA	NA	NA	NA
NA	NA	NA	NA	NA	NA	NA	NA	NA	NA	NA	NA	NA	NA	NA	NA
NA	NA	NA	NA	NA	NA	NA	NA	NA	NA	NA	NA	NA	NA	NA	NA
NA	NA	NA	NA	NA	NA	NA	NA	NA	NA	NA	NA	NA	NA	NA	NA
NA	NA	NA	NA	NA	NA	NA	NA	NA	NA	NA	NA	NA	NA	NA	NA
NA	NA	NA	NA	NA	NA	NA	NA	NA	NA	NA	NA	NA	NA	NA	NA
2.22332475192031	0.114572497746241	1.99876265633768	2.44788684750295	2.14387952033727	0.147537512672775	1.85470599549863	2.43305304517591	2.14387952033727	0.114572497746241	1.90408840750141	2.3448472666258	2.14516974262986	0.109860647668653	1.92966478070985	2.36067470454987
2.24794762384335	0.0968817944535336	2.05805930671442	2.43783594097227	2.13790990006402	0.12520652022912	1.89250512041495	2.3833146797131	2.13790990006402	0.0968817944535336	1.96122785433344	2.3339606821841	2.1397503999192	0.091620853357545	1.96005811405926	2.31944268577913
1.99188012574077	0.108891914048944	1.77845197420484	2.2053082772767	1.94386648536534	0.138349296286751	1.67270186464331	2.21503110608737	1.94386648536534	0.108891914048944	1.75572395165185	2.1679720339738	1.94344666838183	0.104118352423713	1.73921358932605	2.14767974743761
1.95540024589248	0.092757059406175	1.77359640945638	2.13720408232858	1.96600145881851	0.125889283442505	1.7192584632712	2.21274445436582	1.96600145881851	0.092757059406175	1.78205834091208	2.15676348175815	1.96741867076746	0.0855562711459201	1.79963186782277	2.13520547371214
1.82498118154735	0.0949147738248507	1.63894822485064	2.01101413824406	1.83332130370158	0.12281732785786	1.59259934110018	2.07404326630299	1.83332130370158	0.0949147738248507	1.65651946364244	2.02898713221898	1.83307685080112	0.0903128884524301	1.65594195202303	2.01021174957922
2.06126011968414	0.0962490421382293	1.87261199709321	2.24990824227507	2.0723557056903	0.127179971029883	1.82308296247173	2.32162844890887	2.0723557056903	0.0962490421382293	1.88103526911615	2.28459076704332	2.07532737205264	0.0887911487006017	1.9011901582929	2.24946458581239
2.01886668869771	0.0973071427119316	1.82814468898232	2.20958868841309	2.01653047199616	0.125303055870552	1.77093648248988	2.26212446150245	2.01653047199616	0.0973071427119316	1.83516451129283	2.21911698763915	2.01798570771436	0.091717877256127	1.83809647712707	2.19787493830166
2.03850817926588	0.100102960695245	1.8423063763032	2.23470998222856	2.03149273910626	0.129052466602705	1.77854990456496	2.28443557364756	2.03149273910626	0.100102960695245	1.84018880434567	2.23664070106148	2.02999105350963	0.0945415214832537	1.84456180712387	2.21542029989538
2.08179965020998	0.105126274254728	1.87575215267071	2.28784714774924	2.06877141968455	0.134158290297675	1.80582117070111	2.33172166866799	2.06877141968455	0.105126274254728	1.87168806166414	2.29089780294144	2.06822031558432	0.0977047958414189	1.87657578864739	2.25986484252125
1.86511775376112	0.0942761323575892	1.68033653434024	2.04989897318199	1.87813969306096	0.126156509393646	1.63087293464942	2.12540645147251	1.87813969306096	0.0942761323575892	1.69231526363762	2.07134517553833	1.88152670894037	0.0877944130241361	1.70934308116594	2.0537103367148
2.12479928649068	0.100779064853502	1.92727231937782	2.32232625360355	2.13603371154594	0.12691610961069	1.88727813670899	2.38478928638289	2.13603371154594	0.100779064853502	1.94629615966735	2.33140351689157	2.13541730018101	0.0988799038076528	1.94147158680183	2.32936301356019
1.94467993038482	0.090817129372123	1.76667835681546	2.12268150395418	1.91834143997044	0.120384460780508	1.68238789684065	2.15429498310024	1.91834143997044	0.090817129372123	1.75176353694947	2.11113300395415	1.91966383157325	0.084325946669678	1.75428601469669	2.0850416484498
2.13038284557448	0.097481325945446	1.9393194467214	2.32144624442755	2.02683638032498	0.129099658886323	1.77380104890778	2.27987171174217	2.02683638032498	0.097481325945446	1.85558373745898	2.21863372103876	2.02672066603376	0.0920727194453215	1.84612739395958	2.20731393810793
1.97087119924879	0.0852880376498864	1.80370664545501	2.13803575304257	2.0035274585285	0.11424784976438	1.77960167299031	2.22745324406668	2.0035274585285	0.0852880376498864	1.83702187823575	2.17993890710039	2.00247128945988	0.0766399402317225	1.85218818563812	2.15275439328165
2.09030762770687	0.105431693628788	1.88366150819445	2.2969537472193	2.07877515582139	0.138728415805698	1.80686746084222	2.35068285080056	2.07877515582139	0.105431693628788	1.88577846680628	2.29981056392542	2.07817427098448	0.100389131863425	1.88126239613848	2.27508614583048
1.95897823970558	0.0936279538319872	1.77546745019488	2.14248902921627	2.01496042912864	0.121355907591281	1.77710285024972	2.25281800800755	2.01496042912864	0.0936279538319872	1.84316536313417	2.211505660324	2.01578665504665	0.0863950234495091	1.84634745056822	2.18522585952508
2.00601264268164	0.101640820051827	1.80679663538006	2.20522864998322	2.0014284695331	0.133003792038967	1.74074103713673	2.26211590192948	2.0014284695331	0.101640820051827	1.81743563813938	2.20532272755634	2.00365958376736	0.0965871623737862	1.81420960723926	2.19310956029545
1.9292295461781	0.0919911440356726	1.74892690386818	2.10953218848802	1.93167820302553	0.125426086066541	1.68584307433511	2.17751333171595	1.93167820302553	0.0919911440356726	1.74773029928759	2.11589787171316	1.93459333071799	0.081933387207272	1.77391467041366	2.09527199102231
1.96471629993319	0.0906681170127073	1.78700679058828	2.1424258092781	1.99160276697605	0.121321747579802	1.75381214171964	2.22939339223247	1.99160276697605	0.0906681170127073	1.81710941038022	2.17289697017622	1.99295275620997	0.0842246250619641	1.82777402747486	2.15813148494508
2.10111855707895	0.0953075752618307	1.91431570956576	2.28792140459214	2.05407120378189	0.130097296217605	1.79908050319539	2.3090619043684	2.05407120378189	0.0953075752618307	1.86769008135832	2.24927042695636	2.05561690706855	0.0862380686107333	1.88649189488101	2.22474191925608
1.96922180274664	0.0843420602729791	1.8039113646116	2.13453224088168	2.04312025668284	0.109986324195343	1.82754706125996	2.25869345210571	2.04312025668284	0.0843420602729791	1.88993151653999	2.21472862106682	2.04450114630972	0.0790372109488564	1.88950825404469	2.19949403857475
1.98015743346452	0.0777823460256176	1.82770403525431	2.13261083167473	2.03555472861956	0.10398699136953	1.83174022553529	2.23936923170384	2.03555472861956	0.0777823460256176	1.88412141778506	2.19013766793052	2.03166812929794	0.0715902800230538	1.89128694654318	2.17204931205271
2.13954258234886	0.0858929607502186	1.97119237927844	2.30789278541929	2.00252758926582	0.110677362451583	1.78559995886071	2.21945521967092	2.00252758926582	0.0858929607502186	1.84026332137916	2.17201589794672	2.00279710374542	0.0832317845965781	1.83956662947454	2.16602757801629
1.98203967484542	0.0930232055422622	1.79971419198259	2.16436515770825	1.97709216690285	0.122540177212746	1.73691341956587	2.21727091423983	1.97709216690285	0.0930232055422622	1.7900975860152	2.14890987213326	1.97922155686582	0.0833807320596204	1.81570101762387	2.14274209610777
1.98646847899752	0.0827752326268422	1.8242290230489	2.14870793494613	1.9741701399192	0.105703542718814	1.76699119619032	2.18134908364807	1.9741701399192	0.0827752326268422	1.81567002655087	2.14338779538403	1.97380779434706	0.0782179390864877	1.82041133863253	2.12720425006159
1.97714401328238	0.091998901972555	1.79682616541617	2.15746186114858	2.02314530873553	0.121654042524272	1.78470338538796	2.2615872320831	2.02314530873553	0.091998901972555	1.85002333248001	2.21040609792672	2.02330175847632	0.0837240886005059	1.85910225887931	2.18750125807332
2.00849537305253	0.0825711015533697	1.84665601400792	2.17033473209713	2.06989524082155	0.108667007411547	1.85690790629492	2.28288257534818	2.06989524082155	0.0825711015533697	1.91324378340142	2.250517301202	2.07025084583775	0.0781196601407088	1.91705220650733	2.22344948516817
2.14596278796592	0.0978515088650255	1.95417383059047	2.33775174534137	2.09030057550565	0.119738177285886	1.85561374802532	2.32498740298599	2.09030057550565	0.0978515088650255	1.91370447958628	2.29446204990617	2.08968713798804	0.0951290054393763	1.90310297024526	2.27627130573081
2.15547446018811	0.0957187667359644	1.96786567738562	2.3430832429906	2.07805976480536	0.127129604790819	1.82888573941536	2.32723379019537	2.07805976480536	0.0957187667359644	1.89711290269721	2.25705645346337	2.0786183664482	0.0894773548135088	1.90312870841223	2.25410802448417
1.96580138912021	0.0901380621373005	1.7891307873311	2.14247199090932	1.9801380638066	0.117266356763235	1.75029600455066	2.20998012306254	1.9801380638066	0.0901380621373005	1.81925672592184	2.17217069462444	1.98139289459088	0.0849082694054998	1.81487267132397	2.14791311785778
1.9563158298259	0.0992913161506224	1.76170485017068	2.15092680948112	1.96007498308528	0.135955658350975	1.69360189271737	2.22654807345319	1.96007498308528	0.0992913161506224	1.7718152015569	2.17695573477376	1.95858895554117	0.0930098863377644	1.77616406176966	2.14101384931268
1.93426846584261	0.086435261415484	1.76485535346826	2.10368157821695	1.97895824469537	0.115730955111575	1.75212557267669	2.20579091671406	1.97895824469537	0.086435261415484	1.81760587765646	2.15530592751188	1.98075720765732	0.0806544945446489	1.82258144426507	2.13893297104956
1.88236285424212	0.0844510242510636	1.71683884671004	2.04788686177421	1.87894806048567	0.109072327494222	1.66516629859699	2.09272982237435	1.87894806048567	0.0844510242510636	1.73380191328283	2.05027570569318	1.87944102712334	0.0797648154024849	1.72301394559289	2.0358681086538
2.04303035963188	0.103360972102015	1.84044285431193	2.24561786495183	2.03116154937634	0.132086209976811	1.77227257782179	2.29005052093089	2.03116154937634	0.103360972102015	1.84605193859708	2.26058328830488	2.0305982407371	0.0967718539024213	1.84078749532683	2.22040898614736
1.98907706223871	0.0988966603563648	1.79523960794023	2.18291451653718	2.01500691335203	0.12762100711626	1.76486973940416	2.2651440872999	2.01500691335203	0.0988966603563648	1.83090982726135	2.218920318049	2.01561097236357	0.0922155163129065	1.83474179277445	2.19648015195269
1.9103562294222	0.0915194110604794	1.73097818374367	2.08973427510074	1.91387926183251	0.120635546172117	1.67743359133516	2.15032493232986	1.91387926183251	0.0915194110604794	1.73410805819463	2.09895815756845	1.91505553222375	0.0827300843620704	1.75281480074576	2.07729626370175
1.88451844607063	0.101336588507525	1.68589873259588	2.08313815954538	1.92720463288324	0.133533166008407	1.66547962750676	2.18892963825972	1.92720463288324	0.101336588507525	1.74536570365618	2.13267162970054	1.92554904005071	0.0958864365860802	1.73748188144847	2.11361619865295
1.98328977283823	0.0959752690310859	1.7951782455373	2.17140130013916	2.01997450252149	0.117672882791157	1.78933565225082	2.25061335279216	2.01997450252149	0.0959752690310859	1.85617087230591	2.23322142394985	2.02123772017104	0.0945770897206734	1.83573752147054	2.20673791887154
2.02122850773368	0.0840102383666591	1.85656844053503	2.18588857493233	2.11420668727806	0.111580423144669	1.89550905791451	2.33290431664161	2.11420668727806	0.0840102383666591	1.94884569751952	2.28689805082599	2.11461403860406	0.0744946232203739	1.96853222509303	2.26069585211509
2.02159043360588	0.100141250598462	1.82531358243289	2.21786728477886	2.05583846149737	0.123694729312099	1.81339679204565	2.29828013094908	2.05583846149737	0.100141250598462	1.87432315802385	2.27080717815184	2.05531477357556	0.0933846613704953	1.87215374811649	2.23847579903462
1.95945977479757	0.0908767509847104	1.78134134286753	2.1375782067276	2.01776268208042	0.114895606400567	1.79256729353531	2.24295807062553	2.01776268208042	0.0908767509847104	1.85188232881574	2.20592477593546	2.01906776442535	0.0872253561146122	1.84799444774295	2.19014108110776
2.00476336429916	0.0904771163420268	1.82742821626879	2.18209851232953	2.05333057474346	0.113259752823529	1.83134145920935	2.27531969027758	2.05333057474346	0.0904771163420268	1.8875456167338	2.24496938956245	2.05359793836576	0.0854544546498396	1.88599898845188	2.22119688827963
1.95982767770678	0.100730802267618	1.76239530526225	2.15726005015131	1.98124409875215	0.130186225612255	1.72607909655213	2.23640910095217	1.98124409875215	0.100730802267618	1.7997648914105	2.20278107414431	1.9810886575636	0.0950162878018057	1.79472108136832	2.16745623375888
2.08817609949354	0.0944451890970741	1.90306352886327	2.2732886701238	2.10637162189912	0.126769647943225	1.85790311193039	2.35484013186784	2.10637162189912	0.0944451890970741	1.93187592073438	2.28843568913049	2.10712711738219	0.0865882801065165	1.93730627807193	2.27694795669246
1.81282930932677	0.086150320766049	1.64397468062532	1.98168393802823	1.87596516616568	0.110350766119183	1.65967766457208	2.09225266775928	1.87596516616568	0.086150320766049	1.71754166080937	2.04101919936576	1.87611113587994	0.0813175606450649	1.71663854522823	2.03558372653166
1.91693679579345	0.0854025038108841	1.74954788832412	2.08432570326278	1.92144536840248	0.116494219037382	1.69311669908922	2.14977403771575	1.92144536840248	0.0854025038108841	1.75789134729907	2.09262526727133	1.92074070841524	0.0781740811312351	1.7674360093177	2.07404540751278
2.00222422409199	0.0880055998423953	1.8297332484009	2.17471519978309	2.06286882013105	0.115581776586352	1.8363285380218	2.2894091022403	2.06286882013105	0.0880055998423953	1.88694114639561	2.22916634413003	2.06171031349819	0.0815632122336918	1.90175740258771	2.22166322440867
1.92043117636179	0.0883247210206834	1.74731472316125	2.09354762956233	1.93925423688687	0.118259146370469	1.70746631000075	2.17104216377299	1.93925423688687	0.0883247210206834	1.77064790384538	2.12416862434291	1.94187329173685	0.080415833107731	1.78416788535388	2.09957869811983
1.91330887117189	0.0922351023229993	1.73252807061881	2.09408967172497	1.94692440505527	0.117489618571606	1.71664475265492	2.17720405745562	1.94692440505527	0.0922351023229993	1.76440282907834	2.12926376573841	1.94872996975811	0.0861884864599356	1.77969387498983	2.11776606452639
1.9437636290687	0.0861212704183682	1.7749659390487	2.1125613190887	1.94122913620817	0.11255777261883	1.72061590187526	2.16184237054108	1.94122913620817	0.0861212704183682	1.78273584916303	2.11577304024848	1.94250258823659	0.0804752180593281	1.78467984487085	2.10032533160234
1.93854330450872	0.115808904737104	1.711557851224	2.16552875779344	1.9190707759638	0.148725226483299	1.62756933205653	2.21057221987106	1.9190707759638	0.115808904737104	1.70859006527163	2.1834105069727	1.9192215841875	0.112426655610629	1.69867878619369	2.13976438218132
2.13535286024879	0.109359298157958	1.92100863585919	2.34969708463838	2.12489849126334	0.138477061912317	1.85348344991519	2.39631353261148	2.12489849126334	0.109359298157958	1.91275118800474	2.33586174406649	2.12491523301438	0.106780141938224	1.91546023077418	2.33437023525457
1.95607538546428	0.111521754516939	1.73749274661108	2.17465802431748	1.89296688983192	0.141186455235525	1.61624143757029	2.16969234209355	1.89296688983192	0.111521754516939	1.62770587923693	2.08594231989658	1.89559885239833	0.105915182300101	1.68783808616325	2.10335961863341
2.19765214465352	0.117179619194289	1.96798009103272	2.42732419827433	2.14513543273276	0.147306031541828	1.85641561091077	2.43385525455474	2.14513543273276	0.117179619194289	1.94747836692296	2.37866814881965	2.14540006905108	0.116081128528879	1.91768613564806	2.3731140024541
2.06808222328804	0.10782169827953	1.85675169466016	2.27941275191592	2.05046100823352	0.141473251250565	1.77317343578241	2.32774858068463	2.05046100823352	0.10782169827953	1.8544705200224	2.26612775180637	2.05003862629216	0.102688459500515	1.84861432337082	2.25146292921349
2.0097068257907	0.0877779001462122	1.83766214150412	2.18175151007727	2.06757340298996	0.115043394734269	1.84208834931079	2.29305845666912	2.06757340298996	0.0877779001462122	1.89441156788378	2.2531772033049	2.06831124884876	0.0827865011695981	1.90595286892475	2.23066962877277
1.91255012018731	0.105453609920622	1.70586104474289	2.11923919563173	1.95267962495988	0.134341781464699	1.68936973328907	2.21598951663069	1.95267962495988	0.105453609920622	1.77148188988583	2.17312444264508	1.95512166759691	0.10101254165794	1.7569899420464	2.15325339314742
1.94777387351446	0.0966145717759272	1.75840931283365	2.13713843419528	1.97439460491615	0.128578860878176	1.72238003759493	2.22640917223738	1.97439460491615	0.0966145717759272	1.80394528041598	2.1802001525201	1.97451382376228	0.0889934107845356	1.79997268743367	2.1490549600909
1.96191966725345	0.101860090620384	1.7622738896375	2.1615654448694	2.07385447789117	0.131642814181609	1.81583456209522	2.33187439368712	2.07385447789117	0.101860090620384	1.89012535677996	2.28355883552693	2.07064163104061	0.0985718367026097	1.87730140533267	2.26398185674856
1.96448257110715	0.083214305683029	1.80138253196842	2.12758261024589	1.9884122784961	0.112868892191701	1.76718924980036	2.20963530719183	1.9884122784961	0.083214305683029	1.8370897005916	2.15954290211453	1.98816954037263	0.077682220850373	1.83582890650344	2.14051017424181
2.10427582119932	0.094343050910748	1.91936344141425	2.28918820098438	2.09062688825734	0.122670015231075	1.85019365840443	2.33106011811025	2.09062688825734	0.094343050910748	1.91662258041617	2.28601032503382	2.093156778778	0.0918507806226417	1.91300814536886	2.27330541218713
1.9806018833465	0.0818962122885635	1.82008530726091	2.14111845943208	2.01152123119587	0.107373631286296	1.80106891387473	2.22197354851701	2.01152123119587	0.0818962122885635	1.85780054050536	2.18424588279424	2.00970363109725	0.0771591112199472	1.85839414762156	2.16101311457293
1.97383792026876	0.0936267739529613	1.79032944332096	2.15734639721657	1.9611278134136	0.124641225357665	1.71683101171258	2.20542461511463	1.9611278134136	0.0936267739529613	1.77821148092746	2.15342780666215	1.96098953440754	0.0874297465332096	1.78951999748001	2.13245907133508
2.13170421825596	0.0978462215556504	1.93992562400689	2.32348281250504	2.11147488434897	0.127842687874992	1.86090321611399	2.36204655258396	2.11147488434897	0.0978462215556504	1.91370468055638	2.29185569894477	2.1121998725759	0.091450109149992	1.93283696545002	2.29156277970178
1.8675625251357	0.0861195609968255	1.69876818558192	2.03635686468947	1.95064785336613	0.111985719344185	1.73115584345153	2.17013986328074	1.95064785336613	0.0861195609968255	1.78627788965377	2.12363320440715	1.95116435785363	0.0792094807016675	1.79582678967718	2.10650192603007
2.04025145453744	0.0788983304980902	1.88561072676118	2.1948921823137	2.04687186963421	0.104309858579032	1.84242454681931	2.25131919244911	2.04687186963421	0.0788983304980902	1.89087661386488	2.20571810344324	2.04603800246713	0.0696524611080109	1.90946103308347	2.18261497185078
1.94892832022299	0.0842454981119184	1.78380714392363	2.11404949652235	2.07249026732076	0.106962069024421	1.8628446120329	2.28213592260863	2.07249026732076	0.0842454981119184	1.91050227887888	2.22954247854095	2.07091748154449	0.0801534981655137	1.91372355969177	2.2281114033972
2.0415264795776	0.0952595636782651	1.8548177347682	2.228235224387	2.01984729516425	0.119756061561571	1.78512541450357	2.25456917582492	2.01984729516425	0.0952595636782651	1.83785604822898	2.21332263315845	2.02022421598532	0.0948580154748909	1.83417361453126	2.20627481743939
1.87472765029523	0.0857624510003231	1.70663324633459	2.04282205425586	1.86742839151833	0.112094039661312	1.64772407378216	2.08713270925451	1.86742839151833	0.0857624510003231	1.69875975455136	2.04172600273154	1.86580700532001	0.0807986520532407	1.70735678708582	2.0242572235542
2.12303822272033	0.113697750651383	1.90019063144361	2.34588581399704	2.20344128196325	0.148827841495475	1.91173871263211	2.49514385129438	2.20344128196325	0.113697750651383	2.00990233165799	2.43503562176742	2.20396197441603	0.107068673290468	1.99393762650418	2.41398632232789
2.04608286381535	0.0829948656577477	1.88341292712616	2.20875280050454	2.00483452414448	0.1068525420315	1.79540354176274	2.21426550652622	2.00483452414448	0.0829948656577477	1.85189490642293	2.18514940747927	2.0062621492088	0.076437922764904	1.85636485590536	2.15615944251224
2.12068993075744	0.0833191273899883	1.95738444107306	2.28399542044182	2.09921916923378	0.110990694370224	1.88167740826814	2.31676093019942	2.09921916923378	0.0833191273899883	1.9436398251271	2.26496441462821	2.10031331135174	0.0760379639816333	1.95120346776175	2.24942315494173
1.94377692323856	0.0856614383315827	1.77588050410866	2.11167334236846	1.97340225767757	0.113840598576463	1.75027468446771	2.19652983088744	1.97340225767757	0.0856614383315827	1.81496269082565	2.15417927065467	1.97315781831915	0.0798929555382027	1.81648788952981	2.12982774710849
1.97212550762569	0.0883524565274794	1.79895469283183	2.14529632241955	1.95840803141226	0.118864228624968	1.72543414330732	2.1913819195172	1.95840803141226	0.0883524565274794	1.7976368067701	2.14683852141417	1.95925311879718	0.081841996326044	1.79875539071406	2.11975084688029
2.07343000483416	0.0781524077685137	1.92025128560787	2.22660872406045	2.0899997791865	0.100472165139117	1.89307433551383	2.28692522285917	2.0899997791865	0.0781524077685137	1.9347820874649	2.24815821992392	2.09240925918275	0.0750742996312118	1.94519180926468	2.23962670910083
1.98607227384973	0.103600441922814	1.78301540768101	2.18912914001844	1.98965856369358	0.134246511947664	1.72653540027616	2.252781727111	1.98965856369358	0.103600441922814	1.80512891808526	2.20016354315203	1.98886054547118	0.0969014459203081	1.79880023632305	2.17892085461932
2.01497970898742	0.0794425690838369	1.8592722735831	2.17068714439174	2.04565196058363	0.102989355055623	1.84379282467461	2.24751109649265	2.04565196058363	0.0794425690838369	1.89777667767117	2.21638041945876	2.0448771611365	0.076105937449017	1.89563071535192	2.19412360692108
2.1040829205284	0.0984098949741058	1.91119952637915	2.29696631467764	2.13371380404242	0.131145533754908	1.8766685578828	2.39075905020204	2.13371380404242	0.0984098949741058	1.95423409868348	2.33759642322799	2.13540010086639	0.0941944598153084	1.95064868012916	2.32015152160362
1.92690492570973	0.0869898354893854	1.75640484815054	2.09740500326893	1.97287522629795	0.11186768275527	1.75361456809762	2.19213588449828	1.97287522629795	0.0869898354893854	1.81376021536556	2.14501914688315	1.97236757009518	0.0838288923428405	1.80796041246909	2.13677472772127
1.89096257530454	0.0974539400930455	1.69995285272217	2.0819722978869	1.89722348788994	0.127189071389721	1.64793290796609	2.14651406781379	1.89722348788994	0.0974539400930455	1.71569370939039	2.09522234853862	1.89887136744318	0.0910609932101142	1.72027214798296	2.0774705869034
1.9717493031192	0.0935015626817407	1.78848624026299	2.15501236597542	1.94394605135974	0.123791727535606	1.70131426538995	2.18657783732952	1.94394605135974	0.0935015626817407	1.77971139716148	2.14284253790647	1.94489397172469	0.0901399566767378	1.76810212411549	2.12168581933388
1.82083419076378	0.0934010603063331	1.63776811256337	2.0039002689642	1.88236963390528	0.121372210443516	1.64448010143599	2.12025916637457	1.88236963390528	0.0934010603063331	1.70148906394786	2.07104416124289	1.88399540980578	0.0869941239471411	1.7133809295435	2.05460989006807
2.10390295530282	0.0795981699483915	1.94789054220398	2.25991536840167	2.0952511253366	0.105792916550095	1.88789700889841	2.30260524177479	2.0952511253366	0.0795981699483915	1.9398041356472	2.25343914254906	2.09606098139937	0.0753067272727238	1.94839075454738	2.24373120825137
1.98169563754084	0.10205884585113	1.78166029967263	2.18173097540906	2.00310957168952	0.131995685595046	1.74439802792323	2.26182111545581	2.00310957168952	0.10205884585113	1.82574052466101	2.22517688609919	2.00431710711298	0.0954361748387403	1.81712965096007	2.19150456326589
1.93876536114899	0.0956075619392228	1.75137453974811	2.12615618254986	2.00089982960275	0.120872469343593	1.76398978968931	2.23780986951619	2.00089982960275	0.0956075619392228	1.82615160733021	2.21195066360297	2.00177003563123	0.0917101436725582	1.82189892585562	2.18164114540685
2.06220765918712	0.0761508093472609	1.91295207286649	2.21146324550775	2.0314297200071	0.0994040118589962	1.83659785676347	2.22626158325073	2.0314297200071	0.0761508093472609	1.88589818270099	2.18412958967382	2.03157405646609	0.0697698938371861	1.89476570350021	2.16838240943198
1.97290251752338	0.0972136288393978	1.78236380499816	2.1634412300486	1.95394299139095	0.121235190000428	1.71632201899011	2.19156396379179	1.95394299139095	0.0972136288393978	1.766384921504	2.15121791986435	1.95377428183693	0.0959553913545153	1.76556355844979	2.14198500522408
1.88370859355113	0.0960006535444067	1.69554731260409	2.07186987449817	1.86371831789875	0.124870317953866	1.61897249470917	2.10846414108832	1.86371831789875	0.0960006535444067	1.69408280415917	2.07610444719602	1.86413256325702	0.091068655833621	1.68551320056341	2.04275192595063
2.07565534710773	0.096936327228764	1.88566014573935	2.26565054847611	2.12781627452576	0.12239811975745	1.88791595980115	2.36771658925036	2.12781627452576	0.096936327228764	1.94936543214703	2.34163266226546	2.12750362000434	0.0921481865655661	1.94676871618542	2.30823852382326
2.14668106612643	0.0879215288531595	1.97435486957424	2.31900726267862	2.13988721478949	0.112921064708023	1.91856192796176	2.36121250161721	2.13988721478949	0.0879215288531595	1.95484897523988	2.30900997362583	2.14049132417993	0.0822599290842272	1.9791655144634	2.30181713389647
2.18556517369521	0.0989841797393842	1.99155618140601	2.3795741659844	2.09757184113588	0.124906264110446	1.85275556347941	2.34238811879236	2.09757184113588	0.0989841797393842	1.9217703359008	2.30304296784133	2.09646388132245	0.0958955811400579	1.90837036034977	2.28455740229512
2.06417264146917	0.0903936923813218	1.88700100440178	2.24134427853656	2.02582125280678	0.115469468567397	1.79950109441468	2.25214141119888	2.02582125280678	0.0903936923813218	1.86045177335448	2.22330369459891	2.02890852703523	0.0860564233589161	1.86013610153597	2.19768095253449
1.9840758592838	0.0830681240350554	1.82126233617509	2.14688938239251	1.97422317593726	0.112493073369468	1.75373675213311	2.19470959974142	1.97422317593726	0.0830681240350554	1.81919785373706	2.13657528390775	1.97433580020972	0.0771376523450842	1.82306235912798	2.12560924129147
1.96297020782668	0.0929466297045334	1.78079481360579	2.14514560204756	1.93453736145311	0.121741291277857	1.69592443054851	2.17315029235771	1.93453736145311	0.0929466297045334	1.76356571865199	2.1267502058593	1.93771892769518	0.0866510048790927	1.76777312085412	2.10766473453624
2.10083536636863	0.10740280961003	1.89032585953297	2.31134487320429	2.05897761974784	0.14296401527975	1.77876814979953	2.33918708969615	2.05897761974784	0.10740280961003	1.8567191399424	2.26072510712893	2.06041079438966	0.101243186591312	1.86181931840031	2.259002270379
2.04744902894054	0.0847447010427733	1.88134941489671	2.21354864298438	2.02964327809226	0.108582241932628	1.81682208390431	2.24246447228021	2.02964327809226	0.0847447010427733	1.87200535901618	2.2042941144559	2.03090751563308	0.07943677438708	1.87512983144833	2.18668519981782
2.01051040686981	0.0963229669921544	1.82171739156519	2.19930342217443	2.01663906587649	0.119973818198701	1.78149038220704	2.25178774954595	2.01663906587649	0.0963229669921544	1.83444200435861	2.21106749694094	2.01928314346111	0.0927313706067557	1.83740520122216	2.20116108570006
2.1591116805368	0.09118731367985	1.9803845457243	2.33783881534931	2.12934623479365	0.121321172837352	1.89155673603244	2.36713573355487	2.12934623479365	0.09118731367985	1.95603941377807	2.30997164005407	2.12915484432965	0.0855989248878616	1.96127352896403	2.29703615969527
1.99516937591424	0.0949855840248566	1.80899763122552	2.18134112060296	2.03039817209177	0.126949982911293	1.78157620558564	2.2792201385979	2.03039817209177	0.0949855840248566	1.86965485288926	2.24599455297695	2.0300900218902	0.0885280799048443	1.8564582390662	2.2037218047142
2.01689914169126	0.0927315960190156	1.83514521349399	2.19865306988853	2.0766821385423	0.122797878002127	1.83599829765813	2.31736597942647	2.0766821385423	0.0927315960190156	1.90256232244111	2.27383469864071	2.07659332298708	0.0866252739290514	1.90669507216517	2.24649157380899
NA	NA	NA	NA	NA	NA	NA	NA	NA	NA	NA	NA	NA	NA	NA	NA
NA	NA	NA	NA	NA	NA	NA	NA	NA	NA	NA	NA	NA	NA	NA	NA
NA	NA	NA	NA	NA	NA	NA	NA	NA	NA	NA	NA	NA	NA	NA	NA
NA	NA	NA	NA	NA	NA	NA	NA	NA	NA	NA	NA	NA	NA	NA	NA
NA	NA	NA	NA	NA	NA	NA	NA	NA	NA	NA	NA	NA	NA	NA	NA
NA	NA	NA	NA	NA	NA	NA	NA	NA	NA	NA	NA	NA	NA	NA	NA
NA	NA	NA	NA	NA	NA	NA	NA	NA	NA	NA	NA	NA	NA	NA	NA
NA	NA	NA	NA	NA	NA	NA	NA	NA	NA	NA	NA	NA	NA	NA	NA
NA	NA	NA	NA	NA	NA	NA	NA	NA	NA	NA	NA	NA	NA	NA	NA
NA	NA	NA	NA	NA	NA	NA	NA	NA	NA	NA	NA	NA	NA	NA	NA
NA	NA	NA	NA	NA	NA	NA	NA	NA	NA	NA	NA	NA	NA	NA	NA
NA	NA	NA	NA	NA	NA	NA	NA	NA	NA	NA	NA	NA	NA	NA	NA
NA	NA	NA	NA	NA	NA	NA	NA	NA	NA	NA	NA	NA	NA	NA	NA
NA	NA	NA	NA	NA	NA	NA	NA	NA	NA	NA	NA	NA	NA	NA	NA
NA	NA	NA	NA	NA	NA	NA	NA	NA	NA	NA	NA	NA	NA	NA	NA
NA	NA	NA	NA	NA	NA	NA	NA	NA	NA	NA	NA	NA	NA	NA	NA
NA	NA	NA	NA	NA	NA	NA	NA	NA	NA	NA	NA	NA	NA	NA	NA
NA	NA	NA	NA	NA	NA	NA	NA	NA	NA	NA	NA	NA	NA	NA	NA
NA	NA	NA	NA	NA	NA	NA	NA	NA	NA	NA	NA	NA	NA	NA	NA
NA	NA	NA	NA	NA	NA	NA	NA	NA	NA	NA	NA	NA	NA	NA	NA
NA	NA	NA	NA	NA	NA	NA	NA	NA	NA	NA	NA	NA	NA	NA	NA
NA	NA	NA	NA	NA	NA	NA	NA	NA	NA	NA	NA	NA	NA	NA	NA
NA	NA	NA	NA	NA	NA	NA	NA	NA	NA	NA	NA	NA	NA	NA	NA
NA	NA	NA	NA	NA	NA	NA	NA	NA	NA	NA	NA	NA	NA	NA	NA
NA	NA	NA	NA	NA	NA	NA	NA	NA	NA	NA	NA	NA	NA	NA	NA
NA	NA	NA	NA	NA	NA	NA	NA	NA	NA	NA	NA	NA	NA	NA	NA
NA	NA	NA	NA	NA	NA	NA	NA	NA	NA	NA	NA	NA	NA	NA	NA
NA	NA	NA	NA	NA	NA	NA	NA	NA	NA	NA	NA	NA	NA	NA	NA
NA	NA	NA	NA	NA	NA	NA	NA	NA	NA	NA	NA	NA	NA	NA	NA
NA	NA	NA	NA	NA	NA	NA	NA	NA	NA	NA	NA	NA	NA	NA	NA
NA	NA	NA	NA	NA	NA	NA	NA	NA	NA	NA	NA	NA	NA	NA	NA
NA	NA	NA	NA	NA	NA	NA	NA	NA	NA	NA	NA	NA	NA	NA	NA
NA	NA	NA	NA	NA	NA	NA	NA	NA	NA	NA	NA	NA	NA	NA	NA
NA	NA	NA	NA	NA	NA	NA	NA	NA	NA	NA	NA	NA	NA	NA	NA
NA	NA	NA	NA	NA	NA	NA	NA	NA	NA	NA	NA	NA	NA	NA	NA
NA	NA	NA	NA	NA	NA	NA	NA	NA	NA	NA	NA	NA	NA	NA	NA
NA	NA	NA	NA	NA	NA	NA	NA	NA	NA	NA	NA	NA	NA	NA	NA
NA	NA	NA	NA	NA	NA	NA	NA	NA	NA	NA	NA	NA	NA	NA	NA
NA	NA	NA	NA	NA	NA	NA	NA	NA	NA	NA	NA	NA	NA	NA	NA
NA	NA	NA	NA	NA	NA	NA	NA	NA	NA	NA	NA	NA	NA	NA	NA
NA	NA	NA	NA	NA	NA	NA	NA	NA	NA	NA	NA	NA	NA	NA	NA
NA	NA	NA	NA	NA	NA	NA	NA	NA	NA	NA	NA	NA	NA	NA	NA
NA	NA	NA	NA	NA	NA	NA	NA	NA	NA	NA	NA	NA	NA	NA	NA
NA	NA	NA	NA	NA	NA	NA	NA	NA	NA	NA	NA	NA	NA	NA	NA
NA	NA	NA	NA	NA	NA	NA	NA	NA	NA	NA	NA	NA	NA	NA	NA
NA	NA	NA	NA	NA	NA	NA	NA	NA	NA	NA	NA	NA	NA	NA	NA
NA	NA	NA	NA	NA	NA	NA	NA	NA	NA	NA	NA	NA	NA	NA	NA
NA	NA	NA	NA	NA	NA	NA	NA	NA	NA	NA	NA	NA	NA	NA	NA
NA	NA	NA	NA	NA	NA	NA	NA	NA	NA	NA	NA	NA	NA	NA	NA
NA	NA	NA	NA	NA	NA	NA	NA	NA	NA	NA	NA	NA	NA	NA	NA
NA	NA	NA	NA	NA	NA	NA	NA	NA	NA	NA	NA	NA	NA	NA	NA
NA	NA	NA	NA	NA	NA	NA	NA	NA	NA	NA	NA	NA	NA	NA	NA
NA	NA	NA	NA	NA	NA	NA	NA	NA	NA	NA	NA	NA	NA	NA	NA
NA	NA	NA	NA	NA	NA	NA	NA	NA	NA	NA	NA	NA	NA	NA	NA
NA	NA	NA	NA	NA	NA	NA	NA	NA	NA	NA	NA	NA	NA	NA	NA
NA	NA	NA	NA	NA	NA	NA	NA	NA	NA	NA	NA	NA	NA	NA	NA
NA	NA	NA	NA	NA	NA	NA	NA	NA	NA	NA	NA	NA	NA	NA	NA
NA	NA	NA	NA	NA	NA	NA	NA	NA	NA	NA	NA	NA	NA	NA	NA
NA	NA	NA	NA	NA	NA	NA	NA	NA	NA	NA	NA	NA	NA	NA	NA
NA	NA	NA	NA	NA	NA	NA	NA	NA	NA	NA	NA	NA	NA	NA	NA
NA	NA	NA	NA	NA	NA	NA	NA	NA	NA	NA	NA	NA	NA	NA	NA
NA	NA	NA	NA	NA	NA	NA	NA	NA	NA	NA	NA	NA	NA	NA	NA
NA	NA	NA	NA	NA	NA	NA	NA	NA	NA	NA	NA	NA	NA	NA	NA
NA	NA	NA	NA	NA	NA	NA	NA	NA	NA	NA	NA	NA	NA	NA	NA
NA	NA	NA	NA	NA	NA	NA	NA	NA	NA	NA	NA	NA	NA	NA	NA
NA	NA	NA	NA	NA	NA	NA	NA	NA	NA	NA	NA	NA	NA	NA	NA
NA	NA	NA	NA	NA	NA	NA	NA	NA	NA	NA	NA	NA	NA	NA	NA
NA	NA	NA	NA	NA	NA	NA	NA	NA	NA	NA	NA	NA	NA	NA	NA
NA	NA	NA	NA	NA	NA	NA	NA	NA	NA	NA	NA	NA	NA	NA	NA
NA	NA	NA	NA	NA	NA	NA	NA	NA	NA	NA	NA	NA	NA	NA	NA
NA	NA	NA	NA	NA	NA	NA	NA	NA	NA	NA	NA	NA	NA	NA	NA
NA	NA	NA	NA	NA	NA	NA	NA	NA	NA	NA	NA	NA	NA	NA	NA
NA	NA	NA	NA	NA	NA	NA	NA	NA	NA	NA	NA	NA	NA	NA	NA
NA	NA	NA	NA	NA	NA	NA	NA	NA	NA	NA	NA	NA	NA	NA	NA
NA	NA	NA	NA	NA	NA	NA	NA	NA	NA	NA	NA	NA	NA	NA	NA
NA	NA	NA	NA	NA	NA	NA	NA	NA	NA	NA	NA	NA	NA	NA	NA
NA	NA	NA	NA	NA	NA	NA	NA	NA	NA	NA	NA	NA	NA	NA	NA
NA	NA	NA	NA	NA	NA	NA	NA	NA	NA	NA	NA	NA	NA	NA	NA
NA	NA	NA	NA	NA	NA	NA	NA	NA	NA	NA	NA	NA	NA	NA	NA
NA	NA	NA	NA	NA	NA	NA	NA	NA	NA	NA	NA	NA	NA	NA	NA
NA	NA	NA	NA	NA	NA	NA	NA	NA	NA	NA	NA	NA	NA	NA	NA
NA	NA	NA	NA	NA	NA	NA	NA	NA	NA	NA	NA	NA	NA	NA	NA
NA	NA	NA	NA	NA	NA	NA	NA	NA	NA	NA	NA	NA	NA	NA	NA
NA	NA	NA	NA	NA	NA	NA	NA	NA	NA	NA	NA	NA	NA	NA	NA
NA	NA	NA	NA	NA	NA	NA	NA	NA	NA	NA	NA	NA	NA	NA	NA
NA	NA	NA	NA	NA	NA	NA	NA	NA	NA	NA	NA	NA	NA	NA	NA
NA	NA	NA	NA	NA	NA	NA	NA	NA	NA	NA	NA	NA	NA	NA	NA
NA	NA	NA	NA	NA	NA	NA	NA	NA	NA	NA	NA	NA	NA	NA	NA
NA	NA	NA	NA	NA	NA	NA	NA	NA	NA	NA	NA	NA	NA	NA	NA
NA	NA	NA	NA	NA	NA	NA	NA	NA	NA	NA	NA	NA	NA	NA	NA
NA	NA	NA	NA	NA	NA	NA	NA	NA	NA	NA	NA	NA	NA	NA	NA
NA	NA	NA	NA	NA	NA	NA	NA	NA	NA	NA	NA	NA	NA	NA	NA
NA	NA	NA	NA	NA	NA	NA	NA	NA	NA	NA	NA	NA	NA	NA	NA
NA	NA	NA	NA	NA	NA	NA	NA	NA	NA	NA	NA	NA	NA	NA	NA
NA	NA	NA	NA	NA	NA	NA	NA	NA	NA	NA	NA	NA	NA	NA	NA
NA	NA	NA	NA	NA	NA	NA	NA	NA	NA	NA	NA	NA	NA	NA	NA
NA	NA	NA	NA	NA	NA	NA	NA	NA	NA	NA	NA	NA	NA	NA	NA
NA	NA	NA	NA	NA	NA	NA	NA	NA	NA	NA	NA	NA	NA	NA	NA
NA	NA	NA	NA	NA	NA	NA	NA	NA	NA	NA	NA	NA	NA	NA	NA
NA	NA	NA	NA	NA	NA	NA	NA	NA	NA	NA	NA	NA	NA	NA	NA
