X1	X2	X3	X4	X1.1	X2.1	X3.1	X4.1	X1.2	X2.2	X3.2	X4.2	X1.3	X2.3	X3.3	X4.3
NA	NA	NA	NA	NA	NA	NA	NA	NA	NA	NA	NA	NA	NA	NA	NA
NA	NA	NA	NA	NA	NA	NA	NA	NA	NA	NA	NA	NA	NA	NA	NA
NA	NA	NA	NA	NA	NA	NA	NA	NA	NA	NA	NA	NA	NA	NA	NA
NA	NA	NA	NA	NA	NA	NA	NA	NA	NA	NA	NA	NA	NA	NA	NA
NA	NA	NA	NA	NA	NA	NA	NA	NA	NA	NA	NA	NA	NA	NA	NA
NA	NA	NA	NA	NA	NA	NA	NA	NA	NA	NA	NA	NA	NA	NA	NA
NA	NA	NA	NA	NA	NA	NA	NA	NA	NA	NA	NA	NA	NA	NA	NA
NA	NA	NA	NA	NA	NA	NA	NA	NA	NA	NA	NA	NA	NA	NA	NA
NA	NA	NA	NA	NA	NA	NA	NA	NA	NA	NA	NA	NA	NA	NA	NA
NA	NA	NA	NA	NA	NA	NA	NA	NA	NA	NA	NA	NA	NA	NA	NA
NA	NA	NA	NA	NA	NA	NA	NA	NA	NA	NA	NA	NA	NA	NA	NA
NA	NA	NA	NA	NA	NA	NA	NA	NA	NA	NA	NA	NA	NA	NA	NA
NA	NA	NA	NA	NA	NA	NA	NA	NA	NA	NA	NA	NA	NA	NA	NA
NA	NA	NA	NA	NA	NA	NA	NA	NA	NA	NA	NA	NA	NA	NA	NA
NA	NA	NA	NA	NA	NA	NA	NA	NA	NA	NA	NA	NA	NA	NA	NA
NA	NA	NA	NA	NA	NA	NA	NA	NA	NA	NA	NA	NA	NA	NA	NA
NA	NA	NA	NA	NA	NA	NA	NA	NA	NA	NA	NA	NA	NA	NA	NA
NA	NA	NA	NA	NA	NA	NA	NA	NA	NA	NA	NA	NA	NA	NA	NA
NA	NA	NA	NA	NA	NA	NA	NA	NA	NA	NA	NA	NA	NA	NA	NA
NA	NA	NA	NA	NA	NA	NA	NA	NA	NA	NA	NA	NA	NA	NA	NA
NA	NA	NA	NA	NA	NA	NA	NA	NA	NA	NA	NA	NA	NA	NA	NA
NA	NA	NA	NA	NA	NA	NA	NA	NA	NA	NA	NA	NA	NA	NA	NA
NA	NA	NA	NA	NA	NA	NA	NA	NA	NA	NA	NA	NA	NA	NA	NA
NA	NA	NA	NA	NA	NA	NA	NA	NA	NA	NA	NA	NA	NA	NA	NA
NA	NA	NA	NA	NA	NA	NA	NA	NA	NA	NA	NA	NA	NA	NA	NA
NA	NA	NA	NA	NA	NA	NA	NA	NA	NA	NA	NA	NA	NA	NA	NA
NA	NA	NA	NA	NA	NA	NA	NA	NA	NA	NA	NA	NA	NA	NA	NA
NA	NA	NA	NA	NA	NA	NA	NA	NA	NA	NA	NA	NA	NA	NA	NA
NA	NA	NA	NA	NA	NA	NA	NA	NA	NA	NA	NA	NA	NA	NA	NA
NA	NA	NA	NA	NA	NA	NA	NA	NA	NA	NA	NA	NA	NA	NA	NA
NA	NA	NA	NA	NA	NA	NA	NA	NA	NA	NA	NA	NA	NA	NA	NA
NA	NA	NA	NA	NA	NA	NA	NA	NA	NA	NA	NA	NA	NA	NA	NA
NA	NA	NA	NA	NA	NA	NA	NA	NA	NA	NA	NA	NA	NA	NA	NA
NA	NA	NA	NA	NA	NA	NA	NA	NA	NA	NA	NA	NA	NA	NA	NA
NA	NA	NA	NA	NA	NA	NA	NA	NA	NA	NA	NA	NA	NA	NA	NA
NA	NA	NA	NA	NA	NA	NA	NA	NA	NA	NA	NA	NA	NA	NA	NA
NA	NA	NA	NA	NA	NA	NA	NA	NA	NA	NA	NA	NA	NA	NA	NA
NA	NA	NA	NA	NA	NA	NA	NA	NA	NA	NA	NA	NA	NA	NA	NA
NA	NA	NA	NA	NA	NA	NA	NA	NA	NA	NA	NA	NA	NA	NA	NA
NA	NA	NA	NA	NA	NA	NA	NA	NA	NA	NA	NA	NA	NA	NA	NA
NA	NA	NA	NA	NA	NA	NA	NA	NA	NA	NA	NA	NA	NA	NA	NA
NA	NA	NA	NA	NA	NA	NA	NA	NA	NA	NA	NA	NA	NA	NA	NA
NA	NA	NA	NA	NA	NA	NA	NA	NA	NA	NA	NA	NA	NA	NA	NA
NA	NA	NA	NA	NA	NA	NA	NA	NA	NA	NA	NA	NA	NA	NA	NA
NA	NA	NA	NA	NA	NA	NA	NA	NA	NA	NA	NA	NA	NA	NA	NA
NA	NA	NA	NA	NA	NA	NA	NA	NA	NA	NA	NA	NA	NA	NA	NA
NA	NA	NA	NA	NA	NA	NA	NA	NA	NA	NA	NA	NA	NA	NA	NA
NA	NA	NA	NA	NA	NA	NA	NA	NA	NA	NA	NA	NA	NA	NA	NA
NA	NA	NA	NA	NA	NA	NA	NA	NA	NA	NA	NA	NA	NA	NA	NA
NA	NA	NA	NA	NA	NA	NA	NA	NA	NA	NA	NA	NA	NA	NA	NA
NA	NA	NA	NA	NA	NA	NA	NA	NA	NA	NA	NA	NA	NA	NA	NA
NA	NA	NA	NA	NA	NA	NA	NA	NA	NA	NA	NA	NA	NA	NA	NA
NA	NA	NA	NA	NA	NA	NA	NA	NA	NA	NA	NA	NA	NA	NA	NA
NA	NA	NA	NA	NA	NA	NA	NA	NA	NA	NA	NA	NA	NA	NA	NA
NA	NA	NA	NA	NA	NA	NA	NA	NA	NA	NA	NA	NA	NA	NA	NA
NA	NA	NA	NA	NA	NA	NA	NA	NA	NA	NA	NA	NA	NA	NA	NA
NA	NA	NA	NA	NA	NA	NA	NA	NA	NA	NA	NA	NA	NA	NA	NA
NA	NA	NA	NA	NA	NA	NA	NA	NA	NA	NA	NA	NA	NA	NA	NA
NA	NA	NA	NA	NA	NA	NA	NA	NA	NA	NA	NA	NA	NA	NA	NA
NA	NA	NA	NA	NA	NA	NA	NA	NA	NA	NA	NA	NA	NA	NA	NA
NA	NA	NA	NA	NA	NA	NA	NA	NA	NA	NA	NA	NA	NA	NA	NA
NA	NA	NA	NA	NA	NA	NA	NA	NA	NA	NA	NA	NA	NA	NA	NA
NA	NA	NA	NA	NA	NA	NA	NA	NA	NA	NA	NA	NA	NA	NA	NA
NA	NA	NA	NA	NA	NA	NA	NA	NA	NA	NA	NA	NA	NA	NA	NA
NA	NA	NA	NA	NA	NA	NA	NA	NA	NA	NA	NA	NA	NA	NA	NA
NA	NA	NA	NA	NA	NA	NA	NA	NA	NA	NA	NA	NA	NA	NA	NA
NA	NA	NA	NA	NA	NA	NA	NA	NA	NA	NA	NA	NA	NA	NA	NA
NA	NA	NA	NA	NA	NA	NA	NA	NA	NA	NA	NA	NA	NA	NA	NA
NA	NA	NA	NA	NA	NA	NA	NA	NA	NA	NA	NA	NA	NA	NA	NA
NA	NA	NA	NA	NA	NA	NA	NA	NA	NA	NA	NA	NA	NA	NA	NA
NA	NA	NA	NA	NA	NA	NA	NA	NA	NA	NA	NA	NA	NA	NA	NA
NA	NA	NA	NA	NA	NA	NA	NA	NA	NA	NA	NA	NA	NA	NA	NA
NA	NA	NA	NA	NA	NA	NA	NA	NA	NA	NA	NA	NA	NA	NA	NA
NA	NA	NA	NA	NA	NA	NA	NA	NA	NA	NA	NA	NA	NA	NA	NA
NA	NA	NA	NA	NA	NA	NA	NA	NA	NA	NA	NA	NA	NA	NA	NA
NA	NA	NA	NA	NA	NA	NA	NA	NA	NA	NA	NA	NA	NA	NA	NA
NA	NA	NA	NA	NA	NA	NA	NA	NA	NA	NA	NA	NA	NA	NA	NA
NA	NA	NA	NA	NA	NA	NA	NA	NA	NA	NA	NA	NA	NA	NA	NA
NA	NA	NA	NA	NA	NA	NA	NA	NA	NA	NA	NA	NA	NA	NA	NA
NA	NA	NA	NA	NA	NA	NA	NA	NA	NA	NA	NA	NA	NA	NA	NA
NA	NA	NA	NA	NA	NA	NA	NA	NA	NA	NA	NA	NA	NA	NA	NA
NA	NA	NA	NA	NA	NA	NA	NA	NA	NA	NA	NA	NA	NA	NA	NA
NA	NA	NA	NA	NA	NA	NA	NA	NA	NA	NA	NA	NA	NA	NA	NA
NA	NA	NA	NA	NA	NA	NA	NA	NA	NA	NA	NA	NA	NA	NA	NA
NA	NA	NA	NA	NA	NA	NA	NA	NA	NA	NA	NA	NA	NA	NA	NA
NA	NA	NA	NA	NA	NA	NA	NA	NA	NA	NA	NA	NA	NA	NA	NA
NA	NA	NA	NA	NA	NA	NA	NA	NA	NA	NA	NA	NA	NA	NA	NA
NA	NA	NA	NA	NA	NA	NA	NA	NA	NA	NA	NA	NA	NA	NA	NA
NA	NA	NA	NA	NA	NA	NA	NA	NA	NA	NA	NA	NA	NA	NA	NA
NA	NA	NA	NA	NA	NA	NA	NA	NA	NA	NA	NA	NA	NA	NA	NA
NA	NA	NA	NA	NA	NA	NA	NA	NA	NA	NA	NA	NA	NA	NA	NA
NA	NA	NA	NA	NA	NA	NA	NA	NA	NA	NA	NA	NA	NA	NA	NA
NA	NA	NA	NA	NA	NA	NA	NA	NA	NA	NA	NA	NA	NA	NA	NA
NA	NA	NA	NA	NA	NA	NA	NA	NA	NA	NA	NA	NA	NA	NA	NA
NA	NA	NA	NA	NA	NA	NA	NA	NA	NA	NA	NA	NA	NA	NA	NA
NA	NA	NA	NA	NA	NA	NA	NA	NA	NA	NA	NA	NA	NA	NA	NA
NA	NA	NA	NA	NA	NA	NA	NA	NA	NA	NA	NA	NA	NA	NA	NA
NA	NA	NA	NA	NA	NA	NA	NA	NA	NA	NA	NA	NA	NA	NA	NA
NA	NA	NA	NA	NA	NA	NA	NA	NA	NA	NA	NA	NA	NA	NA	NA
NA	NA	NA	NA	NA	NA	NA	NA	NA	NA	NA	NA	NA	NA	NA	NA
NA	NA	NA	NA	NA	NA	NA	NA	NA	NA	NA	NA	NA	NA	NA	NA
NA	NA	NA	NA	NA	NA	NA	NA	NA	NA	NA	NA	NA	NA	NA	NA
NA	NA	NA	NA	NA	NA	NA	NA	NA	NA	NA	NA	NA	NA	NA	NA
NA	NA	NA	NA	NA	NA	NA	NA	NA	NA	NA	NA	NA	NA	NA	NA
NA	NA	NA	NA	NA	NA	NA	NA	NA	NA	NA	NA	NA	NA	NA	NA
NA	NA	NA	NA	NA	NA	NA	NA	NA	NA	NA	NA	NA	NA	NA	NA
NA	NA	NA	NA	NA	NA	NA	NA	NA	NA	NA	NA	NA	NA	NA	NA
NA	NA	NA	NA	NA	NA	NA	NA	NA	NA	NA	NA	NA	NA	NA	NA
NA	NA	NA	NA	NA	NA	NA	NA	NA	NA	NA	NA	NA	NA	NA	NA
NA	NA	NA	NA	NA	NA	NA	NA	NA	NA	NA	NA	NA	NA	NA	NA
NA	NA	NA	NA	NA	NA	NA	NA	NA	NA	NA	NA	NA	NA	NA	NA
NA	NA	NA	NA	NA	NA	NA	NA	NA	NA	NA	NA	NA	NA	NA	NA
NA	NA	NA	NA	NA	NA	NA	NA	NA	NA	NA	NA	NA	NA	NA	NA
NA	NA	NA	NA	NA	NA	NA	NA	NA	NA	NA	NA	NA	NA	NA	NA
NA	NA	NA	NA	NA	NA	NA	NA	NA	NA	NA	NA	NA	NA	NA	NA
NA	NA	NA	NA	NA	NA	NA	NA	NA	NA	NA	NA	NA	NA	NA	NA
NA	NA	NA	NA	NA	NA	NA	NA	NA	NA	NA	NA	NA	NA	NA	NA
NA	NA	NA	NA	NA	NA	NA	NA	NA	NA	NA	NA	NA	NA	NA	NA
NA	NA	NA	NA	NA	NA	NA	NA	NA	NA	NA	NA	NA	NA	NA	NA
NA	NA	NA	NA	NA	NA	NA	NA	NA	NA	NA	NA	NA	NA	NA	NA
NA	NA	NA	NA	NA	NA	NA	NA	NA	NA	NA	NA	NA	NA	NA	NA
NA	NA	NA	NA	NA	NA	NA	NA	NA	NA	NA	NA	NA	NA	NA	NA
NA	NA	NA	NA	NA	NA	NA	NA	NA	NA	NA	NA	NA	NA	NA	NA
NA	NA	NA	NA	NA	NA	NA	NA	NA	NA	NA	NA	NA	NA	NA	NA
NA	NA	NA	NA	NA	NA	NA	NA	NA	NA	NA	NA	NA	NA	NA	NA
NA	NA	NA	NA	NA	NA	NA	NA	NA	NA	NA	NA	NA	NA	NA	NA
NA	NA	NA	NA	NA	NA	NA	NA	NA	NA	NA	NA	NA	NA	NA	NA
NA	NA	NA	NA	NA	NA	NA	NA	NA	NA	NA	NA	NA	NA	NA	NA
NA	NA	NA	NA	NA	NA	NA	NA	NA	NA	NA	NA	NA	NA	NA	NA
NA	NA	NA	NA	NA	NA	NA	NA	NA	NA	NA	NA	NA	NA	NA	NA
NA	NA	NA	NA	NA	NA	NA	NA	NA	NA	NA	NA	NA	NA	NA	NA
NA	NA	NA	NA	NA	NA	NA	NA	NA	NA	NA	NA	NA	NA	NA	NA
NA	NA	NA	NA	NA	NA	NA	NA	NA	NA	NA	NA	NA	NA	NA	NA
NA	NA	NA	NA	NA	NA	NA	NA	NA	NA	NA	NA	NA	NA	NA	NA
NA	NA	NA	NA	NA	NA	NA	NA	NA	NA	NA	NA	NA	NA	NA	NA
NA	NA	NA	NA	NA	NA	NA	NA	NA	NA	NA	NA	NA	NA	NA	NA
NA	NA	NA	NA	NA	NA	NA	NA	NA	NA	NA	NA	NA	NA	NA	NA
NA	NA	NA	NA	NA	NA	NA	NA	NA	NA	NA	NA	NA	NA	NA	NA
NA	NA	NA	NA	NA	NA	NA	NA	NA	NA	NA	NA	NA	NA	NA	NA
NA	NA	NA	NA	NA	NA	NA	NA	NA	NA	NA	NA	NA	NA	NA	NA
NA	NA	NA	NA	NA	NA	NA	NA	NA	NA	NA	NA	NA	NA	NA	NA
NA	NA	NA	NA	NA	NA	NA	NA	NA	NA	NA	NA	NA	NA	NA	NA
NA	NA	NA	NA	NA	NA	NA	NA	NA	NA	NA	NA	NA	NA	NA	NA
NA	NA	NA	NA	NA	NA	NA	NA	NA	NA	NA	NA	NA	NA	NA	NA
NA	NA	NA	NA	NA	NA	NA	NA	NA	NA	NA	NA	NA	NA	NA	NA
NA	NA	NA	NA	NA	NA	NA	NA	NA	NA	NA	NA	NA	NA	NA	NA
NA	NA	NA	NA	NA	NA	NA	NA	NA	NA	NA	NA	NA	NA	NA	NA
NA	NA	NA	NA	NA	NA	NA	NA	NA	NA	NA	NA	NA	NA	NA	NA
NA	NA	NA	NA	NA	NA	NA	NA	NA	NA	NA	NA	NA	NA	NA	NA
NA	NA	NA	NA	NA	NA	NA	NA	NA	NA	NA	NA	NA	NA	NA	NA
NA	NA	NA	NA	NA	NA	NA	NA	NA	NA	NA	NA	NA	NA	NA	NA
NA	NA	NA	NA	NA	NA	NA	NA	NA	NA	NA	NA	NA	NA	NA	NA
NA	NA	NA	NA	NA	NA	NA	NA	NA	NA	NA	NA	NA	NA	NA	NA
NA	NA	NA	NA	NA	NA	NA	NA	NA	NA	NA	NA	NA	NA	NA	NA
NA	NA	NA	NA	NA	NA	NA	NA	NA	NA	NA	NA	NA	NA	NA	NA
NA	NA	NA	NA	NA	NA	NA	NA	NA	NA	NA	NA	NA	NA	NA	NA
NA	NA	NA	NA	NA	NA	NA	NA	NA	NA	NA	NA	NA	NA	NA	NA
NA	NA	NA	NA	NA	NA	NA	NA	NA	NA	NA	NA	NA	NA	NA	NA
NA	NA	NA	NA	NA	NA	NA	NA	NA	NA	NA	NA	NA	NA	NA	NA
NA	NA	NA	NA	NA	NA	NA	NA	NA	NA	NA	NA	NA	NA	NA	NA
NA	NA	NA	NA	NA	NA	NA	NA	NA	NA	NA	NA	NA	NA	NA	NA
NA	NA	NA	NA	NA	NA	NA	NA	NA	NA	NA	NA	NA	NA	NA	NA
NA	NA	NA	NA	NA	NA	NA	NA	NA	NA	NA	NA	NA	NA	NA	NA
NA	NA	NA	NA	NA	NA	NA	NA	NA	NA	NA	NA	NA	NA	NA	NA
NA	NA	NA	NA	NA	NA	NA	NA	NA	NA	NA	NA	NA	NA	NA	NA
NA	NA	NA	NA	NA	NA	NA	NA	NA	NA	NA	NA	NA	NA	NA	NA
NA	NA	NA	NA	NA	NA	NA	NA	NA	NA	NA	NA	NA	NA	NA	NA
NA	NA	NA	NA	NA	NA	NA	NA	NA	NA	NA	NA	NA	NA	NA	NA
NA	NA	NA	NA	NA	NA	NA	NA	NA	NA	NA	NA	NA	NA	NA	NA
NA	NA	NA	NA	NA	NA	NA	NA	NA	NA	NA	NA	NA	NA	NA	NA
NA	NA	NA	NA	NA	NA	NA	NA	NA	NA	NA	NA	NA	NA	NA	NA
NA	NA	NA	NA	NA	NA	NA	NA	NA	NA	NA	NA	NA	NA	NA	NA
NA	NA	NA	NA	NA	NA	NA	NA	NA	NA	NA	NA	NA	NA	NA	NA
NA	NA	NA	NA	NA	NA	NA	NA	NA	NA	NA	NA	NA	NA	NA	NA
NA	NA	NA	NA	NA	NA	NA	NA	NA	NA	NA	NA	NA	NA	NA	NA
NA	NA	NA	NA	NA	NA	NA	NA	NA	NA	NA	NA	NA	NA	NA	NA
NA	NA	NA	NA	NA	NA	NA	NA	NA	NA	NA	NA	NA	NA	NA	NA
NA	NA	NA	NA	NA	NA	NA	NA	NA	NA	NA	NA	NA	NA	NA	NA
NA	NA	NA	NA	NA	NA	NA	NA	NA	NA	NA	NA	NA	NA	NA	NA
NA	NA	NA	NA	NA	NA	NA	NA	NA	NA	NA	NA	NA	NA	NA	NA
NA	NA	NA	NA	NA	NA	NA	NA	NA	NA	NA	NA	NA	NA	NA	NA
NA	NA	NA	NA	NA	NA	NA	NA	NA	NA	NA	NA	NA	NA	NA	NA
NA	NA	NA	NA	NA	NA	NA	NA	NA	NA	NA	NA	NA	NA	NA	NA
NA	NA	NA	NA	NA	NA	NA	NA	NA	NA	NA	NA	NA	NA	NA	NA
NA	NA	NA	NA	NA	NA	NA	NA	NA	NA	NA	NA	NA	NA	NA	NA
NA	NA	NA	NA	NA	NA	NA	NA	NA	NA	NA	NA	NA	NA	NA	NA
NA	NA	NA	NA	NA	NA	NA	NA	NA	NA	NA	NA	NA	NA	NA	NA
NA	NA	NA	NA	NA	NA	NA	NA	NA	NA	NA	NA	NA	NA	NA	NA
NA	NA	NA	NA	NA	NA	NA	NA	NA	NA	NA	NA	NA	NA	NA	NA
NA	NA	NA	NA	NA	NA	NA	NA	NA	NA	NA	NA	NA	NA	NA	NA
NA	NA	NA	NA	NA	NA	NA	NA	NA	NA	NA	NA	NA	NA	NA	NA
NA	NA	NA	NA	NA	NA	NA	NA	NA	NA	NA	NA	NA	NA	NA	NA
NA	NA	NA	NA	NA	NA	NA	NA	NA	NA	NA	NA	NA	NA	NA	NA
NA	NA	NA	NA	NA	NA	NA	NA	NA	NA	NA	NA	NA	NA	NA	NA
NA	NA	NA	NA	NA	NA	NA	NA	NA	NA	NA	NA	NA	NA	NA	NA
NA	NA	NA	NA	NA	NA	NA	NA	NA	NA	NA	NA	NA	NA	NA	NA
NA	NA	NA	NA	NA	NA	NA	NA	NA	NA	NA	NA	NA	NA	NA	NA
NA	NA	NA	NA	NA	NA	NA	NA	NA	NA	NA	NA	NA	NA	NA	NA
NA	NA	NA	NA	NA	NA	NA	NA	NA	NA	NA	NA	NA	NA	NA	NA
NA	NA	NA	NA	NA	NA	NA	NA	NA	NA	NA	NA	NA	NA	NA	NA
NA	NA	NA	NA	NA	NA	NA	NA	NA	NA	NA	NA	NA	NA	NA	NA
NA	NA	NA	NA	NA	NA	NA	NA	NA	NA	NA	NA	NA	NA	NA	NA
NA	NA	NA	NA	NA	NA	NA	NA	NA	NA	NA	NA	NA	NA	NA	NA
NA	NA	NA	NA	NA	NA	NA	NA	NA	NA	NA	NA	NA	NA	NA	NA
NA	NA	NA	NA	NA	NA	NA	NA	NA	NA	NA	NA	NA	NA	NA	NA
NA	NA	NA	NA	NA	NA	NA	NA	NA	NA	NA	NA	NA	NA	NA	NA
NA	NA	NA	NA	NA	NA	NA	NA	NA	NA	NA	NA	NA	NA	NA	NA
NA	NA	NA	NA	NA	NA	NA	NA	NA	NA	NA	NA	NA	NA	NA	NA
NA	NA	NA	NA	NA	NA	NA	NA	NA	NA	NA	NA	NA	NA	NA	NA
NA	NA	NA	NA	NA	NA	NA	NA	NA	NA	NA	NA	NA	NA	NA	NA
NA	NA	NA	NA	NA	NA	NA	NA	NA	NA	NA	NA	NA	NA	NA	NA
NA	NA	NA	NA	NA	NA	NA	NA	NA	NA	NA	NA	NA	NA	NA	NA
NA	NA	NA	NA	NA	NA	NA	NA	NA	NA	NA	NA	NA	NA	NA	NA
NA	NA	NA	NA	NA	NA	NA	NA	NA	NA	NA	NA	NA	NA	NA	NA
NA	NA	NA	NA	NA	NA	NA	NA	NA	NA	NA	NA	NA	NA	NA	NA
NA	NA	NA	NA	NA	NA	NA	NA	NA	NA	NA	NA	NA	NA	NA	NA
NA	NA	NA	NA	NA	NA	NA	NA	NA	NA	NA	NA	NA	NA	NA	NA
NA	NA	NA	NA	NA	NA	NA	NA	NA	NA	NA	NA	NA	NA	NA	NA
NA	NA	NA	NA	NA	NA	NA	NA	NA	NA	NA	NA	NA	NA	NA	NA
NA	NA	NA	NA	NA	NA	NA	NA	NA	NA	NA	NA	NA	NA	NA	NA
NA	NA	NA	NA	NA	NA	NA	NA	NA	NA	NA	NA	NA	NA	NA	NA
NA	NA	NA	NA	NA	NA	NA	NA	NA	NA	NA	NA	NA	NA	NA	NA
NA	NA	NA	NA	NA	NA	NA	NA	NA	NA	NA	NA	NA	NA	NA	NA
NA	NA	NA	NA	NA	NA	NA	NA	NA	NA	NA	NA	NA	NA	NA	NA
NA	NA	NA	NA	NA	NA	NA	NA	NA	NA	NA	NA	NA	NA	NA	NA
NA	NA	NA	NA	NA	NA	NA	NA	NA	NA	NA	NA	NA	NA	NA	NA
NA	NA	NA	NA	NA	NA	NA	NA	NA	NA	NA	NA	NA	NA	NA	NA
NA	NA	NA	NA	NA	NA	NA	NA	NA	NA	NA	NA	NA	NA	NA	NA
NA	NA	NA	NA	NA	NA	NA	NA	NA	NA	NA	NA	NA	NA	NA	NA
NA	NA	NA	NA	NA	NA	NA	NA	NA	NA	NA	NA	NA	NA	NA	NA
NA	NA	NA	NA	NA	NA	NA	NA	NA	NA	NA	NA	NA	NA	NA	NA
NA	NA	NA	NA	NA	NA	NA	NA	NA	NA	NA	NA	NA	NA	NA	NA
NA	NA	NA	NA	NA	NA	NA	NA	NA	NA	NA	NA	NA	NA	NA	NA
NA	NA	NA	NA	NA	NA	NA	NA	NA	NA	NA	NA	NA	NA	NA	NA
NA	NA	NA	NA	NA	NA	NA	NA	NA	NA	NA	NA	NA	NA	NA	NA
NA	NA	NA	NA	NA	NA	NA	NA	NA	NA	NA	NA	NA	NA	NA	NA
NA	NA	NA	NA	NA	NA	NA	NA	NA	NA	NA	NA	NA	NA	NA	NA
NA	NA	NA	NA	NA	NA	NA	NA	NA	NA	NA	NA	NA	NA	NA	NA
NA	NA	NA	NA	NA	NA	NA	NA	NA	NA	NA	NA	NA	NA	NA	NA
NA	NA	NA	NA	NA	NA	NA	NA	NA	NA	NA	NA	NA	NA	NA	NA
NA	NA	NA	NA	NA	NA	NA	NA	NA	NA	NA	NA	NA	NA	NA	NA
NA	NA	NA	NA	NA	NA	NA	NA	NA	NA	NA	NA	NA	NA	NA	NA
NA	NA	NA	NA	NA	NA	NA	NA	NA	NA	NA	NA	NA	NA	NA	NA
NA	NA	NA	NA	NA	NA	NA	NA	NA	NA	NA	NA	NA	NA	NA	NA
NA	NA	NA	NA	NA	NA	NA	NA	NA	NA	NA	NA	NA	NA	NA	NA
NA	NA	NA	NA	NA	NA	NA	NA	NA	NA	NA	NA	NA	NA	NA	NA
NA	NA	NA	NA	NA	NA	NA	NA	NA	NA	NA	NA	NA	NA	NA	NA
NA	NA	NA	NA	NA	NA	NA	NA	NA	NA	NA	NA	NA	NA	NA	NA
NA	NA	NA	NA	NA	NA	NA	NA	NA	NA	NA	NA	NA	NA	NA	NA
NA	NA	NA	NA	NA	NA	NA	NA	NA	NA	NA	NA	NA	NA	NA	NA
NA	NA	NA	NA	NA	NA	NA	NA	NA	NA	NA	NA	NA	NA	NA	NA
NA	NA	NA	NA	NA	NA	NA	NA	NA	NA	NA	NA	NA	NA	NA	NA
NA	NA	NA	NA	NA	NA	NA	NA	NA	NA	NA	NA	NA	NA	NA	NA
NA	NA	NA	NA	NA	NA	NA	NA	NA	NA	NA	NA	NA	NA	NA	NA
NA	NA	NA	NA	NA	NA	NA	NA	NA	NA	NA	NA	NA	NA	NA	NA
NA	NA	NA	NA	NA	NA	NA	NA	NA	NA	NA	NA	NA	NA	NA	NA
NA	NA	NA	NA	NA	NA	NA	NA	NA	NA	NA	NA	NA	NA	NA	NA
NA	NA	NA	NA	NA	NA	NA	NA	NA	NA	NA	NA	NA	NA	NA	NA
NA	NA	NA	NA	NA	NA	NA	NA	NA	NA	NA	NA	NA	NA	NA	NA
NA	NA	NA	NA	NA	NA	NA	NA	NA	NA	NA	NA	NA	NA	NA	NA
NA	NA	NA	NA	NA	NA	NA	NA	NA	NA	NA	NA	NA	NA	NA	NA
NA	NA	NA	NA	NA	NA	NA	NA	NA	NA	NA	NA	NA	NA	NA	NA
NA	NA	NA	NA	NA	NA	NA	NA	NA	NA	NA	NA	NA	NA	NA	NA
NA	NA	NA	NA	NA	NA	NA	NA	NA	NA	NA	NA	NA	NA	NA	NA
NA	NA	NA	NA	NA	NA	NA	NA	NA	NA	NA	NA	NA	NA	NA	NA
NA	NA	NA	NA	NA	NA	NA	NA	NA	NA	NA	NA	NA	NA	NA	NA
NA	NA	NA	NA	NA	NA	NA	NA	NA	NA	NA	NA	NA	NA	NA	NA
NA	NA	NA	NA	NA	NA	NA	NA	NA	NA	NA	NA	NA	NA	NA	NA
NA	NA	NA	NA	NA	NA	NA	NA	NA	NA	NA	NA	NA	NA	NA	NA
NA	NA	NA	NA	NA	NA	NA	NA	NA	NA	NA	NA	NA	NA	NA	NA
NA	NA	NA	NA	NA	NA	NA	NA	NA	NA	NA	NA	NA	NA	NA	NA
NA	NA	NA	NA	NA	NA	NA	NA	NA	NA	NA	NA	NA	NA	NA	NA
NA	NA	NA	NA	NA	NA	NA	NA	NA	NA	NA	NA	NA	NA	NA	NA
NA	NA	NA	NA	NA	NA	NA	NA	NA	NA	NA	NA	NA	NA	NA	NA
NA	NA	NA	NA	NA	NA	NA	NA	NA	NA	NA	NA	NA	NA	NA	NA
NA	NA	NA	NA	NA	NA	NA	NA	NA	NA	NA	NA	NA	NA	NA	NA
NA	NA	NA	NA	NA	NA	NA	NA	NA	NA	NA	NA	NA	NA	NA	NA
NA	NA	NA	NA	NA	NA	NA	NA	NA	NA	NA	NA	NA	NA	NA	NA
NA	NA	NA	NA	NA	NA	NA	NA	NA	NA	NA	NA	NA	NA	NA	NA
NA	NA	NA	NA	NA	NA	NA	NA	NA	NA	NA	NA	NA	NA	NA	NA
NA	NA	NA	NA	NA	NA	NA	NA	NA	NA	NA	NA	NA	NA	NA	NA
NA	NA	NA	NA	NA	NA	NA	NA	NA	NA	NA	NA	NA	NA	NA	NA
NA	NA	NA	NA	NA	NA	NA	NA	NA	NA	NA	NA	NA	NA	NA	NA
NA	NA	NA	NA	NA	NA	NA	NA	NA	NA	NA	NA	NA	NA	NA	NA
NA	NA	NA	NA	NA	NA	NA	NA	NA	NA	NA	NA	NA	NA	NA	NA
NA	NA	NA	NA	NA	NA	NA	NA	NA	NA	NA	NA	NA	NA	NA	NA
NA	NA	NA	NA	NA	NA	NA	NA	NA	NA	NA	NA	NA	NA	NA	NA
NA	NA	NA	NA	NA	NA	NA	NA	NA	NA	NA	NA	NA	NA	NA	NA
NA	NA	NA	NA	NA	NA	NA	NA	NA	NA	NA	NA	NA	NA	NA	NA
NA	NA	NA	NA	NA	NA	NA	NA	NA	NA	NA	NA	NA	NA	NA	NA
NA	NA	NA	NA	NA	NA	NA	NA	NA	NA	NA	NA	NA	NA	NA	NA
NA	NA	NA	NA	NA	NA	NA	NA	NA	NA	NA	NA	NA	NA	NA	NA
NA	NA	NA	NA	NA	NA	NA	NA	NA	NA	NA	NA	NA	NA	NA	NA
NA	NA	NA	NA	NA	NA	NA	NA	NA	NA	NA	NA	NA	NA	NA	NA
NA	NA	NA	NA	NA	NA	NA	NA	NA	NA	NA	NA	NA	NA	NA	NA
NA	NA	NA	NA	NA	NA	NA	NA	NA	NA	NA	NA	NA	NA	NA	NA
NA	NA	NA	NA	NA	NA	NA	NA	NA	NA	NA	NA	NA	NA	NA	NA
NA	NA	NA	NA	NA	NA	NA	NA	NA	NA	NA	NA	NA	NA	NA	NA
NA	NA	NA	NA	NA	NA	NA	NA	NA	NA	NA	NA	NA	NA	NA	NA
NA	NA	NA	NA	NA	NA	NA	NA	NA	NA	NA	NA	NA	NA	NA	NA
NA	NA	NA	NA	NA	NA	NA	NA	NA	NA	NA	NA	NA	NA	NA	NA
NA	NA	NA	NA	NA	NA	NA	NA	NA	NA	NA	NA	NA	NA	NA	NA
NA	NA	NA	NA	NA	NA	NA	NA	NA	NA	NA	NA	NA	NA	NA	NA
NA	NA	NA	NA	NA	NA	NA	NA	NA	NA	NA	NA	NA	NA	NA	NA
NA	NA	NA	NA	NA	NA	NA	NA	NA	NA	NA	NA	NA	NA	NA	NA
NA	NA	NA	NA	NA	NA	NA	NA	NA	NA	NA	NA	NA	NA	NA	NA
NA	NA	NA	NA	NA	NA	NA	NA	NA	NA	NA	NA	NA	NA	NA	NA
NA	NA	NA	NA	NA	NA	NA	NA	NA	NA	NA	NA	NA	NA	NA	NA
NA	NA	NA	NA	NA	NA	NA	NA	NA	NA	NA	NA	NA	NA	NA	NA
NA	NA	NA	NA	NA	NA	NA	NA	NA	NA	NA	NA	NA	NA	NA	NA
NA	NA	NA	NA	NA	NA	NA	NA	NA	NA	NA	NA	NA	NA	NA	NA
NA	NA	NA	NA	NA	NA	NA	NA	NA	NA	NA	NA	NA	NA	NA	NA
NA	NA	NA	NA	NA	NA	NA	NA	NA	NA	NA	NA	NA	NA	NA	NA
NA	NA	NA	NA	NA	NA	NA	NA	NA	NA	NA	NA	NA	NA	NA	NA
NA	NA	NA	NA	NA	NA	NA	NA	NA	NA	NA	NA	NA	NA	NA	NA
NA	NA	NA	NA	NA	NA	NA	NA	NA	NA	NA	NA	NA	NA	NA	NA
NA	NA	NA	NA	NA	NA	NA	NA	NA	NA	NA	NA	NA	NA	NA	NA
NA	NA	NA	NA	NA	NA	NA	NA	NA	NA	NA	NA	NA	NA	NA	NA
NA	NA	NA	NA	NA	NA	NA	NA	NA	NA	NA	NA	NA	NA	NA	NA
NA	NA	NA	NA	NA	NA	NA	NA	NA	NA	NA	NA	NA	NA	NA	NA
NA	NA	NA	NA	NA	NA	NA	NA	NA	NA	NA	NA	NA	NA	NA	NA
NA	NA	NA	NA	NA	NA	NA	NA	NA	NA	NA	NA	NA	NA	NA	NA
NA	NA	NA	NA	NA	NA	NA	NA	NA	NA	NA	NA	NA	NA	NA	NA
NA	NA	NA	NA	NA	NA	NA	NA	NA	NA	NA	NA	NA	NA	NA	NA
NA	NA	NA	NA	NA	NA	NA	NA	NA	NA	NA	NA	NA	NA	NA	NA
NA	NA	NA	NA	NA	NA	NA	NA	NA	NA	NA	NA	NA	NA	NA	NA
NA	NA	NA	NA	NA	NA	NA	NA	NA	NA	NA	NA	NA	NA	NA	NA
NA	NA	NA	NA	NA	NA	NA	NA	NA	NA	NA	NA	NA	NA	NA	NA
NA	NA	NA	NA	NA	NA	NA	NA	NA	NA	NA	NA	NA	NA	NA	NA
NA	NA	NA	NA	NA	NA	NA	NA	NA	NA	NA	NA	NA	NA	NA	NA
NA	NA	NA	NA	NA	NA	NA	NA	NA	NA	NA	NA	NA	NA	NA	NA
NA	NA	NA	NA	NA	NA	NA	NA	NA	NA	NA	NA	NA	NA	NA	NA
NA	NA	NA	NA	NA	NA	NA	NA	NA	NA	NA	NA	NA	NA	NA	NA
NA	NA	NA	NA	NA	NA	NA	NA	NA	NA	NA	NA	NA	NA	NA	NA
NA	NA	NA	NA	NA	NA	NA	NA	NA	NA	NA	NA	NA	NA	NA	NA
NA	NA	NA	NA	NA	NA	NA	NA	NA	NA	NA	NA	NA	NA	NA	NA
NA	NA	NA	NA	NA	NA	NA	NA	NA	NA	NA	NA	NA	NA	NA	NA
NA	NA	NA	NA	NA	NA	NA	NA	NA	NA	NA	NA	NA	NA	NA	NA
NA	NA	NA	NA	NA	NA	NA	NA	NA	NA	NA	NA	NA	NA	NA	NA
NA	NA	NA	NA	NA	NA	NA	NA	NA	NA	NA	NA	NA	NA	NA	NA
NA	NA	NA	NA	NA	NA	NA	NA	NA	NA	NA	NA	NA	NA	NA	NA
NA	NA	NA	NA	NA	NA	NA	NA	NA	NA	NA	NA	NA	NA	NA	NA
NA	NA	NA	NA	NA	NA	NA	NA	NA	NA	NA	NA	NA	NA	NA	NA
NA	NA	NA	NA	NA	NA	NA	NA	NA	NA	NA	NA	NA	NA	NA	NA
NA	NA	NA	NA	NA	NA	NA	NA	NA	NA	NA	NA	NA	NA	NA	NA
NA	NA	NA	NA	NA	NA	NA	NA	NA	NA	NA	NA	NA	NA	NA	NA
NA	NA	NA	NA	NA	NA	NA	NA	NA	NA	NA	NA	NA	NA	NA	NA
NA	NA	NA	NA	NA	NA	NA	NA	NA	NA	NA	NA	NA	NA	NA	NA
NA	NA	NA	NA	NA	NA	NA	NA	NA	NA	NA	NA	NA	NA	NA	NA
NA	NA	NA	NA	NA	NA	NA	NA	NA	NA	NA	NA	NA	NA	NA	NA
NA	NA	NA	NA	NA	NA	NA	NA	NA	NA	NA	NA	NA	NA	NA	NA
NA	NA	NA	NA	NA	NA	NA	NA	NA	NA	NA	NA	NA	NA	NA	NA
NA	NA	NA	NA	NA	NA	NA	NA	NA	NA	NA	NA	NA	NA	NA	NA
NA	NA	NA	NA	NA	NA	NA	NA	NA	NA	NA	NA	NA	NA	NA	NA
NA	NA	NA	NA	NA	NA	NA	NA	NA	NA	NA	NA	NA	NA	NA	NA
NA	NA	NA	NA	NA	NA	NA	NA	NA	NA	NA	NA	NA	NA	NA	NA
NA	NA	NA	NA	NA	NA	NA	NA	NA	NA	NA	NA	NA	NA	NA	NA
NA	NA	NA	NA	NA	NA	NA	NA	NA	NA	NA	NA	NA	NA	NA	NA
NA	NA	NA	NA	NA	NA	NA	NA	NA	NA	NA	NA	NA	NA	NA	NA
NA	NA	NA	NA	NA	NA	NA	NA	NA	NA	NA	NA	NA	NA	NA	NA
NA	NA	NA	NA	NA	NA	NA	NA	NA	NA	NA	NA	NA	NA	NA	NA
NA	NA	NA	NA	NA	NA	NA	NA	NA	NA	NA	NA	NA	NA	NA	NA
NA	NA	NA	NA	NA	NA	NA	NA	NA	NA	NA	NA	NA	NA	NA	NA
NA	NA	NA	NA	NA	NA	NA	NA	NA	NA	NA	NA	NA	NA	NA	NA
NA	NA	NA	NA	NA	NA	NA	NA	NA	NA	NA	NA	NA	NA	NA	NA
NA	NA	NA	NA	NA	NA	NA	NA	NA	NA	NA	NA	NA	NA	NA	NA
NA	NA	NA	NA	NA	NA	NA	NA	NA	NA	NA	NA	NA	NA	NA	NA
NA	NA	NA	NA	NA	NA	NA	NA	NA	NA	NA	NA	NA	NA	NA	NA
NA	NA	NA	NA	NA	NA	NA	NA	NA	NA	NA	NA	NA	NA	NA	NA
NA	NA	NA	NA	NA	NA	NA	NA	NA	NA	NA	NA	NA	NA	NA	NA
NA	NA	NA	NA	NA	NA	NA	NA	NA	NA	NA	NA	NA	NA	NA	NA
NA	NA	NA	NA	NA	NA	NA	NA	NA	NA	NA	NA	NA	NA	NA	NA
NA	NA	NA	NA	NA	NA	NA	NA	NA	NA	NA	NA	NA	NA	NA	NA
NA	NA	NA	NA	NA	NA	NA	NA	NA	NA	NA	NA	NA	NA	NA	NA
NA	NA	NA	NA	NA	NA	NA	NA	NA	NA	NA	NA	NA	NA	NA	NA
NA	NA	NA	NA	NA	NA	NA	NA	NA	NA	NA	NA	NA	NA	NA	NA
NA	NA	NA	NA	NA	NA	NA	NA	NA	NA	NA	NA	NA	NA	NA	NA
NA	NA	NA	NA	NA	NA	NA	NA	NA	NA	NA	NA	NA	NA	NA	NA
NA	NA	NA	NA	NA	NA	NA	NA	NA	NA	NA	NA	NA	NA	NA	NA
NA	NA	NA	NA	NA	NA	NA	NA	NA	NA	NA	NA	NA	NA	NA	NA
NA	NA	NA	NA	NA	NA	NA	NA	NA	NA	NA	NA	NA	NA	NA	NA
NA	NA	NA	NA	NA	NA	NA	NA	NA	NA	NA	NA	NA	NA	NA	NA
NA	NA	NA	NA	NA	NA	NA	NA	NA	NA	NA	NA	NA	NA	NA	NA
NA	NA	NA	NA	NA	NA	NA	NA	NA	NA	NA	NA	NA	NA	NA	NA
NA	NA	NA	NA	NA	NA	NA	NA	NA	NA	NA	NA	NA	NA	NA	NA
NA	NA	NA	NA	NA	NA	NA	NA	NA	NA	NA	NA	NA	NA	NA	NA
NA	NA	NA	NA	NA	NA	NA	NA	NA	NA	NA	NA	NA	NA	NA	NA
NA	NA	NA	NA	NA	NA	NA	NA	NA	NA	NA	NA	NA	NA	NA	NA
NA	NA	NA	NA	NA	NA	NA	NA	NA	NA	NA	NA	NA	NA	NA	NA
NA	NA	NA	NA	NA	NA	NA	NA	NA	NA	NA	NA	NA	NA	NA	NA
NA	NA	NA	NA	NA	NA	NA	NA	NA	NA	NA	NA	NA	NA	NA	NA
NA	NA	NA	NA	NA	NA	NA	NA	NA	NA	NA	NA	NA	NA	NA	NA
NA	NA	NA	NA	NA	NA	NA	NA	NA	NA	NA	NA	NA	NA	NA	NA
NA	NA	NA	NA	NA	NA	NA	NA	NA	NA	NA	NA	NA	NA	NA	NA
NA	NA	NA	NA	NA	NA	NA	NA	NA	NA	NA	NA	NA	NA	NA	NA
NA	NA	NA	NA	NA	NA	NA	NA	NA	NA	NA	NA	NA	NA	NA	NA
NA	NA	NA	NA	NA	NA	NA	NA	NA	NA	NA	NA	NA	NA	NA	NA
NA	NA	NA	NA	NA	NA	NA	NA	NA	NA	NA	NA	NA	NA	NA	NA
NA	NA	NA	NA	NA	NA	NA	NA	NA	NA	NA	NA	NA	NA	NA	NA
NA	NA	NA	NA	NA	NA	NA	NA	NA	NA	NA	NA	NA	NA	NA	NA
1.94879612427753	0.0800540708599154	1.7918901453921	2.10570210316297	1.94462557344174	0.106357056037385	1.73616574360847	2.15308540327501	1.94462557344174	0.0800540708599154	1.79330335372662	2.10439744455865	1.94539888343612	0.0740775843310981	1.80014013734746	2.09065762952478
2.09996996686958	0.107678781103357	1.888919555907	2.31102037783216	2.12315988307872	0.144194836684999	1.84053800317612	2.40578176298132	2.12315988307872	0.107678781103357	1.92655642976091	2.3384119887111	2.12467056363981	0.102069287201303	1.92446330050044	2.32487782677919
1.96300226048662	0.0993166560186944	1.76834161468998	2.15766290628326	1.83182103808379	0.129842299646172	1.57733013077729	2.08631194539028	1.83182103808379	0.0993166560186944	1.65452885601898	2.0329037709909	1.83217167711768	0.092963922635409	1.64983391819473	2.01450943604063
2.03533371395176	0.111980291234642	1.81585234313186	2.25481508477166	2.08689100297761	0.139870353790361	1.8127451095485	2.36103689640671	2.08689100297761	0.111980291234642	1.90029605403419	2.32755924578062	2.08695084486401	0.107281275520696	1.87650907972948	2.29739260999854
2.10800202743824	0.105458410068433	1.90130354370411	2.31470051117237	2.06737379946855	0.138598150157955	1.79572142515896	2.33902617377814	2.06737379946855	0.105458410068433	1.86759957500115	2.28564796472123	2.06945636446753	0.0980678734214813	1.87710403143156	2.2618086975035
1.88753075765762	0.0805444376029878	1.72966365995577	2.04539785535948	1.88026896450435	0.105016710259907	1.67443621239493	2.08610171661377	1.88026896450435	0.0805444376029878	1.72396024559375	2.03910007784848	1.88237351875153	0.0770452880281731	1.73128502048318	2.03346201701988
2.01495251365987	0.0924951197545306	1.83366207894099	2.19624294837875	2.02611454789516	0.123001479612403	1.78503164785485	2.26719744793547	2.02611454789516	0.0924951197545306	1.86281659806716	2.21743978528104	2.02659857245313	0.0828139670014843	1.86419329290774	2.18900385199853
2.03236054159596	0.114714741387569	1.80751964847632	2.25720143471559	2.0316735820243	0.147274976185037	1.74301462870163	2.32033253534697	2.0316735820243	0.114714741387569	1.83150583436133	2.2886573809846	2.03211700657818	0.110655222735983	1.81505874100167	2.2491752721547
2.13556036860097	0.102896931821873	1.9338823822301	2.33723835497185	2.09904368720544	0.13018514674112	1.84388079959285	2.35420657481804	2.09904368720544	0.102896931821873	1.91744229636537	2.30859205107569	2.10314056482598	0.0985851809494128	1.90977029531641	2.29651083433555
2.25025774701665	0.0833150439850087	2.08696026080603	2.41355523322727	2.14636060797877	0.108924600991483	1.93286839003546	2.35985282592208	2.14636060797877	0.0833150439850087	1.99397750142181	2.31801298530262	2.14598826363606	0.0787703428155532	1.99151205632968	2.30046447094243
2.01053296630659	0.0929651764606795	1.82832122044366	2.19274471216952	1.97637438815616	0.115665478974978	1.74967004936521	2.20307872694712	1.97637438815616	0.0929651764606795	1.80599189267875	2.16930983915016	1.97632324738616	0.0902664348245854	1.79928740913746	2.15335908563487
1.99404416749181	0.0888014918252354	1.81999324351435	2.16809509146927	1.97189861165273	0.115481119684873	1.74555561707038	2.19824160623509	1.97189861165273	0.0888014918252354	1.80672694499237	2.15286702237384	1.97123788464118	0.083495766563406	1.80748361600383	2.13499215327852
1.99374960811493	0.0948117589330932	1.80791856060607	2.1795806556238	1.97038302621052	0.124865813296031	1.72564603215029	2.21512002027074	1.97038302621052	0.0948117589330932	1.8011980840453	2.17009306790746	1.97134101033868	0.0894480201193227	1.79591061473785	2.14677140593951
2.12597171878739	0.0879333892819777	1.95362227579471	2.29832116178007	2.08693628389685	0.112047449996277	1.86732328190415	2.30654928588955	2.08693628389685	0.0879333892819777	1.92596362399572	2.27841634566117	2.08656889817083	0.0852215840307497	1.91943281921033	2.25370497713133
1.99245472764994	0.0856996018749266	1.82448350797508	2.16042594732479	2.01004932308021	0.109841408673478	1.79476016208019	2.22533848408022	2.01004932308021	0.0856996018749266	1.85652673890433	2.19504448555106	2.01182614919539	0.0788057564197727	1.85728469287754	2.16636760551324
2.0340859727576	0.0876359360188072	1.86231953816073	2.20585240735446	2.01018077202353	0.113224656178162	1.78826044591433	2.23210109813273	2.01018077202353	0.0876359360188072	1.84300071433351	2.2130460886452	2.01085482145465	0.0829526232027423	1.84816607093326	2.17354357197603
2.00505216477886	0.0921568251747133	1.82442478743642	2.1856795421213	2.05866763008908	0.122450775910426	1.81866410930464	2.29867115087351	2.05866763008908	0.0921568251747133	1.89185692293275	2.25532087759658	2.05546659890708	0.0858613598433734	1.88706814880245	2.22386504901172
2.01555667496201	0.0987806515470244	1.82194659792984	2.20916675199417	1.97286413618581	0.123950386763302	1.72992137812974	2.21580689424188	1.97286413618581	0.0987806515470244	1.79803739698504	2.17554874244985	1.97263394356766	0.0933808765911393	1.78948177048857	2.15578611664675
1.95740851377301	0.0783897310220609	1.80376464096977	2.11105238657625	2.00837130385684	0.101919064268953	1.80860993788969	2.20813266982399	2.00837130385684	0.0783897310220609	1.8553815755116	2.16415779298248	2.00751465503353	0.0754247348446925	1.85960619818233	2.15542311188473
2.04508938661787	0.086811735434354	1.87493838516653	2.2152403880692	2.0370308976515	0.113288778931899	1.81498489094498	2.25907690435802	2.0370308976515	0.086811735434354	1.87304423040102	2.20773123664361	2.03717720276004	0.0835835529842987	1.87325735854119	2.20109704697889
1.94608663053703	0.094990732053518	1.75990479571213	2.13226846536192	1.97619986232154	0.122072285403991	1.73693818292972	2.21546154171336	1.97619986232154	0.094990732053518	1.80129884647855	2.17369672068682	1.97628194400766	0.090041594848519	1.7996814265944	2.15288246142092
1.98753450965263	0.0903447800585962	1.81045874073778	2.16461027856748	1.95874404382464	0.118089012723787	1.72728957888602	2.19019850876326	1.95874404382464	0.0903447800585962	1.78744664415206	2.14544673332557	1.96031264117667	0.0841240470592438	1.79532791488863	2.12529736746471
2.0175958368312	0.0814824386180122	1.85789025713989	2.1773014165225	2.08073113859154	0.109497020216647	1.86611697896692	2.29534529821617	2.08073113859154	0.0814824386180122	1.92712096113416	2.24326515257595	2.08067362556971	0.0768889177554846	1.92989304983829	2.23145420130113
2.01256694077482	0.0953081401288145	1.82576298612235	2.1993708954273	2.08992026727696	0.125106884765474	1.84471077313663	2.33512976141729	2.08992026727696	0.0953081401288145	1.91986951327088	2.28692290708514	2.08783192474111	0.0922349874524952	1.90692799449496	2.26873585498726
1.94202993686495	0.0847003737324939	1.77601720434926	2.10804266938063	1.94706178445527	0.111723875482592	1.72808298850939	2.16604058040115	1.94706178445527	0.0847003737324939	1.78745035268665	2.11999448183305	1.94819747123508	0.0794448098368575	1.79239602251641	2.10399891995374
2.08125753368678	0.106003546829495	1.87349058190097	2.28902448547259	2.07224370326582	0.138467676513879	1.80084705729862	2.34364034923302	2.07224370326582	0.106003546829495	1.88316820971597	2.28942034311905	2.07114325801869	0.100872880868948	1.87328792840873	2.26899858762865
2.22746623223837	0.0973995019888575	2.03656320834021	2.41836925613653	2.08654539318919	0.124717000308766	1.84210007258401	2.33099071379438	2.08654539318919	0.0973995019888575	1.9006269196513	2.28953936787684	2.08680051187151	0.0932751042921368	1.9038519470777	2.26974907666532
2.10247982278981	0.0913768302322304	1.92338123553464	2.28157841004498	2.07836765469812	0.1148272871093	1.85330617196389	2.30342913743234	2.07836765469812	0.0913768302322304	1.90569821298516	2.28275578812112	2.0791319752682	0.0866313055362481	1.90922754137741	2.24903640915898
1.94116575620049	0.114053981303603	1.71761995284543	2.16471155955555	1.95705694099446	0.146287525009024	1.67033339197677	2.24378049001215	1.95705694099446	0.114053981303603	1.75387874870527	2.19053667291651	1.9580139874209	0.113603908010898	1.73516564250336	2.18086233233843
2.01565614767267	0.0989700036897286	1.8216749404408	2.20963735490454	1.99613926020707	0.12385016185551	1.75339294297027	2.23888557744387	1.99613926020707	0.0989700036897286	1.81265424669345	2.18317187434216	1.99760682303287	0.0942445131604171	1.81275648863184	2.18245715743389
2.1380677201388	0.088078930481714	1.96543301639464	2.31070242388296	2.10837344473566	0.114100599149747	1.88473627040215	2.33201061906916	2.10837344473566	0.088078930481714	1.94172968222357	2.28841300999323	2.10797542882177	0.0833378823032281	1.94453505593681	2.27141580170672
1.94010634385432	0.0822312724298409	1.77893304989184	2.10127963781681	1.92005630711885	0.109355817657088	1.70571890451096	2.13439370972674	1.92005630711885	0.0822312724298409	1.76113388898279	2.07996584663853	1.92138936720068	0.0767944843858656	1.77079148425173	2.07198725014963
1.94927861826765	0.0924751143959563	1.76802739405158	2.13052984248373	1.97573806287397	0.120069298126545	1.74040223854594	2.211073887202	1.97573806287397	0.0924751143959563	1.80969688114343	2.17108897609009	1.97802782806024	0.0863462350858776	1.80868517896757	2.14737047715292
2.00151824944497	0.103624021431339	1.79841516743954	2.20462133145039	2.00013262338405	0.135679327872773	1.73420114075342	2.26606410601469	2.00013262338405	0.103624021431339	1.79994525505804	2.20198863276975	2.00007851830126	0.096773146655471	1.81026070568624	2.18989633091627
2.03679958233062	0.090404940568964	1.85960589881545	2.21399326584579	2.08182278827842	0.116286193740353	1.85390184854733	2.30974372800951	2.08182278827842	0.090404940568964	1.91461490841456	2.28075732990289	2.08339223752443	0.0870242813077204	1.91271312448103	2.25407135056783
1.92158598734789	0.0840261814625361	1.75689467168132	2.08627730301446	1.94096933057501	0.111814428513505	1.72181305068854	2.16012561046148	1.94096933057501	0.0840261814625361	1.77417683363894	2.11440020617477	1.93875431657402	0.0781411280671757	1.78551245956916	2.09199617357888
1.95295365103944	0.0973309138158409	1.76218505996039	2.14372224211848	2.00515897045163	0.125679661951521	1.75882683302665	2.25149110787661	2.00515897045163	0.0973309138158409	1.81083087058873	2.20203688586328	2.00448630869278	0.0927762551476963	1.82252295920749	2.18644965817807
2.10969534370371	0.0948139067531714	1.92386008646749	2.29553060093993	2.11303930360406	0.12619759797521	1.86569201157265	2.36038659563548	2.11303930360406	0.0948139067531714	1.93645334543271	2.29987699527688	2.11447184248423	0.0906727712437406	1.93663039830777	2.29231328666069
2.02557633849638	0.0970732364056375	1.83531279514134	2.21583988185143	2.05088578329452	0.126019355633287	1.80388784625327	2.29788372033576	2.05088578329452	0.0970732364056375	1.87112602024858	2.27751196791461	2.05119863034138	0.0923964742464933	1.8699801080792	2.23241715260356
1.85925895673979	0.0873866367959981	1.68798114861963	2.03053676485994	1.91848934674046	0.111779166088614	1.69940218120678	2.13757651227414	1.91848934674046	0.0873866367959981	1.75103489139107	2.0862118028065	1.91870528772854	0.0832537562256082	1.75543106539214	2.08197951006493
1.93562610080738	0.0792572548168016	1.78028188136645	2.09097032024831	1.94814346332365	0.103202151523666	1.74586724633726	2.15041968031003	1.94814346332365	0.0792572548168016	1.79620010900301	2.10515243930611	1.94981549686578	0.0735879542916684	1.80550805679812	2.09412293693344
2.05105088685313	0.0924003641555831	1.86994617310818	2.23215560059807	1.99372809122	0.113683608465691	1.77090821862724	2.21654796381275	1.99372809122	0.0924003641555831	1.81895285974408	2.17533295061657	1.99457067410084	0.0892028602300085	1.81961319687543	2.16952815132624
2.02439386908901	0.104929480237181	1.81873208782413	2.23005565035388	2.06374649640416	0.137607557968465	1.79403568278597	2.33345731002236	2.06374649640416	0.104929480237181	1.88359627701556	2.30359642947307	2.0638741613448	0.100442402791333	1.86685639213151	2.26089193055808
2.06761834063746	0.111208993168522	1.84964871402716	2.28558796724777	1.89976121163124	0.141869081562282	1.62169781176916	2.17782461149331	1.89976121163124	0.111208993168522	1.7013423911787	2.14133884755308	1.9007369082354	0.106125314122135	1.69257038740974	2.10890342906106
2.0210866493317	0.0833473443013801	1.85772585450099	2.1844474441624	2.03403952525296	0.112063539738997	1.81439498736453	2.25368406314139	2.03403952525296	0.0833473443013801	1.87405781419747	2.2004638213693	2.03319456896597	0.07631730133194	1.88353330260889	2.18285583532304
1.95206397703922	0.0759650656066749	1.80317244845014	2.1009555056283	1.89267270177181	0.100855670450035	1.69499558768974	2.09034981585388	1.89267270177181	0.0759650656066749	1.75004679090646	2.03629890077129	1.89290089515492	0.0691225749198066	1.75735855909989	2.02844323120994
2.1227638115352	0.0914963315489926	1.94343100169918	2.30209662137123	2.06243610185162	0.117675019849547	1.83179306294651	2.29307914075673	2.06243610185162	0.0914963315489926	1.89048222441827	2.23732481239192	2.06035362451313	0.0874753425018923	1.88879186292626	2.2319153861
1.99868867103522	0.100156116404429	1.80238268288253	2.1949946591879	2.05356149100315	0.129712079612705	1.79932581496225	2.30779716704405	2.05356149100315	0.100156116404429	1.87219828400108	2.26265101386254	2.05505130525563	0.0958313660067626	1.86708566698404	2.24301694352722
1.999391313127	0.0860953661636518	1.83064439544625	2.16813823080776	1.9868285634515	0.111522604527476	1.76824425857765	2.20541286832535	1.9868285634515	0.0860953661636518	1.82135951472183	2.16356305451067	1.98744874807459	0.0812058812870646	1.82818869414195	2.14670880200723
2.14052191365002	0.108935375233807	1.92700857819176	2.35403524910828	2.11851033687111	0.14206408808141	1.84006472423155	2.39695594951067	2.11851033687111	0.108935375233807	1.9106612782293	2.32083246342383	2.11699507994555	0.102018999785451	1.91688551897896	2.31710464091213
2.09248323459275	0.10186926200582	1.89281948106134	2.29214698812416	2.03168346206918	0.127129412591129	1.78250981339056	2.28085711074779	2.03168346206918	0.10186926200582	1.84221247488371	2.25442951736978	2.03169803251946	0.0983596398227761	1.83877690540308	2.22461915963583
2.05607970418773	0.104072972785195	1.85209667752875	2.26006273084672	2.05192832066753	0.131285527202462	1.7946086873507	2.30924795398435	2.05192832066753	0.104072972785195	1.86048623869646	2.26875470483904	2.0493369218678	0.0995301571097203	1.85412123807112	2.24455260566449
1.89684961267957	0.0788458680828898	1.7423117112371	2.05138751412203	1.85167618106489	0.108294225172699	1.6394194997264	2.06393286240338	1.85167618106489	0.0788458680828898	1.70021448556463	2.00958544344696	1.84943678454256	0.0731138843759194	1.7060672233302	1.99280634575492
2.02604276535623	0.117092553352899	1.79654136078455	2.25554416992792	2.05754186125123	0.153276730983364	1.75711946852383	2.35796425397862	2.05754186125123	0.117092553352899	1.84843119155885	2.29099332328819	2.05806000109257	0.111301828864536	1.83972705774413	2.276392944441
1.90701733918467	0.106348196309028	1.69857487441898	2.11545980395037	1.98570188588428	0.137753846228806	1.71570434727582	2.25569942449274	1.98570188588428	0.106348196309028	1.79644805004144	2.19676137746133	1.98761336834462	0.100427151696456	1.79063134852598	2.18459538816327
1.89503421049204	0.0854139455029775	1.7276228773062	2.06244554367788	1.97886930854178	0.10920008895482	1.76483713419033	2.19290148289322	1.97886930854178	0.0854139455029775	1.81072709961374	2.15809067432864	1.98072412604037	0.0821655713426176	1.81958556257603	2.1418626895047
1.93672476194181	0.0961207208283812	1.74832814911819	2.12512137476544	1.92854540202697	0.118759242352709	1.69577728701566	2.16131351703828	1.92854540202697	0.0961207208283812	1.74931682859862	2.1420298609913	1.92854437230675	0.095474148783918	1.74128445302738	2.11580429158612
1.97760869334236	0.0714204342545151	1.83762464220351	2.11759274448121	1.95098941597331	0.094706627990734	1.76536442511147	2.13661440683514	1.95098941597331	0.0714204342545151	1.81206726640229	2.08778096152813	1.9520949191303	0.0667996426525566	1.82111684245652	2.08307299580409
1.9544859471354	0.111120653189489	1.736689466884	2.17228242738679	1.95042229768539	0.143871543767584	1.66843407190092	2.23241052346985	1.95042229768539	0.111120653189489	1.75587494008657	2.18929584432351	1.95035745401171	0.108164359913739	1.73818730650165	2.16252760152178
2.00257165604298	0.0960609795413214	1.81429213614199	2.19085117594397	2.00519591103132	0.12354437371637	1.76304893854724	2.24734288351541	2.00519591103132	0.0960609795413214	1.83604352247898	2.21877187212088	2.00813422079846	0.0890325813677855	1.83352192025458	2.18274652134234
1.89088586336453	0.0842085345343884	1.72583713567713	2.05593459105193	1.91789184665098	0.112295502181751	1.69779266237475	2.13799103092721	1.91789184665098	0.0842085345343884	1.7663996197623	2.08799281297801	1.91802587847514	0.0779536245925711	1.7651564327733	2.07089532417697
1.99009413492123	0.0869020620127671	1.81976609337621	2.16042217646625	2.02286313257397	0.110111556003047	1.807044482808	2.23868178233994	2.02286313257397	0.0869020620127671	1.85630989586384	2.1951972717882	2.02246921277106	0.0830697942654918	1.8595557805609	2.18538264498121
2.02912350580385	0.0949416577221559	1.84303785666843	2.21520915493928	1.99760715232397	0.124666359398312	1.75326108790328	2.24195321674466	1.99760715232397	0.0949416577221559	1.82977143454741	2.18592528017756	1.99755804338768	0.0902638608708284	1.82052232038136	2.174593766394
2.07493571148014	0.105254356420802	1.86863717289537	2.28123425006491	1.98329704560561	0.13934167851525	1.71018735571572	2.2564067354955	1.98329704560561	0.105254356420802	1.7963058506614	2.1961960953237	1.98541390016871	0.103705753036175	1.78199326728675	2.18883453305068
1.97129151953257	0.0868769270366814	1.80101274254068	2.14157029652447	1.99045685492995	0.114730541107624	1.76558499435901	2.21532871550089	1.99045685492995	0.0868769270366814	1.82388633808814	2.17036773964573	1.99189988193384	0.0804557470881316	1.83411934982244	2.14968041404523
1.99710138664946	0.083401774135381	1.83363390934411	2.16056886395481	1.98118309917897	0.107166992321357	1.77113579422911	2.19123040412883	1.98118309917897	0.083401774135381	1.826609350904	2.14804568807244	1.98272717579211	0.0790333559723685	1.82774225881385	2.13771209277038
2.08617778428274	0.090527858829186	1.90874318097754	2.26361238758794	2.03316799121267	0.118553671666882	1.80080279474558	2.26553318767976	2.03316799121267	0.090527858829186	1.84937232365115	2.2034632299618	2.0338667270826	0.084446616658635	1.86824824926775	2.19948520489745
2.03609503752388	0.0990788418153429	1.84190050756581	2.23028956748195	2.00736261203619	0.127223814921684	1.75800393478969	2.25672128928269	2.00736261203619	0.0990788418153429	1.83707812798529	2.22216218073167	2.00826404016142	0.0929624275381735	1.82592594649758	2.19060213382527
2.01880452449832	0.0909422720462114	1.84055767128775	2.1970513777089	1.95390558139494	0.116624685153964	1.72532119849318	2.18248996429671	1.95390558139494	0.0909422720462114	1.78899976577645	2.15100440059006	1.9543091753052	0.0847690414924351	1.7880598044755	2.12055854613489
2.0701862477198	0.101657717260218	1.87093712188978	2.26943537354983	2.08594077536188	0.131172856899886	1.82884197583811	2.34303957488566	2.08594077536188	0.101657717260218	1.90966908525526	2.29478531198187	2.087507020408	0.099346794672102	1.89264411966723	2.28236992114876
1.94195974135013	0.105200015770161	1.73576771044062	2.14815177225965	1.9464408424922	0.133170671605148	1.68542632614611	2.20745535883829	1.9464408424922	0.105200015770161	1.74640894264842	2.1847949127937	1.94507858468261	0.100409396219471	1.74813372448273	2.14202344488249
1.94399682721503	0.0811566867131907	1.78492972125717	2.10306393317288	1.96351193271727	0.105105256330203	1.75750563031007	2.16951823512447	1.96351193271727	0.0811566867131907	1.81694870060256	2.12706281718049	1.96562128875827	0.077661118094211	1.81331861793697	2.11792395957956
1.94215373996417	0.0894993727729885	1.76673496932912	2.11757251059923	1.96971823664312	0.118556691746225	1.73734712082051	2.20208935246572	1.96971823664312	0.0894993727729885	1.79999099123885	2.14638496720878	1.96972373169915	0.0829378138815254	1.80707145320446	2.13237601019383
2.0324922952864	0.0949810682617094	1.84632940149345	2.21865518907935	1.97204694507421	0.124873211719563	1.72729545010386	2.21679844004455	1.97204694507421	0.0949810682617094	1.79987217331138	2.15451345821176	1.97166185659375	0.0896966796647857	1.795746108338	2.14757760484951
1.92470023783534	0.0822213116808345	1.76354646694091	2.08585400872978	1.95059960371041	0.108196359406818	1.73853473927305	2.16266446814778	1.95059960371041	0.0822213116808345	1.80014690209157	2.11852005399382	1.95327435442777	0.0765909370699601	1.80307599902961	2.10347270982592
2.16509033836159	0.103344410244384	1.96253529428259	2.36764538244058	2.19496418956387	0.13502430809025	1.93031654570698	2.45961183342076	2.19496418956387	0.103344410244384	2.00978940480051	2.42867008899046	2.19554555425644	0.0982445597215727	2.0028477350217	2.38824337349118
2.04282760282802	0.0987690850963573	1.84924019603916	2.23641500961688	2.11052770770937	0.123678667771377	1.86811751887747	2.35293789654127	2.11052770770937	0.0987690850963573	1.93975421189241	2.32560073338173	2.11296352917506	0.0948069787252274	1.92700319618986	2.29892386216026
1.99590741257366	0.10970080768102	1.78089382951886	2.21092099562846	2.02833818273075	0.145690778656071	1.74278425656485	2.31389210889665	2.02833818273075	0.10970080768102	1.8281431174747	2.26422763757407	2.02739090894982	0.103359770964238	1.82465285715993	2.23012896073971
1.88611918518612	0.0911183879570004	1.7075271447904	2.06471122558184	1.92557764425623	0.116582275497956	1.69707638428023	2.15407890423222	1.92557764425623	0.0911183879570004	1.74914115423067	2.10850849483521	1.92673366042954	0.0875192209319011	1.75508720276509	2.098380118094
2.01784631288024	0.095396842099636	1.83086850236495	2.20482412339552	2.00736748169099	0.124046260132339	1.76423681183161	2.25049815155038	2.00736748169099	0.095396842099636	1.83549039678224	2.2132776617584	2.00888729250808	0.0920122280439379	1.82841710672674	2.18935747828942
2.11792147357545	0.112073855872195	1.89825671606595	2.33758623108495	2.01760976891433	0.147028273379348	1.7294343530908	2.30578518473785	2.01760976891433	0.112073855872195	1.81124875852975	2.23527722151206	2.01579810601298	0.107964112558526	1.80401632964017	2.22757988238579
1.94378982704547	0.0850894953755393	1.77701441610941	2.11056523798152	1.94191491106198	0.109312016715093	1.72766335830039	2.15616646382356	1.94191491106198	0.0850894953755393	1.78583051224523	2.11656254208212	1.94080682791204	0.0806017062272362	1.78274378672956	2.09886986909453
2.0849289898618	0.10108933235074	1.88679389845435	2.28306408126925	2.07296335144485	0.126569675130357	1.82488678818935	2.32103991470035	2.07296335144485	0.10108933235074	1.901047981156	2.29563813651925	2.07535863050912	0.0976161076356152	1.88389156516148	2.26682569585675
1.99344337567474	0.103164842533745	1.7912402843086	2.19564646704088	2.01514225608327	0.13725139023118	1.74612953123015	2.28415498093638	2.01514225608327	0.103164842533745	1.82108685845915	2.21833717877489	2.01293137903418	0.0977048274147822	1.82129167269338	2.20457108537498
1.9620768462348	0.0929843497889562	1.77982752064844	2.14432617182115	1.9918998200626	0.120325270638906	1.75606228961035	2.22773735051486	1.9918998200626	0.0929843497889562	1.81324382377415	2.1800107330999	1.99137691747474	0.0878465857683028	1.81908751721025	2.16366631773923
1.99602754788387	0.0864811109881457	1.8265245703471	2.16553052542064	2.02415946975105	0.112994678429934	1.80268990002837	2.24562903947372	2.02415946975105	0.0864811109881457	1.86116940760711	2.20832082806955	2.02442217927579	0.0792679494426814	1.86897029564174	2.17987406290984
2.18388006982714	0.122958520406384	1.94288136983063	2.42487876982365	2.08193524054368	0.156488874457078	1.77521704660781	2.38865343447955	2.08193524054368	0.122958520406384	1.82878178237861	2.29449991765274	2.08235600291313	0.11887527754181	1.84915886968311	2.31555313614315
1.95684696208553	0.0866560356686045	1.78700113217507	2.126692791996	1.927475051089	0.114963034003426	1.70214750444228	2.15280259773572	1.927475051089	0.0866560356686045	1.76567181431725	2.10315771816781	1.92541856075611	0.079388389342134	1.76973173614322	2.081105385369
2.0719005128228	0.0891191995022146	1.89722688179846	2.24657414384714	2.13181519820533	0.115739426465803	1.90496592233235	2.3586644740783	2.13181519820533	0.0891191995022146	1.96448510782029	2.32407450236996	2.13064606173271	0.0845373395128569	1.96485163804944	2.29644048541599
1.99851837859896	0.09966917000982	1.80316680537971	2.19386995181821	1.99002129712397	0.129255108573944	1.73668128431904	2.2433613099289	1.99002129712397	0.09966917000982	1.8120447419297	2.21150524069393	1.99119168888053	0.0952570269548754	1.80435675966603	2.17802661809503
2.08179194798999	0.106568416738142	1.87291785118323	2.29066604479675	1.97308102320058	0.138716692517721	1.70119630586584	2.24496574053531	1.97308102320058	0.106568416738142	1.77253118773858	2.18827999290297	1.97156051326165	0.102264167042602	1.77096960210123	2.17215142442206
1.91792127200995	0.099690501132368	1.72252788979051	2.11331465422939	1.951059274542	0.128029359022648	1.70012173085761	2.20199681822639	1.951059274542	0.099690501132368	1.76406348791653	2.14861587598586	1.95023748984929	0.0940043541006113	1.76585738038487	2.13461759931371
2.05282548981143	0.0939409176369368	1.86870129124304	2.23694968837983	2.03414617808547	0.12349502335352	1.79209593231257	2.27619642385837	2.03414617808547	0.0939409176369368	1.86660249235416	2.24114367903172	2.03638836169132	0.088137122685866	1.8635267958869	2.20924992749574
2.19262051228686	0.110665833127442	1.97571547935707	2.40952554521665	2.11773207707688	0.141361121698938	1.84066427854696	2.3947998756068	2.11773207707688	0.110665833127442	1.92295641355492	2.35717374992959	2.12025317781409	0.107297658218482	1.90978319234567	2.33072316328252
2.1654499572586	0.108839232872736	1.95212506082804	2.37877485368917	2.03179289141966	0.139834726929595	1.75771682663765	2.30586895620167	2.03179289141966	0.108839232872736	1.82814747413445	2.24452401456337	2.03181388846568	0.10013178270869	1.83541265262658	2.22821512430477
1.96054017804614	0.0805948107446042	1.80257434898671	2.11850600710556	1.93592799075105	0.10365969799914	1.73275498267274	2.13910099882937	1.93592799075105	0.0805948107446042	1.77550520398766	2.089627784206	1.93472762522292	0.0733449987125708	1.79090083033074	2.07855442011511
2.03816463213825	0.10925973818138	1.82401554530275	2.25231371897376	2.06331116924401	0.140518286907322	1.78789532690566	2.33872701158236	2.06331116924401	0.10925973818138	1.87226153378268	2.28371702737533	2.06471763218037	0.103818315033325	1.86107043688399	2.26836482747676
2.13056310488924	0.0967041426715516	1.94102298525299	2.32010322452548	2.03778717502994	0.124562809372674	1.7936440686595	2.28193028140038	2.03778717502994	0.0967041426715516	1.86004022682332	2.23830852966755	2.03777734938916	0.0932403266262008	1.85490021390332	2.220654484875
2.16834730051147	0.108271623830179	1.95613491780432	2.38055968321862	2.11700457613631	0.139605206004922	1.84337837236666	2.39063077990596	2.11700457613631	0.108271623830179	1.92266902341909	2.31535454472158	2.11630576183312	0.102335396273267	1.91557376785787	2.31703775580837
1.99497804411435	0.086810378625373	1.82482970200862	2.16512638622008	2.00083187385581	0.114387390367565	1.77663258873538	2.22503115897624	2.00083187385581	0.086810378625373	1.84702799051842	2.18008990785227	2.00175482411028	0.0829503923905357	1.83907675216638	2.16443289605418
