X1	X2	X3	X4	X1.1	X2.1	X3.1	X4.1	X1.2	X2.2	X3.2	X4.2	X1.3	X2.3	X3.3	X4.3
NA	NA	NA	NA	NA	NA	NA	NA	NA	NA	NA	NA	NA	NA	NA	NA
NA	NA	NA	NA	NA	NA	NA	NA	NA	NA	NA	NA	NA	NA	NA	NA
NA	NA	NA	NA	NA	NA	NA	NA	NA	NA	NA	NA	NA	NA	NA	NA
NA	NA	NA	NA	NA	NA	NA	NA	NA	NA	NA	NA	NA	NA	NA	NA
NA	NA	NA	NA	NA	NA	NA	NA	NA	NA	NA	NA	NA	NA	NA	NA
NA	NA	NA	NA	NA	NA	NA	NA	NA	NA	NA	NA	NA	NA	NA	NA
NA	NA	NA	NA	NA	NA	NA	NA	NA	NA	NA	NA	NA	NA	NA	NA
NA	NA	NA	NA	NA	NA	NA	NA	NA	NA	NA	NA	NA	NA	NA	NA
NA	NA	NA	NA	NA	NA	NA	NA	NA	NA	NA	NA	NA	NA	NA	NA
NA	NA	NA	NA	NA	NA	NA	NA	NA	NA	NA	NA	NA	NA	NA	NA
NA	NA	NA	NA	NA	NA	NA	NA	NA	NA	NA	NA	NA	NA	NA	NA
NA	NA	NA	NA	NA	NA	NA	NA	NA	NA	NA	NA	NA	NA	NA	NA
NA	NA	NA	NA	NA	NA	NA	NA	NA	NA	NA	NA	NA	NA	NA	NA
NA	NA	NA	NA	NA	NA	NA	NA	NA	NA	NA	NA	NA	NA	NA	NA
NA	NA	NA	NA	NA	NA	NA	NA	NA	NA	NA	NA	NA	NA	NA	NA
NA	NA	NA	NA	NA	NA	NA	NA	NA	NA	NA	NA	NA	NA	NA	NA
NA	NA	NA	NA	NA	NA	NA	NA	NA	NA	NA	NA	NA	NA	NA	NA
NA	NA	NA	NA	NA	NA	NA	NA	NA	NA	NA	NA	NA	NA	NA	NA
NA	NA	NA	NA	NA	NA	NA	NA	NA	NA	NA	NA	NA	NA	NA	NA
NA	NA	NA	NA	NA	NA	NA	NA	NA	NA	NA	NA	NA	NA	NA	NA
NA	NA	NA	NA	NA	NA	NA	NA	NA	NA	NA	NA	NA	NA	NA	NA
NA	NA	NA	NA	NA	NA	NA	NA	NA	NA	NA	NA	NA	NA	NA	NA
NA	NA	NA	NA	NA	NA	NA	NA	NA	NA	NA	NA	NA	NA	NA	NA
NA	NA	NA	NA	NA	NA	NA	NA	NA	NA	NA	NA	NA	NA	NA	NA
NA	NA	NA	NA	NA	NA	NA	NA	NA	NA	NA	NA	NA	NA	NA	NA
NA	NA	NA	NA	NA	NA	NA	NA	NA	NA	NA	NA	NA	NA	NA	NA
NA	NA	NA	NA	NA	NA	NA	NA	NA	NA	NA	NA	NA	NA	NA	NA
NA	NA	NA	NA	NA	NA	NA	NA	NA	NA	NA	NA	NA	NA	NA	NA
NA	NA	NA	NA	NA	NA	NA	NA	NA	NA	NA	NA	NA	NA	NA	NA
NA	NA	NA	NA	NA	NA	NA	NA	NA	NA	NA	NA	NA	NA	NA	NA
NA	NA	NA	NA	NA	NA	NA	NA	NA	NA	NA	NA	NA	NA	NA	NA
NA	NA	NA	NA	NA	NA	NA	NA	NA	NA	NA	NA	NA	NA	NA	NA
NA	NA	NA	NA	NA	NA	NA	NA	NA	NA	NA	NA	NA	NA	NA	NA
NA	NA	NA	NA	NA	NA	NA	NA	NA	NA	NA	NA	NA	NA	NA	NA
NA	NA	NA	NA	NA	NA	NA	NA	NA	NA	NA	NA	NA	NA	NA	NA
NA	NA	NA	NA	NA	NA	NA	NA	NA	NA	NA	NA	NA	NA	NA	NA
NA	NA	NA	NA	NA	NA	NA	NA	NA	NA	NA	NA	NA	NA	NA	NA
NA	NA	NA	NA	NA	NA	NA	NA	NA	NA	NA	NA	NA	NA	NA	NA
NA	NA	NA	NA	NA	NA	NA	NA	NA	NA	NA	NA	NA	NA	NA	NA
NA	NA	NA	NA	NA	NA	NA	NA	NA	NA	NA	NA	NA	NA	NA	NA
NA	NA	NA	NA	NA	NA	NA	NA	NA	NA	NA	NA	NA	NA	NA	NA
NA	NA	NA	NA	NA	NA	NA	NA	NA	NA	NA	NA	NA	NA	NA	NA
NA	NA	NA	NA	NA	NA	NA	NA	NA	NA	NA	NA	NA	NA	NA	NA
NA	NA	NA	NA	NA	NA	NA	NA	NA	NA	NA	NA	NA	NA	NA	NA
NA	NA	NA	NA	NA	NA	NA	NA	NA	NA	NA	NA	NA	NA	NA	NA
NA	NA	NA	NA	NA	NA	NA	NA	NA	NA	NA	NA	NA	NA	NA	NA
NA	NA	NA	NA	NA	NA	NA	NA	NA	NA	NA	NA	NA	NA	NA	NA
NA	NA	NA	NA	NA	NA	NA	NA	NA	NA	NA	NA	NA	NA	NA	NA
NA	NA	NA	NA	NA	NA	NA	NA	NA	NA	NA	NA	NA	NA	NA	NA
NA	NA	NA	NA	NA	NA	NA	NA	NA	NA	NA	NA	NA	NA	NA	NA
NA	NA	NA	NA	NA	NA	NA	NA	NA	NA	NA	NA	NA	NA	NA	NA
NA	NA	NA	NA	NA	NA	NA	NA	NA	NA	NA	NA	NA	NA	NA	NA
NA	NA	NA	NA	NA	NA	NA	NA	NA	NA	NA	NA	NA	NA	NA	NA
NA	NA	NA	NA	NA	NA	NA	NA	NA	NA	NA	NA	NA	NA	NA	NA
NA	NA	NA	NA	NA	NA	NA	NA	NA	NA	NA	NA	NA	NA	NA	NA
NA	NA	NA	NA	NA	NA	NA	NA	NA	NA	NA	NA	NA	NA	NA	NA
NA	NA	NA	NA	NA	NA	NA	NA	NA	NA	NA	NA	NA	NA	NA	NA
NA	NA	NA	NA	NA	NA	NA	NA	NA	NA	NA	NA	NA	NA	NA	NA
NA	NA	NA	NA	NA	NA	NA	NA	NA	NA	NA	NA	NA	NA	NA	NA
NA	NA	NA	NA	NA	NA	NA	NA	NA	NA	NA	NA	NA	NA	NA	NA
NA	NA	NA	NA	NA	NA	NA	NA	NA	NA	NA	NA	NA	NA	NA	NA
NA	NA	NA	NA	NA	NA	NA	NA	NA	NA	NA	NA	NA	NA	NA	NA
NA	NA	NA	NA	NA	NA	NA	NA	NA	NA	NA	NA	NA	NA	NA	NA
NA	NA	NA	NA	NA	NA	NA	NA	NA	NA	NA	NA	NA	NA	NA	NA
NA	NA	NA	NA	NA	NA	NA	NA	NA	NA	NA	NA	NA	NA	NA	NA
NA	NA	NA	NA	NA	NA	NA	NA	NA	NA	NA	NA	NA	NA	NA	NA
NA	NA	NA	NA	NA	NA	NA	NA	NA	NA	NA	NA	NA	NA	NA	NA
NA	NA	NA	NA	NA	NA	NA	NA	NA	NA	NA	NA	NA	NA	NA	NA
NA	NA	NA	NA	NA	NA	NA	NA	NA	NA	NA	NA	NA	NA	NA	NA
NA	NA	NA	NA	NA	NA	NA	NA	NA	NA	NA	NA	NA	NA	NA	NA
NA	NA	NA	NA	NA	NA	NA	NA	NA	NA	NA	NA	NA	NA	NA	NA
NA	NA	NA	NA	NA	NA	NA	NA	NA	NA	NA	NA	NA	NA	NA	NA
NA	NA	NA	NA	NA	NA	NA	NA	NA	NA	NA	NA	NA	NA	NA	NA
NA	NA	NA	NA	NA	NA	NA	NA	NA	NA	NA	NA	NA	NA	NA	NA
NA	NA	NA	NA	NA	NA	NA	NA	NA	NA	NA	NA	NA	NA	NA	NA
NA	NA	NA	NA	NA	NA	NA	NA	NA	NA	NA	NA	NA	NA	NA	NA
NA	NA	NA	NA	NA	NA	NA	NA	NA	NA	NA	NA	NA	NA	NA	NA
NA	NA	NA	NA	NA	NA	NA	NA	NA	NA	NA	NA	NA	NA	NA	NA
NA	NA	NA	NA	NA	NA	NA	NA	NA	NA	NA	NA	NA	NA	NA	NA
NA	NA	NA	NA	NA	NA	NA	NA	NA	NA	NA	NA	NA	NA	NA	NA
NA	NA	NA	NA	NA	NA	NA	NA	NA	NA	NA	NA	NA	NA	NA	NA
NA	NA	NA	NA	NA	NA	NA	NA	NA	NA	NA	NA	NA	NA	NA	NA
NA	NA	NA	NA	NA	NA	NA	NA	NA	NA	NA	NA	NA	NA	NA	NA
NA	NA	NA	NA	NA	NA	NA	NA	NA	NA	NA	NA	NA	NA	NA	NA
NA	NA	NA	NA	NA	NA	NA	NA	NA	NA	NA	NA	NA	NA	NA	NA
NA	NA	NA	NA	NA	NA	NA	NA	NA	NA	NA	NA	NA	NA	NA	NA
NA	NA	NA	NA	NA	NA	NA	NA	NA	NA	NA	NA	NA	NA	NA	NA
NA	NA	NA	NA	NA	NA	NA	NA	NA	NA	NA	NA	NA	NA	NA	NA
NA	NA	NA	NA	NA	NA	NA	NA	NA	NA	NA	NA	NA	NA	NA	NA
NA	NA	NA	NA	NA	NA	NA	NA	NA	NA	NA	NA	NA	NA	NA	NA
NA	NA	NA	NA	NA	NA	NA	NA	NA	NA	NA	NA	NA	NA	NA	NA
NA	NA	NA	NA	NA	NA	NA	NA	NA	NA	NA	NA	NA	NA	NA	NA
NA	NA	NA	NA	NA	NA	NA	NA	NA	NA	NA	NA	NA	NA	NA	NA
NA	NA	NA	NA	NA	NA	NA	NA	NA	NA	NA	NA	NA	NA	NA	NA
NA	NA	NA	NA	NA	NA	NA	NA	NA	NA	NA	NA	NA	NA	NA	NA
NA	NA	NA	NA	NA	NA	NA	NA	NA	NA	NA	NA	NA	NA	NA	NA
NA	NA	NA	NA	NA	NA	NA	NA	NA	NA	NA	NA	NA	NA	NA	NA
NA	NA	NA	NA	NA	NA	NA	NA	NA	NA	NA	NA	NA	NA	NA	NA
NA	NA	NA	NA	NA	NA	NA	NA	NA	NA	NA	NA	NA	NA	NA	NA
NA	NA	NA	NA	NA	NA	NA	NA	NA	NA	NA	NA	NA	NA	NA	NA
NA	NA	NA	NA	NA	NA	NA	NA	NA	NA	NA	NA	NA	NA	NA	NA
NA	NA	NA	NA	NA	NA	NA	NA	NA	NA	NA	NA	NA	NA	NA	NA
NA	NA	NA	NA	NA	NA	NA	NA	NA	NA	NA	NA	NA	NA	NA	NA
NA	NA	NA	NA	NA	NA	NA	NA	NA	NA	NA	NA	NA	NA	NA	NA
NA	NA	NA	NA	NA	NA	NA	NA	NA	NA	NA	NA	NA	NA	NA	NA
NA	NA	NA	NA	NA	NA	NA	NA	NA	NA	NA	NA	NA	NA	NA	NA
NA	NA	NA	NA	NA	NA	NA	NA	NA	NA	NA	NA	NA	NA	NA	NA
NA	NA	NA	NA	NA	NA	NA	NA	NA	NA	NA	NA	NA	NA	NA	NA
NA	NA	NA	NA	NA	NA	NA	NA	NA	NA	NA	NA	NA	NA	NA	NA
NA	NA	NA	NA	NA	NA	NA	NA	NA	NA	NA	NA	NA	NA	NA	NA
NA	NA	NA	NA	NA	NA	NA	NA	NA	NA	NA	NA	NA	NA	NA	NA
NA	NA	NA	NA	NA	NA	NA	NA	NA	NA	NA	NA	NA	NA	NA	NA
NA	NA	NA	NA	NA	NA	NA	NA	NA	NA	NA	NA	NA	NA	NA	NA
NA	NA	NA	NA	NA	NA	NA	NA	NA	NA	NA	NA	NA	NA	NA	NA
NA	NA	NA	NA	NA	NA	NA	NA	NA	NA	NA	NA	NA	NA	NA	NA
NA	NA	NA	NA	NA	NA	NA	NA	NA	NA	NA	NA	NA	NA	NA	NA
NA	NA	NA	NA	NA	NA	NA	NA	NA	NA	NA	NA	NA	NA	NA	NA
NA	NA	NA	NA	NA	NA	NA	NA	NA	NA	NA	NA	NA	NA	NA	NA
NA	NA	NA	NA	NA	NA	NA	NA	NA	NA	NA	NA	NA	NA	NA	NA
NA	NA	NA	NA	NA	NA	NA	NA	NA	NA	NA	NA	NA	NA	NA	NA
NA	NA	NA	NA	NA	NA	NA	NA	NA	NA	NA	NA	NA	NA	NA	NA
NA	NA	NA	NA	NA	NA	NA	NA	NA	NA	NA	NA	NA	NA	NA	NA
NA	NA	NA	NA	NA	NA	NA	NA	NA	NA	NA	NA	NA	NA	NA	NA
NA	NA	NA	NA	NA	NA	NA	NA	NA	NA	NA	NA	NA	NA	NA	NA
NA	NA	NA	NA	NA	NA	NA	NA	NA	NA	NA	NA	NA	NA	NA	NA
NA	NA	NA	NA	NA	NA	NA	NA	NA	NA	NA	NA	NA	NA	NA	NA
NA	NA	NA	NA	NA	NA	NA	NA	NA	NA	NA	NA	NA	NA	NA	NA
NA	NA	NA	NA	NA	NA	NA	NA	NA	NA	NA	NA	NA	NA	NA	NA
NA	NA	NA	NA	NA	NA	NA	NA	NA	NA	NA	NA	NA	NA	NA	NA
NA	NA	NA	NA	NA	NA	NA	NA	NA	NA	NA	NA	NA	NA	NA	NA
NA	NA	NA	NA	NA	NA	NA	NA	NA	NA	NA	NA	NA	NA	NA	NA
NA	NA	NA	NA	NA	NA	NA	NA	NA	NA	NA	NA	NA	NA	NA	NA
NA	NA	NA	NA	NA	NA	NA	NA	NA	NA	NA	NA	NA	NA	NA	NA
NA	NA	NA	NA	NA	NA	NA	NA	NA	NA	NA	NA	NA	NA	NA	NA
NA	NA	NA	NA	NA	NA	NA	NA	NA	NA	NA	NA	NA	NA	NA	NA
NA	NA	NA	NA	NA	NA	NA	NA	NA	NA	NA	NA	NA	NA	NA	NA
NA	NA	NA	NA	NA	NA	NA	NA	NA	NA	NA	NA	NA	NA	NA	NA
NA	NA	NA	NA	NA	NA	NA	NA	NA	NA	NA	NA	NA	NA	NA	NA
NA	NA	NA	NA	NA	NA	NA	NA	NA	NA	NA	NA	NA	NA	NA	NA
NA	NA	NA	NA	NA	NA	NA	NA	NA	NA	NA	NA	NA	NA	NA	NA
NA	NA	NA	NA	NA	NA	NA	NA	NA	NA	NA	NA	NA	NA	NA	NA
NA	NA	NA	NA	NA	NA	NA	NA	NA	NA	NA	NA	NA	NA	NA	NA
NA	NA	NA	NA	NA	NA	NA	NA	NA	NA	NA	NA	NA	NA	NA	NA
NA	NA	NA	NA	NA	NA	NA	NA	NA	NA	NA	NA	NA	NA	NA	NA
NA	NA	NA	NA	NA	NA	NA	NA	NA	NA	NA	NA	NA	NA	NA	NA
NA	NA	NA	NA	NA	NA	NA	NA	NA	NA	NA	NA	NA	NA	NA	NA
NA	NA	NA	NA	NA	NA	NA	NA	NA	NA	NA	NA	NA	NA	NA	NA
NA	NA	NA	NA	NA	NA	NA	NA	NA	NA	NA	NA	NA	NA	NA	NA
NA	NA	NA	NA	NA	NA	NA	NA	NA	NA	NA	NA	NA	NA	NA	NA
NA	NA	NA	NA	NA	NA	NA	NA	NA	NA	NA	NA	NA	NA	NA	NA
NA	NA	NA	NA	NA	NA	NA	NA	NA	NA	NA	NA	NA	NA	NA	NA
NA	NA	NA	NA	NA	NA	NA	NA	NA	NA	NA	NA	NA	NA	NA	NA
NA	NA	NA	NA	NA	NA	NA	NA	NA	NA	NA	NA	NA	NA	NA	NA
NA	NA	NA	NA	NA	NA	NA	NA	NA	NA	NA	NA	NA	NA	NA	NA
NA	NA	NA	NA	NA	NA	NA	NA	NA	NA	NA	NA	NA	NA	NA	NA
NA	NA	NA	NA	NA	NA	NA	NA	NA	NA	NA	NA	NA	NA	NA	NA
NA	NA	NA	NA	NA	NA	NA	NA	NA	NA	NA	NA	NA	NA	NA	NA
NA	NA	NA	NA	NA	NA	NA	NA	NA	NA	NA	NA	NA	NA	NA	NA
NA	NA	NA	NA	NA	NA	NA	NA	NA	NA	NA	NA	NA	NA	NA	NA
NA	NA	NA	NA	NA	NA	NA	NA	NA	NA	NA	NA	NA	NA	NA	NA
NA	NA	NA	NA	NA	NA	NA	NA	NA	NA	NA	NA	NA	NA	NA	NA
NA	NA	NA	NA	NA	NA	NA	NA	NA	NA	NA	NA	NA	NA	NA	NA
NA	NA	NA	NA	NA	NA	NA	NA	NA	NA	NA	NA	NA	NA	NA	NA
NA	NA	NA	NA	NA	NA	NA	NA	NA	NA	NA	NA	NA	NA	NA	NA
NA	NA	NA	NA	NA	NA	NA	NA	NA	NA	NA	NA	NA	NA	NA	NA
NA	NA	NA	NA	NA	NA	NA	NA	NA	NA	NA	NA	NA	NA	NA	NA
NA	NA	NA	NA	NA	NA	NA	NA	NA	NA	NA	NA	NA	NA	NA	NA
NA	NA	NA	NA	NA	NA	NA	NA	NA	NA	NA	NA	NA	NA	NA	NA
NA	NA	NA	NA	NA	NA	NA	NA	NA	NA	NA	NA	NA	NA	NA	NA
NA	NA	NA	NA	NA	NA	NA	NA	NA	NA	NA	NA	NA	NA	NA	NA
NA	NA	NA	NA	NA	NA	NA	NA	NA	NA	NA	NA	NA	NA	NA	NA
NA	NA	NA	NA	NA	NA	NA	NA	NA	NA	NA	NA	NA	NA	NA	NA
NA	NA	NA	NA	NA	NA	NA	NA	NA	NA	NA	NA	NA	NA	NA	NA
NA	NA	NA	NA	NA	NA	NA	NA	NA	NA	NA	NA	NA	NA	NA	NA
NA	NA	NA	NA	NA	NA	NA	NA	NA	NA	NA	NA	NA	NA	NA	NA
NA	NA	NA	NA	NA	NA	NA	NA	NA	NA	NA	NA	NA	NA	NA	NA
NA	NA	NA	NA	NA	NA	NA	NA	NA	NA	NA	NA	NA	NA	NA	NA
NA	NA	NA	NA	NA	NA	NA	NA	NA	NA	NA	NA	NA	NA	NA	NA
NA	NA	NA	NA	NA	NA	NA	NA	NA	NA	NA	NA	NA	NA	NA	NA
NA	NA	NA	NA	NA	NA	NA	NA	NA	NA	NA	NA	NA	NA	NA	NA
NA	NA	NA	NA	NA	NA	NA	NA	NA	NA	NA	NA	NA	NA	NA	NA
NA	NA	NA	NA	NA	NA	NA	NA	NA	NA	NA	NA	NA	NA	NA	NA
NA	NA	NA	NA	NA	NA	NA	NA	NA	NA	NA	NA	NA	NA	NA	NA
NA	NA	NA	NA	NA	NA	NA	NA	NA	NA	NA	NA	NA	NA	NA	NA
NA	NA	NA	NA	NA	NA	NA	NA	NA	NA	NA	NA	NA	NA	NA	NA
NA	NA	NA	NA	NA	NA	NA	NA	NA	NA	NA	NA	NA	NA	NA	NA
NA	NA	NA	NA	NA	NA	NA	NA	NA	NA	NA	NA	NA	NA	NA	NA
NA	NA	NA	NA	NA	NA	NA	NA	NA	NA	NA	NA	NA	NA	NA	NA
NA	NA	NA	NA	NA	NA	NA	NA	NA	NA	NA	NA	NA	NA	NA	NA
NA	NA	NA	NA	NA	NA	NA	NA	NA	NA	NA	NA	NA	NA	NA	NA
NA	NA	NA	NA	NA	NA	NA	NA	NA	NA	NA	NA	NA	NA	NA	NA
NA	NA	NA	NA	NA	NA	NA	NA	NA	NA	NA	NA	NA	NA	NA	NA
NA	NA	NA	NA	NA	NA	NA	NA	NA	NA	NA	NA	NA	NA	NA	NA
NA	NA	NA	NA	NA	NA	NA	NA	NA	NA	NA	NA	NA	NA	NA	NA
NA	NA	NA	NA	NA	NA	NA	NA	NA	NA	NA	NA	NA	NA	NA	NA
NA	NA	NA	NA	NA	NA	NA	NA	NA	NA	NA	NA	NA	NA	NA	NA
NA	NA	NA	NA	NA	NA	NA	NA	NA	NA	NA	NA	NA	NA	NA	NA
NA	NA	NA	NA	NA	NA	NA	NA	NA	NA	NA	NA	NA	NA	NA	NA
NA	NA	NA	NA	NA	NA	NA	NA	NA	NA	NA	NA	NA	NA	NA	NA
NA	NA	NA	NA	NA	NA	NA	NA	NA	NA	NA	NA	NA	NA	NA	NA
NA	NA	NA	NA	NA	NA	NA	NA	NA	NA	NA	NA	NA	NA	NA	NA
NA	NA	NA	NA	NA	NA	NA	NA	NA	NA	NA	NA	NA	NA	NA	NA
NA	NA	NA	NA	NA	NA	NA	NA	NA	NA	NA	NA	NA	NA	NA	NA
NA	NA	NA	NA	NA	NA	NA	NA	NA	NA	NA	NA	NA	NA	NA	NA
NA	NA	NA	NA	NA	NA	NA	NA	NA	NA	NA	NA	NA	NA	NA	NA
NA	NA	NA	NA	NA	NA	NA	NA	NA	NA	NA	NA	NA	NA	NA	NA
NA	NA	NA	NA	NA	NA	NA	NA	NA	NA	NA	NA	NA	NA	NA	NA
NA	NA	NA	NA	NA	NA	NA	NA	NA	NA	NA	NA	NA	NA	NA	NA
NA	NA	NA	NA	NA	NA	NA	NA	NA	NA	NA	NA	NA	NA	NA	NA
NA	NA	NA	NA	NA	NA	NA	NA	NA	NA	NA	NA	NA	NA	NA	NA
NA	NA	NA	NA	NA	NA	NA	NA	NA	NA	NA	NA	NA	NA	NA	NA
NA	NA	NA	NA	NA	NA	NA	NA	NA	NA	NA	NA	NA	NA	NA	NA
NA	NA	NA	NA	NA	NA	NA	NA	NA	NA	NA	NA	NA	NA	NA	NA
NA	NA	NA	NA	NA	NA	NA	NA	NA	NA	NA	NA	NA	NA	NA	NA
NA	NA	NA	NA	NA	NA	NA	NA	NA	NA	NA	NA	NA	NA	NA	NA
NA	NA	NA	NA	NA	NA	NA	NA	NA	NA	NA	NA	NA	NA	NA	NA
NA	NA	NA	NA	NA	NA	NA	NA	NA	NA	NA	NA	NA	NA	NA	NA
NA	NA	NA	NA	NA	NA	NA	NA	NA	NA	NA	NA	NA	NA	NA	NA
NA	NA	NA	NA	NA	NA	NA	NA	NA	NA	NA	NA	NA	NA	NA	NA
NA	NA	NA	NA	NA	NA	NA	NA	NA	NA	NA	NA	NA	NA	NA	NA
NA	NA	NA	NA	NA	NA	NA	NA	NA	NA	NA	NA	NA	NA	NA	NA
NA	NA	NA	NA	NA	NA	NA	NA	NA	NA	NA	NA	NA	NA	NA	NA
NA	NA	NA	NA	NA	NA	NA	NA	NA	NA	NA	NA	NA	NA	NA	NA
NA	NA	NA	NA	NA	NA	NA	NA	NA	NA	NA	NA	NA	NA	NA	NA
NA	NA	NA	NA	NA	NA	NA	NA	NA	NA	NA	NA	NA	NA	NA	NA
NA	NA	NA	NA	NA	NA	NA	NA	NA	NA	NA	NA	NA	NA	NA	NA
NA	NA	NA	NA	NA	NA	NA	NA	NA	NA	NA	NA	NA	NA	NA	NA
NA	NA	NA	NA	NA	NA	NA	NA	NA	NA	NA	NA	NA	NA	NA	NA
NA	NA	NA	NA	NA	NA	NA	NA	NA	NA	NA	NA	NA	NA	NA	NA
NA	NA	NA	NA	NA	NA	NA	NA	NA	NA	NA	NA	NA	NA	NA	NA
NA	NA	NA	NA	NA	NA	NA	NA	NA	NA	NA	NA	NA	NA	NA	NA
NA	NA	NA	NA	NA	NA	NA	NA	NA	NA	NA	NA	NA	NA	NA	NA
NA	NA	NA	NA	NA	NA	NA	NA	NA	NA	NA	NA	NA	NA	NA	NA
NA	NA	NA	NA	NA	NA	NA	NA	NA	NA	NA	NA	NA	NA	NA	NA
NA	NA	NA	NA	NA	NA	NA	NA	NA	NA	NA	NA	NA	NA	NA	NA
NA	NA	NA	NA	NA	NA	NA	NA	NA	NA	NA	NA	NA	NA	NA	NA
NA	NA	NA	NA	NA	NA	NA	NA	NA	NA	NA	NA	NA	NA	NA	NA
NA	NA	NA	NA	NA	NA	NA	NA	NA	NA	NA	NA	NA	NA	NA	NA
NA	NA	NA	NA	NA	NA	NA	NA	NA	NA	NA	NA	NA	NA	NA	NA
NA	NA	NA	NA	NA	NA	NA	NA	NA	NA	NA	NA	NA	NA	NA	NA
NA	NA	NA	NA	NA	NA	NA	NA	NA	NA	NA	NA	NA	NA	NA	NA
NA	NA	NA	NA	NA	NA	NA	NA	NA	NA	NA	NA	NA	NA	NA	NA
NA	NA	NA	NA	NA	NA	NA	NA	NA	NA	NA	NA	NA	NA	NA	NA
NA	NA	NA	NA	NA	NA	NA	NA	NA	NA	NA	NA	NA	NA	NA	NA
NA	NA	NA	NA	NA	NA	NA	NA	NA	NA	NA	NA	NA	NA	NA	NA
NA	NA	NA	NA	NA	NA	NA	NA	NA	NA	NA	NA	NA	NA	NA	NA
NA	NA	NA	NA	NA	NA	NA	NA	NA	NA	NA	NA	NA	NA	NA	NA
NA	NA	NA	NA	NA	NA	NA	NA	NA	NA	NA	NA	NA	NA	NA	NA
NA	NA	NA	NA	NA	NA	NA	NA	NA	NA	NA	NA	NA	NA	NA	NA
NA	NA	NA	NA	NA	NA	NA	NA	NA	NA	NA	NA	NA	NA	NA	NA
NA	NA	NA	NA	NA	NA	NA	NA	NA	NA	NA	NA	NA	NA	NA	NA
NA	NA	NA	NA	NA	NA	NA	NA	NA	NA	NA	NA	NA	NA	NA	NA
NA	NA	NA	NA	NA	NA	NA	NA	NA	NA	NA	NA	NA	NA	NA	NA
NA	NA	NA	NA	NA	NA	NA	NA	NA	NA	NA	NA	NA	NA	NA	NA
NA	NA	NA	NA	NA	NA	NA	NA	NA	NA	NA	NA	NA	NA	NA	NA
NA	NA	NA	NA	NA	NA	NA	NA	NA	NA	NA	NA	NA	NA	NA	NA
NA	NA	NA	NA	NA	NA	NA	NA	NA	NA	NA	NA	NA	NA	NA	NA
NA	NA	NA	NA	NA	NA	NA	NA	NA	NA	NA	NA	NA	NA	NA	NA
NA	NA	NA	NA	NA	NA	NA	NA	NA	NA	NA	NA	NA	NA	NA	NA
NA	NA	NA	NA	NA	NA	NA	NA	NA	NA	NA	NA	NA	NA	NA	NA
NA	NA	NA	NA	NA	NA	NA	NA	NA	NA	NA	NA	NA	NA	NA	NA
NA	NA	NA	NA	NA	NA	NA	NA	NA	NA	NA	NA	NA	NA	NA	NA
NA	NA	NA	NA	NA	NA	NA	NA	NA	NA	NA	NA	NA	NA	NA	NA
NA	NA	NA	NA	NA	NA	NA	NA	NA	NA	NA	NA	NA	NA	NA	NA
NA	NA	NA	NA	NA	NA	NA	NA	NA	NA	NA	NA	NA	NA	NA	NA
NA	NA	NA	NA	NA	NA	NA	NA	NA	NA	NA	NA	NA	NA	NA	NA
NA	NA	NA	NA	NA	NA	NA	NA	NA	NA	NA	NA	NA	NA	NA	NA
NA	NA	NA	NA	NA	NA	NA	NA	NA	NA	NA	NA	NA	NA	NA	NA
NA	NA	NA	NA	NA	NA	NA	NA	NA	NA	NA	NA	NA	NA	NA	NA
NA	NA	NA	NA	NA	NA	NA	NA	NA	NA	NA	NA	NA	NA	NA	NA
NA	NA	NA	NA	NA	NA	NA	NA	NA	NA	NA	NA	NA	NA	NA	NA
NA	NA	NA	NA	NA	NA	NA	NA	NA	NA	NA	NA	NA	NA	NA	NA
NA	NA	NA	NA	NA	NA	NA	NA	NA	NA	NA	NA	NA	NA	NA	NA
NA	NA	NA	NA	NA	NA	NA	NA	NA	NA	NA	NA	NA	NA	NA	NA
NA	NA	NA	NA	NA	NA	NA	NA	NA	NA	NA	NA	NA	NA	NA	NA
NA	NA	NA	NA	NA	NA	NA	NA	NA	NA	NA	NA	NA	NA	NA	NA
NA	NA	NA	NA	NA	NA	NA	NA	NA	NA	NA	NA	NA	NA	NA	NA
NA	NA	NA	NA	NA	NA	NA	NA	NA	NA	NA	NA	NA	NA	NA	NA
NA	NA	NA	NA	NA	NA	NA	NA	NA	NA	NA	NA	NA	NA	NA	NA
NA	NA	NA	NA	NA	NA	NA	NA	NA	NA	NA	NA	NA	NA	NA	NA
NA	NA	NA	NA	NA	NA	NA	NA	NA	NA	NA	NA	NA	NA	NA	NA
NA	NA	NA	NA	NA	NA	NA	NA	NA	NA	NA	NA	NA	NA	NA	NA
NA	NA	NA	NA	NA	NA	NA	NA	NA	NA	NA	NA	NA	NA	NA	NA
NA	NA	NA	NA	NA	NA	NA	NA	NA	NA	NA	NA	NA	NA	NA	NA
NA	NA	NA	NA	NA	NA	NA	NA	NA	NA	NA	NA	NA	NA	NA	NA
NA	NA	NA	NA	NA	NA	NA	NA	NA	NA	NA	NA	NA	NA	NA	NA
NA	NA	NA	NA	NA	NA	NA	NA	NA	NA	NA	NA	NA	NA	NA	NA
NA	NA	NA	NA	NA	NA	NA	NA	NA	NA	NA	NA	NA	NA	NA	NA
NA	NA	NA	NA	NA	NA	NA	NA	NA	NA	NA	NA	NA	NA	NA	NA
NA	NA	NA	NA	NA	NA	NA	NA	NA	NA	NA	NA	NA	NA	NA	NA
NA	NA	NA	NA	NA	NA	NA	NA	NA	NA	NA	NA	NA	NA	NA	NA
NA	NA	NA	NA	NA	NA	NA	NA	NA	NA	NA	NA	NA	NA	NA	NA
NA	NA	NA	NA	NA	NA	NA	NA	NA	NA	NA	NA	NA	NA	NA	NA
NA	NA	NA	NA	NA	NA	NA	NA	NA	NA	NA	NA	NA	NA	NA	NA
NA	NA	NA	NA	NA	NA	NA	NA	NA	NA	NA	NA	NA	NA	NA	NA
NA	NA	NA	NA	NA	NA	NA	NA	NA	NA	NA	NA	NA	NA	NA	NA
NA	NA	NA	NA	NA	NA	NA	NA	NA	NA	NA	NA	NA	NA	NA	NA
NA	NA	NA	NA	NA	NA	NA	NA	NA	NA	NA	NA	NA	NA	NA	NA
NA	NA	NA	NA	NA	NA	NA	NA	NA	NA	NA	NA	NA	NA	NA	NA
NA	NA	NA	NA	NA	NA	NA	NA	NA	NA	NA	NA	NA	NA	NA	NA
2.11861862508563	0.0724840297145044	1.9765499268452	2.26068732332606	2.13548460363001	0.0988783176280585	1.94168310107901	2.329286106181	2.13548460363001	0.0724840297145044	2.00276414945875	2.27470045157656	2.13535654933303	0.065740525737334	2.00646047506812	2.26425262359795
2.09900207564271	0.0760627771838694	1.94991903236233	2.2480851189231	2.07089438665526	0.0981830789487379	1.87845555191573	2.26333322139478	2.07089438665526	0.0760627771838694	1.92148180984086	2.21828907763786	2.07225763444711	0.0712679083660181	1.93252064982331	2.21199461907091
1.87142758193557	0.0698915504740501	1.73444014300644	2.00841502086471	1.91844805904694	0.0931186535359821	1.73593549811642	2.10096061997747	1.91844805904694	0.0698915504740501	1.78202733053218	2.05503002061347	1.91886856167402	0.062607765261592	1.79612323944887	2.04161388389916
2.01011971506013	0.0762230010684969	1.86072263296587	2.15951679715438	2.01767378069637	0.104508782851729	1.81283656630699	2.22251099508576	2.01767378069637	0.0762230010684969	1.86511702413256	2.1606671351233	2.01763814097145	0.0675328347794608	1.88523261849732	2.15004366344557
1.84425541573507	0.0708075493283119	1.70547261905158	1.98303821241856	1.84540878389461	0.0945572955513397	1.66007648461399	2.03074108317524	1.84540878389461	0.0708075493283119	1.70646026968765	1.98149478218687	1.84523195335279	0.0636781040974932	1.72038268250198	1.9700812242036
2.0816364278403	0.0764487385930852	1.93179690019785	2.23147595548274	2.08953130563397	0.104278254117995	1.8851459275627	2.29391668370524	2.08953130563397	0.0764487385930852	1.94342367828753	2.23735191213775	2.09182298867233	0.0682830546089301	1.95794424373599	2.22570173360866
1.96847489126568	0.0794323066963421	1.81278757014085	2.12416221239051	1.93295650124524	0.106721754433781	1.72378186255503	2.14213113993545	1.93295650124524	0.0794323066963421	1.78436305300085	2.10342898404037	1.93411596961422	0.0716506499810442	1.79362059109484	2.07461134813361
2.00070633177827	0.0773877461072028	1.84902634940816	2.15238631414839	2.02992796311945	0.104261050695438	1.82557630375639	2.23427962248251	2.02992796311945	0.0773877461072028	1.88095969040822	2.17692826462616	2.02900113696988	0.0699980332220543	1.89175275404976	2.16624951988999
2.07418504704698	0.0796201199413709	1.9181296119619	2.23024048213207	2.06339020187283	0.101602759674803	1.86424879291022	2.26253161083544	2.06339020187283	0.0796201199413709	1.91655954042834	2.23157086949482	2.06196281370682	0.0746604604977163	1.91555569547298	2.20836993194065
1.82266701917524	0.0751147760035677	1.67544205820825	1.96989198014224	1.81642934987173	0.101468332126113	1.61755141890455	2.01530728083891	1.81642934987173	0.0751147760035677	1.67360305012082	1.96411822282419	1.81901998633907	0.0670758084996304	1.68750842534135	1.95053154733679
2.07674547865729	0.0678191851175169	1.94381987582696	2.20967108148763	2.0345613652666	0.0894474029870798	1.85924445541192	2.20987827512127	2.0345613652666	0.0678191851175169	1.90319851071748	2.16737313464729	2.0347306269476	0.0649893595331566	1.90731348365924	2.16214777023596
1.98453194154477	0.0719998030718981	1.84341232752385	2.12565155556569	1.97378374446918	0.0951400253551369	1.78730929477311	2.16025819416524	1.97378374446918	0.0719998030718981	1.83177810684733	2.11348521828187	1.97352251099247	0.0641946866360007	1.84766414659218	2.09938087539276
2.02158173231737	0.0686706079430998	1.88698734074889	2.15617612388584	2.03847255660195	0.0895768470892877	1.86290193630695	2.21404317689696	2.03847255660195	0.0686706079430998	1.91044968813864	2.17550732036994	2.03852454030256	0.0626653046320144	1.91566035179812	2.161388728807
1.9512630123058	0.0759025458675056	1.80249402240549	2.10003200220611	1.96481232381193	0.10435669957274	1.76027319264936	2.1693514549745	1.96481232381193	0.0759025458675056	1.81978751053934	2.11456729867793	1.96656949662233	0.0675600971306061	1.83410961747417	2.09902937577048
1.98237536616081	0.0676085240939742	1.84986265893662	2.114888073385	1.95378464476788	0.0853001750176137	1.78659630173336	2.1209729878024	1.95378464476788	0.0676085240939742	1.81965716359739	2.08204573445531	1.95402732113744	0.0647085804004717	1.82715894822954	2.08089569404535
2.02009159526733	0.0755473864417555	1.87201871784149	2.16816447269317	2.07176286285509	0.102392811597347	1.87107295212429	2.27245277358589	2.07176286285509	0.0755473864417555	1.91482458216197	2.2194493998691	2.07170538574643	0.0664614280409294	1.94139774801754	2.20201302347532
2.06505784940803	0.0723106085452331	1.92332905665937	2.20678664215668	2.0215934779313	0.096644325047308	1.83217060083858	2.21101635502403	2.0215934779313	0.0723106085452331	1.87866437604702	2.15926835437009	2.02408314814933	0.0650904067394696	1.89646363791472	2.15170265838394
2.02929726203997	0.0775467235535772	1.87730568387495	2.18128884020498	2.03217755132534	0.107227699434629	1.82201126043346	2.24234384221721	2.03217755132534	0.0775467235535772	1.87315864908449	2.19237036301697	2.03420099600632	0.0681816566089963	1.90051899382676	2.16788299818588
1.83283996409385	0.0711617500039317	1.69336293408614	1.97231699410155	1.87443166229503	0.095858091695848	1.68654980257117	2.0623135220189	1.87443166229503	0.0711617500039317	1.73884329758039	2.02444572364409	1.87761659016327	0.065465508169506	1.74926309446955	2.005970085857
2.0168614315312	0.0770696672929178	1.86580488363708	2.16791797942532	1.97538561489505	0.102092635997754	1.77528404833945	2.17548718145065	1.97538561489505	0.0770696672929178	1.81867254843463	2.12287116810942	1.9765274866673	0.0689212315386947	1.84139626461147	2.11165870872313
2.02631513542301	0.0742911093308365	1.88070456113457	2.17192570971145	2.04008922062334	0.097859443117657	1.84828471211273	2.23189372913394	2.04008922062334	0.0742911093308365	1.89861248225986	2.18526142362686	2.04172288318623	0.0662324785826658	1.91186585041635	2.1715799159561
1.96976923898694	0.072647674775942	1.82737979642609	2.11215868154778	2.00499899542554	0.0959832537106228	1.81687181815272	2.19312617269836	2.00499899542554	0.072647674775942	1.86141975936322	2.14725918984676	2.00150645885846	0.063868217565321	1.87628420577902	2.12672871193789
2.04436123227633	0.0731825910378903	1.90092335384206	2.18779911071059	2.01734663653506	0.0965156389600551	1.82817598417335	2.20651728889677	2.01734663653506	0.0731825910378903	1.87841107258857	2.16031863971219	2.01857173917353	0.0661525982941143	1.88886883043421	2.14827464791284
1.90681358109601	0.0757496275186706	1.75834431115941	2.0552828510326	1.92858095521626	0.103173202773069	1.72636147778105	2.13080043265148	1.92858095521626	0.0757496275186706	1.78136354574349	2.07338401799572	1.92810539139675	0.0662177506066607	1.79827659616304	2.05793418663045
1.97154896603131	0.0645835780061935	1.84496515313917	2.09813277892345	1.99551126764935	0.0858363583277505	1.82727200532696	2.16375052997174	1.99551126764935	0.0645835780061935	1.86670667168102	2.11707772262593	1.99535167553904	0.0615477072944421	1.87467969843888	2.1160236526392
1.99889754037447	0.0739748294783605	1.85390687459689	2.14388820615206	2.03495387682417	0.100171387160629	1.83861795798934	2.231289795659	2.03495387682417	0.0739748294783605	1.8974515457846	2.18446608127198	2.03304602819704	0.065427481025154	1.90476452884632	2.16132752754776
2.00959232863273	0.0718581441172585	1.8687503661629	2.15043429110256	2.07336563920306	0.0947584146430972	1.88763914650259	2.25909213190353	2.07336563920306	0.0718581441172585	1.94178171720486	2.21933908266277	2.07368492087659	0.0674461253204454	1.94144008380539	2.20592975794779
1.97192493129987	0.0685835411344935	1.83750119067627	2.10634867192348	1.94046524497761	0.088374560540952	1.76725110631734	2.11367938363788	1.94046524497761	0.0685835411344935	1.81075603061009	2.07568410821399	1.93990591622921	0.0636722278830341	1.81507318828547	2.06473864417295
1.94439656768564	0.0715342687600298	1.80418940091598	2.08460373445529	1.93779764831225	0.0971016128485171	1.74747848712916	2.12811680949535	1.93779764831225	0.0715342687600298	1.80483767156899	2.07948712638913	1.93843983826824	0.0657425424348829	1.8095433961656	2.06733628037088
1.98936510356058	0.0760086551322727	1.84038813950133	2.13834206761984	2.01262864995002	0.10219739826552	1.8123217493496	2.21293555055044	2.01262864995002	0.0760086551322727	1.86162448279994	2.16271519581722	2.01306322804689	0.065105563803366	1.88541685453263	2.14070960156114
2.05007212590358	0.0728948770939021	1.90719816679953	2.19294608500762	2.0377142894115	0.0989113341700414	1.84384807443821	2.23158050438478	2.0377142894115	0.0728948770939021	1.89554951976166	2.17945482765719	2.03712265045808	0.0644632720327854	1.91073689887701	2.16350840203916
1.97559569087077	0.0708683285120583	1.83669376698713	2.1144976147544	2.01026798824906	0.0951731353454967	1.82372864297189	2.19680733352623	2.01026798824906	0.0708683285120583	1.86934642048123	2.14432995261647	2.01054966637173	0.062974108445132	1.88708184454904	2.13401748819443
1.95930021581303	0.0714389027032261	1.81927996651471	2.09932046511135	1.95491645686526	0.0961120790295051	1.76653678196743	2.14329613176309	1.95491645686526	0.0714389027032261	1.81122789744987	2.09698186965914	1.9552558394187	0.065081404176516	1.82765340865898	2.08285827017841
2.07783326125745	0.0705473569525296	1.93956044163049	2.2161060808844	2.04235305285319	0.0910084974820211	1.86397639778843	2.22072970791795	2.04235305285319	0.0705473569525296	1.90370546468838	2.18145725071324	2.04270167959511	0.0643101000300054	1.91661558344829	2.16878777574192
1.87373298990983	0.0719092139666779	1.73279093053514	2.01467504928452	1.89871844634464	0.0977880569854815	1.7070538546531	2.09038303803619	1.89871844634464	0.0719092139666779	1.75434697347403	2.02947510635107	1.89864776386324	0.0642730777065306	1.77263202612714	2.02466350159934
1.88320067941377	0.0748208767426323	1.73655176099821	2.02984959782933	1.91769487642214	0.0991407901270153	1.72337892777319	2.11201082507109	1.91769487642214	0.0748208767426323	1.77790472052707	2.06334680759672	1.91878827513616	0.0668141871347856	1.78779126276734	2.04978528750498
1.87606908698005	0.0777123689927768	1.72375284375421	2.0283853302059	1.86943723682126	0.10385758113658	1.66587637779356	2.07299809584896	1.86943723682126	0.0777123689927768	1.72039932740445	2.02312949945286	1.86919336492991	0.0729738860396631	1.72610536988203	2.0122813599778
2.02692192676717	0.073304808718287	1.88324450167933	2.17059935185501	2.01860989409576	0.0956653724255298	1.83110576414172	2.2061140240498	2.01860989409576	0.073304808718287	1.87131651915225	2.16529851978308	2.02043365175679	0.0662711357831099	1.8905005095262	2.15036679398738
1.94768371059233	0.0723420404048241	1.80589331139887	2.08947410978578	2.04051860498459	0.0961977148993516	1.85197108378186	2.22906612618732	2.04051860498459	0.0723420404048241	1.90134749480417	2.18360042723795	2.04061951982574	0.0643762385000993	1.91440054322065	2.16683849643082
1.98815335857392	0.0755960522623885	1.83998509613964	2.1363216210082	2.01166800112125	0.101534677175338	1.81266003385758	2.21067596838491	2.01166800112125	0.0755960522623885	1.863435957946	2.15403018711961	2.01083026009461	0.0677438381335665	1.87800384553443	2.1436566746548
1.96447835697545	0.0695850497076858	1.82809165954838	2.10086505440251	1.98942244425896	0.0899395928915936	1.81314084219143	2.16570404632648	1.98942244425896	0.0695850497076858	1.85530124606198	2.11911361649053	1.99063237171721	0.0639181470924501	1.8653126838575	2.11595205957691
1.97131810910121	0.0678572256699819	1.83831794678805	2.10431827141438	1.96918579347496	0.0892238331080545	1.79430708058317	2.14406450636675	1.96918579347496	0.0678572256699819	1.83946752601937	2.10717309841686	1.97055194910435	0.0625106216574604	1.84799373790841	2.09311016030029
1.83941942876285	0.0738901924826652	1.69459465149683	1.98424420602888	1.8439917991514	0.0999866794329551	1.64801790746281	2.03996569083999	1.8439917991514	0.0738901924826652	1.70347362373452	1.99277561760283	1.84252774840142	0.0671592313941584	1.71084587591924	1.9742096208836
2.02962293680144	0.0737239379261626	1.88512401846616	2.17412185513671	2.03990057693397	0.100463721218207	1.84299168334628	2.23680947052165	2.03990057693397	0.0737239379261626	1.89361636301833	2.18431259998083	2.03883211721976	0.0638632687090858	1.91362222517895	2.16404200926057
1.89915875790614	0.0709563250640385	1.76008436078063	2.03823315503166	1.88642959185068	0.0947097840239842	1.70079841516367	2.07206076853769	1.88642959185068	0.0709563250640385	1.75162016420349	2.02890161769797	1.88807278231498	0.0638801813949928	1.76283027712657	2.01331528750339
2.03907264862534	0.0709409627791203	1.90002836157826	2.17811693567241	1.99517841600524	0.0955564558155098	1.80788776260684	2.18246906940364	1.99517841600524	0.0709409627791203	1.85335926341338	2.13137544438871	1.99683306031004	0.062641201041284	1.8740204702453	2.11964565037479
2.01318911843152	0.0771399752391574	1.86199476696278	2.16438346990027	2.02996471893011	0.101455196022503	1.831112534726	2.22881690313421	2.02996471893011	0.0771399752391574	1.87741788079069	2.17488374568704	2.02728806617975	0.0705582052507103	1.88893938104943	2.16563675131006
1.98469707838526	0.0733655014464213	1.84090069555028	2.12849346122025	2.00798449577057	0.0972033197384161	1.81746598908327	2.19850300245786	2.00798449577057	0.0733655014464213	1.86476916709057	2.15318548024788	2.01119337180256	0.0650769494789773	1.88359972213234	2.13878702147278
1.97156154376871	0.072248948696369	1.82995360432383	2.1131694832136	1.9533685078636	0.0952343640373773	1.76670915435034	2.14002786137686	1.9533685078636	0.072248948696369	1.80161513492637	2.08673078493353	1.95485246069215	0.0638660741755431	1.82963699888814	2.08006792249616
1.95458133992863	0.0713433808435071	1.81474831347535	2.0944143663819	1.9311852640823	0.0941273219899027	1.74669571298209	2.11567481518251	1.9311852640823	0.0713433808435071	1.79402011874385	2.07244300253246	1.9311072894541	0.0644319026270936	1.80477890307413	2.05743567583407
1.93342964655806	0.076174756157162	1.78412712449002	2.0827321686261	1.92087637047642	0.102838791063578	1.71931233999181	2.12244040096104	1.92087637047642	0.076174756157162	1.77106097054715	2.06471491397571	1.92253830140136	0.0663283141105049	1.79248809340928	2.05258850939345
2.03235704029182	0.0725913284251771	1.89007803657847	2.17463604400517	2.06795180232234	0.097792051803067	1.87627938078832	2.25962422385635	2.06795180232234	0.0725913284251771	1.91643139902657	2.20049142737171	2.06789768864033	0.0662028484338828	1.93809824709269	2.19769713018797
1.96564553193338	0.0906094207472734	1.78805106726872	2.14323999659804	1.95145155131101	0.115945410244289	1.7241985472322	2.17870455538982	1.95145155131101	0.0906094207472734	1.75572360070991	2.12492087769284	1.95412176287897	0.083988489093747	1.78940376264673	2.1188397631112
2.07650636261675	0.0721895592776547	1.93501482643255	2.21799789880095	2.11782726991256	0.0966451104582769	1.92840285341434	2.30725168641079	2.11782726991256	0.0721895592776547	1.97373104903767	2.26103895511192	2.11818886984942	0.0650280590939197	1.99069296147264	2.24568477822621
2.01806208245642	0.0726023747800848	1.87576142788745	2.16036273702538	2.02115703354118	0.0994761270046829	1.82618382461201	2.21613024247036	2.02115703354118	0.0726023747800848	1.88045490573634	2.16493620866213	2.0207046542937	0.0659568338048565	1.89138581354684	2.15002349504057
2.01910766584601	0.0733130961081793	1.87541399747398	2.16280133421804	2.02478504658348	0.0983156879888691	1.8320862981253	2.21748379504167	2.02478504658348	0.0733130961081793	1.88623362220401	2.16566288912448	2.02607512891002	0.0664562632797479	1.8957741848451	2.15637607297493
1.94608090593019	0.0769985074836652	1.79516383126221	2.09699798059817	1.96212183532456	0.100185447243385	1.76575835872752	2.15848531192159	1.96212183532456	0.0769985074836652	1.80808253551726	2.1158741746717	1.96353643808668	0.0671121336062824	1.83195379846718	2.09511907770619
1.96219257368684	0.0713935636836089	1.82226118886696	2.10212395850671	2.03164477673479	0.0954696890855821	1.84452418612705	2.21876536734253	2.03164477673479	0.0713935636836089	1.89557808530543	2.17109358639709	2.03100237842441	0.0654830186181991	1.90261381195673	2.1593909448921
1.89297721341422	0.0717585231259154	1.75233050808743	2.03362391874102	1.94014107157348	0.0973818071299633	1.74927272959875	2.13100941354821	1.94014107157348	0.0717585231259154	1.80261752682806	2.07827865868169	1.93806211243792	0.0652624838503556	1.81011004715872	2.06601417771711
1.91393428594759	0.0728382668859995	1.77117128285104	2.05669728904415	1.92999235325282	0.102186752715504	1.72970631793043	2.13027838857521	1.92999235325282	0.0728382668859995	1.78618318712407	2.0775112679226	1.93235963170613	0.0640897375633328	1.8067017440193	2.05801751939296
2.0953529664365	0.0741599794266557	1.94999940676025	2.24070652611274	2.03280701965399	0.100043532007394	1.8367216969195	2.22889234238848	2.03280701965399	0.0741599794266557	1.88710869973135	2.17919538405135	2.03620928913081	0.0654551982172687	1.90787777147694	2.16454080678468
1.96008790707891	0.0725806765158105	1.81782978110792	2.1023460330499	2.00183216652407	0.0966660537559243	1.81236670116246	2.19129763188568	2.00183216652407	0.0725806765158105	1.86847728845303	2.14538451701288	2.0003017013452	0.0642651797430275	1.87430275382359	2.12630064886681
1.89013605854802	0.0724535297140421	1.7481271403085	2.03214497678754	1.87775810695608	0.0969195038253231	1.68779587945845	2.06772033445371	1.87775810695608	0.0724535297140421	1.73339859245343	2.02359061090219	1.87518708064525	0.06598617178565	1.74581333488429	2.00456082640621
2.01037208746718	0.0709621521488356	1.87128626925547	2.1494579056789	2.0325979056409	0.0921352821159119	1.85201275269372	2.21318305858809	2.0325979056409	0.0709621521488356	1.89866528740926	2.16462253202837	2.03310842116419	0.065424710128386	1.90483460368703	2.16138223864136
1.91754858452455	0.0746854520289414	1.77116509854783	2.06393207050128	1.95558645139759	0.102581011810796	1.75452766824843	2.15664523454675	1.95558645139759	0.0746854520289414	1.81034906174028	2.10894121834941	1.9568078498023	0.0642942766711359	1.83075071466987	2.08286498493474
2.05721687036865	0.0726191402429019	1.91488335549256	2.19955038524474	2.02831707486914	0.0994835447885619	1.83332932708356	2.22330482265472	2.02831707486914	0.0726191402429019	1.8834773331474	2.17200818734318	2.02815800209837	0.0634948139435968	1.90366733715302	2.15264866704373
1.93360268340154	0.071752638773805	1.79296751140488	2.0742378553982	1.98205043823867	0.0954584461305655	1.79495188382277	2.16914899265458	1.98205043823867	0.071752638773805	1.84164026371954	2.11790442480596	1.98014536671706	0.0649367900993308	1.85282340999131	2.10746732344282
1.95977259242888	0.0733159404676753	1.81607334911223	2.10347183574552	1.93594961995397	0.0988425129618982	1.74221829454865	2.12968094535929	1.93594961995397	0.0733159404676753	1.78786475875691	2.07266755800244	1.93720918279425	0.066198274856526	1.80741873733894	2.06699962824956
1.91528863764951	0.0746599141273758	1.76895520595985	2.06162206933917	1.94428427492208	0.0998185315995704	1.74863995298692	2.13992859685724	1.94428427492208	0.0746599141273758	1.79795574779551	2.08388171991679	1.94307122454034	0.0695844676540648	1.80663581991019	2.07950662917049
2.06021660708885	0.0710464508249652	1.92096556347192	2.19946765070578	2.08283379197903	0.094212155912197	1.89817796639112	2.26748961756693	2.08283379197903	0.0710464508249652	1.94517522840326	2.22479898471404	2.08428060679442	0.0649204926034279	1.95699567867093	2.2115655349179
2.09491480664114	0.0679108308811002	1.96180957811419	2.2280200351681	2.06105757433868	0.089517507378723	1.88560325987638	2.23651188880097	2.06105757433868	0.0679108308811002	1.92550146554778	2.19304886246577	2.06237659935208	0.0620927595935499	1.94063885696226	2.18411434174191
2.01681741699805	0.07037358481063	1.87888519076921	2.15474964322688	1.9779615031177	0.0925647547809094	1.79653458374712	2.15938842248828	1.9779615031177	0.07037358481063	1.84088890846507	2.11129254895753	1.9798709432704	0.0631373304753092	1.85608614645833	2.10365574008248
2.00224511093917	0.0732330279023653	1.85870837625053	2.14578184562781	1.9989377374365	0.0966441155747308	1.80951527091003	2.18836020396297	1.9989377374365	0.0732330279023653	1.86482091053032	2.14900436678462	1.99975592638572	0.0671881019471631	1.8680255604336	2.13148629233785
1.81239361472352	0.0707176553140162	1.67378701030805	1.951000219139	1.8213497561142	0.094402221386068	1.63632140219751	2.00637811003089	1.8213497561142	0.0707176553140162	1.67651687757225	1.96003091174404	1.82110373009632	0.0651451760776095	1.69338238468342	1.94882507550922
1.94334274042975	0.0724453904437685	1.80134977515996	2.08533570569954	1.94559736653126	0.0961174928930332	1.75720708046092	2.13398765260161	1.94559736653126	0.0724453904437685	1.79954312749266	2.08348990804262	1.94783445194546	0.0653745189667441	1.81965860209352	2.07601030179741
1.98622582084633	0.0745087573798384	1.84018865638184	2.13226298531081	1.96986754139316	0.0996402571654769	1.77457263734882	2.16516244543749	1.96986754139316	0.0745087573798384	1.81790393006731	2.11429039672298	1.97035837275595	0.0687586698623427	1.8355430874739	2.105173658038
2.05743915415868	0.0734530422292901	1.91347119138927	2.20140711692809	2.08023886280238	0.0981813684539125	1.88780338063271	2.27267434497205	2.08023886280238	0.0734530422292901	1.93205685133098	2.22878048670716	2.08074163315141	0.0663495332116323	1.95064803971928	2.21083522658354
2.08880594466865	0.0739326580628382	1.94389793486549	2.23371395447181	2.11259783967852	0.100753475546923	1.91512102760655	2.31007465175049	2.11259783967852	0.0739326580628382	1.96469137169208	2.24973563167289	2.11339028991409	0.0667121677679694	1.98258800503083	2.24419257479735
1.96524658918183	0.0719289938599962	1.82426576121624	2.10622741714742	2.00058010966002	0.0975797033859986	1.80932389102346	2.19183632829657	2.00058010966002	0.0719289938599962	1.85801576171276	2.13909539197877	1.99978423054678	0.063904486948218	1.87449037181674	2.12507808927681
1.89999668350512	0.0726830625505767	1.75753788090599	2.04245548610425	1.89936303420043	0.0975122024259891	1.70823911744549	2.09048695095537	1.89936303420043	0.0726830625505767	1.7577399294172	2.04118977404735	1.89977299536837	0.0645327182878103	1.77325053842786	2.02629545230887
2.01186894124051	0.0723343061224517	1.87009370124051	2.15364418124052	1.98269813393892	0.0980922879687403	1.79043724952018	2.17495901835765	1.98269813393892	0.0723343061224517	1.84795657467894	2.12652772205645	1.97998986295635	0.066582175184612	1.8494446888404	2.1105350370723
1.92712587997294	0.0734357751302906	1.78319176071757	2.07105999922831	1.94111968999361	0.0961932844376616	1.75258085249579	2.12965852749143	1.94111968999361	0.0734357751302906	1.80355435895264	2.07797281591015	1.94197958518711	0.0661974797004618	1.81219064902374	2.07176852135049
2.10343810890535	0.0756066643759224	1.95524904672854	2.25162717108216	2.09133787728131	0.105919362640668	1.8837359265056	2.29893982805701	2.09133787728131	0.0756066643759224	1.93528170125301	2.23222603876541	2.08899648291466	0.0664870382358998	1.95863863376496	2.21935433206437
2.05710907388586	0.0763115301730777	1.90753847474662	2.20667967302509	2.07355920757784	0.101783808765765	1.87406294239695	2.27305547275874	2.07355920757784	0.0763115301730777	1.92411755299855	2.22185450275681	2.07574518060297	0.0663623669162958	1.94563177908683	2.20585858211912
2.0511014151752	0.0779937495243471	1.89823366610748	2.20396916424292	2.06829634290049	0.105465729794253	1.86158351250375	2.27500917329722	2.06829634290049	0.0779937495243471	1.91635794829453	2.21339103658257	2.0696089112109	0.0696589056182376	1.93302614265277	2.20619167976903
2.02011560512851	0.0703184974759583	1.88229135007563	2.15793986018138	1.99183133199908	0.0940713371275106	1.80745151122916	2.17621115276901	1.99183133199908	0.0703184974759583	1.85099979328554	2.12664825527255	1.99184376575599	0.0637498097733695	1.866852879818	2.11683465169399
2.04690836918337	0.0752795453395226	1.8993604603179	2.19445627804883	2.02405646300926	0.101398717247064	1.82531497720502	2.22279794881351	2.02405646300926	0.0752795453395226	1.87893174715679	2.17184382636934	2.02229825818286	0.0676359272653616	1.88968137526743	2.15491514109829
1.85114071933931	0.0696989154537814	1.7145308450499	1.98775059362872	1.83273920243136	0.0938938222395166	1.64870731084191	2.01677109402082	1.83273920243136	0.0696989154537814	1.69628867549557	1.96434211171143	1.83328560242534	0.0632144138755234	1.70934514672411	1.95722605812657
2.00545076173446	0.0729735201295547	1.86242266228054	2.14847886118839	2.05750332426826	0.0982822214215052	1.86487017028211	2.25013647825442	2.05750332426826	0.0729735201295547	1.92036586558418	2.1963599372542	2.05887450956512	0.0647437517013946	1.93193685605326	2.18581216307698
2.00935681881206	0.0700928141620475	1.87197490305445	2.14673873456967	2.0071332706804	0.0913214917047061	1.82814314693917	2.18612339442162	2.0071332706804	0.0700928141620475	1.87211485498389	2.1355994825308	2.00695055654183	0.0629850319697138	1.88346274812301	2.13043836496065
2.06852096983404	0.0706535576183744	1.93003999690202	2.20700194276605	2.03100466268753	0.0939787808913148	1.84680625214055	2.2152030732345	2.03100466268753	0.0706535576183744	1.8873828788772	2.16312212000079	2.02785358257027	0.0625549543433055	1.90520988524474	2.1504972798958
1.94990935402752	0.0716515903631868	1.80947223691567	2.09034647113936	1.95464067246291	0.0946096847673105	1.76920569031898	2.14007565460684	1.95464067246291	0.0716515903631868	1.81429095440396	2.09325887223588	1.9552687846285	0.0652273981338164	1.82738509314804	2.08315247610895
2.11356609257074	0.0684160525572217	1.97947062955859	2.2476615555829	2.09552940957321	0.0907188006809922	1.91772056023847	2.27333825890796	2.09552940957321	0.0684160525572217	1.95437499460889	2.23042744290049	2.09585521115885	0.0618877912723168	1.97451808817564	2.21719233414206
2.02467043004347	0.070279969682312	1.88692168946614	2.1624191706208	1.98157472115634	0.0940751041434687	1.79718751703514	2.16596192527753	1.98157472115634	0.070279969682312	1.84036973915814	2.11802604784551	1.98445121853699	0.0631799701943846	1.86058015918643	2.10832227788755
1.95961766093539	0.0717403549272045	1.81900656527807	2.10022875659271	2.0016706152902	0.095502317784187	1.8144860724332	2.18885515814721	2.0016706152902	0.0717403549272045	1.85807503524986	2.13775796501609	2.00193535841804	0.06329467176048	1.87783893070385	2.12603178613223
2.08637904587053	0.0714688969011413	1.9463000079443	2.22645808379677	2.05294975320954	0.0952905662293356	1.86618024340004	2.23971926301904	2.05294975320954	0.0714688969011413	1.91032279196252	2.18572266483301	2.05324308728317	0.0652264769026535	1.92535994352063	2.18112623104571
2.07927345075512	0.0699328248027265	1.94220511414177	2.21634178736846	2.08572520394462	0.0893982863860042	1.91050456262805	2.26094584526119	2.08572520394462	0.0699328248027265	1.947845237537	2.23039144042708	2.08780865510859	0.0639638431758505	1.96240308860212	2.21321422161506
1.942508256522	0.0703648075538616	1.80459323371643	2.08042327932757	1.94047267260077	0.0935073308452327	1.75719830414412	2.12374704105743	1.94047267260077	0.0703648075538616	1.80682976336948	2.07403760532565	1.94000917740215	0.0624915503498791	1.8174893611014	2.0625289937029
1.9550170585488	0.0708886374951189	1.81607532905837	2.09395878803923	1.98139046507278	0.0976246642880666	1.79004612306816	2.17273480707739	1.98139046507278	0.0708886374951189	1.8460509263796	2.12014084911922	1.9828551708123	0.0627909348047412	1.85974696746822	2.10596337415638
2.01182821077634	0.06946616561967	1.87567452616179	2.14798189539089	2.01923776428455	0.0927763108269827	1.83739619506366	2.20107933350543	2.01923776428455	0.06946616561967	1.88742377081684	2.15749942300713	2.01973698999693	0.0618271429442417	1.89851942042891	2.14095455956495
NA	NA	NA	NA	NA	NA	NA	NA	NA	NA	NA	NA	NA	NA	NA	NA
NA	NA	NA	NA	NA	NA	NA	NA	NA	NA	NA	NA	NA	NA	NA	NA
NA	NA	NA	NA	NA	NA	NA	NA	NA	NA	NA	NA	NA	NA	NA	NA
NA	NA	NA	NA	NA	NA	NA	NA	NA	NA	NA	NA	NA	NA	NA	NA
NA	NA	NA	NA	NA	NA	NA	NA	NA	NA	NA	NA	NA	NA	NA	NA
NA	NA	NA	NA	NA	NA	NA	NA	NA	NA	NA	NA	NA	NA	NA	NA
NA	NA	NA	NA	NA	NA	NA	NA	NA	NA	NA	NA	NA	NA	NA	NA
NA	NA	NA	NA	NA	NA	NA	NA	NA	NA	NA	NA	NA	NA	NA	NA
NA	NA	NA	NA	NA	NA	NA	NA	NA	NA	NA	NA	NA	NA	NA	NA
NA	NA	NA	NA	NA	NA	NA	NA	NA	NA	NA	NA	NA	NA	NA	NA
NA	NA	NA	NA	NA	NA	NA	NA	NA	NA	NA	NA	NA	NA	NA	NA
NA	NA	NA	NA	NA	NA	NA	NA	NA	NA	NA	NA	NA	NA	NA	NA
NA	NA	NA	NA	NA	NA	NA	NA	NA	NA	NA	NA	NA	NA	NA	NA
NA	NA	NA	NA	NA	NA	NA	NA	NA	NA	NA	NA	NA	NA	NA	NA
NA	NA	NA	NA	NA	NA	NA	NA	NA	NA	NA	NA	NA	NA	NA	NA
NA	NA	NA	NA	NA	NA	NA	NA	NA	NA	NA	NA	NA	NA	NA	NA
NA	NA	NA	NA	NA	NA	NA	NA	NA	NA	NA	NA	NA	NA	NA	NA
NA	NA	NA	NA	NA	NA	NA	NA	NA	NA	NA	NA	NA	NA	NA	NA
NA	NA	NA	NA	NA	NA	NA	NA	NA	NA	NA	NA	NA	NA	NA	NA
NA	NA	NA	NA	NA	NA	NA	NA	NA	NA	NA	NA	NA	NA	NA	NA
NA	NA	NA	NA	NA	NA	NA	NA	NA	NA	NA	NA	NA	NA	NA	NA
NA	NA	NA	NA	NA	NA	NA	NA	NA	NA	NA	NA	NA	NA	NA	NA
NA	NA	NA	NA	NA	NA	NA	NA	NA	NA	NA	NA	NA	NA	NA	NA
NA	NA	NA	NA	NA	NA	NA	NA	NA	NA	NA	NA	NA	NA	NA	NA
NA	NA	NA	NA	NA	NA	NA	NA	NA	NA	NA	NA	NA	NA	NA	NA
NA	NA	NA	NA	NA	NA	NA	NA	NA	NA	NA	NA	NA	NA	NA	NA
NA	NA	NA	NA	NA	NA	NA	NA	NA	NA	NA	NA	NA	NA	NA	NA
NA	NA	NA	NA	NA	NA	NA	NA	NA	NA	NA	NA	NA	NA	NA	NA
NA	NA	NA	NA	NA	NA	NA	NA	NA	NA	NA	NA	NA	NA	NA	NA
NA	NA	NA	NA	NA	NA	NA	NA	NA	NA	NA	NA	NA	NA	NA	NA
NA	NA	NA	NA	NA	NA	NA	NA	NA	NA	NA	NA	NA	NA	NA	NA
NA	NA	NA	NA	NA	NA	NA	NA	NA	NA	NA	NA	NA	NA	NA	NA
NA	NA	NA	NA	NA	NA	NA	NA	NA	NA	NA	NA	NA	NA	NA	NA
NA	NA	NA	NA	NA	NA	NA	NA	NA	NA	NA	NA	NA	NA	NA	NA
NA	NA	NA	NA	NA	NA	NA	NA	NA	NA	NA	NA	NA	NA	NA	NA
NA	NA	NA	NA	NA	NA	NA	NA	NA	NA	NA	NA	NA	NA	NA	NA
NA	NA	NA	NA	NA	NA	NA	NA	NA	NA	NA	NA	NA	NA	NA	NA
NA	NA	NA	NA	NA	NA	NA	NA	NA	NA	NA	NA	NA	NA	NA	NA
NA	NA	NA	NA	NA	NA	NA	NA	NA	NA	NA	NA	NA	NA	NA	NA
NA	NA	NA	NA	NA	NA	NA	NA	NA	NA	NA	NA	NA	NA	NA	NA
NA	NA	NA	NA	NA	NA	NA	NA	NA	NA	NA	NA	NA	NA	NA	NA
NA	NA	NA	NA	NA	NA	NA	NA	NA	NA	NA	NA	NA	NA	NA	NA
NA	NA	NA	NA	NA	NA	NA	NA	NA	NA	NA	NA	NA	NA	NA	NA
NA	NA	NA	NA	NA	NA	NA	NA	NA	NA	NA	NA	NA	NA	NA	NA
NA	NA	NA	NA	NA	NA	NA	NA	NA	NA	NA	NA	NA	NA	NA	NA
NA	NA	NA	NA	NA	NA	NA	NA	NA	NA	NA	NA	NA	NA	NA	NA
NA	NA	NA	NA	NA	NA	NA	NA	NA	NA	NA	NA	NA	NA	NA	NA
NA	NA	NA	NA	NA	NA	NA	NA	NA	NA	NA	NA	NA	NA	NA	NA
NA	NA	NA	NA	NA	NA	NA	NA	NA	NA	NA	NA	NA	NA	NA	NA
NA	NA	NA	NA	NA	NA	NA	NA	NA	NA	NA	NA	NA	NA	NA	NA
NA	NA	NA	NA	NA	NA	NA	NA	NA	NA	NA	NA	NA	NA	NA	NA
NA	NA	NA	NA	NA	NA	NA	NA	NA	NA	NA	NA	NA	NA	NA	NA
NA	NA	NA	NA	NA	NA	NA	NA	NA	NA	NA	NA	NA	NA	NA	NA
NA	NA	NA	NA	NA	NA	NA	NA	NA	NA	NA	NA	NA	NA	NA	NA
NA	NA	NA	NA	NA	NA	NA	NA	NA	NA	NA	NA	NA	NA	NA	NA
NA	NA	NA	NA	NA	NA	NA	NA	NA	NA	NA	NA	NA	NA	NA	NA
NA	NA	NA	NA	NA	NA	NA	NA	NA	NA	NA	NA	NA	NA	NA	NA
NA	NA	NA	NA	NA	NA	NA	NA	NA	NA	NA	NA	NA	NA	NA	NA
NA	NA	NA	NA	NA	NA	NA	NA	NA	NA	NA	NA	NA	NA	NA	NA
NA	NA	NA	NA	NA	NA	NA	NA	NA	NA	NA	NA	NA	NA	NA	NA
NA	NA	NA	NA	NA	NA	NA	NA	NA	NA	NA	NA	NA	NA	NA	NA
NA	NA	NA	NA	NA	NA	NA	NA	NA	NA	NA	NA	NA	NA	NA	NA
NA	NA	NA	NA	NA	NA	NA	NA	NA	NA	NA	NA	NA	NA	NA	NA
NA	NA	NA	NA	NA	NA	NA	NA	NA	NA	NA	NA	NA	NA	NA	NA
NA	NA	NA	NA	NA	NA	NA	NA	NA	NA	NA	NA	NA	NA	NA	NA
NA	NA	NA	NA	NA	NA	NA	NA	NA	NA	NA	NA	NA	NA	NA	NA
NA	NA	NA	NA	NA	NA	NA	NA	NA	NA	NA	NA	NA	NA	NA	NA
NA	NA	NA	NA	NA	NA	NA	NA	NA	NA	NA	NA	NA	NA	NA	NA
NA	NA	NA	NA	NA	NA	NA	NA	NA	NA	NA	NA	NA	NA	NA	NA
NA	NA	NA	NA	NA	NA	NA	NA	NA	NA	NA	NA	NA	NA	NA	NA
NA	NA	NA	NA	NA	NA	NA	NA	NA	NA	NA	NA	NA	NA	NA	NA
NA	NA	NA	NA	NA	NA	NA	NA	NA	NA	NA	NA	NA	NA	NA	NA
NA	NA	NA	NA	NA	NA	NA	NA	NA	NA	NA	NA	NA	NA	NA	NA
NA	NA	NA	NA	NA	NA	NA	NA	NA	NA	NA	NA	NA	NA	NA	NA
NA	NA	NA	NA	NA	NA	NA	NA	NA	NA	NA	NA	NA	NA	NA	NA
NA	NA	NA	NA	NA	NA	NA	NA	NA	NA	NA	NA	NA	NA	NA	NA
NA	NA	NA	NA	NA	NA	NA	NA	NA	NA	NA	NA	NA	NA	NA	NA
NA	NA	NA	NA	NA	NA	NA	NA	NA	NA	NA	NA	NA	NA	NA	NA
NA	NA	NA	NA	NA	NA	NA	NA	NA	NA	NA	NA	NA	NA	NA	NA
NA	NA	NA	NA	NA	NA	NA	NA	NA	NA	NA	NA	NA	NA	NA	NA
NA	NA	NA	NA	NA	NA	NA	NA	NA	NA	NA	NA	NA	NA	NA	NA
NA	NA	NA	NA	NA	NA	NA	NA	NA	NA	NA	NA	NA	NA	NA	NA
NA	NA	NA	NA	NA	NA	NA	NA	NA	NA	NA	NA	NA	NA	NA	NA
NA	NA	NA	NA	NA	NA	NA	NA	NA	NA	NA	NA	NA	NA	NA	NA
NA	NA	NA	NA	NA	NA	NA	NA	NA	NA	NA	NA	NA	NA	NA	NA
NA	NA	NA	NA	NA	NA	NA	NA	NA	NA	NA	NA	NA	NA	NA	NA
NA	NA	NA	NA	NA	NA	NA	NA	NA	NA	NA	NA	NA	NA	NA	NA
NA	NA	NA	NA	NA	NA	NA	NA	NA	NA	NA	NA	NA	NA	NA	NA
NA	NA	NA	NA	NA	NA	NA	NA	NA	NA	NA	NA	NA	NA	NA	NA
NA	NA	NA	NA	NA	NA	NA	NA	NA	NA	NA	NA	NA	NA	NA	NA
NA	NA	NA	NA	NA	NA	NA	NA	NA	NA	NA	NA	NA	NA	NA	NA
NA	NA	NA	NA	NA	NA	NA	NA	NA	NA	NA	NA	NA	NA	NA	NA
NA	NA	NA	NA	NA	NA	NA	NA	NA	NA	NA	NA	NA	NA	NA	NA
NA	NA	NA	NA	NA	NA	NA	NA	NA	NA	NA	NA	NA	NA	NA	NA
NA	NA	NA	NA	NA	NA	NA	NA	NA	NA	NA	NA	NA	NA	NA	NA
NA	NA	NA	NA	NA	NA	NA	NA	NA	NA	NA	NA	NA	NA	NA	NA
NA	NA	NA	NA	NA	NA	NA	NA	NA	NA	NA	NA	NA	NA	NA	NA
NA	NA	NA	NA	NA	NA	NA	NA	NA	NA	NA	NA	NA	NA	NA	NA
NA	NA	NA	NA	NA	NA	NA	NA	NA	NA	NA	NA	NA	NA	NA	NA
NA	NA	NA	NA	NA	NA	NA	NA	NA	NA	NA	NA	NA	NA	NA	NA
