X1	X2	X3	X4	X1.1	X2.1	X3.1	X4.1	X1.2	X2.2	X3.2	X4.2	X1.3	X2.3	X3.3	X4.3
NA	NA	NA	NA	NA	NA	NA	NA	NA	NA	NA	NA	NA	NA	NA	NA
NA	NA	NA	NA	NA	NA	NA	NA	NA	NA	NA	NA	NA	NA	NA	NA
NA	NA	NA	NA	NA	NA	NA	NA	NA	NA	NA	NA	NA	NA	NA	NA
NA	NA	NA	NA	NA	NA	NA	NA	NA	NA	NA	NA	NA	NA	NA	NA
NA	NA	NA	NA	NA	NA	NA	NA	NA	NA	NA	NA	NA	NA	NA	NA
NA	NA	NA	NA	NA	NA	NA	NA	NA	NA	NA	NA	NA	NA	NA	NA
NA	NA	NA	NA	NA	NA	NA	NA	NA	NA	NA	NA	NA	NA	NA	NA
NA	NA	NA	NA	NA	NA	NA	NA	NA	NA	NA	NA	NA	NA	NA	NA
NA	NA	NA	NA	NA	NA	NA	NA	NA	NA	NA	NA	NA	NA	NA	NA
NA	NA	NA	NA	NA	NA	NA	NA	NA	NA	NA	NA	NA	NA	NA	NA
NA	NA	NA	NA	NA	NA	NA	NA	NA	NA	NA	NA	NA	NA	NA	NA
NA	NA	NA	NA	NA	NA	NA	NA	NA	NA	NA	NA	NA	NA	NA	NA
NA	NA	NA	NA	NA	NA	NA	NA	NA	NA	NA	NA	NA	NA	NA	NA
NA	NA	NA	NA	NA	NA	NA	NA	NA	NA	NA	NA	NA	NA	NA	NA
NA	NA	NA	NA	NA	NA	NA	NA	NA	NA	NA	NA	NA	NA	NA	NA
NA	NA	NA	NA	NA	NA	NA	NA	NA	NA	NA	NA	NA	NA	NA	NA
NA	NA	NA	NA	NA	NA	NA	NA	NA	NA	NA	NA	NA	NA	NA	NA
NA	NA	NA	NA	NA	NA	NA	NA	NA	NA	NA	NA	NA	NA	NA	NA
NA	NA	NA	NA	NA	NA	NA	NA	NA	NA	NA	NA	NA	NA	NA	NA
NA	NA	NA	NA	NA	NA	NA	NA	NA	NA	NA	NA	NA	NA	NA	NA
NA	NA	NA	NA	NA	NA	NA	NA	NA	NA	NA	NA	NA	NA	NA	NA
NA	NA	NA	NA	NA	NA	NA	NA	NA	NA	NA	NA	NA	NA	NA	NA
NA	NA	NA	NA	NA	NA	NA	NA	NA	NA	NA	NA	NA	NA	NA	NA
NA	NA	NA	NA	NA	NA	NA	NA	NA	NA	NA	NA	NA	NA	NA	NA
NA	NA	NA	NA	NA	NA	NA	NA	NA	NA	NA	NA	NA	NA	NA	NA
NA	NA	NA	NA	NA	NA	NA	NA	NA	NA	NA	NA	NA	NA	NA	NA
NA	NA	NA	NA	NA	NA	NA	NA	NA	NA	NA	NA	NA	NA	NA	NA
NA	NA	NA	NA	NA	NA	NA	NA	NA	NA	NA	NA	NA	NA	NA	NA
NA	NA	NA	NA	NA	NA	NA	NA	NA	NA	NA	NA	NA	NA	NA	NA
NA	NA	NA	NA	NA	NA	NA	NA	NA	NA	NA	NA	NA	NA	NA	NA
NA	NA	NA	NA	NA	NA	NA	NA	NA	NA	NA	NA	NA	NA	NA	NA
NA	NA	NA	NA	NA	NA	NA	NA	NA	NA	NA	NA	NA	NA	NA	NA
NA	NA	NA	NA	NA	NA	NA	NA	NA	NA	NA	NA	NA	NA	NA	NA
NA	NA	NA	NA	NA	NA	NA	NA	NA	NA	NA	NA	NA	NA	NA	NA
NA	NA	NA	NA	NA	NA	NA	NA	NA	NA	NA	NA	NA	NA	NA	NA
NA	NA	NA	NA	NA	NA	NA	NA	NA	NA	NA	NA	NA	NA	NA	NA
NA	NA	NA	NA	NA	NA	NA	NA	NA	NA	NA	NA	NA	NA	NA	NA
NA	NA	NA	NA	NA	NA	NA	NA	NA	NA	NA	NA	NA	NA	NA	NA
NA	NA	NA	NA	NA	NA	NA	NA	NA	NA	NA	NA	NA	NA	NA	NA
NA	NA	NA	NA	NA	NA	NA	NA	NA	NA	NA	NA	NA	NA	NA	NA
NA	NA	NA	NA	NA	NA	NA	NA	NA	NA	NA	NA	NA	NA	NA	NA
NA	NA	NA	NA	NA	NA	NA	NA	NA	NA	NA	NA	NA	NA	NA	NA
NA	NA	NA	NA	NA	NA	NA	NA	NA	NA	NA	NA	NA	NA	NA	NA
NA	NA	NA	NA	NA	NA	NA	NA	NA	NA	NA	NA	NA	NA	NA	NA
NA	NA	NA	NA	NA	NA	NA	NA	NA	NA	NA	NA	NA	NA	NA	NA
NA	NA	NA	NA	NA	NA	NA	NA	NA	NA	NA	NA	NA	NA	NA	NA
NA	NA	NA	NA	NA	NA	NA	NA	NA	NA	NA	NA	NA	NA	NA	NA
NA	NA	NA	NA	NA	NA	NA	NA	NA	NA	NA	NA	NA	NA	NA	NA
NA	NA	NA	NA	NA	NA	NA	NA	NA	NA	NA	NA	NA	NA	NA	NA
NA	NA	NA	NA	NA	NA	NA	NA	NA	NA	NA	NA	NA	NA	NA	NA
NA	NA	NA	NA	NA	NA	NA	NA	NA	NA	NA	NA	NA	NA	NA	NA
NA	NA	NA	NA	NA	NA	NA	NA	NA	NA	NA	NA	NA	NA	NA	NA
NA	NA	NA	NA	NA	NA	NA	NA	NA	NA	NA	NA	NA	NA	NA	NA
NA	NA	NA	NA	NA	NA	NA	NA	NA	NA	NA	NA	NA	NA	NA	NA
NA	NA	NA	NA	NA	NA	NA	NA	NA	NA	NA	NA	NA	NA	NA	NA
NA	NA	NA	NA	NA	NA	NA	NA	NA	NA	NA	NA	NA	NA	NA	NA
NA	NA	NA	NA	NA	NA	NA	NA	NA	NA	NA	NA	NA	NA	NA	NA
NA	NA	NA	NA	NA	NA	NA	NA	NA	NA	NA	NA	NA	NA	NA	NA
NA	NA	NA	NA	NA	NA	NA	NA	NA	NA	NA	NA	NA	NA	NA	NA
NA	NA	NA	NA	NA	NA	NA	NA	NA	NA	NA	NA	NA	NA	NA	NA
NA	NA	NA	NA	NA	NA	NA	NA	NA	NA	NA	NA	NA	NA	NA	NA
NA	NA	NA	NA	NA	NA	NA	NA	NA	NA	NA	NA	NA	NA	NA	NA
NA	NA	NA	NA	NA	NA	NA	NA	NA	NA	NA	NA	NA	NA	NA	NA
NA	NA	NA	NA	NA	NA	NA	NA	NA	NA	NA	NA	NA	NA	NA	NA
NA	NA	NA	NA	NA	NA	NA	NA	NA	NA	NA	NA	NA	NA	NA	NA
NA	NA	NA	NA	NA	NA	NA	NA	NA	NA	NA	NA	NA	NA	NA	NA
NA	NA	NA	NA	NA	NA	NA	NA	NA	NA	NA	NA	NA	NA	NA	NA
NA	NA	NA	NA	NA	NA	NA	NA	NA	NA	NA	NA	NA	NA	NA	NA
NA	NA	NA	NA	NA	NA	NA	NA	NA	NA	NA	NA	NA	NA	NA	NA
NA	NA	NA	NA	NA	NA	NA	NA	NA	NA	NA	NA	NA	NA	NA	NA
NA	NA	NA	NA	NA	NA	NA	NA	NA	NA	NA	NA	NA	NA	NA	NA
NA	NA	NA	NA	NA	NA	NA	NA	NA	NA	NA	NA	NA	NA	NA	NA
NA	NA	NA	NA	NA	NA	NA	NA	NA	NA	NA	NA	NA	NA	NA	NA
NA	NA	NA	NA	NA	NA	NA	NA	NA	NA	NA	NA	NA	NA	NA	NA
NA	NA	NA	NA	NA	NA	NA	NA	NA	NA	NA	NA	NA	NA	NA	NA
NA	NA	NA	NA	NA	NA	NA	NA	NA	NA	NA	NA	NA	NA	NA	NA
NA	NA	NA	NA	NA	NA	NA	NA	NA	NA	NA	NA	NA	NA	NA	NA
NA	NA	NA	NA	NA	NA	NA	NA	NA	NA	NA	NA	NA	NA	NA	NA
NA	NA	NA	NA	NA	NA	NA	NA	NA	NA	NA	NA	NA	NA	NA	NA
NA	NA	NA	NA	NA	NA	NA	NA	NA	NA	NA	NA	NA	NA	NA	NA
NA	NA	NA	NA	NA	NA	NA	NA	NA	NA	NA	NA	NA	NA	NA	NA
NA	NA	NA	NA	NA	NA	NA	NA	NA	NA	NA	NA	NA	NA	NA	NA
NA	NA	NA	NA	NA	NA	NA	NA	NA	NA	NA	NA	NA	NA	NA	NA
NA	NA	NA	NA	NA	NA	NA	NA	NA	NA	NA	NA	NA	NA	NA	NA
NA	NA	NA	NA	NA	NA	NA	NA	NA	NA	NA	NA	NA	NA	NA	NA
NA	NA	NA	NA	NA	NA	NA	NA	NA	NA	NA	NA	NA	NA	NA	NA
NA	NA	NA	NA	NA	NA	NA	NA	NA	NA	NA	NA	NA	NA	NA	NA
NA	NA	NA	NA	NA	NA	NA	NA	NA	NA	NA	NA	NA	NA	NA	NA
NA	NA	NA	NA	NA	NA	NA	NA	NA	NA	NA	NA	NA	NA	NA	NA
NA	NA	NA	NA	NA	NA	NA	NA	NA	NA	NA	NA	NA	NA	NA	NA
NA	NA	NA	NA	NA	NA	NA	NA	NA	NA	NA	NA	NA	NA	NA	NA
NA	NA	NA	NA	NA	NA	NA	NA	NA	NA	NA	NA	NA	NA	NA	NA
NA	NA	NA	NA	NA	NA	NA	NA	NA	NA	NA	NA	NA	NA	NA	NA
NA	NA	NA	NA	NA	NA	NA	NA	NA	NA	NA	NA	NA	NA	NA	NA
NA	NA	NA	NA	NA	NA	NA	NA	NA	NA	NA	NA	NA	NA	NA	NA
NA	NA	NA	NA	NA	NA	NA	NA	NA	NA	NA	NA	NA	NA	NA	NA
NA	NA	NA	NA	NA	NA	NA	NA	NA	NA	NA	NA	NA	NA	NA	NA
NA	NA	NA	NA	NA	NA	NA	NA	NA	NA	NA	NA	NA	NA	NA	NA
NA	NA	NA	NA	NA	NA	NA	NA	NA	NA	NA	NA	NA	NA	NA	NA
NA	NA	NA	NA	NA	NA	NA	NA	NA	NA	NA	NA	NA	NA	NA	NA
NA	NA	NA	NA	NA	NA	NA	NA	NA	NA	NA	NA	NA	NA	NA	NA
NA	NA	NA	NA	NA	NA	NA	NA	NA	NA	NA	NA	NA	NA	NA	NA
NA	NA	NA	NA	NA	NA	NA	NA	NA	NA	NA	NA	NA	NA	NA	NA
NA	NA	NA	NA	NA	NA	NA	NA	NA	NA	NA	NA	NA	NA	NA	NA
NA	NA	NA	NA	NA	NA	NA	NA	NA	NA	NA	NA	NA	NA	NA	NA
NA	NA	NA	NA	NA	NA	NA	NA	NA	NA	NA	NA	NA	NA	NA	NA
NA	NA	NA	NA	NA	NA	NA	NA	NA	NA	NA	NA	NA	NA	NA	NA
NA	NA	NA	NA	NA	NA	NA	NA	NA	NA	NA	NA	NA	NA	NA	NA
NA	NA	NA	NA	NA	NA	NA	NA	NA	NA	NA	NA	NA	NA	NA	NA
NA	NA	NA	NA	NA	NA	NA	NA	NA	NA	NA	NA	NA	NA	NA	NA
NA	NA	NA	NA	NA	NA	NA	NA	NA	NA	NA	NA	NA	NA	NA	NA
NA	NA	NA	NA	NA	NA	NA	NA	NA	NA	NA	NA	NA	NA	NA	NA
NA	NA	NA	NA	NA	NA	NA	NA	NA	NA	NA	NA	NA	NA	NA	NA
NA	NA	NA	NA	NA	NA	NA	NA	NA	NA	NA	NA	NA	NA	NA	NA
NA	NA	NA	NA	NA	NA	NA	NA	NA	NA	NA	NA	NA	NA	NA	NA
NA	NA	NA	NA	NA	NA	NA	NA	NA	NA	NA	NA	NA	NA	NA	NA
NA	NA	NA	NA	NA	NA	NA	NA	NA	NA	NA	NA	NA	NA	NA	NA
NA	NA	NA	NA	NA	NA	NA	NA	NA	NA	NA	NA	NA	NA	NA	NA
NA	NA	NA	NA	NA	NA	NA	NA	NA	NA	NA	NA	NA	NA	NA	NA
NA	NA	NA	NA	NA	NA	NA	NA	NA	NA	NA	NA	NA	NA	NA	NA
NA	NA	NA	NA	NA	NA	NA	NA	NA	NA	NA	NA	NA	NA	NA	NA
NA	NA	NA	NA	NA	NA	NA	NA	NA	NA	NA	NA	NA	NA	NA	NA
NA	NA	NA	NA	NA	NA	NA	NA	NA	NA	NA	NA	NA	NA	NA	NA
NA	NA	NA	NA	NA	NA	NA	NA	NA	NA	NA	NA	NA	NA	NA	NA
NA	NA	NA	NA	NA	NA	NA	NA	NA	NA	NA	NA	NA	NA	NA	NA
NA	NA	NA	NA	NA	NA	NA	NA	NA	NA	NA	NA	NA	NA	NA	NA
NA	NA	NA	NA	NA	NA	NA	NA	NA	NA	NA	NA	NA	NA	NA	NA
NA	NA	NA	NA	NA	NA	NA	NA	NA	NA	NA	NA	NA	NA	NA	NA
NA	NA	NA	NA	NA	NA	NA	NA	NA	NA	NA	NA	NA	NA	NA	NA
NA	NA	NA	NA	NA	NA	NA	NA	NA	NA	NA	NA	NA	NA	NA	NA
NA	NA	NA	NA	NA	NA	NA	NA	NA	NA	NA	NA	NA	NA	NA	NA
NA	NA	NA	NA	NA	NA	NA	NA	NA	NA	NA	NA	NA	NA	NA	NA
NA	NA	NA	NA	NA	NA	NA	NA	NA	NA	NA	NA	NA	NA	NA	NA
NA	NA	NA	NA	NA	NA	NA	NA	NA	NA	NA	NA	NA	NA	NA	NA
NA	NA	NA	NA	NA	NA	NA	NA	NA	NA	NA	NA	NA	NA	NA	NA
NA	NA	NA	NA	NA	NA	NA	NA	NA	NA	NA	NA	NA	NA	NA	NA
NA	NA	NA	NA	NA	NA	NA	NA	NA	NA	NA	NA	NA	NA	NA	NA
NA	NA	NA	NA	NA	NA	NA	NA	NA	NA	NA	NA	NA	NA	NA	NA
NA	NA	NA	NA	NA	NA	NA	NA	NA	NA	NA	NA	NA	NA	NA	NA
NA	NA	NA	NA	NA	NA	NA	NA	NA	NA	NA	NA	NA	NA	NA	NA
NA	NA	NA	NA	NA	NA	NA	NA	NA	NA	NA	NA	NA	NA	NA	NA
NA	NA	NA	NA	NA	NA	NA	NA	NA	NA	NA	NA	NA	NA	NA	NA
NA	NA	NA	NA	NA	NA	NA	NA	NA	NA	NA	NA	NA	NA	NA	NA
NA	NA	NA	NA	NA	NA	NA	NA	NA	NA	NA	NA	NA	NA	NA	NA
NA	NA	NA	NA	NA	NA	NA	NA	NA	NA	NA	NA	NA	NA	NA	NA
NA	NA	NA	NA	NA	NA	NA	NA	NA	NA	NA	NA	NA	NA	NA	NA
NA	NA	NA	NA	NA	NA	NA	NA	NA	NA	NA	NA	NA	NA	NA	NA
NA	NA	NA	NA	NA	NA	NA	NA	NA	NA	NA	NA	NA	NA	NA	NA
NA	NA	NA	NA	NA	NA	NA	NA	NA	NA	NA	NA	NA	NA	NA	NA
NA	NA	NA	NA	NA	NA	NA	NA	NA	NA	NA	NA	NA	NA	NA	NA
NA	NA	NA	NA	NA	NA	NA	NA	NA	NA	NA	NA	NA	NA	NA	NA
NA	NA	NA	NA	NA	NA	NA	NA	NA	NA	NA	NA	NA	NA	NA	NA
NA	NA	NA	NA	NA	NA	NA	NA	NA	NA	NA	NA	NA	NA	NA	NA
NA	NA	NA	NA	NA	NA	NA	NA	NA	NA	NA	NA	NA	NA	NA	NA
NA	NA	NA	NA	NA	NA	NA	NA	NA	NA	NA	NA	NA	NA	NA	NA
NA	NA	NA	NA	NA	NA	NA	NA	NA	NA	NA	NA	NA	NA	NA	NA
NA	NA	NA	NA	NA	NA	NA	NA	NA	NA	NA	NA	NA	NA	NA	NA
NA	NA	NA	NA	NA	NA	NA	NA	NA	NA	NA	NA	NA	NA	NA	NA
NA	NA	NA	NA	NA	NA	NA	NA	NA	NA	NA	NA	NA	NA	NA	NA
NA	NA	NA	NA	NA	NA	NA	NA	NA	NA	NA	NA	NA	NA	NA	NA
NA	NA	NA	NA	NA	NA	NA	NA	NA	NA	NA	NA	NA	NA	NA	NA
NA	NA	NA	NA	NA	NA	NA	NA	NA	NA	NA	NA	NA	NA	NA	NA
NA	NA	NA	NA	NA	NA	NA	NA	NA	NA	NA	NA	NA	NA	NA	NA
NA	NA	NA	NA	NA	NA	NA	NA	NA	NA	NA	NA	NA	NA	NA	NA
NA	NA	NA	NA	NA	NA	NA	NA	NA	NA	NA	NA	NA	NA	NA	NA
NA	NA	NA	NA	NA	NA	NA	NA	NA	NA	NA	NA	NA	NA	NA	NA
NA	NA	NA	NA	NA	NA	NA	NA	NA	NA	NA	NA	NA	NA	NA	NA
NA	NA	NA	NA	NA	NA	NA	NA	NA	NA	NA	NA	NA	NA	NA	NA
NA	NA	NA	NA	NA	NA	NA	NA	NA	NA	NA	NA	NA	NA	NA	NA
NA	NA	NA	NA	NA	NA	NA	NA	NA	NA	NA	NA	NA	NA	NA	NA
NA	NA	NA	NA	NA	NA	NA	NA	NA	NA	NA	NA	NA	NA	NA	NA
NA	NA	NA	NA	NA	NA	NA	NA	NA	NA	NA	NA	NA	NA	NA	NA
NA	NA	NA	NA	NA	NA	NA	NA	NA	NA	NA	NA	NA	NA	NA	NA
NA	NA	NA	NA	NA	NA	NA	NA	NA	NA	NA	NA	NA	NA	NA	NA
NA	NA	NA	NA	NA	NA	NA	NA	NA	NA	NA	NA	NA	NA	NA	NA
NA	NA	NA	NA	NA	NA	NA	NA	NA	NA	NA	NA	NA	NA	NA	NA
NA	NA	NA	NA	NA	NA	NA	NA	NA	NA	NA	NA	NA	NA	NA	NA
NA	NA	NA	NA	NA	NA	NA	NA	NA	NA	NA	NA	NA	NA	NA	NA
NA	NA	NA	NA	NA	NA	NA	NA	NA	NA	NA	NA	NA	NA	NA	NA
NA	NA	NA	NA	NA	NA	NA	NA	NA	NA	NA	NA	NA	NA	NA	NA
NA	NA	NA	NA	NA	NA	NA	NA	NA	NA	NA	NA	NA	NA	NA	NA
NA	NA	NA	NA	NA	NA	NA	NA	NA	NA	NA	NA	NA	NA	NA	NA
NA	NA	NA	NA	NA	NA	NA	NA	NA	NA	NA	NA	NA	NA	NA	NA
NA	NA	NA	NA	NA	NA	NA	NA	NA	NA	NA	NA	NA	NA	NA	NA
NA	NA	NA	NA	NA	NA	NA	NA	NA	NA	NA	NA	NA	NA	NA	NA
NA	NA	NA	NA	NA	NA	NA	NA	NA	NA	NA	NA	NA	NA	NA	NA
NA	NA	NA	NA	NA	NA	NA	NA	NA	NA	NA	NA	NA	NA	NA	NA
NA	NA	NA	NA	NA	NA	NA	NA	NA	NA	NA	NA	NA	NA	NA	NA
NA	NA	NA	NA	NA	NA	NA	NA	NA	NA	NA	NA	NA	NA	NA	NA
NA	NA	NA	NA	NA	NA	NA	NA	NA	NA	NA	NA	NA	NA	NA	NA
NA	NA	NA	NA	NA	NA	NA	NA	NA	NA	NA	NA	NA	NA	NA	NA
NA	NA	NA	NA	NA	NA	NA	NA	NA	NA	NA	NA	NA	NA	NA	NA
NA	NA	NA	NA	NA	NA	NA	NA	NA	NA	NA	NA	NA	NA	NA	NA
NA	NA	NA	NA	NA	NA	NA	NA	NA	NA	NA	NA	NA	NA	NA	NA
NA	NA	NA	NA	NA	NA	NA	NA	NA	NA	NA	NA	NA	NA	NA	NA
NA	NA	NA	NA	NA	NA	NA	NA	NA	NA	NA	NA	NA	NA	NA	NA
NA	NA	NA	NA	NA	NA	NA	NA	NA	NA	NA	NA	NA	NA	NA	NA
NA	NA	NA	NA	NA	NA	NA	NA	NA	NA	NA	NA	NA	NA	NA	NA
NA	NA	NA	NA	NA	NA	NA	NA	NA	NA	NA	NA	NA	NA	NA	NA
NA	NA	NA	NA	NA	NA	NA	NA	NA	NA	NA	NA	NA	NA	NA	NA
2.00028066553152	0.0763463186074556	1.85064188106091	2.14991945000214	2.01319065875411	0.103206268188621	1.81090637310441	2.21547494440381	2.01319065875411	0.0763463186074556	1.86789878637401	2.16539097109247	2.01427614371373	0.0708223083887829	1.87540413902707	2.15314814840038
1.89865863237955	0.0754734538713776	1.75073066279165	2.04658660196745	1.90114885145903	0.100267535550592	1.70462448177987	2.09767322113819	1.90114885145903	0.0754734538713776	1.7564591006175	2.06333207445923	1.89977909185447	0.0705815229566096	1.76138031432328	2.03817786938567
2.05926115297679	0.0792991814294695	1.90383475737503	2.21468754857855	2.06981015312812	0.109501661865876	1.855186895871	2.28443341038523	2.06981015312812	0.0792991814294695	1.91918740871383	2.22997389041858	2.07097195079947	0.0725609650446507	1.9286924724792	2.21325142911973
2.04880742502471	0.0846536033567691	1.88288636244544	2.21472848760398	2.06030816564384	0.113175281071515	1.83848461474367	2.28213171654401	2.06030816564384	0.0846536033567691	1.89356870017664	2.22366463262905	2.0612729741621	0.0782670976362799	1.90778874609036	2.21475720223384
2.01285190633397	0.0791627250128918	1.8576929653087	2.16801084735923	2.01857391200115	0.108146339613159	1.80660708635936	2.23054073764294	2.01857391200115	0.0791627250128918	1.8627900196876	2.16602798199804	2.01773235698029	0.0735463954470817	1.87351284128078	2.1619518726798
2.01275500484878	0.0808052571053803	1.85437670092224	2.17113330877533	1.98419401112461	0.110423824727841	1.76776331465804	2.20062470759118	1.98419401112461	0.0808052571053803	1.83104633569582	2.13802083093187	1.9839873308683	0.0724334257608316	1.84195805961953	2.12601660211707
2.03872080339095	0.0808956076671638	1.88016541236331	2.19727619441859	1.98970055964915	0.108260828245447	1.77750933628807	2.20189178301023	1.98970055964915	0.0808956076671638	1.83654060233065	2.16151996649393	1.99063866729053	0.0736973725228137	1.84612222342018	2.13515511116088
1.94018594263824	0.0818017233097532	1.77985456495112	2.10051732032536	1.94562541702194	0.108637551447881	1.73269581618409	2.15855501785979	1.94562541702194	0.0818017233097532	1.79098970008991	2.10086059509302	1.94740688512806	0.0754382451045598	1.79947731497096	2.09533645528517
2.09012119255791	0.0779313860464145	1.93737567590694	2.24286670920888	2.06674919884635	0.105203895548009	1.86054956357225	2.27294883412045	2.06674919884635	0.0779313860464145	1.91719764789685	2.23089765845931	2.06784170904536	0.0715324203570123	1.92757671871329	2.20810669937744
2.09180707292388	0.0783094522733655	1.93832054646809	2.24529359937968	2.00114513039856	0.104889659140931	1.79556139848234	2.20672886231479	2.00114513039856	0.0783094522733655	1.83683330526501	2.154913593694	2.00198089692276	0.0715581285333507	1.86166524243982	2.14229655140571
2.10774124696184	0.0825242732912276	1.94599367131104	2.26948882261265	2.07141009270678	0.112614546655864	1.85068558126129	2.29213460415228	2.07141009270678	0.0825242732912276	1.90710737609872	2.22996007836978	2.0692364707933	0.0737183962975126	1.92468563523286	2.21378730635374
1.96626128690205	0.0892418264566111	1.79134730704709	2.141175266757	1.95030191707204	0.125457774041646	1.70440467995041	2.19619915419366	1.95030191707204	0.0892418264566111	1.77009423883794	2.10470527589002	1.95005525363766	0.0819135816038429	1.78941454199409	2.11069596528123
2.11015233984597	0.0818578415320614	1.94971097044313	2.27059370924881	2.12917927989165	0.110145813797581	1.9132934848484	2.34506507493491	2.12917927989165	0.0818578415320614	1.96773583439683	2.28713720502544	2.13094916228522	0.0739131151880948	1.9860123300273	2.27588599454315
2.10543523558988	0.0813941791692094	1.94590264441823	2.26496782676153	2.09098993407074	0.110047082574159	1.87529765222539	2.30668221591609	2.09098993407074	0.0813941791692094	1.92936520776318	2.25763420464401	2.09094208323102	0.0750502788456355	1.94377747262136	2.23810669384068
1.90960208855406	0.0932847396879856	1.72676399876561	2.09244017834251	1.90807748546485	0.123573980676209	1.66587248333948	2.15028248759022	1.90807748546485	0.0932847396879856	1.73614100772072	2.09407377044646	1.90933165046296	0.0888366300516145	1.73510234721141	2.08356095371451
1.93237596204505	0.0844391407672023	1.76687524614133	2.09787667794876	1.98028715232375	0.112024408234976	1.7607193121832	2.19985499246431	1.98028715232375	0.0844391407672023	1.81379443326489	2.13713494222701	1.98047906783308	0.0796387691702853	1.82430124138955	2.13665689427661
1.99681049998404	0.0781472028524897	1.84364198239316	2.14997901757492	1.94611530042769	0.10654806419904	1.73728109459757	2.15494950625781	1.94611530042769	0.0781472028524897	1.79269336380937	2.09636946100712	1.94860829375779	0.074993241562863	1.80155286663135	2.09566372088422
2.07330397743804	0.0901346331468277	1.89664009647026	2.24996785840582	2.06923381951956	0.119825978628935	1.83437490140685	2.30409273763227	2.06923381951956	0.0901346331468277	1.8876052897237	2.23126300153505	2.07149030300714	0.0843428252931993	1.90607936440844	2.23690124160585
2.00432276501016	0.0780508322068999	1.85134313388464	2.15730239613569	1.97171144818893	0.10418045320877	1.76751775989974	2.17590513647812	1.97171144818893	0.0780508322068999	1.82126612183533	2.12472005760276	1.97174924731542	0.0719469286462109	1.8306660165943	2.11283247803654
1.96292651377325	0.0814824018828268	1.80322100608291	2.12263202146359	1.99197381866541	0.108826575708212	1.77867373027731	2.2052739070535	1.99197381866541	0.0814824018828268	1.8398004298483	2.15891227001161	1.99057861909414	0.0765943402015135	1.84037464342491	2.14078259476337
1.95403039348155	0.078659144430285	1.7998584703982	2.10820231656491	1.94185592075219	0.102160668105398	1.74162101126561	2.14209083023877	1.94185592075219	0.078659144430285	1.7877507483128	2.09670131307746	1.94181112360777	0.0696151914295079	1.80530715180542	2.07831509541013
1.95835931774291	0.0786380867777281	1.80422866765856	2.11248996782726	1.99192846419755	0.104465046857059	1.78717697235771	2.19667995603738	1.99192846419755	0.0786380867777281	1.83888970139581	2.14831462830146	1.99237901666638	0.0721346345224102	1.85092732333658	2.13383070999617
2.06805033492338	0.077563822645107	1.91602524253897	2.22007542730779	2.0267242292682	0.10316314226494	1.82452447042892	2.22892398810748	2.0267242292682	0.077563822645107	1.87845274497591	2.17464797673717	2.02865944040259	0.0724697425245174	1.88655536751126	2.17076351329392
2.03871122594138	0.0834089039631325	1.87522977417364	2.20219267770912	2.0322047050585	0.114829046814286	1.80713977330249	2.2572696368145	2.0322047050585	0.0834089039631325	1.86484289663894	2.18951533080061	2.03140754987121	0.0719252289079148	1.89037025550803	2.1724448442344
2.06015470762187	0.0796058574502674	1.90412722701935	2.2161821882244	2.06942121825955	0.106180959832704	1.86130653698745	2.27753589953165	2.06942121825955	0.0796058574502674	1.91540716833524	2.22405338246024	2.06668514067217	0.0734086287586825	1.92274370747985	2.21062657386449
2.10353384551678	0.0805250130562054	1.94570481992662	2.26136287110695	2.08978757135193	0.106548205839034	1.88095308790742	2.29862205479644	2.08978757135193	0.0805250130562054	1.92622203955039	2.24759008932313	2.08986226778145	0.0722681826224992	1.94815696925491	2.231567566308
1.92404539461324	0.0765319494219132	1.77404277374629	2.07404801548019	1.9376393248802	0.105136115835018	1.73157253784357	2.14370611191684	1.9376393248802	0.0765319494219132	1.78886251362366	2.08966650813677	1.9349414896224	0.0709958467464403	1.7957307907284	2.07415218851641
1.89541051187003	0.0862352899344704	1.72638934359846	2.06443168014159	1.86078691543245	0.114790327839419	1.63579787286719	2.08577595799771	1.86078691543245	0.0862352899344704	1.69211788366936	2.03468490977345	1.85920184888484	0.078481040742875	1.7052997783242	2.01310391944549
1.9862788028712	0.0838124532738155	1.82200639445452	2.15055121128788	2.00972053574113	0.114394227086291	1.785507850652	2.23393322083026	2.00972053574113	0.0838124532738155	1.8328093749704	2.16971558644219	2.00750821601764	0.0763251209637655	1.85784240672758	2.1571740253077
2.12316966249176	0.0821665054250934	1.96212331185858	2.28421601312494	2.09636843026352	0.112636734769299	1.87560043011569	2.31713643041135	2.09636843026352	0.0821665054250934	1.93933646435032	2.25384311464853	2.09753583237647	0.0762157034907795	1.94807975155566	2.24699191319727
2.0509014154112	0.0981681815267491	1.85849177961877	2.24331105120363	2.01630188619981	0.135842591606609	1.75005040665086	2.28255336574876	2.01630188619981	0.0981681815267491	1.82477416042345	2.21423273676088	2.01599072473843	0.0908639514068887	1.83778034783285	2.19420110164401
2.05376927139205	0.0787591949977101	1.89940124919654	2.20813729358756	2.02883732473048	0.103334762618045	1.82630118999911	2.23137345946184	2.02883732473048	0.0787591949977101	1.87938534104363	2.17953457249681	2.02816750216793	0.0711499158221961	1.88865744444918	2.16767755988667
2.01885279465129	0.0895354403079658	1.84336333164768	2.19434225765491	1.99140347597655	0.114529349833747	1.76692595030241	2.2158810016507	1.99140347597655	0.0895354403079658	1.81242900295147	2.16224244540301	1.99197935618527	0.0835330209832906	1.82816693547241	2.15579177689813
1.88117474101826	0.075809211196991	1.73258868707216	2.02976079496436	1.9425755207158	0.102305923743588	1.74205591017837	2.14309513125323	1.9425755207158	0.075809211196991	1.79638767343824	2.1051781760152	1.94172891422293	0.0689675148647137	1.80649596726442	2.07696186118144
1.93261329657465	0.0803861325379572	1.77505647680025	2.09017011634904	1.95337054026897	0.107590216840724	1.74249371526115	2.16424736527679	1.95337054026897	0.0803861325379572	1.80231783820442	2.10764910630299	1.95398795008419	0.071995136205671	1.81281795638102	2.09515794378735
2.04180687782153	0.0864957562124651	1.87227519564509	2.21133855999796	1.98981119418429	0.117374853033273	1.75975648223907	2.2198659061295	1.98981119418429	0.0864957562124651	1.82014656482403	2.15229893838748	1.99124552722351	0.078787518002169	1.83674414068695	2.14574691376007
2.02456903541708	0.0853780351603165	1.85722808650286	2.1919099843313	1.96937566383142	0.114310783803759	1.74532652757606	2.19342480008679	1.96937566383142	0.0853780351603165	1.79485749436106	2.13346809562768	1.96716577094822	0.0771517713653517	1.81587325047479	2.11845829142164
1.95537473940125	0.081594683507135	1.79544915972727	2.11530031907524	1.95246616019869	0.110904044979897	1.73509423203809	2.16983808835929	1.95246616019869	0.081594683507135	1.7918500671888	2.10942816098809	1.95167837046245	0.0749182635248005	1.80477956164636	2.09857717927855
1.99033515112409	0.0760965664501094	1.84118588088188	2.13948442136631	2.02247024240994	0.0959943639114752	1.83432128914345	2.21061919567643	2.02247024240994	0.0760965664501094	1.86423010826407	2.16725879194356	2.02364529495004	0.0723145241368349	1.88184355354016	2.16544703635993
2.05282757838302	0.0701243987719897	1.91538375678992	2.19027139997612	2.0759166317568	0.0900746677246401	1.89937028301651	2.25246298049709	2.0759166317568	0.0701243987719897	1.93603806314899	2.21008062835899	2.07693071401944	0.0647256365653328	1.9500285973675	2.20383283067139
2.04136255953476	0.08313201832624	1.87842380361532	2.20430131545419	2.08006341769029	0.114464724160153	1.85571255833639	2.30441427704419	2.08006341769029	0.08313201832624	1.9185458366873	2.23697825400997	2.07945730381061	0.0766578211551414	1.92913466432882	2.22977994329239
1.93350154809852	0.077705765024145	1.7811982486512	2.08580484754585	1.95588846275519	0.10652728474313	1.74709498465865	2.16468194085173	1.95588846275519	0.077705765024145	1.80376519647686	2.11573538221624	1.95545388663836	0.0687290185562138	1.82069170699703	2.09021606627969
1.99608066700146	0.0784887755281804	1.84224266696623	2.14991866703669	2.0309874524644	0.100903970964156	1.83321566937466	2.22875923555415	2.0309874524644	0.0784887755281804	1.87424891781161	2.1849994990711	2.03218243888736	0.0742091180784215	1.88666250536241	2.17770237241232
1.91991115517307	0.0813708681926609	1.76042425351545	2.07939805683069	1.92376814358237	0.110947028591805	1.70631196754244	2.14122431962231	1.92376814358237	0.0813708681926609	1.76308668176653	2.08281608190043	1.92532178515346	0.0736386790881062	1.78092376675375	2.06971980355317
2.03375269877576	0.080560645348866	1.87585383389198	2.19165156365953	1.98315251829273	0.109977903933903	1.76759582658228	2.19870921000318	1.98315251829273	0.080560645348866	1.83192986383419	2.1407700480616	1.98408541846294	0.0760739867091008	1.83490659309946	2.13326424382642
1.91246056288857	0.0780928639869499	1.75939854947415	2.065522576303	1.9468862156468	0.103734358391483	1.7435668731995	2.15020555809411	1.9468862156468	0.0780928639869499	1.80334870597591	2.10385225997669	1.94744563096953	0.0729772968820335	1.80434384059953	2.09054742133953
1.93897099296343	0.077595415498987	1.78688397858541	2.09105800734144	1.92832033226308	0.102129229456262	1.72814704252881	2.12849362199735	1.92832033226308	0.077595415498987	1.77329814315273	2.08288246762561	1.92981620072866	0.0730412207018219	1.78659242104045	2.07303998041686
2.01192725149826	0.0805849043356849	1.85398083900031	2.1698736639962	1.99551523087969	0.108781641739088	1.78230321307108	2.2087272486883	1.99551523087969	0.0805849043356849	1.84024466972561	2.15781148468318	1.997269146738	0.0718490339956143	1.85638568914284	2.13815260433316
2.11074562820724	0.0829240207435724	1.94821454754984	2.27327670886464	2.10737610938941	0.110297688606064	1.89119263972153	2.3235595790573	2.10737610938941	0.0829240207435724	1.94495727514122	2.26915661126159	2.10699853797475	0.0744942828328716	1.96091946743296	2.25307760851654
1.80425583652118	0.0783125940656411	1.65076315215252	1.95774852088984	1.86615725449974	0.106779043421098	1.65687032939438	2.07544417960509	1.86615725449974	0.0783125940656411	1.71334325162557	2.01732780979742	1.8653335445378	0.0728490888057826	1.72248455146614	2.00818253760945
1.98244253357602	0.0845536428629391	1.81671739356466	2.14816767358738	2.00252883484053	0.113802363864702	1.77947620166572	2.22558146801535	2.00252883484053	0.0845536428629391	1.83965011663528	2.17022642049596	2.0011045317828	0.077511149475112	1.84910781574741	2.1531012478182
2.14265611162048	0.0863444181437683	1.9734210520587	2.31189117118227	2.14701214798738	0.114554842008597	1.92248465765053	2.37153963832423	2.14701214798738	0.0863444181437683	1.97475370978105	2.30797317238772	2.14836276664361	0.0788935118831858	1.99364551618788	2.30308001709933
1.77075536988029	0.0870779453795676	1.60008259693634	1.94142814282425	1.81266720558556	0.113001515850406	1.59118423451877	2.03415017665236	1.81266720558556	0.0870779453795676	1.64184941288907	1.98105612000936	1.81182835252452	0.0796391539195182	1.65565740309413	1.9679993019549
2.10611152643244	0.0785291988974856	1.95219429659337	2.26002875627151	2.04928487872527	0.102239763504885	1.84889494225569	2.24967481519484	2.04928487872527	0.0785291988974856	1.89658470745035	2.20604476776386	2.04943676489141	0.0728352574038512	1.90661964550237	2.19225388428046
2.05162365470608	0.0839388805099113	1.88710344890666	2.21614386050551	2.06536506850123	0.110173845227729	1.84942433185489	2.28130580514758	2.06536506850123	0.0839388805099113	1.90259834348524	2.22985212241744	2.06458389694906	0.0789525604532711	1.90975289606938	2.21941489782875
1.9040880018232	0.0730898223887748	1.7608319499412	2.04734405370519	1.96554425334822	0.100743994575232	1.76808602398077	2.16300248271568	1.96554425334822	0.0730898223887748	1.8260913948873	2.10847205476351	1.9643836892364	0.0673935580471703	1.83223943690713	2.09652794156567
1.9275425086478	0.0799895851988909	1.77076292165797	2.08432209563762	1.9010553374515	0.106199723927459	1.69290387855368	2.10920679634932	1.9010553374515	0.0799895851988909	1.74036088143144	2.05364177639035	1.90013854364362	0.0750144066513746	1.75304069093881	2.04723639634843
1.89145030001298	0.0821595713938712	1.73041754008099	2.05248305994496	1.85394192549626	0.110993559622462	1.63639454863624	2.07148930235629	1.85394192549626	0.0821595713938712	1.68641090321673	2.02085066368077	1.85336073619221	0.075209528401476	1.70588274567296	2.00083872671147
1.99532145153346	0.08322579058118	1.83219890199435	2.15844400107257	1.99391525606609	0.109956376475262	1.77840075817458	2.2094297539576	1.99391525606609	0.08322579058118	1.82188142877957	2.14871376141828	1.99653759200428	0.0760940682243305	1.84731150116837	2.1457636828402
2.04346132577397	0.0825221951451229	1.88171782328953	2.20520482825842	2.04031394525858	0.109654428917263	1.82539126458075	2.25523662593642	2.04031394525858	0.0825221951451229	1.87572601899907	2.19877078667234	2.04355078114614	0.0769795145726942	1.89260001337766	2.19450154891461
2.00308153526084	0.0811741280455602	1.84398024429154	2.16218282623014	2.03497357422465	0.110472158715325	1.81844814314261	2.25149900530668	2.03497357422465	0.0811741280455602	1.87685604131877	2.18935122913237	2.03620221154322	0.0756176004900924	1.8879182873935	2.18448613569293
2.08641067870023	0.0738618789148427	1.94164139602714	2.23117996137332	2.03111216799322	0.0981539201408039	1.83873048451724	2.22349385146919	2.03111216799322	0.0738618789148427	1.89176518230027	2.17534211650421	2.03137967081712	0.0697560726402067	1.89460531476387	2.16815402687037
1.98481210230281	0.0844312908281446	1.81932677227964	2.15029743232597	1.94174641171682	0.111335347676512	1.72352913027085	2.15996369316278	1.94174641171682	0.0844312908281446	1.76840285068439	2.09534045955867	1.94291444390947	0.0789079647701222	1.7881756500524	2.09765323776654
1.92520857273736	0.0873155248898457	1.75407014395326	2.09634700152145	1.97392549114768	0.117525934494564	1.74357465953834	2.20427632275703	1.97392549114768	0.0873155248898457	1.80496983282961	2.14936637844829	1.97540535724496	0.0813119532385219	1.81594907547863	2.13486163901128
2.17251194760814	0.0911258970542758	1.99390518938176	2.35111870583452	2.09191005759315	0.123027998985228	1.85077517958211	2.3330449356042	2.09191005759315	0.0911258970542758	1.90686733476416	2.26139187569617	2.0908009970633	0.0846763143124757	1.92473778731784	2.25686420680877
1.89019241197087	0.0779703515873024	1.73737052285976	2.04301430108199	1.91419251313924	0.104805564432083	1.70877360685236	2.11961141942613	1.91419251313924	0.0779703515873024	1.76086019619048	2.06679624021466	1.91454776690275	0.0727396984325898	1.7719203808974	2.0571751529081
1.9204013215124	0.0800254602359524	1.76355141944993	2.07725122357487	1.89219256521916	0.104957334316759	1.68647618995831	2.09790894048001	1.89219256521916	0.0800254602359524	1.74255138056609	2.05641213260391	1.89429146809897	0.0746979358810424	1.74780755622779	2.04077537997015
2.09260808115873	0.0873179493185406	1.92146490049439	2.26375126182307	2.03512917270928	0.11646811085207	1.80685167543922	2.26340666997934	2.03512917270928	0.0873179493185406	1.86295550233923	2.20189307701889	2.03740487589083	0.0808551031406084	1.87884417542405	2.19596557635762
2.20791902963003	0.0774146890698567	2.05618623905311	2.35965182020695	2.21045386363578	0.104168392616613	2.00628381410722	2.41462391316435	2.21045386363578	0.0774146890698567	2.06044507886225	2.36465458896287	2.21290634447813	0.0723928611129957	2.07095078446958	2.35486190448667
1.95448970535828	0.0746728494160806	1.80813092050276	2.1008484902138	2.00275025178468	0.101671235850029	1.80347462951862	2.20202587405073	2.00275025178468	0.0746728494160806	1.85755344410876	2.13842206666762	2.00453067663413	0.0705188518791256	1.86625825471132	2.14280309855694
2.06855708113611	0.0865543950179295	1.89891046690097	2.23820369537125	2.13035505017373	0.116049973781523	1.90289710156195	2.35781299878552	2.13035505017373	0.0865543950179295	1.96458573119921	2.30174892827288	2.13034057667661	0.0796866895663037	1.97407041741856	2.28661073593467
2.06620451911689	0.0868353745778793	1.89600718494424	2.23640185328953	2.03607477543342	0.114032736846522	1.81257061121424	2.25957893965261	2.03607477543342	0.0868353745778793	1.8705568540217	2.21284947797665	2.03739360469175	0.0796603482424953	1.88117133990648	2.19361586947702
1.87492794248126	0.0793889109420686	1.71932567703481	2.03053020792772	1.86551917287394	0.107583367481861	1.65465577260949	2.07638257313839	1.86551917287394	0.0793889109420686	1.7035791048262	2.02025606348594	1.86515113720786	0.0712680922779834	1.72540869972316	2.00489357469256
1.95335182300469	0.0824085218894264	1.79183112010141	2.11487252590796	1.96117209266276	0.108733350979693	1.74805472474256	2.17428946058296	1.96117209266276	0.0824085218894264	1.80861888619094	2.12443745853915	1.96052121759313	0.0754340823341058	1.8126059685397	2.10843646664655
1.97462389831728	0.0756317875628593	1.82638559469407	2.12286220194048	2.04269376842819	0.0987955509002433	1.84905448866372	2.23633304819267	2.04269376842819	0.0756317875628593	1.88849677880698	2.18053011200898	2.04384988778356	0.0700402450271755	1.90651676791131	2.18118300765581
2.0190685393223	0.0793502924574661	1.86354196610567	2.17459511253894	1.96246912675207	0.106461444008836	1.75380469649475	2.17113355700939	1.96246912675207	0.0793502924574661	1.80589725034425	2.12272062397988	1.96508737537804	0.0729782455867743	1.82199030061932	2.10818445013675
1.99466452310188	0.0815494080290185	1.83482768336501	2.15450136283876	2.02760721903439	0.110046382320546	1.81191630968612	2.24329812838266	2.02760721903439	0.0815494080290185	1.86641432071008	2.17988118756882	2.0275666314931	0.0748689124700669	1.88074981480927	2.17438344817692
2.00171336737581	0.0772060590604329	1.85038949161736	2.15303724313426	2.01522137397949	0.103199951287684	1.81294946945563	2.21749327850335	2.01522137397949	0.0772060590604329	1.86311049479668	2.16807843537096	2.01466992182775	0.0691346326686787	1.87911324837837	2.15022659527713
2.03083764062261	0.0824437172690209	1.86924795477533	2.19242732646989	1.97166009890459	0.113248009014418	1.74969400123633	2.19362619657285	1.97166009890459	0.0824437172690209	1.80910297699706	2.13077993659201	1.96790883151924	0.074398873491585	1.82202098847046	2.11379667456802
2.06937842038481	0.092382743675307	1.8883082427812	2.25044859798841	2.06028813252281	0.122081586888852	1.82100822222066	2.29956804282496	2.06028813252281	0.092382743675307	1.87833490171769	2.23364980718211	2.06051442990078	0.0847099729367316	1.8943857035542	2.22664315624737
1.87035640826809	0.0846037433611778	1.70453307128018	2.036179745256	1.84371843827688	0.111169845725695	1.62582554065452	2.06161133589924	1.84371843827688	0.0846037433611778	1.68593445466603	2.01913737645213	1.84485194385341	0.0776091711411848	1.69266242909731	1.99704145860951
1.974355658134	0.077703054647678	1.82205767102455	2.12665364524345	1.98469906446246	0.106911798403272	1.77515193959205	2.19424618933287	1.98469906446246	0.077703054647678	1.83720174420652	2.13798776492702	1.98671899909984	0.0709269926117362	1.8476415984481	2.12579639975159
1.97626177213618	0.0755630426968572	1.82815820845034	2.12436533582202	1.99259612767545	0.0990045674162786	1.79854717553955	2.18664507981136	1.99259612767545	0.0755630426968572	1.84226661366686	2.13596938091022	1.99405065111656	0.0719865577584615	1.8528936115511	2.13520769068202
1.9197904629607	0.0772156216112624	1.76844784460263	2.07113308131877	1.94980249446554	0.0996863117465501	1.7544173234423	2.14518766548878	1.94980249446554	0.0772156216112624	1.79761807197533	2.10431445835863	1.95114595126036	0.0742246928634837	1.80559391542234	2.09669798709838
2.00469423434871	0.0798036628067572	1.84827905524746	2.16110941344995	2.01609993905124	0.106572382444359	1.80721806946029	2.22498180864218	2.01609993905124	0.0798036628067572	1.85537709928469	2.1723170385509	2.01509056828485	0.0712496497634399	1.87537425100152	2.15480688556818
1.97758618744053	0.0762887016986433	1.82806033211119	2.12711204276987	1.99870088054561	0.0983194285440128	1.80599480059935	2.19140696049188	1.99870088054561	0.0762887016986433	1.85485000456603	2.15160965615113	2.00035073618137	0.0716687984933495	1.85981517367787	2.14088629868486
2.07503296512868	0.0841529767960013	1.91009313060852	2.23997279964884	2.07029657797323	0.112826817173264	1.84915601631363	2.29143713963283	2.07029657797323	0.0841529767960013	1.90628253482119	2.23926743594052	2.07008730463595	0.0753422909403764	1.92234558444727	2.21782902482463
1.90242630449881	0.0829940581882375	1.73975795044987	2.06509465854776	1.90808885326453	0.108045602862767	1.69631947165351	2.11985823487555	1.90808885326453	0.0829940581882375	1.74790583266285	2.07026117444031	1.90806757273757	0.0764567652977057	1.75813547761069	2.05799966786444
2.05341376497424	0.0814084399157221	1.89385322273943	2.21297430720906	2.10595388361522	0.107248830860864	1.89574617512793	2.31616159210251	2.10595388361522	0.0814084399157221	1.94904706185469	2.2679742033016	2.10744146044863	0.0747852598834493	1.96079827653213	2.25408464436514
1.97196368763915	0.0779463698540602	1.81918880272519	2.12473857255311	2.00150324150965	0.106277177762717	1.79319997309473	2.20980650992458	2.00150324150965	0.0779463698540602	1.83932694206424	2.14136460387727	2.00123505821763	0.0719881445286055	1.86007384788718	2.14239626854807
2.19842230613963	0.0762710603906091	2.04893102777404	2.34791358450523	2.16866096675389	0.10014265473166	1.97238136347983	2.36494057002794	2.16866096675389	0.0762710603906091	2.01382405130984	2.31393161783808	2.16740582619971	0.0698639051419476	2.03041555059111	2.30439610180831
2.01605291376285	0.0731627521586319	1.87265391953193	2.15945190799376	2.05858671979681	0.0952080748187344	1.87197889315209	2.24519454644153	2.05858671979681	0.0731627521586319	1.91710697843312	2.20343986133973	2.06156727485371	0.0676046320149832	1.92901180253601	2.19412274717142
1.95484777154421	0.0763891622274427	1.80512501357842	2.10457052951	1.935639691309	0.101869454685223	1.73597556012596	2.13530382249204	1.935639691309	0.0763891622274427	1.79217679206777	2.08245682741481	1.93635874538828	0.0719812942088615	1.79521125341017	2.07750623736638
2.039724331754	0.0749238186890714	1.89287364712342	2.18657501638458	2.0594199695657	0.0981563428114127	1.86703353765533	2.25180640147607	2.0594199695657	0.0749238186890714	1.91190515993254	2.20013010274108	2.0639682853857	0.0696700449663361	1.92736183166931	2.20057473910209
2.09762358281247	0.0789580440265694	1.94286581652039	2.25238134910454	2.07505222166236	0.105763550322793	1.86775566302968	2.28234878029503	2.07505222166236	0.0789580440265694	1.92551413439845	2.23704036593574	2.07500520469514	0.0708900971295668	1.93600224548257	2.21400816390771
2.0219028631254	0.0819598223491642	1.86126161132104	2.18254411492976	1.99593580088077	0.113729511883852	1.77302595758842	2.21884564417312	1.99593580088077	0.0819598223491642	1.83573993961036	2.168188517548	1.99921010791513	0.0762258375700596	1.84972883829717	2.14869137753308
2.02790379559601	0.0816207561136091	1.86792711361333	2.18788047757868	2.02398519468994	0.108802474979473	1.81073234373017	2.2372380456497	2.02398519468994	0.0816207561136091	1.86202756041003	2.17594739499125	2.02761595876956	0.0735263756152154	1.88344087151706	2.17179104602207
2.05847070328882	0.0831733513280304	1.89545093468588	2.22149047189176	2.06057687637371	0.111170019140432	1.84268363885847	2.27847011388896	2.06057687637371	0.0831733513280304	1.89618811060839	2.21421190273814	2.0597461852256	0.0771358286407313	1.90848582936854	2.21100654108267
1.89812461388007	0.0774287652602954	1.74636423396989	2.04988499379025	1.93855066746389	0.105097338942088	1.73255988313739	2.14454145179038	1.93855066746389	0.0774287652602954	1.79228796328082	2.10341524363602	1.93768364533121	0.0729957680838153	1.79454650090283	2.08082078975959
1.89974994590755	0.0841214168316601	1.7348719689175	2.06462792289761	1.94936672335206	0.115457955210886	1.72306913113873	2.1756643155654	1.94936672335206	0.0841214168316601	1.78246656919709	2.12206334884698	1.95035741478243	0.0766559614498656	1.80004062425191	2.10067420531296
NA	NA	NA	NA	NA	NA	NA	NA	NA	NA	NA	NA	NA	NA	NA	NA
NA	NA	NA	NA	NA	NA	NA	NA	NA	NA	NA	NA	NA	NA	NA	NA
NA	NA	NA	NA	NA	NA	NA	NA	NA	NA	NA	NA	NA	NA	NA	NA
NA	NA	NA	NA	NA	NA	NA	NA	NA	NA	NA	NA	NA	NA	NA	NA
NA	NA	NA	NA	NA	NA	NA	NA	NA	NA	NA	NA	NA	NA	NA	NA
NA	NA	NA	NA	NA	NA	NA	NA	NA	NA	NA	NA	NA	NA	NA	NA
NA	NA	NA	NA	NA	NA	NA	NA	NA	NA	NA	NA	NA	NA	NA	NA
NA	NA	NA	NA	NA	NA	NA	NA	NA	NA	NA	NA	NA	NA	NA	NA
NA	NA	NA	NA	NA	NA	NA	NA	NA	NA	NA	NA	NA	NA	NA	NA
NA	NA	NA	NA	NA	NA	NA	NA	NA	NA	NA	NA	NA	NA	NA	NA
NA	NA	NA	NA	NA	NA	NA	NA	NA	NA	NA	NA	NA	NA	NA	NA
NA	NA	NA	NA	NA	NA	NA	NA	NA	NA	NA	NA	NA	NA	NA	NA
NA	NA	NA	NA	NA	NA	NA	NA	NA	NA	NA	NA	NA	NA	NA	NA
NA	NA	NA	NA	NA	NA	NA	NA	NA	NA	NA	NA	NA	NA	NA	NA
NA	NA	NA	NA	NA	NA	NA	NA	NA	NA	NA	NA	NA	NA	NA	NA
NA	NA	NA	NA	NA	NA	NA	NA	NA	NA	NA	NA	NA	NA	NA	NA
NA	NA	NA	NA	NA	NA	NA	NA	NA	NA	NA	NA	NA	NA	NA	NA
NA	NA	NA	NA	NA	NA	NA	NA	NA	NA	NA	NA	NA	NA	NA	NA
NA	NA	NA	NA	NA	NA	NA	NA	NA	NA	NA	NA	NA	NA	NA	NA
NA	NA	NA	NA	NA	NA	NA	NA	NA	NA	NA	NA	NA	NA	NA	NA
NA	NA	NA	NA	NA	NA	NA	NA	NA	NA	NA	NA	NA	NA	NA	NA
NA	NA	NA	NA	NA	NA	NA	NA	NA	NA	NA	NA	NA	NA	NA	NA
NA	NA	NA	NA	NA	NA	NA	NA	NA	NA	NA	NA	NA	NA	NA	NA
NA	NA	NA	NA	NA	NA	NA	NA	NA	NA	NA	NA	NA	NA	NA	NA
NA	NA	NA	NA	NA	NA	NA	NA	NA	NA	NA	NA	NA	NA	NA	NA
NA	NA	NA	NA	NA	NA	NA	NA	NA	NA	NA	NA	NA	NA	NA	NA
NA	NA	NA	NA	NA	NA	NA	NA	NA	NA	NA	NA	NA	NA	NA	NA
NA	NA	NA	NA	NA	NA	NA	NA	NA	NA	NA	NA	NA	NA	NA	NA
NA	NA	NA	NA	NA	NA	NA	NA	NA	NA	NA	NA	NA	NA	NA	NA
NA	NA	NA	NA	NA	NA	NA	NA	NA	NA	NA	NA	NA	NA	NA	NA
NA	NA	NA	NA	NA	NA	NA	NA	NA	NA	NA	NA	NA	NA	NA	NA
NA	NA	NA	NA	NA	NA	NA	NA	NA	NA	NA	NA	NA	NA	NA	NA
NA	NA	NA	NA	NA	NA	NA	NA	NA	NA	NA	NA	NA	NA	NA	NA
NA	NA	NA	NA	NA	NA	NA	NA	NA	NA	NA	NA	NA	NA	NA	NA
NA	NA	NA	NA	NA	NA	NA	NA	NA	NA	NA	NA	NA	NA	NA	NA
NA	NA	NA	NA	NA	NA	NA	NA	NA	NA	NA	NA	NA	NA	NA	NA
NA	NA	NA	NA	NA	NA	NA	NA	NA	NA	NA	NA	NA	NA	NA	NA
NA	NA	NA	NA	NA	NA	NA	NA	NA	NA	NA	NA	NA	NA	NA	NA
NA	NA	NA	NA	NA	NA	NA	NA	NA	NA	NA	NA	NA	NA	NA	NA
NA	NA	NA	NA	NA	NA	NA	NA	NA	NA	NA	NA	NA	NA	NA	NA
NA	NA	NA	NA	NA	NA	NA	NA	NA	NA	NA	NA	NA	NA	NA	NA
NA	NA	NA	NA	NA	NA	NA	NA	NA	NA	NA	NA	NA	NA	NA	NA
NA	NA	NA	NA	NA	NA	NA	NA	NA	NA	NA	NA	NA	NA	NA	NA
NA	NA	NA	NA	NA	NA	NA	NA	NA	NA	NA	NA	NA	NA	NA	NA
NA	NA	NA	NA	NA	NA	NA	NA	NA	NA	NA	NA	NA	NA	NA	NA
NA	NA	NA	NA	NA	NA	NA	NA	NA	NA	NA	NA	NA	NA	NA	NA
NA	NA	NA	NA	NA	NA	NA	NA	NA	NA	NA	NA	NA	NA	NA	NA
NA	NA	NA	NA	NA	NA	NA	NA	NA	NA	NA	NA	NA	NA	NA	NA
NA	NA	NA	NA	NA	NA	NA	NA	NA	NA	NA	NA	NA	NA	NA	NA
NA	NA	NA	NA	NA	NA	NA	NA	NA	NA	NA	NA	NA	NA	NA	NA
NA	NA	NA	NA	NA	NA	NA	NA	NA	NA	NA	NA	NA	NA	NA	NA
NA	NA	NA	NA	NA	NA	NA	NA	NA	NA	NA	NA	NA	NA	NA	NA
NA	NA	NA	NA	NA	NA	NA	NA	NA	NA	NA	NA	NA	NA	NA	NA
NA	NA	NA	NA	NA	NA	NA	NA	NA	NA	NA	NA	NA	NA	NA	NA
NA	NA	NA	NA	NA	NA	NA	NA	NA	NA	NA	NA	NA	NA	NA	NA
NA	NA	NA	NA	NA	NA	NA	NA	NA	NA	NA	NA	NA	NA	NA	NA
NA	NA	NA	NA	NA	NA	NA	NA	NA	NA	NA	NA	NA	NA	NA	NA
NA	NA	NA	NA	NA	NA	NA	NA	NA	NA	NA	NA	NA	NA	NA	NA
NA	NA	NA	NA	NA	NA	NA	NA	NA	NA	NA	NA	NA	NA	NA	NA
NA	NA	NA	NA	NA	NA	NA	NA	NA	NA	NA	NA	NA	NA	NA	NA
NA	NA	NA	NA	NA	NA	NA	NA	NA	NA	NA	NA	NA	NA	NA	NA
NA	NA	NA	NA	NA	NA	NA	NA	NA	NA	NA	NA	NA	NA	NA	NA
NA	NA	NA	NA	NA	NA	NA	NA	NA	NA	NA	NA	NA	NA	NA	NA
NA	NA	NA	NA	NA	NA	NA	NA	NA	NA	NA	NA	NA	NA	NA	NA
NA	NA	NA	NA	NA	NA	NA	NA	NA	NA	NA	NA	NA	NA	NA	NA
NA	NA	NA	NA	NA	NA	NA	NA	NA	NA	NA	NA	NA	NA	NA	NA
NA	NA	NA	NA	NA	NA	NA	NA	NA	NA	NA	NA	NA	NA	NA	NA
NA	NA	NA	NA	NA	NA	NA	NA	NA	NA	NA	NA	NA	NA	NA	NA
NA	NA	NA	NA	NA	NA	NA	NA	NA	NA	NA	NA	NA	NA	NA	NA
NA	NA	NA	NA	NA	NA	NA	NA	NA	NA	NA	NA	NA	NA	NA	NA
NA	NA	NA	NA	NA	NA	NA	NA	NA	NA	NA	NA	NA	NA	NA	NA
NA	NA	NA	NA	NA	NA	NA	NA	NA	NA	NA	NA	NA	NA	NA	NA
NA	NA	NA	NA	NA	NA	NA	NA	NA	NA	NA	NA	NA	NA	NA	NA
NA	NA	NA	NA	NA	NA	NA	NA	NA	NA	NA	NA	NA	NA	NA	NA
NA	NA	NA	NA	NA	NA	NA	NA	NA	NA	NA	NA	NA	NA	NA	NA
NA	NA	NA	NA	NA	NA	NA	NA	NA	NA	NA	NA	NA	NA	NA	NA
NA	NA	NA	NA	NA	NA	NA	NA	NA	NA	NA	NA	NA	NA	NA	NA
NA	NA	NA	NA	NA	NA	NA	NA	NA	NA	NA	NA	NA	NA	NA	NA
NA	NA	NA	NA	NA	NA	NA	NA	NA	NA	NA	NA	NA	NA	NA	NA
NA	NA	NA	NA	NA	NA	NA	NA	NA	NA	NA	NA	NA	NA	NA	NA
NA	NA	NA	NA	NA	NA	NA	NA	NA	NA	NA	NA	NA	NA	NA	NA
NA	NA	NA	NA	NA	NA	NA	NA	NA	NA	NA	NA	NA	NA	NA	NA
NA	NA	NA	NA	NA	NA	NA	NA	NA	NA	NA	NA	NA	NA	NA	NA
NA	NA	NA	NA	NA	NA	NA	NA	NA	NA	NA	NA	NA	NA	NA	NA
NA	NA	NA	NA	NA	NA	NA	NA	NA	NA	NA	NA	NA	NA	NA	NA
NA	NA	NA	NA	NA	NA	NA	NA	NA	NA	NA	NA	NA	NA	NA	NA
NA	NA	NA	NA	NA	NA	NA	NA	NA	NA	NA	NA	NA	NA	NA	NA
NA	NA	NA	NA	NA	NA	NA	NA	NA	NA	NA	NA	NA	NA	NA	NA
NA	NA	NA	NA	NA	NA	NA	NA	NA	NA	NA	NA	NA	NA	NA	NA
NA	NA	NA	NA	NA	NA	NA	NA	NA	NA	NA	NA	NA	NA	NA	NA
NA	NA	NA	NA	NA	NA	NA	NA	NA	NA	NA	NA	NA	NA	NA	NA
NA	NA	NA	NA	NA	NA	NA	NA	NA	NA	NA	NA	NA	NA	NA	NA
NA	NA	NA	NA	NA	NA	NA	NA	NA	NA	NA	NA	NA	NA	NA	NA
NA	NA	NA	NA	NA	NA	NA	NA	NA	NA	NA	NA	NA	NA	NA	NA
NA	NA	NA	NA	NA	NA	NA	NA	NA	NA	NA	NA	NA	NA	NA	NA
NA	NA	NA	NA	NA	NA	NA	NA	NA	NA	NA	NA	NA	NA	NA	NA
NA	NA	NA	NA	NA	NA	NA	NA	NA	NA	NA	NA	NA	NA	NA	NA
NA	NA	NA	NA	NA	NA	NA	NA	NA	NA	NA	NA	NA	NA	NA	NA
NA	NA	NA	NA	NA	NA	NA	NA	NA	NA	NA	NA	NA	NA	NA	NA
NA	NA	NA	NA	NA	NA	NA	NA	NA	NA	NA	NA	NA	NA	NA	NA
NA	NA	NA	NA	NA	NA	NA	NA	NA	NA	NA	NA	NA	NA	NA	NA
NA	NA	NA	NA	NA	NA	NA	NA	NA	NA	NA	NA	NA	NA	NA	NA
NA	NA	NA	NA	NA	NA	NA	NA	NA	NA	NA	NA	NA	NA	NA	NA
NA	NA	NA	NA	NA	NA	NA	NA	NA	NA	NA	NA	NA	NA	NA	NA
NA	NA	NA	NA	NA	NA	NA	NA	NA	NA	NA	NA	NA	NA	NA	NA
NA	NA	NA	NA	NA	NA	NA	NA	NA	NA	NA	NA	NA	NA	NA	NA
NA	NA	NA	NA	NA	NA	NA	NA	NA	NA	NA	NA	NA	NA	NA	NA
NA	NA	NA	NA	NA	NA	NA	NA	NA	NA	NA	NA	NA	NA	NA	NA
NA	NA	NA	NA	NA	NA	NA	NA	NA	NA	NA	NA	NA	NA	NA	NA
NA	NA	NA	NA	NA	NA	NA	NA	NA	NA	NA	NA	NA	NA	NA	NA
NA	NA	NA	NA	NA	NA	NA	NA	NA	NA	NA	NA	NA	NA	NA	NA
NA	NA	NA	NA	NA	NA	NA	NA	NA	NA	NA	NA	NA	NA	NA	NA
NA	NA	NA	NA	NA	NA	NA	NA	NA	NA	NA	NA	NA	NA	NA	NA
NA	NA	NA	NA	NA	NA	NA	NA	NA	NA	NA	NA	NA	NA	NA	NA
NA	NA	NA	NA	NA	NA	NA	NA	NA	NA	NA	NA	NA	NA	NA	NA
NA	NA	NA	NA	NA	NA	NA	NA	NA	NA	NA	NA	NA	NA	NA	NA
NA	NA	NA	NA	NA	NA	NA	NA	NA	NA	NA	NA	NA	NA	NA	NA
NA	NA	NA	NA	NA	NA	NA	NA	NA	NA	NA	NA	NA	NA	NA	NA
NA	NA	NA	NA	NA	NA	NA	NA	NA	NA	NA	NA	NA	NA	NA	NA
NA	NA	NA	NA	NA	NA	NA	NA	NA	NA	NA	NA	NA	NA	NA	NA
NA	NA	NA	NA	NA	NA	NA	NA	NA	NA	NA	NA	NA	NA	NA	NA
NA	NA	NA	NA	NA	NA	NA	NA	NA	NA	NA	NA	NA	NA	NA	NA
NA	NA	NA	NA	NA	NA	NA	NA	NA	NA	NA	NA	NA	NA	NA	NA
NA	NA	NA	NA	NA	NA	NA	NA	NA	NA	NA	NA	NA	NA	NA	NA
NA	NA	NA	NA	NA	NA	NA	NA	NA	NA	NA	NA	NA	NA	NA	NA
NA	NA	NA	NA	NA	NA	NA	NA	NA	NA	NA	NA	NA	NA	NA	NA
NA	NA	NA	NA	NA	NA	NA	NA	NA	NA	NA	NA	NA	NA	NA	NA
NA	NA	NA	NA	NA	NA	NA	NA	NA	NA	NA	NA	NA	NA	NA	NA
NA	NA	NA	NA	NA	NA	NA	NA	NA	NA	NA	NA	NA	NA	NA	NA
NA	NA	NA	NA	NA	NA	NA	NA	NA	NA	NA	NA	NA	NA	NA	NA
NA	NA	NA	NA	NA	NA	NA	NA	NA	NA	NA	NA	NA	NA	NA	NA
NA	NA	NA	NA	NA	NA	NA	NA	NA	NA	NA	NA	NA	NA	NA	NA
NA	NA	NA	NA	NA	NA	NA	NA	NA	NA	NA	NA	NA	NA	NA	NA
NA	NA	NA	NA	NA	NA	NA	NA	NA	NA	NA	NA	NA	NA	NA	NA
NA	NA	NA	NA	NA	NA	NA	NA	NA	NA	NA	NA	NA	NA	NA	NA
NA	NA	NA	NA	NA	NA	NA	NA	NA	NA	NA	NA	NA	NA	NA	NA
NA	NA	NA	NA	NA	NA	NA	NA	NA	NA	NA	NA	NA	NA	NA	NA
NA	NA	NA	NA	NA	NA	NA	NA	NA	NA	NA	NA	NA	NA	NA	NA
NA	NA	NA	NA	NA	NA	NA	NA	NA	NA	NA	NA	NA	NA	NA	NA
NA	NA	NA	NA	NA	NA	NA	NA	NA	NA	NA	NA	NA	NA	NA	NA
NA	NA	NA	NA	NA	NA	NA	NA	NA	NA	NA	NA	NA	NA	NA	NA
NA	NA	NA	NA	NA	NA	NA	NA	NA	NA	NA	NA	NA	NA	NA	NA
NA	NA	NA	NA	NA	NA	NA	NA	NA	NA	NA	NA	NA	NA	NA	NA
NA	NA	NA	NA	NA	NA	NA	NA	NA	NA	NA	NA	NA	NA	NA	NA
NA	NA	NA	NA	NA	NA	NA	NA	NA	NA	NA	NA	NA	NA	NA	NA
NA	NA	NA	NA	NA	NA	NA	NA	NA	NA	NA	NA	NA	NA	NA	NA
NA	NA	NA	NA	NA	NA	NA	NA	NA	NA	NA	NA	NA	NA	NA	NA
NA	NA	NA	NA	NA	NA	NA	NA	NA	NA	NA	NA	NA	NA	NA	NA
NA	NA	NA	NA	NA	NA	NA	NA	NA	NA	NA	NA	NA	NA	NA	NA
NA	NA	NA	NA	NA	NA	NA	NA	NA	NA	NA	NA	NA	NA	NA	NA
NA	NA	NA	NA	NA	NA	NA	NA	NA	NA	NA	NA	NA	NA	NA	NA
NA	NA	NA	NA	NA	NA	NA	NA	NA	NA	NA	NA	NA	NA	NA	NA
NA	NA	NA	NA	NA	NA	NA	NA	NA	NA	NA	NA	NA	NA	NA	NA
NA	NA	NA	NA	NA	NA	NA	NA	NA	NA	NA	NA	NA	NA	NA	NA
NA	NA	NA	NA	NA	NA	NA	NA	NA	NA	NA	NA	NA	NA	NA	NA
NA	NA	NA	NA	NA	NA	NA	NA	NA	NA	NA	NA	NA	NA	NA	NA
NA	NA	NA	NA	NA	NA	NA	NA	NA	NA	NA	NA	NA	NA	NA	NA
NA	NA	NA	NA	NA	NA	NA	NA	NA	NA	NA	NA	NA	NA	NA	NA
NA	NA	NA	NA	NA	NA	NA	NA	NA	NA	NA	NA	NA	NA	NA	NA
NA	NA	NA	NA	NA	NA	NA	NA	NA	NA	NA	NA	NA	NA	NA	NA
NA	NA	NA	NA	NA	NA	NA	NA	NA	NA	NA	NA	NA	NA	NA	NA
NA	NA	NA	NA	NA	NA	NA	NA	NA	NA	NA	NA	NA	NA	NA	NA
NA	NA	NA	NA	NA	NA	NA	NA	NA	NA	NA	NA	NA	NA	NA	NA
NA	NA	NA	NA	NA	NA	NA	NA	NA	NA	NA	NA	NA	NA	NA	NA
NA	NA	NA	NA	NA	NA	NA	NA	NA	NA	NA	NA	NA	NA	NA	NA
NA	NA	NA	NA	NA	NA	NA	NA	NA	NA	NA	NA	NA	NA	NA	NA
NA	NA	NA	NA	NA	NA	NA	NA	NA	NA	NA	NA	NA	NA	NA	NA
NA	NA	NA	NA	NA	NA	NA	NA	NA	NA	NA	NA	NA	NA	NA	NA
NA	NA	NA	NA	NA	NA	NA	NA	NA	NA	NA	NA	NA	NA	NA	NA
NA	NA	NA	NA	NA	NA	NA	NA	NA	NA	NA	NA	NA	NA	NA	NA
NA	NA	NA	NA	NA	NA	NA	NA	NA	NA	NA	NA	NA	NA	NA	NA
NA	NA	NA	NA	NA	NA	NA	NA	NA	NA	NA	NA	NA	NA	NA	NA
NA	NA	NA	NA	NA	NA	NA	NA	NA	NA	NA	NA	NA	NA	NA	NA
NA	NA	NA	NA	NA	NA	NA	NA	NA	NA	NA	NA	NA	NA	NA	NA
NA	NA	NA	NA	NA	NA	NA	NA	NA	NA	NA	NA	NA	NA	NA	NA
NA	NA	NA	NA	NA	NA	NA	NA	NA	NA	NA	NA	NA	NA	NA	NA
NA	NA	NA	NA	NA	NA	NA	NA	NA	NA	NA	NA	NA	NA	NA	NA
NA	NA	NA	NA	NA	NA	NA	NA	NA	NA	NA	NA	NA	NA	NA	NA
NA	NA	NA	NA	NA	NA	NA	NA	NA	NA	NA	NA	NA	NA	NA	NA
NA	NA	NA	NA	NA	NA	NA	NA	NA	NA	NA	NA	NA	NA	NA	NA
NA	NA	NA	NA	NA	NA	NA	NA	NA	NA	NA	NA	NA	NA	NA	NA
NA	NA	NA	NA	NA	NA	NA	NA	NA	NA	NA	NA	NA	NA	NA	NA
NA	NA	NA	NA	NA	NA	NA	NA	NA	NA	NA	NA	NA	NA	NA	NA
NA	NA	NA	NA	NA	NA	NA	NA	NA	NA	NA	NA	NA	NA	NA	NA
NA	NA	NA	NA	NA	NA	NA	NA	NA	NA	NA	NA	NA	NA	NA	NA
NA	NA	NA	NA	NA	NA	NA	NA	NA	NA	NA	NA	NA	NA	NA	NA
NA	NA	NA	NA	NA	NA	NA	NA	NA	NA	NA	NA	NA	NA	NA	NA
NA	NA	NA	NA	NA	NA	NA	NA	NA	NA	NA	NA	NA	NA	NA	NA
NA	NA	NA	NA	NA	NA	NA	NA	NA	NA	NA	NA	NA	NA	NA	NA
NA	NA	NA	NA	NA	NA	NA	NA	NA	NA	NA	NA	NA	NA	NA	NA
NA	NA	NA	NA	NA	NA	NA	NA	NA	NA	NA	NA	NA	NA	NA	NA
NA	NA	NA	NA	NA	NA	NA	NA	NA	NA	NA	NA	NA	NA	NA	NA
NA	NA	NA	NA	NA	NA	NA	NA	NA	NA	NA	NA	NA	NA	NA	NA
NA	NA	NA	NA	NA	NA	NA	NA	NA	NA	NA	NA	NA	NA	NA	NA
NA	NA	NA	NA	NA	NA	NA	NA	NA	NA	NA	NA	NA	NA	NA	NA
NA	NA	NA	NA	NA	NA	NA	NA	NA	NA	NA	NA	NA	NA	NA	NA
NA	NA	NA	NA	NA	NA	NA	NA	NA	NA	NA	NA	NA	NA	NA	NA
NA	NA	NA	NA	NA	NA	NA	NA	NA	NA	NA	NA	NA	NA	NA	NA
NA	NA	NA	NA	NA	NA	NA	NA	NA	NA	NA	NA	NA	NA	NA	NA
NA	NA	NA	NA	NA	NA	NA	NA	NA	NA	NA	NA	NA	NA	NA	NA
