X1	X2	X3	X4	X1.1	X2.1	X3.1	X4.1	X1.2	X2.2	X3.2	X4.2	X1.3	X2.3	X3.3	X4.3
NA	NA	NA	NA	NA	NA	NA	NA	NA	NA	NA	NA	NA	NA	NA	NA
NA	NA	NA	NA	NA	NA	NA	NA	NA	NA	NA	NA	NA	NA	NA	NA
NA	NA	NA	NA	NA	NA	NA	NA	NA	NA	NA	NA	NA	NA	NA	NA
NA	NA	NA	NA	NA	NA	NA	NA	NA	NA	NA	NA	NA	NA	NA	NA
NA	NA	NA	NA	NA	NA	NA	NA	NA	NA	NA	NA	NA	NA	NA	NA
NA	NA	NA	NA	NA	NA	NA	NA	NA	NA	NA	NA	NA	NA	NA	NA
NA	NA	NA	NA	NA	NA	NA	NA	NA	NA	NA	NA	NA	NA	NA	NA
NA	NA	NA	NA	NA	NA	NA	NA	NA	NA	NA	NA	NA	NA	NA	NA
NA	NA	NA	NA	NA	NA	NA	NA	NA	NA	NA	NA	NA	NA	NA	NA
NA	NA	NA	NA	NA	NA	NA	NA	NA	NA	NA	NA	NA	NA	NA	NA
NA	NA	NA	NA	NA	NA	NA	NA	NA	NA	NA	NA	NA	NA	NA	NA
NA	NA	NA	NA	NA	NA	NA	NA	NA	NA	NA	NA	NA	NA	NA	NA
NA	NA	NA	NA	NA	NA	NA	NA	NA	NA	NA	NA	NA	NA	NA	NA
NA	NA	NA	NA	NA	NA	NA	NA	NA	NA	NA	NA	NA	NA	NA	NA
NA	NA	NA	NA	NA	NA	NA	NA	NA	NA	NA	NA	NA	NA	NA	NA
NA	NA	NA	NA	NA	NA	NA	NA	NA	NA	NA	NA	NA	NA	NA	NA
NA	NA	NA	NA	NA	NA	NA	NA	NA	NA	NA	NA	NA	NA	NA	NA
NA	NA	NA	NA	NA	NA	NA	NA	NA	NA	NA	NA	NA	NA	NA	NA
NA	NA	NA	NA	NA	NA	NA	NA	NA	NA	NA	NA	NA	NA	NA	NA
NA	NA	NA	NA	NA	NA	NA	NA	NA	NA	NA	NA	NA	NA	NA	NA
NA	NA	NA	NA	NA	NA	NA	NA	NA	NA	NA	NA	NA	NA	NA	NA
NA	NA	NA	NA	NA	NA	NA	NA	NA	NA	NA	NA	NA	NA	NA	NA
NA	NA	NA	NA	NA	NA	NA	NA	NA	NA	NA	NA	NA	NA	NA	NA
NA	NA	NA	NA	NA	NA	NA	NA	NA	NA	NA	NA	NA	NA	NA	NA
NA	NA	NA	NA	NA	NA	NA	NA	NA	NA	NA	NA	NA	NA	NA	NA
NA	NA	NA	NA	NA	NA	NA	NA	NA	NA	NA	NA	NA	NA	NA	NA
NA	NA	NA	NA	NA	NA	NA	NA	NA	NA	NA	NA	NA	NA	NA	NA
NA	NA	NA	NA	NA	NA	NA	NA	NA	NA	NA	NA	NA	NA	NA	NA
NA	NA	NA	NA	NA	NA	NA	NA	NA	NA	NA	NA	NA	NA	NA	NA
NA	NA	NA	NA	NA	NA	NA	NA	NA	NA	NA	NA	NA	NA	NA	NA
NA	NA	NA	NA	NA	NA	NA	NA	NA	NA	NA	NA	NA	NA	NA	NA
NA	NA	NA	NA	NA	NA	NA	NA	NA	NA	NA	NA	NA	NA	NA	NA
NA	NA	NA	NA	NA	NA	NA	NA	NA	NA	NA	NA	NA	NA	NA	NA
NA	NA	NA	NA	NA	NA	NA	NA	NA	NA	NA	NA	NA	NA	NA	NA
NA	NA	NA	NA	NA	NA	NA	NA	NA	NA	NA	NA	NA	NA	NA	NA
NA	NA	NA	NA	NA	NA	NA	NA	NA	NA	NA	NA	NA	NA	NA	NA
NA	NA	NA	NA	NA	NA	NA	NA	NA	NA	NA	NA	NA	NA	NA	NA
NA	NA	NA	NA	NA	NA	NA	NA	NA	NA	NA	NA	NA	NA	NA	NA
NA	NA	NA	NA	NA	NA	NA	NA	NA	NA	NA	NA	NA	NA	NA	NA
NA	NA	NA	NA	NA	NA	NA	NA	NA	NA	NA	NA	NA	NA	NA	NA
NA	NA	NA	NA	NA	NA	NA	NA	NA	NA	NA	NA	NA	NA	NA	NA
NA	NA	NA	NA	NA	NA	NA	NA	NA	NA	NA	NA	NA	NA	NA	NA
NA	NA	NA	NA	NA	NA	NA	NA	NA	NA	NA	NA	NA	NA	NA	NA
NA	NA	NA	NA	NA	NA	NA	NA	NA	NA	NA	NA	NA	NA	NA	NA
NA	NA	NA	NA	NA	NA	NA	NA	NA	NA	NA	NA	NA	NA	NA	NA
NA	NA	NA	NA	NA	NA	NA	NA	NA	NA	NA	NA	NA	NA	NA	NA
NA	NA	NA	NA	NA	NA	NA	NA	NA	NA	NA	NA	NA	NA	NA	NA
NA	NA	NA	NA	NA	NA	NA	NA	NA	NA	NA	NA	NA	NA	NA	NA
NA	NA	NA	NA	NA	NA	NA	NA	NA	NA	NA	NA	NA	NA	NA	NA
NA	NA	NA	NA	NA	NA	NA	NA	NA	NA	NA	NA	NA	NA	NA	NA
NA	NA	NA	NA	NA	NA	NA	NA	NA	NA	NA	NA	NA	NA	NA	NA
NA	NA	NA	NA	NA	NA	NA	NA	NA	NA	NA	NA	NA	NA	NA	NA
NA	NA	NA	NA	NA	NA	NA	NA	NA	NA	NA	NA	NA	NA	NA	NA
NA	NA	NA	NA	NA	NA	NA	NA	NA	NA	NA	NA	NA	NA	NA	NA
NA	NA	NA	NA	NA	NA	NA	NA	NA	NA	NA	NA	NA	NA	NA	NA
NA	NA	NA	NA	NA	NA	NA	NA	NA	NA	NA	NA	NA	NA	NA	NA
NA	NA	NA	NA	NA	NA	NA	NA	NA	NA	NA	NA	NA	NA	NA	NA
NA	NA	NA	NA	NA	NA	NA	NA	NA	NA	NA	NA	NA	NA	NA	NA
NA	NA	NA	NA	NA	NA	NA	NA	NA	NA	NA	NA	NA	NA	NA	NA
NA	NA	NA	NA	NA	NA	NA	NA	NA	NA	NA	NA	NA	NA	NA	NA
NA	NA	NA	NA	NA	NA	NA	NA	NA	NA	NA	NA	NA	NA	NA	NA
NA	NA	NA	NA	NA	NA	NA	NA	NA	NA	NA	NA	NA	NA	NA	NA
NA	NA	NA	NA	NA	NA	NA	NA	NA	NA	NA	NA	NA	NA	NA	NA
NA	NA	NA	NA	NA	NA	NA	NA	NA	NA	NA	NA	NA	NA	NA	NA
NA	NA	NA	NA	NA	NA	NA	NA	NA	NA	NA	NA	NA	NA	NA	NA
NA	NA	NA	NA	NA	NA	NA	NA	NA	NA	NA	NA	NA	NA	NA	NA
NA	NA	NA	NA	NA	NA	NA	NA	NA	NA	NA	NA	NA	NA	NA	NA
NA	NA	NA	NA	NA	NA	NA	NA	NA	NA	NA	NA	NA	NA	NA	NA
NA	NA	NA	NA	NA	NA	NA	NA	NA	NA	NA	NA	NA	NA	NA	NA
NA	NA	NA	NA	NA	NA	NA	NA	NA	NA	NA	NA	NA	NA	NA	NA
NA	NA	NA	NA	NA	NA	NA	NA	NA	NA	NA	NA	NA	NA	NA	NA
NA	NA	NA	NA	NA	NA	NA	NA	NA	NA	NA	NA	NA	NA	NA	NA
NA	NA	NA	NA	NA	NA	NA	NA	NA	NA	NA	NA	NA	NA	NA	NA
NA	NA	NA	NA	NA	NA	NA	NA	NA	NA	NA	NA	NA	NA	NA	NA
NA	NA	NA	NA	NA	NA	NA	NA	NA	NA	NA	NA	NA	NA	NA	NA
NA	NA	NA	NA	NA	NA	NA	NA	NA	NA	NA	NA	NA	NA	NA	NA
NA	NA	NA	NA	NA	NA	NA	NA	NA	NA	NA	NA	NA	NA	NA	NA
NA	NA	NA	NA	NA	NA	NA	NA	NA	NA	NA	NA	NA	NA	NA	NA
NA	NA	NA	NA	NA	NA	NA	NA	NA	NA	NA	NA	NA	NA	NA	NA
NA	NA	NA	NA	NA	NA	NA	NA	NA	NA	NA	NA	NA	NA	NA	NA
NA	NA	NA	NA	NA	NA	NA	NA	NA	NA	NA	NA	NA	NA	NA	NA
NA	NA	NA	NA	NA	NA	NA	NA	NA	NA	NA	NA	NA	NA	NA	NA
NA	NA	NA	NA	NA	NA	NA	NA	NA	NA	NA	NA	NA	NA	NA	NA
NA	NA	NA	NA	NA	NA	NA	NA	NA	NA	NA	NA	NA	NA	NA	NA
NA	NA	NA	NA	NA	NA	NA	NA	NA	NA	NA	NA	NA	NA	NA	NA
NA	NA	NA	NA	NA	NA	NA	NA	NA	NA	NA	NA	NA	NA	NA	NA
NA	NA	NA	NA	NA	NA	NA	NA	NA	NA	NA	NA	NA	NA	NA	NA
NA	NA	NA	NA	NA	NA	NA	NA	NA	NA	NA	NA	NA	NA	NA	NA
NA	NA	NA	NA	NA	NA	NA	NA	NA	NA	NA	NA	NA	NA	NA	NA
NA	NA	NA	NA	NA	NA	NA	NA	NA	NA	NA	NA	NA	NA	NA	NA
NA	NA	NA	NA	NA	NA	NA	NA	NA	NA	NA	NA	NA	NA	NA	NA
NA	NA	NA	NA	NA	NA	NA	NA	NA	NA	NA	NA	NA	NA	NA	NA
NA	NA	NA	NA	NA	NA	NA	NA	NA	NA	NA	NA	NA	NA	NA	NA
NA	NA	NA	NA	NA	NA	NA	NA	NA	NA	NA	NA	NA	NA	NA	NA
NA	NA	NA	NA	NA	NA	NA	NA	NA	NA	NA	NA	NA	NA	NA	NA
NA	NA	NA	NA	NA	NA	NA	NA	NA	NA	NA	NA	NA	NA	NA	NA
NA	NA	NA	NA	NA	NA	NA	NA	NA	NA	NA	NA	NA	NA	NA	NA
NA	NA	NA	NA	NA	NA	NA	NA	NA	NA	NA	NA	NA	NA	NA	NA
NA	NA	NA	NA	NA	NA	NA	NA	NA	NA	NA	NA	NA	NA	NA	NA
NA	NA	NA	NA	NA	NA	NA	NA	NA	NA	NA	NA	NA	NA	NA	NA
NA	NA	NA	NA	NA	NA	NA	NA	NA	NA	NA	NA	NA	NA	NA	NA
NA	NA	NA	NA	NA	NA	NA	NA	NA	NA	NA	NA	NA	NA	NA	NA
NA	NA	NA	NA	NA	NA	NA	NA	NA	NA	NA	NA	NA	NA	NA	NA
NA	NA	NA	NA	NA	NA	NA	NA	NA	NA	NA	NA	NA	NA	NA	NA
NA	NA	NA	NA	NA	NA	NA	NA	NA	NA	NA	NA	NA	NA	NA	NA
NA	NA	NA	NA	NA	NA	NA	NA	NA	NA	NA	NA	NA	NA	NA	NA
NA	NA	NA	NA	NA	NA	NA	NA	NA	NA	NA	NA	NA	NA	NA	NA
NA	NA	NA	NA	NA	NA	NA	NA	NA	NA	NA	NA	NA	NA	NA	NA
NA	NA	NA	NA	NA	NA	NA	NA	NA	NA	NA	NA	NA	NA	NA	NA
NA	NA	NA	NA	NA	NA	NA	NA	NA	NA	NA	NA	NA	NA	NA	NA
NA	NA	NA	NA	NA	NA	NA	NA	NA	NA	NA	NA	NA	NA	NA	NA
NA	NA	NA	NA	NA	NA	NA	NA	NA	NA	NA	NA	NA	NA	NA	NA
NA	NA	NA	NA	NA	NA	NA	NA	NA	NA	NA	NA	NA	NA	NA	NA
NA	NA	NA	NA	NA	NA	NA	NA	NA	NA	NA	NA	NA	NA	NA	NA
NA	NA	NA	NA	NA	NA	NA	NA	NA	NA	NA	NA	NA	NA	NA	NA
NA	NA	NA	NA	NA	NA	NA	NA	NA	NA	NA	NA	NA	NA	NA	NA
NA	NA	NA	NA	NA	NA	NA	NA	NA	NA	NA	NA	NA	NA	NA	NA
NA	NA	NA	NA	NA	NA	NA	NA	NA	NA	NA	NA	NA	NA	NA	NA
NA	NA	NA	NA	NA	NA	NA	NA	NA	NA	NA	NA	NA	NA	NA	NA
NA	NA	NA	NA	NA	NA	NA	NA	NA	NA	NA	NA	NA	NA	NA	NA
NA	NA	NA	NA	NA	NA	NA	NA	NA	NA	NA	NA	NA	NA	NA	NA
NA	NA	NA	NA	NA	NA	NA	NA	NA	NA	NA	NA	NA	NA	NA	NA
NA	NA	NA	NA	NA	NA	NA	NA	NA	NA	NA	NA	NA	NA	NA	NA
NA	NA	NA	NA	NA	NA	NA	NA	NA	NA	NA	NA	NA	NA	NA	NA
NA	NA	NA	NA	NA	NA	NA	NA	NA	NA	NA	NA	NA	NA	NA	NA
NA	NA	NA	NA	NA	NA	NA	NA	NA	NA	NA	NA	NA	NA	NA	NA
NA	NA	NA	NA	NA	NA	NA	NA	NA	NA	NA	NA	NA	NA	NA	NA
NA	NA	NA	NA	NA	NA	NA	NA	NA	NA	NA	NA	NA	NA	NA	NA
NA	NA	NA	NA	NA	NA	NA	NA	NA	NA	NA	NA	NA	NA	NA	NA
NA	NA	NA	NA	NA	NA	NA	NA	NA	NA	NA	NA	NA	NA	NA	NA
NA	NA	NA	NA	NA	NA	NA	NA	NA	NA	NA	NA	NA	NA	NA	NA
NA	NA	NA	NA	NA	NA	NA	NA	NA	NA	NA	NA	NA	NA	NA	NA
NA	NA	NA	NA	NA	NA	NA	NA	NA	NA	NA	NA	NA	NA	NA	NA
NA	NA	NA	NA	NA	NA	NA	NA	NA	NA	NA	NA	NA	NA	NA	NA
NA	NA	NA	NA	NA	NA	NA	NA	NA	NA	NA	NA	NA	NA	NA	NA
NA	NA	NA	NA	NA	NA	NA	NA	NA	NA	NA	NA	NA	NA	NA	NA
NA	NA	NA	NA	NA	NA	NA	NA	NA	NA	NA	NA	NA	NA	NA	NA
NA	NA	NA	NA	NA	NA	NA	NA	NA	NA	NA	NA	NA	NA	NA	NA
NA	NA	NA	NA	NA	NA	NA	NA	NA	NA	NA	NA	NA	NA	NA	NA
NA	NA	NA	NA	NA	NA	NA	NA	NA	NA	NA	NA	NA	NA	NA	NA
NA	NA	NA	NA	NA	NA	NA	NA	NA	NA	NA	NA	NA	NA	NA	NA
NA	NA	NA	NA	NA	NA	NA	NA	NA	NA	NA	NA	NA	NA	NA	NA
NA	NA	NA	NA	NA	NA	NA	NA	NA	NA	NA	NA	NA	NA	NA	NA
NA	NA	NA	NA	NA	NA	NA	NA	NA	NA	NA	NA	NA	NA	NA	NA
NA	NA	NA	NA	NA	NA	NA	NA	NA	NA	NA	NA	NA	NA	NA	NA
NA	NA	NA	NA	NA	NA	NA	NA	NA	NA	NA	NA	NA	NA	NA	NA
NA	NA	NA	NA	NA	NA	NA	NA	NA	NA	NA	NA	NA	NA	NA	NA
NA	NA	NA	NA	NA	NA	NA	NA	NA	NA	NA	NA	NA	NA	NA	NA
NA	NA	NA	NA	NA	NA	NA	NA	NA	NA	NA	NA	NA	NA	NA	NA
NA	NA	NA	NA	NA	NA	NA	NA	NA	NA	NA	NA	NA	NA	NA	NA
NA	NA	NA	NA	NA	NA	NA	NA	NA	NA	NA	NA	NA	NA	NA	NA
NA	NA	NA	NA	NA	NA	NA	NA	NA	NA	NA	NA	NA	NA	NA	NA
NA	NA	NA	NA	NA	NA	NA	NA	NA	NA	NA	NA	NA	NA	NA	NA
NA	NA	NA	NA	NA	NA	NA	NA	NA	NA	NA	NA	NA	NA	NA	NA
NA	NA	NA	NA	NA	NA	NA	NA	NA	NA	NA	NA	NA	NA	NA	NA
NA	NA	NA	NA	NA	NA	NA	NA	NA	NA	NA	NA	NA	NA	NA	NA
NA	NA	NA	NA	NA	NA	NA	NA	NA	NA	NA	NA	NA	NA	NA	NA
NA	NA	NA	NA	NA	NA	NA	NA	NA	NA	NA	NA	NA	NA	NA	NA
NA	NA	NA	NA	NA	NA	NA	NA	NA	NA	NA	NA	NA	NA	NA	NA
NA	NA	NA	NA	NA	NA	NA	NA	NA	NA	NA	NA	NA	NA	NA	NA
NA	NA	NA	NA	NA	NA	NA	NA	NA	NA	NA	NA	NA	NA	NA	NA
NA	NA	NA	NA	NA	NA	NA	NA	NA	NA	NA	NA	NA	NA	NA	NA
NA	NA	NA	NA	NA	NA	NA	NA	NA	NA	NA	NA	NA	NA	NA	NA
NA	NA	NA	NA	NA	NA	NA	NA	NA	NA	NA	NA	NA	NA	NA	NA
NA	NA	NA	NA	NA	NA	NA	NA	NA	NA	NA	NA	NA	NA	NA	NA
NA	NA	NA	NA	NA	NA	NA	NA	NA	NA	NA	NA	NA	NA	NA	NA
NA	NA	NA	NA	NA	NA	NA	NA	NA	NA	NA	NA	NA	NA	NA	NA
NA	NA	NA	NA	NA	NA	NA	NA	NA	NA	NA	NA	NA	NA	NA	NA
NA	NA	NA	NA	NA	NA	NA	NA	NA	NA	NA	NA	NA	NA	NA	NA
NA	NA	NA	NA	NA	NA	NA	NA	NA	NA	NA	NA	NA	NA	NA	NA
NA	NA	NA	NA	NA	NA	NA	NA	NA	NA	NA	NA	NA	NA	NA	NA
NA	NA	NA	NA	NA	NA	NA	NA	NA	NA	NA	NA	NA	NA	NA	NA
NA	NA	NA	NA	NA	NA	NA	NA	NA	NA	NA	NA	NA	NA	NA	NA
NA	NA	NA	NA	NA	NA	NA	NA	NA	NA	NA	NA	NA	NA	NA	NA
NA	NA	NA	NA	NA	NA	NA	NA	NA	NA	NA	NA	NA	NA	NA	NA
NA	NA	NA	NA	NA	NA	NA	NA	NA	NA	NA	NA	NA	NA	NA	NA
NA	NA	NA	NA	NA	NA	NA	NA	NA	NA	NA	NA	NA	NA	NA	NA
NA	NA	NA	NA	NA	NA	NA	NA	NA	NA	NA	NA	NA	NA	NA	NA
NA	NA	NA	NA	NA	NA	NA	NA	NA	NA	NA	NA	NA	NA	NA	NA
NA	NA	NA	NA	NA	NA	NA	NA	NA	NA	NA	NA	NA	NA	NA	NA
NA	NA	NA	NA	NA	NA	NA	NA	NA	NA	NA	NA	NA	NA	NA	NA
NA	NA	NA	NA	NA	NA	NA	NA	NA	NA	NA	NA	NA	NA	NA	NA
NA	NA	NA	NA	NA	NA	NA	NA	NA	NA	NA	NA	NA	NA	NA	NA
NA	NA	NA	NA	NA	NA	NA	NA	NA	NA	NA	NA	NA	NA	NA	NA
NA	NA	NA	NA	NA	NA	NA	NA	NA	NA	NA	NA	NA	NA	NA	NA
NA	NA	NA	NA	NA	NA	NA	NA	NA	NA	NA	NA	NA	NA	NA	NA
NA	NA	NA	NA	NA	NA	NA	NA	NA	NA	NA	NA	NA	NA	NA	NA
NA	NA	NA	NA	NA	NA	NA	NA	NA	NA	NA	NA	NA	NA	NA	NA
NA	NA	NA	NA	NA	NA	NA	NA	NA	NA	NA	NA	NA	NA	NA	NA
NA	NA	NA	NA	NA	NA	NA	NA	NA	NA	NA	NA	NA	NA	NA	NA
NA	NA	NA	NA	NA	NA	NA	NA	NA	NA	NA	NA	NA	NA	NA	NA
NA	NA	NA	NA	NA	NA	NA	NA	NA	NA	NA	NA	NA	NA	NA	NA
NA	NA	NA	NA	NA	NA	NA	NA	NA	NA	NA	NA	NA	NA	NA	NA
NA	NA	NA	NA	NA	NA	NA	NA	NA	NA	NA	NA	NA	NA	NA	NA
NA	NA	NA	NA	NA	NA	NA	NA	NA	NA	NA	NA	NA	NA	NA	NA
NA	NA	NA	NA	NA	NA	NA	NA	NA	NA	NA	NA	NA	NA	NA	NA
NA	NA	NA	NA	NA	NA	NA	NA	NA	NA	NA	NA	NA	NA	NA	NA
NA	NA	NA	NA	NA	NA	NA	NA	NA	NA	NA	NA	NA	NA	NA	NA
NA	NA	NA	NA	NA	NA	NA	NA	NA	NA	NA	NA	NA	NA	NA	NA
NA	NA	NA	NA	NA	NA	NA	NA	NA	NA	NA	NA	NA	NA	NA	NA
2.00028066556649	0.0887432688087494	1.82634385870134	2.17421747243164	2.02914575644691	0.11700914876236	1.79980782487268	2.25848368802114	2.02914575644691	0.0887432688087494	1.86881469849269	2.20871491576608	2.03014365380443	0.0845899580857297	1.86424420160138	2.19604310600748
1.89865863237298	0.0773158712023564	1.74711952481636	2.0501977399296	1.90249122222753	0.102270808270208	1.70204043801792	2.10294200643714	1.90249122222753	0.0773158712023564	1.75614913934889	2.06922490627234	1.90108502984544	0.0722195065994907	1.75947072078356	2.04269933890733
2.26468013708447	0.111134701575869	2.04685612199577	2.48250415217317	2.12547940517159	0.144483690313935	1.84229137215628	2.4086674381869	2.12547940517159	0.111134701575869	1.93118304683164	2.34687823722394	2.12662514883249	0.105476371887193	1.91973079998971	2.33351949767526
2.0520758241313	0.098164227967749	1.85967393731452	2.24447771094809	2.08071378318138	0.126804926215819	1.83217612779838	2.32925143856439	2.08071378318138	0.098164227967749	1.89785492937545	2.28553271127271	2.08196507433248	0.0941188362708346	1.89736225272668	2.26656789593828
2.12462412170444	0.094595919778089	1.93921611893938	2.31003212446949	2.04750935415839	0.125623525586395	1.80128724400906	2.29373146430773	2.04750935415839	0.094595919778089	1.87247399755628	2.24243208192262	2.04656755766119	0.0914259251820794	1.86724897904719	2.22588613627519
2.01275500488673	0.0902268272820758	1.83591042341386	2.1895995863596	1.99967764488724	0.121176763433999	1.7621711885566	2.23718410121787	1.99967764488724	0.0902268272820758	1.83109387060911	2.18232018556555	1.99961301892608	0.0827546642789285	1.83732212209749	2.16190391575468
2.03872080335052	0.0853003637716418	1.87153209035811	2.20590951634294	1.99409682403615	0.113081977314161	1.77245614850039	2.2157374995719	1.99409682403615	0.0853003637716418	1.83846340616727	2.17434891812891	1.99499283125284	0.0789628440353719	1.84013956070057	2.14984610180511
1.94018594275248	0.0930130889369005	1.75788028843615	2.1224915970688	1.96172270856792	0.119855432292162	1.72680606127528	2.19663935586056	1.96172270856792	0.0930130889369005	1.79269614145662	2.15065766752073	1.96366326062696	0.0887309874652595	1.78963813942858	2.13768838182534
2.09173008773895	0.107882522580044	1.88028034348206	2.30317983199583	2.1266150906481	0.14108258014847	1.8500932335571	2.4031369477391	2.1266150906481	0.107882522580044	1.92703702829827	2.33524471329634	2.12815511629126	0.103544347468214	1.92504880140174	2.33126143118078
2.09180707248954	0.0999307154194698	1.89594287026738	2.2876712747117	2.03498208355884	0.126962479661093	1.7861356234231	2.28382854369458	2.03498208355884	0.0999307154194698	1.84356074051293	2.24002667566782	2.03571579683484	0.0959737563090255	1.8474701007063	2.22396149296337
2.10774124703386	0.0957844328747111	1.92000375859943	2.29547873546829	2.09362612052866	0.125627575486424	1.84739607257527	2.33985616848205	2.09362612052866	0.0957844328747111	1.90710737594232	2.28571769587787	2.09158848372241	0.0899133342588334	1.91524546699455	2.26793150045027
1.96626128689357	0.106871417864986	1.7567933078782	2.17572926590895	1.96770876724846	0.144207250241012	1.68506255677608	2.25035497772085	1.96770876724846	0.106871417864986	1.76182983380878	2.18262386344301	1.96761142612203	0.100463645210177	1.77055558655422	2.16466726568984
2.1101523398577	0.0978928741595616	1.91828230650496	2.30202237321044	2.15153521737034	0.128068776009491	1.90052041639174	2.40255001834894	2.15153521737034	0.0978928741595616	1.96947829957211	2.35081391892454	2.15331575108433	0.0912256111291159	1.9743928463912	2.33223865577747
2.16023285128805	0.0938546026382551	1.97627783011707	2.34418787245903	2.13006770735921	0.121205749290696	1.89250443874945	2.36763097596898	2.13006770735921	0.0938546026382551	1.94925865640515	2.3256245841195	2.13036144360601	0.0891853529338356	1.9554483708597	2.30527451635231
1.90960208848812	0.10987136805786	1.69425420709472	2.12494996988153	1.92836462574094	0.142725133892602	1.64862336331144	2.20810588817044	1.92836462574094	0.10987136805786	1.73614100767652	2.16993246961747	1.92971820276475	0.105365136979712	1.72304208504638	2.13639432048311
2.03389610153753	0.0955684644879676	1.84658191114111	2.22121029193395	2.02523103099525	0.122714505462981	1.7847106002878	2.26575146170269	2.02523103099525	0.0955684644879676	1.82320566161137	2.19581187821439	2.02501982952315	0.0928328083475492	1.84294046727847	2.20709919176782
1.99681049980198	0.115098203983787	1.77121801999376	2.22240297961021	1.99302267199334	0.149626412696188	1.69975490310882	2.28629044087787	1.99302267199334	0.115098203983787	1.80268811038527	2.25006980470358	1.99515116753824	0.112700712611117	1.77407430247224	2.21622803260425
2.07330397744812	0.0994682245421137	1.87834625734558	2.26826169755067	2.07781412244988	0.130364005878451	1.82230067092811	2.33332757397164	2.07781412244988	0.0994682245421137	1.88890217650196	2.28258880096748	2.0800841118094	0.0941767753734853	1.89536830447096	2.26479991914783
2.06893838119268	0.0893863028171715	1.89374122767102	2.24413553471433	1.99290863547646	0.115271477025002	1.76697654050746	2.21884073044546	1.99290863547646	0.0893863028171715	1.82611543063218	2.17767434942743	1.99326323782209	0.0850168981496593	1.82652230625725	2.16000416938694
1.96292651393442	0.0835727672123618	1.79912389019819	2.12672913767065	1.99329058282975	0.111087506631573	1.77555906983186	2.21102209582763	1.99329058282975	0.0835727672123618	1.83587831654115	2.16195293709369	1.99198773973795	0.0789019615471842	1.8372534983155	2.1467219811604
1.95403039347672	0.0847887646752937	1.78784441471315	2.1202163722403	1.94743449518418	0.108680433712119	1.73442084510842	2.16044814525993	1.94743449518418	0.0847887646752937	1.78929257475333	2.1184905839516	1.94742387990275	0.0761034636283281	1.7981828630021	2.0966648968034
1.95835931775017	0.0820105208085774	1.79761869696536	2.11909993853498	1.99438637979985	0.107743564782705	1.78320899282575	2.20556376677396	1.99438637979985	0.0820105208085774	1.83722561088582	2.1609780242667	1.99480221746683	0.0760831759391023	1.84559918594387	2.14400524898979
2.06805033494122	0.0810885586253431	1.90911676003555	2.22698390984689	2.03052135588207	0.106652295785619	1.82148285614225	2.23955985562188	2.03052135588207	0.0810885586253431	1.87845274487816	2.19479722028565	2.03242940810425	0.0772326958783492	1.88097509476319	2.18388372144532
2.03871122594921	0.0993820325595969	1.8439224421324	2.23350000976602	2.04902297334148	0.13392395006363	1.78653203121677	2.3115139154662	2.04902297334148	0.0993820325595969	1.86491540421944	2.26322848989662	2.04818081299101	0.0889528413666237	1.87371657403119	2.22264505195082
2.13468750372188	0.0972333372873143	1.94411016263874	2.32526484480502	2.11001226487716	0.122301147160749	1.87030201644209	2.34972251331222	2.11001226487716	0.0972333372873143	1.92215977501955	2.30468896298023	2.10775067294238	0.0933853774732107	1.9245930403644	2.29090830552037
2.10353384551447	0.089330889284206	1.92844530251743	2.27862238851151	2.09272834984076	0.116790536163665	1.86381889895998	2.32163780072154	2.09272834984076	0.089330889284206	1.92140903553029	2.27454543358207	2.09281817966194	0.0811792050555762	1.93361965811856	2.25201670120532
1.92404539458875	0.0896243495853881	1.74838166940139	2.09970911977611	1.95158650861346	0.119184114828005	1.71798564355057	2.18518737367635	1.95158650861346	0.0896243495853881	1.78421269386678	2.14591930358658	1.9489603608252	0.0844669145468545	1.78330446928269	2.11461625236771
1.89541051175905	0.0995226565582491	1.70034610490488	2.09047491861322	1.87421957947282	0.13062571037583	1.61819318713619	2.13024597180945	1.87421957947282	0.0995226565582491	1.69211788371616	2.09671468627643	1.87271416142364	0.0924716954426894	1.69134702414188	2.0540812987054
2.11367364326458	0.0970865794422577	1.92338394755775	2.3039633389714	2.03007086702408	0.129013719622411	1.77720397656415	2.282937757484	2.03007086702408	0.0970865794422577	1.83433346157219	2.23233665440642	2.02806046327486	0.0919827829085252	1.84765711877767	2.20846380777205
2.22601710680167	0.105070035696141	2.02007983683723	2.4319543767661	2.13940543199821	0.136999469731692	1.87088647132409	2.40792439267232	2.13940543199821	0.105070035696141	1.9576534133893	2.34538011127031	2.14060041384744	0.099644023923116	1.94515262097193	2.33604820672295
2.24525386641636	0.123151398070321	2.00387712619853	2.48663060663419	2.08689867572078	0.168071219193402	1.75747908610171	2.41631826533985	2.08689867572078	0.123151398070321	1.85075301094315	2.31198060768287	2.08678848695882	0.117967207293674	1.85537471116292	2.31820226275472
2.14676649383327	0.098413156686744	1.95387670672725	2.33965628093929	2.05336918784827	0.125965011399322	1.8064777655056	2.30026061019094	2.05336918784827	0.098413156686744	1.88123788423535	2.25780422290657	2.05282431421269	0.0908040969881553	1.87473131901504	2.23091730941035
2.01885279464243	0.100310866521649	1.82224349626	2.21546209302486	1.99982044183678	0.125655327355869	1.75353600021928	2.24610488345429	1.99982044183678	0.100310866521649	1.81237699094301	2.19842541529669	2.00052500494545	0.0947858685130616	1.81462185513767	2.18642815475323
1.88117474096357	0.101315856512392	1.68259566219928	2.07975381972785	1.97086261121821	0.130140866754093	1.71578651238019	2.22593871005623	1.97086261121821	0.101315856512392	1.79788123339669	2.19876477646513	1.96981834722702	0.0939987051608932	1.78544699617166	2.15418969828237
1.88487145702308	0.0849709579798533	1.71832837938256	2.05141453466359	1.95923717856916	0.110334293166912	1.74298196396201	2.1754923931763	1.95923717856916	0.0849709579798533	1.80162480012678	2.12870083039452	1.96006321363374	0.0774866453966005	1.80811248120847	2.11201394605901
2.04180687779671	0.10435103951781	1.8372788403418	2.24633491525161	2.01779419220731	0.140127973402524	1.74314336433836	2.29244502007626	2.01779419220731	0.10435103951781	1.82458175790471	2.22814412330284	2.01926110486073	0.0982430381117324	1.82656680046823	2.21195540925323
2.02456903537847	0.0914877723912612	1.8452530014916	2.20388506926534	1.97535659140239	0.120386729395463	1.73939860178729	2.2113145810175	1.97535659140239	0.0914877723912612	1.8034485893987	2.15613918497907	1.97335711256628	0.0833640983048066	1.8098688941219	2.13684533101065
1.95537473939947	0.102971798143573	1.75355001503807	2.15719946376087	1.97903944841045	0.132106838522421	1.7201100449065	2.23796885191439	1.97903944841045	0.102971798143573	1.79660511201095	2.20293947745443	1.97847716943936	0.0973342094567787	1.78757364336102	2.16938069551771
1.99033515113868	0.0851211562511347	1.82349768488645	2.1571726173909	2.02782135007052	0.106275969209018	1.81952045042085	2.2361222497202	2.02782135007052	0.0851211562511347	1.85711641058196	2.20020244005454	2.02911960338238	0.0819366469857199	1.86842856393338	2.18981064283138
2.05282757835049	0.0781991726959772	1.89955719986637	2.2060979568346	2.08643534356409	0.0992893505083094	1.8918282165678	2.28104247056037	2.08643534356409	0.0781991726959772	1.94030636491759	2.25542287878183	2.08747730747588	0.0735464104641316	1.94325963448794	2.23169498046381
2.04136255952835	0.086839577700513	1.87115698723535	2.21156813182136	2.08329928482678	0.118600484369153	1.85084233546324	2.31575623419031	2.08329928482678	0.086839577700513	1.91854583655097	2.25967585366239	2.08271179450242	0.0807370273753586	1.92438120061091	2.24104238839393
2.0894972238134	0.099572234415561	1.8943356443589	2.2846588032679	2.01316976188759	0.13052034388953	1.75734988786411	2.26898963591107	2.01316976188759	0.099572234415561	1.83083090146505	2.21186516847654	2.01282145242792	0.0927319450228501	1.83093944775475	2.1947034571011
1.99608066700881	0.0983404086454928	1.80333346606365	2.18882786795398	2.05707707276869	0.120744077517216	1.82041868083494	2.29373546470243	2.05707707276869	0.0983404086454928	1.87775810534628	2.25948640907826	2.05835743244386	0.0947779998765334	1.87245881527036	2.24425604961736
1.91991115520524	0.0839261585603405	1.75541588442698	2.08440642598351	1.92563443106312	0.113242347074575	1.70367943079695	2.14758943132929	1.92563443106312	0.0839261585603405	1.76308668179841	2.09505025103159	1.92715580079874	0.0763307151278936	1.77747294769522	2.07683865390227
2.03375269883219	0.126595138368675	1.78562622762958	2.28187917003479	2.07070245971208	0.166208800035714	1.74493321164208	2.39647170778208	2.07070245971208	0.126595138368675	1.85242783280776	2.32794648486064	2.07147283932847	0.123356224280678	1.82947931539398	2.31346636326297
1.91246056309237	0.0812408667444311	1.75322846427329	2.07169266191146	1.94876594308281	0.107537973048374	1.737991515908	2.15954037025762	1.94876594308281	0.0812408667444311	1.80065503962735	2.107422081932	1.94939936303255	0.0763920879734256	1.79959387060254	2.09920485546255
1.9365080052687	0.101789474046088	1.73700063613836	2.13601537439903	1.95844825826627	0.131178272901808	1.70133884337872	2.21555767315381	1.95844825826627	0.101789474046088	1.783126337318	2.17180498736151	1.9599551711935	0.0990200377127315	1.76573293799035	2.15417740439664
2.10821022320539	0.099556564224268	1.91307935732583	2.30334108908496	2.03332581827439	0.128311891337911	1.78183451125209	2.2848171252967	2.03332581827439	0.099556564224268	1.84706405464834	2.23188184495956	2.03506732315576	0.0917469125364162	1.85512237991285	2.21501226639867
2.11074562816913	0.106370748999281	1.90225896013054	2.31923229620772	2.13559685609274	0.139998235054567	1.86120031538579	2.40999339679969	2.13559685609274	0.106370748999281	1.94656059686342	2.37078702109803	2.13518327411218	0.098047119933709	1.9428681838963	2.32749836432805
1.80425583649912	0.082094170502945	1.64335126231335	1.9651604106849	1.87055786063223	0.110324011195418	1.65432279868921	2.08679292257525	1.87055786063223	0.082094170502945	1.71883663159652	2.03901793929491	1.86976218794752	0.0782364948357108	1.71633708423174	2.0231872916633
1.98244253362941	0.0889352928409706	1.80812935966111	2.15675570759772	2.0063588522882	0.118452512083018	1.77419192860549	2.23852577597092	2.0063588522882	0.0889352928409706	1.83965011669583	2.18605303388301	2.00497556145385	0.082550248218751	1.84308646702337	2.16686465588432
2.14265611162286	0.0909008649747548	1.96449041627234	2.32082180697337	2.15031763002178	0.120256425878321	1.91461503530027	2.38602022474329	2.15031763002178	0.0909008649747548	1.97471477396063	2.32224054129319	2.15165727466836	0.0838093486919148	1.9872897221047	2.31602482723202
1.7707553698476	0.0905793676279152	1.59321980929689	1.94829093039832	1.81572228859441	0.117189583635266	1.58603070466929	2.04541387251953	1.81572228859441	0.0905793676279152	1.6426683732785	1.99672666004441	1.81488908360012	0.0833202943588927	1.65149157603467	1.97828659116556
2.10611152650793	0.0861533943561999	1.93725087356977	2.27497217944608	2.06079725668935	0.110038253481065	1.84512227986646	2.27647223351224	2.06079725668935	0.0861533943561999	1.89981148369478	2.22870650819728	2.06108271980429	0.0811280512338691	1.90198620948884	2.22017923011973
2.05162365464774	0.0895072615588744	1.87618942199234	2.22705788730313	2.05553287333968	0.117777900334447	1.82468818868417	2.2863775579952	2.05553287333968	0.0895072615588744	1.88694571584366	2.23305208620683	2.0547027944396	0.0835117136121899	1.89092150177535	2.21848408710385
1.90408800184831	0.0842124873366898	1.7390315266684	2.06914447702822	1.98182806752739	0.111145474503952	1.76398293749965	2.19967319755514	1.98182806752739	0.0842124873366898	1.82809382392585	2.16284266034205	1.98061152990694	0.0807916198240891	1.82216544505095	2.13905761476293
1.92754250864783	0.0808864706711289	1.76900502613241	2.08607999116324	1.90118380181641	0.107279711720118	1.69091556684498	2.11145203678784	1.90118380181641	0.0808864706711289	1.74036088141326	2.05570162320148	1.90024036053648	0.0757423633922006	1.75171342710708	2.04876729396588
1.89145030000547	0.0907825421932536	1.71351651730669	2.06938408270425	1.86268777555063	0.119132869873288	1.62918735059899	2.09618820050227	1.86268777555063	0.0907825421932536	1.68478763193843	2.04181998421756	1.86235275288768	0.0849752185715528	1.69570358176626	2.02900192400909
1.99532145153343	0.0895061582721823	1.81988938131996	2.17075352174691	1.99901893702465	0.118314430017516	1.76712265419032	2.23091521985898	1.99901893702465	0.0895061582721823	1.81688175110917	2.18471440427829	2.00168339245709	0.0821288902346495	1.84061021124211	2.16275657367207
2.04354699537737	0.108158453511719	1.8315564264944	2.25553756426034	2.07244222615018	0.140340628382779	1.79737459451993	2.34750985778043	2.07244222615018	0.108158453511719	1.88349899595246	2.29943590056088	2.07601449525883	0.104467553643165	1.871102806653	2.28092618386466
2.00308153529438	0.0934484222580428	1.81992262766862	2.18624044292014	2.05079150752043	0.123667995428783	1.80840223648001	2.29318077856084	2.05079150752043	0.0934484222580428	1.87963248419376	2.25087303251938	2.05236012673106	0.0897480488155846	1.87633675162657	2.22838350183556
2.15249850760468	0.0836443061871472	1.98855566747787	2.31644134773149	2.06206237252676	0.106939042637728	1.85246184895682	2.27166289609671	2.06206237252676	0.0836443061871472	1.90247971619924	2.22980710395625	2.06262272638088	0.0814531486736088	1.90288629399145	2.22235915877031
1.98481210229333	0.0913400537713248	1.80578559690154	2.16383860768513	1.94624819822419	0.11699794678576	1.7169322225241	2.17556417392428	1.94624819822419	0.0913400537713248	1.76955033058432	2.13092156913859	1.94755543515383	0.0867183110534363	1.77748385686964	2.11762701343801
1.925208572848	0.106302638426138	1.71685540153277	2.13356174416323	2.00918695995427	0.140783420301994	1.73325145616236	2.28512246374617	2.00918695995427	0.106302638426138	1.81294244964116	2.21719483067233	2.01030339878678	0.102240913686886	1.8097620495271	2.21084474804646
2.17251194760916	0.0982968296858302	1.97985016142493	2.36517373379339	2.09728422111678	0.12834189053591	1.8457341156664	2.34883432656716	2.09728422111678	0.0982968296858302	1.90415807130953	2.28776066173641	2.09622237706621	0.0923568389895561	1.91508098663991	2.27736376749251
1.89019241194815	0.0792420565005264	1.73487798120712	2.04550684268918	1.91503782165338	0.106076858597115	1.70712717880303	2.12294846450372	1.91503782165338	0.0792420565005264	1.7608601961964	2.07446452901254	1.91539147825549	0.0741328727678478	1.77002916079582	2.06075379571516
1.92040132144234	0.0826626220172244	1.75838258228859	2.0824200605961	1.89474265063797	0.107685024316519	1.68368000297759	2.10580529829834	1.89474265063797	0.0826626220172244	1.743213229958	2.06516248828736	1.89691019588418	0.0776556180229891	1.74461997642997	2.0492004153384
2.09069939393974	0.105219052091628	1.88447005184015	2.29692873603933	2.05898049316964	0.138383210584689	1.78774940042365	2.33021158591564	2.05898049316964	0.105219052091628	1.87084580344582	2.28699457973256	2.06131588484749	0.100677830123491	1.86384136079619	2.25879040889879
2.40468187823708	0.109628560010182	2.18980990061712	2.61955385585704	2.26478882381914	0.144147815030692	1.98225910635898	2.54731854127929	2.26478882381914	0.109628560010182	2.07028402552647	2.49592240278171	2.26739400285758	0.106697716825297	2.05809640011609	2.47669160559907
1.95448970531356	0.0793559865106924	1.7989519717526	2.11002743887451	2.00672225012849	0.107100890760615	1.79680450423768	2.21663999601929	2.00672225012849	0.0793559865106924	1.8575534440808	2.16028153239152	2.0083668256639	0.0755964632294326	1.86012649026376	2.15660716106403
2.05602643732405	0.114185550012302	1.83222275929994	2.27983011534816	2.15717237390002	0.145426444222201	1.87213654322451	2.44220820457554	2.15717237390002	0.114185550012302	1.91682899607269	2.38209764752812	2.15747873655652	0.108652861271847	1.94434583228629	2.37061164082675
2.16121217668468	0.103228848743699	1.95888363314703	2.36354072022233	2.07142217392402	0.132724884547345	1.81128140021122	2.33156294763682	2.07142217392402	0.103228848743699	1.87924742959244	2.29556741023097	2.07301437320061	0.0978491382929508	1.88108655118658	2.26494219521464
1.8749279426026	0.0901686764906037	1.69819733668102	2.05165854852419	1.87189423796269	0.120576910396346	1.63556349358585	2.10822498233953	1.87189423796269	0.0901686764906037	1.69487087855251	2.06613436369094	1.87144616489829	0.0811900274179554	1.7122258520864	2.03066647771018
1.95335182299297	0.0847593265412005	1.78722354297221	2.11948010301372	1.95805857554122	0.109632686401105	1.74317851019505	2.17293864088738	1.95805857554122	0.0847593265412005	1.80241794933438	2.12229742812401	1.95740971944376	0.0787509674857422	1.80298296305367	2.11183647583385
1.97059659297949	0.0899597784209003	1.79427542727453	2.14691775868446	2.06394798089085	0.115277602461962	1.8380038800654	2.28989208171629	2.06394798089085	0.0899597784209003	1.88992768908705	2.24056425115203	2.0651898715073	0.0867252795479572	1.89510233850381	2.23527740451078
2.01602846233	0.0990105806675178	1.82196772422167	2.21008920043834	1.98668581367343	0.128966004245324	1.73391244535259	2.23945918199426	1.98668581367343	0.0990105806675178	1.80657523446155	2.19934216670651	1.98950172366862	0.0926511726759801	1.80778465645158	2.17121879088567
1.99466452311728	0.100531189420031	1.79762339185402	2.19170565438054	2.05384087047239	0.131719928796176	1.79566981003189	2.3120119309129	2.05384087047239	0.100531189420031	1.87130900908392	2.26157482892353	2.05404392013317	0.0972468950982093	1.86329724977478	2.24479059049157
2.00171336741018	0.102435062087849	1.80094064571799	2.20248608910236	2.04743858499299	0.131875536118943	1.78896253419986	2.30591463578611	2.04743858499299	0.102435062087849	1.86707069977251	2.26088445158619	2.04705692551828	0.0955373475134629	1.85966914685073	2.23444470418583
2.030837640618	0.0925143146007262	1.84950958400057	2.21216569723542	1.98577141848406	0.124640875904547	1.74147530171115	2.23006753525697	1.98577141848406	0.0925143146007262	1.81615363805611	2.18155611084178	1.9819066696988	0.0849080824414318	1.81538799141855	2.14842534797905
2.06937842037406	0.108352741849075	1.85700704634988	2.28174979439825	2.07409238999504	0.138752744464812	1.80213701084401	2.34604776914607	2.07409238999504	0.108352741849075	1.87115856078385	2.29747905352166	2.07435078183452	0.101164638549519	1.87592018455411	2.27278137911493
1.87035640825567	0.0858365241472109	1.70211682092713	2.0385959955842	1.84449015378546	0.112603574208862	1.62378714833609	2.06519315923483	1.84449015378546	0.0858365241472109	1.68717274929902	2.0235052633882	1.84568156272389	0.0787320964232614	1.69128756821832	2.00007555722945
2.06431243149896	0.0922210617475966	1.88355915047367	2.24506571252425	2.00233486172089	0.122805462231831	1.76163615574651	2.24303356769528	2.00233486172089	0.0922210617475966	1.84182637081124	2.2025213339683	2.00466983289705	0.0859899924675222	1.83602215861291	2.17331750718119
1.97626177213617	0.0865901983395891	1.80654498339057	2.14597856088176	2.00307263414584	0.111101916287389	1.78531287822256	2.22083239006912	2.00307263414584	0.0865901983395891	1.83978717236586	2.18929470438011	2.00453782518972	0.0861790117161927	1.83551944517223	2.17355620520721
1.91979046299335	0.0986289447722747	1.72647773123969	2.113103194747	1.96848996573564	0.122378314329277	1.72862846965026	2.20835146182102	1.96848996573564	0.0986289447722747	1.79802269864202	2.19218743733072	1.96958833906775	0.0953625848446919	1.78254075032337	2.15663592781213
2.00469423434916	0.0851801644741862	1.83774111197976	2.17164735671857	2.01587107577337	0.112406477144835	1.79555438056949	2.23618777097724	2.01587107577337	0.0851801644741862	1.84974920614447	2.19116880363028	2.01498906924802	0.0773053293986175	1.86338461475452	2.16659352374152
1.97758618750474	0.0788599088403027	1.82302076617775	2.13215160883174	2.00233859000499	0.101059184519661	1.80426258834645	2.20041459166353	2.00233859000499	0.0788599088403027	1.85498480433719	2.16562829897872	2.00408170450804	0.0748702435782758	1.85726116166201	2.15090224735406
2.18713327226481	0.106220313403946	1.97894145799307	2.39532508653654	2.100560062531	0.138410358010352	1.82927576083071	2.37184436423129	2.100560062531	0.106220313403946	1.91556049393147	2.32087661002856	2.10087013902074	0.0995873503649271	1.90553350327297	2.29620677476852
1.90242630447488	0.0928460747339377	1.72044799799636	2.0844046109534	1.91668722359845	0.119470778548544	1.6825244976433	2.1508499495536	1.91668722359845	0.0928460747339377	1.74966691641265	2.12010123562953	1.91668035842829	0.0858833115338782	1.74824291461473	2.08511780224185
2.0534137649596	0.100970619828974	1.85551135009481	2.25131617982439	2.12463800934341	0.127286223592902	1.87515701110132	2.37411900758549	2.12463800934341	0.100970619828974	1.94663558069581	2.35055127662825	2.12618044882462	0.0945947726288011	1.94064921543802	2.31171168221122
1.97196368746289	0.088503374908784	1.79849707264167	2.14543030228411	2.00895436263817	0.117089580980806	1.77945878391579	2.23844994136055	2.00895436263817	0.088503374908784	1.8384617988337	2.19576025759685	2.0086141732162	0.0838020922218332	1.84426089287342	2.17296745355899
2.19842230618667	0.0906115746032231	2.02082361996435	2.37602099240899	2.18694562626548	0.117484043818529	1.95667690038117	2.4172143521498	2.18694562626548	0.0906115746032231	2.01439354534629	2.37376220329089	2.18582317324985	0.0869183953333126	2.01535326516394	2.35629308133575
2.01605291376237	0.0811348125887267	1.85702868108847	2.17507714643628	2.06447925149313	0.10224806676785	1.86407304062814	2.26488546235811	2.06447925149313	0.0811348125887267	1.91202403719297	2.22561608523112	2.06735054861548	0.0763563673073222	1.91761451284188	2.21708658438907
1.9548477715599	0.0979542062396777	1.76285752733014	2.14683801578967	1.95880825577581	0.12489585903427	1.71401237206865	2.20360413948298	1.95880825577581	0.0979542062396777	1.79487370331427	2.17758211532233	1.95955386417574	0.0947588725466014	1.77369189037403	2.14541583797745
2.03972433177236	0.086230063042188	1.87071340820967	2.20873525533505	2.07141003227855	0.10988323899042	1.85603888385733	2.28678118069977	2.07141003227855	0.086230063042188	1.9126858913056	2.27424971001735	2.07590895370966	0.0824549790062601	1.91420431862414	2.23761358879519
2.08905533137844	0.0947699236634915	1.903306280998	2.27480438175889	2.10898752434363	0.122368848800045	1.86914458069554	2.34883046799172	2.10898752434363	0.0947699236634915	1.93984499701515	2.30210733847724	2.10888095840218	0.0885379627738501	1.93523331647335	2.28252860033101
2.02190286300173	0.105496178309801	1.81513035351452	2.22867537248894	2.02194862486912	0.139918376148564	1.74770860761794	2.29618864212031	2.02194862486912	0.105496178309801	1.83026240270903	2.25467716557424	2.02549571216087	0.1015861950193	1.82623058674242	2.22476083757931
2.02790379553856	0.0977198061771852	1.83637297543127	2.21943461564584	2.03404106578434	0.128107160356391	1.78295103148582	2.28513110008287	2.03404106578434	0.0977198061771852	1.84289472041232	2.24021659141468	2.03772962595435	0.0896235936711944	1.86195386094736	2.21350539096133
2.05847070325594	0.0886782979094981	1.88466123935333	2.23228016715856	2.06019191613784	0.116346757038727	1.83215227234194	2.28823155993375	2.06019191613784	0.0886782979094981	1.87609184574213	2.23492146244522	2.05932816911744	0.0827913290037082	1.8969652717601	2.22169106647477
1.89812461381719	0.0838399469204036	1.7337983178532	2.06245090978118	1.94779785989713	0.11203503227183	1.72820919664435	2.16738652314992	1.94779785989713	0.0838399469204036	1.79355816293803	2.12812194364313	1.94704400520315	0.0802867148682464	1.78959400170174	2.10449400870456
1.89974994596249	0.0968659949092717	1.70989259594031	2.08960729598466	1.96505884749663	0.128861532543107	1.71249024371214	2.21762745128112	1.96505884749663	0.0968659949092717	1.78709720299956	2.17820310752146	1.96619609336865	0.0905805423375253	1.7885437858999	2.1438484008374
NA	NA	NA	NA	NA	NA	NA	NA	NA	NA	NA	NA	NA	NA	NA	NA
NA	NA	NA	NA	NA	NA	NA	NA	NA	NA	NA	NA	NA	NA	NA	NA
NA	NA	NA	NA	NA	NA	NA	NA	NA	NA	NA	NA	NA	NA	NA	NA
NA	NA	NA	NA	NA	NA	NA	NA	NA	NA	NA	NA	NA	NA	NA	NA
NA	NA	NA	NA	NA	NA	NA	NA	NA	NA	NA	NA	NA	NA	NA	NA
NA	NA	NA	NA	NA	NA	NA	NA	NA	NA	NA	NA	NA	NA	NA	NA
NA	NA	NA	NA	NA	NA	NA	NA	NA	NA	NA	NA	NA	NA	NA	NA
NA	NA	NA	NA	NA	NA	NA	NA	NA	NA	NA	NA	NA	NA	NA	NA
NA	NA	NA	NA	NA	NA	NA	NA	NA	NA	NA	NA	NA	NA	NA	NA
NA	NA	NA	NA	NA	NA	NA	NA	NA	NA	NA	NA	NA	NA	NA	NA
NA	NA	NA	NA	NA	NA	NA	NA	NA	NA	NA	NA	NA	NA	NA	NA
NA	NA	NA	NA	NA	NA	NA	NA	NA	NA	NA	NA	NA	NA	NA	NA
NA	NA	NA	NA	NA	NA	NA	NA	NA	NA	NA	NA	NA	NA	NA	NA
NA	NA	NA	NA	NA	NA	NA	NA	NA	NA	NA	NA	NA	NA	NA	NA
NA	NA	NA	NA	NA	NA	NA	NA	NA	NA	NA	NA	NA	NA	NA	NA
NA	NA	NA	NA	NA	NA	NA	NA	NA	NA	NA	NA	NA	NA	NA	NA
NA	NA	NA	NA	NA	NA	NA	NA	NA	NA	NA	NA	NA	NA	NA	NA
NA	NA	NA	NA	NA	NA	NA	NA	NA	NA	NA	NA	NA	NA	NA	NA
NA	NA	NA	NA	NA	NA	NA	NA	NA	NA	NA	NA	NA	NA	NA	NA
NA	NA	NA	NA	NA	NA	NA	NA	NA	NA	NA	NA	NA	NA	NA	NA
NA	NA	NA	NA	NA	NA	NA	NA	NA	NA	NA	NA	NA	NA	NA	NA
NA	NA	NA	NA	NA	NA	NA	NA	NA	NA	NA	NA	NA	NA	NA	NA
NA	NA	NA	NA	NA	NA	NA	NA	NA	NA	NA	NA	NA	NA	NA	NA
NA	NA	NA	NA	NA	NA	NA	NA	NA	NA	NA	NA	NA	NA	NA	NA
NA	NA	NA	NA	NA	NA	NA	NA	NA	NA	NA	NA	NA	NA	NA	NA
NA	NA	NA	NA	NA	NA	NA	NA	NA	NA	NA	NA	NA	NA	NA	NA
NA	NA	NA	NA	NA	NA	NA	NA	NA	NA	NA	NA	NA	NA	NA	NA
NA	NA	NA	NA	NA	NA	NA	NA	NA	NA	NA	NA	NA	NA	NA	NA
NA	NA	NA	NA	NA	NA	NA	NA	NA	NA	NA	NA	NA	NA	NA	NA
NA	NA	NA	NA	NA	NA	NA	NA	NA	NA	NA	NA	NA	NA	NA	NA
NA	NA	NA	NA	NA	NA	NA	NA	NA	NA	NA	NA	NA	NA	NA	NA
NA	NA	NA	NA	NA	NA	NA	NA	NA	NA	NA	NA	NA	NA	NA	NA
NA	NA	NA	NA	NA	NA	NA	NA	NA	NA	NA	NA	NA	NA	NA	NA
NA	NA	NA	NA	NA	NA	NA	NA	NA	NA	NA	NA	NA	NA	NA	NA
NA	NA	NA	NA	NA	NA	NA	NA	NA	NA	NA	NA	NA	NA	NA	NA
NA	NA	NA	NA	NA	NA	NA	NA	NA	NA	NA	NA	NA	NA	NA	NA
NA	NA	NA	NA	NA	NA	NA	NA	NA	NA	NA	NA	NA	NA	NA	NA
NA	NA	NA	NA	NA	NA	NA	NA	NA	NA	NA	NA	NA	NA	NA	NA
NA	NA	NA	NA	NA	NA	NA	NA	NA	NA	NA	NA	NA	NA	NA	NA
NA	NA	NA	NA	NA	NA	NA	NA	NA	NA	NA	NA	NA	NA	NA	NA
NA	NA	NA	NA	NA	NA	NA	NA	NA	NA	NA	NA	NA	NA	NA	NA
NA	NA	NA	NA	NA	NA	NA	NA	NA	NA	NA	NA	NA	NA	NA	NA
NA	NA	NA	NA	NA	NA	NA	NA	NA	NA	NA	NA	NA	NA	NA	NA
NA	NA	NA	NA	NA	NA	NA	NA	NA	NA	NA	NA	NA	NA	NA	NA
NA	NA	NA	NA	NA	NA	NA	NA	NA	NA	NA	NA	NA	NA	NA	NA
NA	NA	NA	NA	NA	NA	NA	NA	NA	NA	NA	NA	NA	NA	NA	NA
NA	NA	NA	NA	NA	NA	NA	NA	NA	NA	NA	NA	NA	NA	NA	NA
NA	NA	NA	NA	NA	NA	NA	NA	NA	NA	NA	NA	NA	NA	NA	NA
NA	NA	NA	NA	NA	NA	NA	NA	NA	NA	NA	NA	NA	NA	NA	NA
NA	NA	NA	NA	NA	NA	NA	NA	NA	NA	NA	NA	NA	NA	NA	NA
NA	NA	NA	NA	NA	NA	NA	NA	NA	NA	NA	NA	NA	NA	NA	NA
NA	NA	NA	NA	NA	NA	NA	NA	NA	NA	NA	NA	NA	NA	NA	NA
NA	NA	NA	NA	NA	NA	NA	NA	NA	NA	NA	NA	NA	NA	NA	NA
NA	NA	NA	NA	NA	NA	NA	NA	NA	NA	NA	NA	NA	NA	NA	NA
NA	NA	NA	NA	NA	NA	NA	NA	NA	NA	NA	NA	NA	NA	NA	NA
NA	NA	NA	NA	NA	NA	NA	NA	NA	NA	NA	NA	NA	NA	NA	NA
NA	NA	NA	NA	NA	NA	NA	NA	NA	NA	NA	NA	NA	NA	NA	NA
NA	NA	NA	NA	NA	NA	NA	NA	NA	NA	NA	NA	NA	NA	NA	NA
NA	NA	NA	NA	NA	NA	NA	NA	NA	NA	NA	NA	NA	NA	NA	NA
NA	NA	NA	NA	NA	NA	NA	NA	NA	NA	NA	NA	NA	NA	NA	NA
NA	NA	NA	NA	NA	NA	NA	NA	NA	NA	NA	NA	NA	NA	NA	NA
NA	NA	NA	NA	NA	NA	NA	NA	NA	NA	NA	NA	NA	NA	NA	NA
NA	NA	NA	NA	NA	NA	NA	NA	NA	NA	NA	NA	NA	NA	NA	NA
NA	NA	NA	NA	NA	NA	NA	NA	NA	NA	NA	NA	NA	NA	NA	NA
NA	NA	NA	NA	NA	NA	NA	NA	NA	NA	NA	NA	NA	NA	NA	NA
NA	NA	NA	NA	NA	NA	NA	NA	NA	NA	NA	NA	NA	NA	NA	NA
NA	NA	NA	NA	NA	NA	NA	NA	NA	NA	NA	NA	NA	NA	NA	NA
NA	NA	NA	NA	NA	NA	NA	NA	NA	NA	NA	NA	NA	NA	NA	NA
NA	NA	NA	NA	NA	NA	NA	NA	NA	NA	NA	NA	NA	NA	NA	NA
NA	NA	NA	NA	NA	NA	NA	NA	NA	NA	NA	NA	NA	NA	NA	NA
NA	NA	NA	NA	NA	NA	NA	NA	NA	NA	NA	NA	NA	NA	NA	NA
NA	NA	NA	NA	NA	NA	NA	NA	NA	NA	NA	NA	NA	NA	NA	NA
NA	NA	NA	NA	NA	NA	NA	NA	NA	NA	NA	NA	NA	NA	NA	NA
NA	NA	NA	NA	NA	NA	NA	NA	NA	NA	NA	NA	NA	NA	NA	NA
NA	NA	NA	NA	NA	NA	NA	NA	NA	NA	NA	NA	NA	NA	NA	NA
NA	NA	NA	NA	NA	NA	NA	NA	NA	NA	NA	NA	NA	NA	NA	NA
NA	NA	NA	NA	NA	NA	NA	NA	NA	NA	NA	NA	NA	NA	NA	NA
NA	NA	NA	NA	NA	NA	NA	NA	NA	NA	NA	NA	NA	NA	NA	NA
NA	NA	NA	NA	NA	NA	NA	NA	NA	NA	NA	NA	NA	NA	NA	NA
NA	NA	NA	NA	NA	NA	NA	NA	NA	NA	NA	NA	NA	NA	NA	NA
NA	NA	NA	NA	NA	NA	NA	NA	NA	NA	NA	NA	NA	NA	NA	NA
NA	NA	NA	NA	NA	NA	NA	NA	NA	NA	NA	NA	NA	NA	NA	NA
NA	NA	NA	NA	NA	NA	NA	NA	NA	NA	NA	NA	NA	NA	NA	NA
NA	NA	NA	NA	NA	NA	NA	NA	NA	NA	NA	NA	NA	NA	NA	NA
NA	NA	NA	NA	NA	NA	NA	NA	NA	NA	NA	NA	NA	NA	NA	NA
NA	NA	NA	NA	NA	NA	NA	NA	NA	NA	NA	NA	NA	NA	NA	NA
NA	NA	NA	NA	NA	NA	NA	NA	NA	NA	NA	NA	NA	NA	NA	NA
NA	NA	NA	NA	NA	NA	NA	NA	NA	NA	NA	NA	NA	NA	NA	NA
NA	NA	NA	NA	NA	NA	NA	NA	NA	NA	NA	NA	NA	NA	NA	NA
NA	NA	NA	NA	NA	NA	NA	NA	NA	NA	NA	NA	NA	NA	NA	NA
NA	NA	NA	NA	NA	NA	NA	NA	NA	NA	NA	NA	NA	NA	NA	NA
NA	NA	NA	NA	NA	NA	NA	NA	NA	NA	NA	NA	NA	NA	NA	NA
NA	NA	NA	NA	NA	NA	NA	NA	NA	NA	NA	NA	NA	NA	NA	NA
NA	NA	NA	NA	NA	NA	NA	NA	NA	NA	NA	NA	NA	NA	NA	NA
NA	NA	NA	NA	NA	NA	NA	NA	NA	NA	NA	NA	NA	NA	NA	NA
NA	NA	NA	NA	NA	NA	NA	NA	NA	NA	NA	NA	NA	NA	NA	NA
NA	NA	NA	NA	NA	NA	NA	NA	NA	NA	NA	NA	NA	NA	NA	NA
NA	NA	NA	NA	NA	NA	NA	NA	NA	NA	NA	NA	NA	NA	NA	NA
NA	NA	NA	NA	NA	NA	NA	NA	NA	NA	NA	NA	NA	NA	NA	NA
NA	NA	NA	NA	NA	NA	NA	NA	NA	NA	NA	NA	NA	NA	NA	NA
NA	NA	NA	NA	NA	NA	NA	NA	NA	NA	NA	NA	NA	NA	NA	NA
NA	NA	NA	NA	NA	NA	NA	NA	NA	NA	NA	NA	NA	NA	NA	NA
NA	NA	NA	NA	NA	NA	NA	NA	NA	NA	NA	NA	NA	NA	NA	NA
NA	NA	NA	NA	NA	NA	NA	NA	NA	NA	NA	NA	NA	NA	NA	NA
NA	NA	NA	NA	NA	NA	NA	NA	NA	NA	NA	NA	NA	NA	NA	NA
NA	NA	NA	NA	NA	NA	NA	NA	NA	NA	NA	NA	NA	NA	NA	NA
NA	NA	NA	NA	NA	NA	NA	NA	NA	NA	NA	NA	NA	NA	NA	NA
NA	NA	NA	NA	NA	NA	NA	NA	NA	NA	NA	NA	NA	NA	NA	NA
NA	NA	NA	NA	NA	NA	NA	NA	NA	NA	NA	NA	NA	NA	NA	NA
NA	NA	NA	NA	NA	NA	NA	NA	NA	NA	NA	NA	NA	NA	NA	NA
NA	NA	NA	NA	NA	NA	NA	NA	NA	NA	NA	NA	NA	NA	NA	NA
NA	NA	NA	NA	NA	NA	NA	NA	NA	NA	NA	NA	NA	NA	NA	NA
NA	NA	NA	NA	NA	NA	NA	NA	NA	NA	NA	NA	NA	NA	NA	NA
NA	NA	NA	NA	NA	NA	NA	NA	NA	NA	NA	NA	NA	NA	NA	NA
NA	NA	NA	NA	NA	NA	NA	NA	NA	NA	NA	NA	NA	NA	NA	NA
NA	NA	NA	NA	NA	NA	NA	NA	NA	NA	NA	NA	NA	NA	NA	NA
NA	NA	NA	NA	NA	NA	NA	NA	NA	NA	NA	NA	NA	NA	NA	NA
NA	NA	NA	NA	NA	NA	NA	NA	NA	NA	NA	NA	NA	NA	NA	NA
NA	NA	NA	NA	NA	NA	NA	NA	NA	NA	NA	NA	NA	NA	NA	NA
NA	NA	NA	NA	NA	NA	NA	NA	NA	NA	NA	NA	NA	NA	NA	NA
NA	NA	NA	NA	NA	NA	NA	NA	NA	NA	NA	NA	NA	NA	NA	NA
NA	NA	NA	NA	NA	NA	NA	NA	NA	NA	NA	NA	NA	NA	NA	NA
NA	NA	NA	NA	NA	NA	NA	NA	NA	NA	NA	NA	NA	NA	NA	NA
NA	NA	NA	NA	NA	NA	NA	NA	NA	NA	NA	NA	NA	NA	NA	NA
NA	NA	NA	NA	NA	NA	NA	NA	NA	NA	NA	NA	NA	NA	NA	NA
NA	NA	NA	NA	NA	NA	NA	NA	NA	NA	NA	NA	NA	NA	NA	NA
NA	NA	NA	NA	NA	NA	NA	NA	NA	NA	NA	NA	NA	NA	NA	NA
NA	NA	NA	NA	NA	NA	NA	NA	NA	NA	NA	NA	NA	NA	NA	NA
NA	NA	NA	NA	NA	NA	NA	NA	NA	NA	NA	NA	NA	NA	NA	NA
NA	NA	NA	NA	NA	NA	NA	NA	NA	NA	NA	NA	NA	NA	NA	NA
NA	NA	NA	NA	NA	NA	NA	NA	NA	NA	NA	NA	NA	NA	NA	NA
NA	NA	NA	NA	NA	NA	NA	NA	NA	NA	NA	NA	NA	NA	NA	NA
NA	NA	NA	NA	NA	NA	NA	NA	NA	NA	NA	NA	NA	NA	NA	NA
NA	NA	NA	NA	NA	NA	NA	NA	NA	NA	NA	NA	NA	NA	NA	NA
NA	NA	NA	NA	NA	NA	NA	NA	NA	NA	NA	NA	NA	NA	NA	NA
NA	NA	NA	NA	NA	NA	NA	NA	NA	NA	NA	NA	NA	NA	NA	NA
NA	NA	NA	NA	NA	NA	NA	NA	NA	NA	NA	NA	NA	NA	NA	NA
NA	NA	NA	NA	NA	NA	NA	NA	NA	NA	NA	NA	NA	NA	NA	NA
NA	NA	NA	NA	NA	NA	NA	NA	NA	NA	NA	NA	NA	NA	NA	NA
NA	NA	NA	NA	NA	NA	NA	NA	NA	NA	NA	NA	NA	NA	NA	NA
NA	NA	NA	NA	NA	NA	NA	NA	NA	NA	NA	NA	NA	NA	NA	NA
NA	NA	NA	NA	NA	NA	NA	NA	NA	NA	NA	NA	NA	NA	NA	NA
NA	NA	NA	NA	NA	NA	NA	NA	NA	NA	NA	NA	NA	NA	NA	NA
NA	NA	NA	NA	NA	NA	NA	NA	NA	NA	NA	NA	NA	NA	NA	NA
NA	NA	NA	NA	NA	NA	NA	NA	NA	NA	NA	NA	NA	NA	NA	NA
NA	NA	NA	NA	NA	NA	NA	NA	NA	NA	NA	NA	NA	NA	NA	NA
NA	NA	NA	NA	NA	NA	NA	NA	NA	NA	NA	NA	NA	NA	NA	NA
NA	NA	NA	NA	NA	NA	NA	NA	NA	NA	NA	NA	NA	NA	NA	NA
NA	NA	NA	NA	NA	NA	NA	NA	NA	NA	NA	NA	NA	NA	NA	NA
NA	NA	NA	NA	NA	NA	NA	NA	NA	NA	NA	NA	NA	NA	NA	NA
NA	NA	NA	NA	NA	NA	NA	NA	NA	NA	NA	NA	NA	NA	NA	NA
NA	NA	NA	NA	NA	NA	NA	NA	NA	NA	NA	NA	NA	NA	NA	NA
NA	NA	NA	NA	NA	NA	NA	NA	NA	NA	NA	NA	NA	NA	NA	NA
NA	NA	NA	NA	NA	NA	NA	NA	NA	NA	NA	NA	NA	NA	NA	NA
NA	NA	NA	NA	NA	NA	NA	NA	NA	NA	NA	NA	NA	NA	NA	NA
NA	NA	NA	NA	NA	NA	NA	NA	NA	NA	NA	NA	NA	NA	NA	NA
NA	NA	NA	NA	NA	NA	NA	NA	NA	NA	NA	NA	NA	NA	NA	NA
NA	NA	NA	NA	NA	NA	NA	NA	NA	NA	NA	NA	NA	NA	NA	NA
NA	NA	NA	NA	NA	NA	NA	NA	NA	NA	NA	NA	NA	NA	NA	NA
NA	NA	NA	NA	NA	NA	NA	NA	NA	NA	NA	NA	NA	NA	NA	NA
NA	NA	NA	NA	NA	NA	NA	NA	NA	NA	NA	NA	NA	NA	NA	NA
NA	NA	NA	NA	NA	NA	NA	NA	NA	NA	NA	NA	NA	NA	NA	NA
NA	NA	NA	NA	NA	NA	NA	NA	NA	NA	NA	NA	NA	NA	NA	NA
NA	NA	NA	NA	NA	NA	NA	NA	NA	NA	NA	NA	NA	NA	NA	NA
NA	NA	NA	NA	NA	NA	NA	NA	NA	NA	NA	NA	NA	NA	NA	NA
NA	NA	NA	NA	NA	NA	NA	NA	NA	NA	NA	NA	NA	NA	NA	NA
NA	NA	NA	NA	NA	NA	NA	NA	NA	NA	NA	NA	NA	NA	NA	NA
NA	NA	NA	NA	NA	NA	NA	NA	NA	NA	NA	NA	NA	NA	NA	NA
NA	NA	NA	NA	NA	NA	NA	NA	NA	NA	NA	NA	NA	NA	NA	NA
NA	NA	NA	NA	NA	NA	NA	NA	NA	NA	NA	NA	NA	NA	NA	NA
NA	NA	NA	NA	NA	NA	NA	NA	NA	NA	NA	NA	NA	NA	NA	NA
NA	NA	NA	NA	NA	NA	NA	NA	NA	NA	NA	NA	NA	NA	NA	NA
NA	NA	NA	NA	NA	NA	NA	NA	NA	NA	NA	NA	NA	NA	NA	NA
NA	NA	NA	NA	NA	NA	NA	NA	NA	NA	NA	NA	NA	NA	NA	NA
NA	NA	NA	NA	NA	NA	NA	NA	NA	NA	NA	NA	NA	NA	NA	NA
NA	NA	NA	NA	NA	NA	NA	NA	NA	NA	NA	NA	NA	NA	NA	NA
NA	NA	NA	NA	NA	NA	NA	NA	NA	NA	NA	NA	NA	NA	NA	NA
NA	NA	NA	NA	NA	NA	NA	NA	NA	NA	NA	NA	NA	NA	NA	NA
NA	NA	NA	NA	NA	NA	NA	NA	NA	NA	NA	NA	NA	NA	NA	NA
NA	NA	NA	NA	NA	NA	NA	NA	NA	NA	NA	NA	NA	NA	NA	NA
NA	NA	NA	NA	NA	NA	NA	NA	NA	NA	NA	NA	NA	NA	NA	NA
NA	NA	NA	NA	NA	NA	NA	NA	NA	NA	NA	NA	NA	NA	NA	NA
NA	NA	NA	NA	NA	NA	NA	NA	NA	NA	NA	NA	NA	NA	NA	NA
NA	NA	NA	NA	NA	NA	NA	NA	NA	NA	NA	NA	NA	NA	NA	NA
NA	NA	NA	NA	NA	NA	NA	NA	NA	NA	NA	NA	NA	NA	NA	NA
NA	NA	NA	NA	NA	NA	NA	NA	NA	NA	NA	NA	NA	NA	NA	NA
NA	NA	NA	NA	NA	NA	NA	NA	NA	NA	NA	NA	NA	NA	NA	NA
NA	NA	NA	NA	NA	NA	NA	NA	NA	NA	NA	NA	NA	NA	NA	NA
NA	NA	NA	NA	NA	NA	NA	NA	NA	NA	NA	NA	NA	NA	NA	NA
NA	NA	NA	NA	NA	NA	NA	NA	NA	NA	NA	NA	NA	NA	NA	NA
NA	NA	NA	NA	NA	NA	NA	NA	NA	NA	NA	NA	NA	NA	NA	NA
NA	NA	NA	NA	NA	NA	NA	NA	NA	NA	NA	NA	NA	NA	NA	NA
NA	NA	NA	NA	NA	NA	NA	NA	NA	NA	NA	NA	NA	NA	NA	NA
NA	NA	NA	NA	NA	NA	NA	NA	NA	NA	NA	NA	NA	NA	NA	NA
NA	NA	NA	NA	NA	NA	NA	NA	NA	NA	NA	NA	NA	NA	NA	NA
NA	NA	NA	NA	NA	NA	NA	NA	NA	NA	NA	NA	NA	NA	NA	NA
NA	NA	NA	NA	NA	NA	NA	NA	NA	NA	NA	NA	NA	NA	NA	NA
NA	NA	NA	NA	NA	NA	NA	NA	NA	NA	NA	NA	NA	NA	NA	NA
NA	NA	NA	NA	NA	NA	NA	NA	NA	NA	NA	NA	NA	NA	NA	NA
NA	NA	NA	NA	NA	NA	NA	NA	NA	NA	NA	NA	NA	NA	NA	NA
