X1	X2	X3	X4	X1.1	X2.1	X3.1	X4.1	X1.2	X2.2	X3.2	X4.2	X1.3	X2.3	X3.3	X4.3
2.00056126739894	0.0942730901308157	1.81578601074254	2.18533652405534	2.0306244070594	0.120594711803715	1.79425877192412	2.26699004219468	2.0306244070594	0.0942730901308157	1.8407619480397	2.21944541758879	2.03032183503488	0.0907309982245148	1.8523721019039	2.20827156816586
2.14313085992248	0.0888022776715965	1.96907839568615	2.31718332415881	2.11607780496041	0.11592021442604	1.88887418468537	2.34328142523545	2.11607780496041	0.0888022776715965	1.95024195751347	2.29254345225611	2.11533536295289	0.0816243787519658	1.95526468832887	2.2754060375769
2.01431176232064	0.095193422636496	1.82773265395311	2.20089087068818	1.97152476043819	0.128033271516518	1.72057954826582	2.22246997261057	1.97152476043819	0.095193422636496	1.78512635639538	2.16710387352356	1.97051180755999	0.0860218769918651	1.80180762841008	2.1392159867099
2.13008588611597	0.102138148627079	1.9298951148069	2.33027665742505	2.12860473738728	0.136242579429315	1.86156928170582	2.39564019306873	2.12860473738728	0.102138148627079	1.91911691359533	2.32740703675708	2.1281758463076	0.0947242453668246	1.94238574789923	2.31396594471597
1.9601254477349	0.0916879819920487	1.78041700303048	2.13983389243931	1.95872854117089	0.120605547236339	1.72234166858767	2.19511541375412	1.95872854117089	0.0916879819920487	1.78857690316349	2.14398183588528	1.9560945772916	0.0849342954509764	1.78952099047827	2.12266816410492
2.02219551066616	0.0863478719271475	1.85295368168895	2.19143733964337	2.00998263369065	0.116939097783773	1.78078200203445	2.23918326534684	2.00998263369065	0.0863478719271475	1.84295986112444	2.18247115951511	2.01253774879146	0.0771868735684259	1.86117470522816	2.16390079235476
1.98559295119522	0.086177123986388	1.81668578818189	2.15450011420854	1.93264918509526	0.11387314362779	1.7094578235848	2.15584054660573	1.93264918509526	0.086177123986388	1.76509842878197	2.09935324508437	1.93262237674294	0.0807067621376503	1.77434541620857	2.09089933727732
1.90465509619099	0.0873339656973894	1.73348052342411	2.07582966895788	1.89787495921759	0.111489762840497	1.67935502405022	2.11639489438496	1.89787495921759	0.0873339656973894	1.72381713657	2.06769017456598	1.89637745547155	0.0802618317999782	1.73897870957562	2.05377620136748
2.14982747926673	0.0927883874017673	1.96796223995927	2.3316927185742	2.07681102020977	0.123237799253854	1.83526493367222	2.31835710674733	2.07681102020977	0.0927883874017673	1.89477036592104	2.26306094667813	2.0755066923159	0.0860380986750716	1.90676776713118	2.24424561750062
2.12581431134038	0.105142388308847	1.91973523025504	2.33189339242572	2.09942531351828	0.13665190031494	1.831587588901	2.36726303813557	2.09942531351828	0.105142388308847	1.89486654152415	2.31040151683278	2.09853555913737	0.100766415813319	1.90088980972606	2.29618130854867
2.10299196213014	0.100021794684234	1.90694924454904	2.29903467971124	2.04605829147695	0.129802293536636	1.79164579614515	2.30047078680876	2.04605829147695	0.100021794684234	1.87383020075427	2.26773906997686	2.04412566397885	0.0965334712218472	1.85479090757207	2.23346042038562
1.85953475437885	0.105089834985827	1.65355867780663	2.06551083095108	1.88488645884814	0.13631436523329	1.61771030299089	2.15206261470539	1.88488645884814	0.105089834985827	1.69084755765265	2.09150149772447	1.88333884866326	0.0987905910530862	1.68956777708512	2.0771099202414
2.04778689064267	0.104486008739888	1.84299431351249	2.25257946777285	2.05383346799063	0.137649029952363	1.784041369284	2.32362556669726	2.05383346799063	0.104486008739888	1.86007226111639	2.27092665629683	2.05468462966853	0.0986871984228534	1.8611166022792	2.24825265705787
2.00220188869943	0.0951577217435818	1.81569275408201	2.18871102331685	2.06865737926535	0.123425337336913	1.826743718085	2.3105710404457	2.06865737926535	0.0951577217435818	1.88094434210587	2.25834657118495	2.06767615835304	0.0898768382917541	1.89140247501656	2.24394984168952
1.95490996422442	0.0885742394646231	1.78130445487376	2.12851547357508	1.97150736538463	0.114202695090398	1.74767008300745	2.19534464776181	1.97150736538463	0.0885742394646231	1.79795638395671	2.14250425880494	1.97161807421021	0.0834691000536398	1.80792287141496	2.13531327700545
1.99020949839088	0.0888277067046481	1.81610719324977	2.16431180353199	2.06810478402795	0.114730857706517	1.84323230292318	2.29297726513273	2.06810478402795	0.0888277067046481	1.89767420293318	2.23126334520196	2.06628402283235	0.0840488718774227	1.90144334862991	2.23112469703479
2.10777409183668	0.0865566571301719	1.93812304386154	2.27742513981182	2.10448360251206	0.11518162299065	1.87872762145038	2.33023958357373	2.10448360251206	0.0865566571301719	1.93374012658067	2.27391176595093	2.10374081609851	0.0814020747674304	1.94410563734483	2.26337599485218
1.90355428033209	0.0945264480395014	1.71828244217467	2.08882611848952	1.89259391584452	0.12471555400548	1.64815142999378	2.13703640169526	1.89259391584452	0.0945264480395014	1.71086766253971	2.07599671507753	1.89462946020544	0.0907464816734597	1.71664952378672	2.07260939662417
2.09217995211134	0.0919590499062422	1.9119402142951	2.27241968992757	2.06931430836095	0.123619528421282	1.82702003265523	2.31160858406666	2.06931430836095	0.0919590499062422	1.88556821975777	2.24971490173351	2.06857298072567	0.0844510330656307	1.90294894479853	2.2341970166528
2.15935461051817	0.1005129271609	1.96234927328281	2.35635994775354	2.16582465931896	0.129429159247583	1.9121435071937	2.41950581144423	2.16582465931896	0.1005129271609	1.98296050796755	2.37839159482975	2.16430177117957	0.0939910767721035	1.97995141327004	2.34865212908911
2.04351617117139	0.0844850448772631	1.87792548321195	2.20910685913082	2.01265922027403	0.108940807968554	1.79913523665567	2.2261832038924	2.01265922027403	0.0844850448772631	1.84827863475698	2.17315302714185	2.01029912240129	0.0786484653978646	1.85607193289139	2.1645263119112
2.03076521860935	0.0906613168334926	1.8530690376157	2.20846139960299	2.05711767783849	0.119729243272855	1.8224483610237	2.29178699465329	2.05711767783849	0.0906613168334926	1.88504590480478	2.22465521067947	2.05762364598484	0.0859044606844628	1.8891500641516	2.22609722781808
2.01907415621222	0.0918704243699914	1.83900812444704	2.1991401879774	2.01560081458146	0.117609579094562	1.78508603955612	2.2461155896068	2.01560081458146	0.0918704243699914	1.84480003072834	2.20461191301217	2.01548834237326	0.0892641161141657	1.84041320114697	2.19056348359955
2.01811814798291	0.0817625289072685	1.85786359132466	2.17837270464116	1.98526247462609	0.104323210651091	1.78078898174995	2.18973596750223	1.98526247462609	0.0817625289072685	1.8210922761744	2.1444867240955	1.98287668914375	0.07755493301579	1.83078938891389	2.1349639893736
2.3741093624738	0.0869887558658188	2.20361140097679	2.5446073239708	2.26111659501139	0.112736536615171	2.04015298324566	2.48208020677713	2.26111659501139	0.0869887558658188	2.09018664894591	2.432385171259	2.25924654037344	0.0809859312247418	2.10042485332422	2.41806822742267
2.11648688668816	0.0957612556057046	1.92879482570098	2.30417894767534	2.16064391642585	0.124625503053152	1.91637793044167	2.40490990241003	2.16064391642585	0.0957612556057046	1.98705823339777	2.3488538796894	2.15977133734051	0.090519250096122	1.9822350393274	2.33730763535361
2.03810506762329	0.0835990436996524	1.87425094197197	2.20195919327461	2.00179909513779	0.111483798544897	1.78329084998979	2.22030734028579	2.00179909513779	0.0835990436996524	1.83172150316262	2.16583512061797	2.00127531473772	0.0786885314279902	1.84695988847638	2.15559074099906
2.05419028257606	0.0831735238627054	1.89117017580515	2.21721038934696	2.04563867802584	0.110844579370356	1.82838330245994	2.26289405359174	2.04563867802584	0.0831735238627054	1.87751170616176	2.20343449904881	2.0450596137695	0.0761653410673931	1.89569299504076	2.19442623249824
2.01145867090155	0.0813319791070467	1.85204799185174	2.17086934995137	2.01148106902627	0.105889982291636	1.80393670373466	2.21902543431787	2.01148106902627	0.0813319791070467	1.83827607549055	2.17460166116183	2.00923902886522	0.0794484865314583	1.85343338117578	2.16504467655467
2.02279379435435	0.101079360454478	1.82467824786357	2.22090934084512	1.98081382321581	0.135990114745491	1.71427319831465	2.24735444811698	1.98081382321581	0.101079360454478	1.78062617712363	2.16113252155369	1.98097680960756	0.0941850990209919	1.79623621188741	2.16571740732771
2.02856345541899	0.106277232582525	1.82026007955724	2.23686683128074	2.04166497869974	0.134874192815963	1.77731156078046	2.30601839661903	2.04166497869974	0.106277232582525	1.83964313146995	2.2670202209262	2.04274880220262	0.0977657501407723	1.85098848165728	2.23450912274797
1.8842869843892	0.0900865832230702	1.70771728127198	2.06085668750642	1.91628102760977	0.116514490102709	1.68791262700846	2.14464942821108	1.91628102760977	0.0900865832230702	1.73941154886248	2.08733122305739	1.91778503983147	0.0874971955844636	1.74618771950611	2.08938236015684
1.77662683958461	0.0875796895217641	1.60497064812196	1.94828303104727	1.82017844957836	0.113584200374654	1.59755341684404	2.04280348231269	1.82017844957836	0.0875796895217641	1.6435678234058	1.98872249317543	1.81971246462338	0.0827326615609891	1.6574570790416	1.98196785020516
1.94721868192633	0.0870201919722064	1.7766591056608	2.11777825819185	1.95995727165919	0.111034954490092	1.74232876085861	2.17758578245977	1.95995727165919	0.0870201919722064	1.78707865562466	2.13276323267098	1.95883214182643	0.0797977196986169	1.80234525648334	2.11531902716952
1.91627319234277	0.084958530510394	1.7497544725424	2.08279191214314	1.9276273471737	0.111392247629647	1.70929854181959	2.14595615252781	1.9276273471737	0.084958530510394	1.75585396083305	2.09878716112091	1.92708053253216	0.0770726381681237	1.77594260283818	2.07821846222615
2.04426305001553	0.105150271765239	1.83816851735566	2.2503575826754	2.06767608290317	0.133509008118789	1.80599842699034	2.32935373881599	2.06767608290317	0.105150271765239	1.87494564260164	2.30395564935634	2.07143046769933	0.102127170147304	1.87110994967592	2.27175098572273
1.93956717157004	0.088813190613627	1.76549331796733	2.11364102517275	1.99662543214082	0.117087346070821	1.76713423384201	2.22611663043963	1.99662543214082	0.088813190613627	1.82967300817848	2.1795709618206	1.99668410238357	0.0830208022919576	1.8338688900643	2.15949931470285
2.05370609762393	0.0925391319868105	1.87232939892978	2.23508279631808	2.04689955197671	0.122270944628447	1.80724850050495	2.28655060344846	2.04689955197671	0.0925391319868105	1.86874573892302	2.22265546030309	2.04825822038872	0.08765524547125	1.87634205878329	2.22017438199415
2.17481231936095	0.089981521304618	1.9984485376039	2.351176101118	2.14444466527839	0.115764131258438	1.91754696801185	2.37134236254493	2.14444466527839	0.089981521304618	1.96708387500968	2.32236778642535	2.14145574676722	0.0837993461379656	1.97711080172639	2.30580069180804
2.18597353075739	0.0999965742011961	1.98998024532305	2.38196681619174	2.16476920618161	0.132438155164689	1.90519042205882	2.4243479903044	2.16476920618161	0.0999965742011961	1.95325134079046	2.35093057068162	2.16358119619033	0.0929029131845915	1.98136964206738	2.34579275031329
2.1180653774009	0.0975434911586138	1.92688013473002	2.30925062007179	2.09600054748785	0.125646625438948	1.84973316162752	2.34226793334819	2.09600054748785	0.0975434911586138	1.91545147440382	2.28978903158585	2.09574678927546	0.0909507163203379	1.91736933668234	2.27412424186857
1.86008443267482	0.0980445204077984	1.66791717267553	2.0522516926741	1.89957004635667	0.12686436536502	1.65091589024123	2.14822420247211	1.89957004635667	0.0980445204077984	1.72708046817133	2.09790257189644	1.89914692210419	0.0924118766078837	1.7178941922368	2.08039965197157
1.99381032166741	0.0943506391177408	1.80888306899663	2.17873757433818	2.04715941705561	0.122024181846895	1.8079920206357	2.28632681347553	2.04715941705561	0.0943506391177408	1.86874941522906	2.23160027916647	2.04527863635039	0.0881081555550324	1.87247452818288	2.21808274451789
1.95775510534797	0.0795519694119155	1.80183324530061	2.11367696539532	1.96227970801254	0.104911290373959	1.75665357887958	2.1679058371455	1.96227970801254	0.0795519694119155	1.80552943730177	2.11623972770282	1.96512965154733	0.0759656584276328	1.81615728755145	2.1141020155432
2.00942853943232	0.08750849763036	1.83791188407681	2.18094519478782	1.98952865076364	0.111359065237206	1.77126488289871	2.20779241862856	1.98952865076364	0.08750849763036	1.80553345298141	2.16311525501564	1.99016488770427	0.0832465116711504	1.82690893360633	2.15342084180221
1.98174145221455	0.0899439665902956	1.80545127769757	2.15803162673152	1.93799307082048	0.116985319080933	1.70870184542185	2.16728429621911	1.93799307082048	0.0899439665902956	1.76396945905899	2.10868732370169	1.93915037987152	0.0862980516102989	1.76989645041815	2.10840430932489
1.96316552484237	0.0924537495159785	1.78195617579106	2.14437487389369	1.92030858660094	0.123466019813845	1.6783151877658	2.16230198543608	1.92030858660094	0.0924537495159785	1.73075843428773	2.09467706263535	1.91991586773215	0.0845476979626956	1.75410338214096	2.08572835332334
1.94965047619902	0.0879545111783057	1.77725963428954	2.1220413181085	1.92417478799743	0.115837901247752	1.69713250155184	2.15121707444302	1.92417478799743	0.0879545111783057	1.756886612907	2.09712407048516	1.92108612795521	0.0827073084185251	1.75888417754534	2.08328807836508
2.03407786840902	0.0900358270824605	1.8576076473274	2.21054808949065	1.99020751727093	0.11479863900041	1.76520218483013	2.21521284971173	1.99020751727093	0.0900358270824605	1.81270951749082	2.16306820910852	1.99215062461896	0.08733038769398	1.82087259613237	2.16342865310554
1.99906739051036	0.092556576537277	1.8176565004973	2.18047828052343	1.97543912143256	0.120790049934939	1.73869062356008	2.21218761930504	1.97543912143256	0.092556576537277	1.78473167117199	2.14704172122887	1.97525997724381	0.0859680344562044	1.80665590305747	2.14386405143015
2.0464873337988	0.0900469228111402	1.86999536508896	2.22297930250863	2.06388541869711	0.118125954471334	1.8323585479333	2.29541228946093	2.06388541869711	0.0900469228111402	1.88868496253865	2.24228728377358	2.06220170547484	0.0834985336536868	1.89845081946825	2.22595259148144
1.98308077437541	0.0870194825415519	1.81252258859397	2.15363896015685	1.95009077936263	0.116538888773509	1.72167455736656	2.17850700135871	1.95009077936263	0.0870194825415519	1.77498637743549	2.12564853966534	1.94972481048663	0.0826368408623725	1.78766715187281	2.11178246910044
1.98163202405049	0.081312914237932	1.82225871214414	2.14100533595684	2.014066390822	0.108446479166121	1.8015112916564	2.2266214899876	2.014066390822	0.081312914237932	1.84854207933987	2.16690745264658	2.01535400630627	0.077758544843545	1.86287453178261	2.16783348082994
1.90704730398893	0.114139862818211	1.68333317286524	2.13076143511263	1.94815149965295	0.138861645805225	1.67598267387471	2.22032032543119	1.94815149965295	0.114139862818211	1.71092770629593	2.16932605591445	1.9493828220221	0.111549003828998	1.730563767327	2.16820187671719
1.94744854050502	0.0951267683305821	1.76100007457708	2.13389700643296	1.95573339870667	0.122315850596537	1.71599433153746	2.19547246587589	1.95573339870667	0.0951267683305821	1.75080998756114	2.1264851213164	1.95676135777796	0.0894498012070198	1.78132309949602	2.1321996160599
1.99674765159578	0.0863903854856943	1.82742249604382	2.16607280714774	2.01536842581545	0.114165656142988	1.7916037397752	2.23913311185571	2.01536842581545	0.0863903854856943	1.84069602301119	2.18296526112514	2.01485547138893	0.0812443508884638	1.85552826437477	2.17418267840309
1.90388312713824	0.0810397415901457	1.74504523362156	2.06272102065493	1.89372992576179	0.104961128217036	1.6880061144564	2.09945373706718	1.89372992576179	0.0810397415901457	1.72658415849599	2.04818050464766	1.89321831388271	0.0762111223252746	1.74376476489819	2.04267186286723
1.96004230662816	0.0961589017924624	1.77157085911493	2.14851375414138	1.96327759351933	0.124656241947291	1.71895135930264	2.20760382773602	1.96327759351933	0.0961589017924624	1.79973696689289	2.1632473026672	1.96138662509027	0.0922080993718776	1.78052896389406	2.14224428628648
2.05586559966263	0.0965976392373612	1.8665342267574	2.24519697256786	2.08282618024527	0.129113423392456	1.82976387039606	2.33588849009448	2.08282618024527	0.0965976392373612	1.89449080033022	2.27669570772798	2.07983278564032	0.0899636271900636	1.90338937342353	2.25627619785711
1.90494444330183	0.0900014858763577	1.72854153098417	2.08134735561949	1.90186785738178	0.117974779346401	1.67063728986284	2.13309842490073	1.90186785738178	0.0900014858763577	1.72507696957115	2.08327705225846	1.90176586402354	0.081665288904198	1.74161329957828	2.06191842846881
1.99692041600097	0.0874922117668742	1.82543568093789	2.16840515106404	2.00649557772172	0.113943949550215	1.7831654366033	2.22982571884015	2.00649557772172	0.0874922117668742	1.82911605459637	2.17082241714095	2.00508669693682	0.081719708973146	1.84481804021349	2.16535535366014
2.0069109994928	0.105294113402892	1.80053453722313	2.21328746176247	1.93847059401614	0.1346301488562	1.67459550225799	2.20234568577429	1.93847059401614	0.105294113402892	1.71267527107894	2.12362133178159	1.93655252369232	0.0979265362196836	1.74447341858875	2.12863162879588
2.05357729698882	0.0983276331369001	1.8608551360405	2.24629945793715	2.02779467191991	0.126865428574232	1.77913843191442	2.27645091192541	2.02779467191991	0.0983276331369001	1.84669455718439	2.2245382411551	2.02839964469435	0.0900535924747399	1.85178550228199	2.20501378710671
2.04433226863042	0.0922034431357216	1.8636135200844	2.22505101717643	2.09546537549742	0.118595262766267	1.86301866047553	2.3279120905193	2.09546537549742	0.0922034431357216	1.90201448974719	2.27769767596476	2.09201542369646	0.0906483591887367	1.91422689787599	2.26980394951693
2.13952539978543	0.0923636644876944	1.95849261738955	2.32055818218131	2.11330895632715	0.119104810526219	1.87986352769576	2.34675438495854	2.11330895632715	0.0923636644876944	1.94155884567194	2.2939340684702	2.11334971272418	0.0899212933715769	1.9369900612737	2.28970936417466
1.99716730349746	0.0896759001208185	1.82140253926066	2.17293206773426	1.97122829045281	0.11781608736834	1.74030875921086	2.20214782169476	1.97122829045281	0.0896759001208185	1.79752884621676	2.1459342355854	1.97293521273206	0.080947782577532	1.81418990948896	2.13168051597515
1.93605376435763	0.103739366654984	1.73272460571386	2.13938292300139	1.95809569234408	0.136233330972866	1.69107836363727	2.2251130210509	1.95809569234408	0.103739366654984	1.75154748667687	2.16196404844597	1.9584016081118	0.0970610243980369	1.7680229698038	2.14878024641981
2.09095147839844	0.0839520144774372	1.92640553002266	2.25549742677422	2.07046637167059	0.107446509515151	1.8598712130209	2.28106153032029	2.07046637167059	0.0839520144774372	1.89329109378129	2.2263643217466	2.06927698048588	0.080575051045487	1.91126310752492	2.22729085344683
1.9946504516715	0.0849188836724278	1.82820943967354	2.16109146366946	1.93688448480408	0.10867494164238	1.72388159918502	2.14988737042315	1.93688448480408	0.0849188836724278	1.76835946236612	2.092805934493	1.93579709972736	0.078852834523363	1.78116009081222	2.0904341086425
2.06496141995809	0.0899241329958877	1.88871011928615	2.24121272063003	2.02346854585609	0.113649932529182	1.8007146780989	2.24622241361329	2.02346854585609	0.0899241329958877	1.83925597179923	2.1943370195969	2.02374445733368	0.0872095552317594	1.85270314796812	2.19478576669923
1.90454097107545	0.0856068400510406	1.73675156457541	2.07233037757549	1.90126131992914	0.111069532380143	1.68356503646406	2.11895760339422	1.90126131992914	0.0856068400510406	1.73556980288863	2.07577362888293	1.90171801528725	0.080022951252866	1.74478306098355	2.05865296959095
1.95705314186052	0.0880491084381236	1.7844768893218	2.12962939439924	1.93869326552533	0.115218721654405	1.7128645710827	2.16452195996797	1.93869326552533	0.0880491084381236	1.76842536161211	2.1085064902949	1.93744425705799	0.0827239988017526	1.77520594291982	2.09968257119616
1.96696013979043	0.0985208847249258	1.77385920572958	2.16006107385129	1.89682128142914	0.13060140400494	1.64084252957946	2.15280003327882	1.89682128142914	0.0985208847249258	1.69334713853778	2.08636778353022	1.89883962038899	0.0896754718706377	1.72296203860647	2.07471720217151
1.85985248336321	0.103811201269213	1.65638252887555	2.06332243785087	1.85648549365782	0.13417789473036	1.59349681998631	2.11947416732932	1.85648549365782	0.103811201269213	1.64607385603418	2.0532505339474	1.8580192245698	0.097105517458302	1.66755185180447	2.04848659733513
2.09530669645863	0.0877487279612879	1.9233191896545	2.26729420326275	2.09653458418278	0.11466943996293	1.87178248185544	2.32128668651013	2.09653458418278	0.0877487279612879	1.93107267695864	2.28053684949378	2.09487262589699	0.0836164638293001	1.93089090035326	2.25885435144072
2.05890547437302	0.101507786569156	1.85995021269748	2.25786073604857	2.04749031604133	0.132075968714769	1.78862141736038	2.30635921472228	2.04749031604133	0.101507786569156	1.85074759600087	2.23548192519399	2.0463307624182	0.098060266648624	1.85399512365128	2.23866640118513
2.0617946618106	0.0911133576426288	1.88321248083105	2.24037684279016	2.09114685193726	0.121792833263566	1.85243289874067	2.32986080513385	2.09114685193726	0.0911133576426288	1.90464138930806	2.27011858173637	2.09080055833106	0.0901640973028687	1.91396174523752	2.26763937142459
2.07726860486487	0.0834819947416477	1.91364389517124	2.2408933145585	2.06764689564152	0.114357515403793	1.84350616545009	2.29178762583295	2.06764689564152	0.0834819947416477	1.9119094116707	2.23355472089051	2.06650875959515	0.0778016124026145	1.91393543217342	2.21908208701687
1.98490003809886	0.0885759982165286	1.81129108159447	2.15850899460326	1.98506184279477	0.114156330866814	1.76131543429582	2.20880825129373	1.98506184279477	0.0885759982165286	1.78601656588658	2.15476120208625	1.98313417643079	0.0857759252633594	1.8149151219472	2.15135323091439
2.0443180777061	0.0865905046495633	1.87460068859296	2.21403546681925	2.01444469253332	0.113030832927805	1.79290425999482	2.23598512507181	2.01444469253332	0.0865905046495633	1.84175739975794	2.18464901768112	2.01447306739449	0.0790093092777576	1.85953271949604	2.16941341529295
2.03498431575411	0.102329753476665	1.83441799893984	2.23555063256837	2.06743330082767	0.131272608328966	1.8101389885029	2.32472761315245	2.06743330082767	0.102329753476665	1.87044593382089	2.2702107806976	2.06674663966845	0.0943492614199747	1.88169159140261	2.25180168793429
1.99263789022461	0.0837937199464672	1.82840219912953	2.15687358131968	2.04531304138431	0.110733014083257	1.82827633378113	2.2623497489875	2.04531304138431	0.0837937199464672	1.87703258162841	2.21492684989614	2.04460669319886	0.0749938877657889	1.89754343165668	2.19166995474103
1.90111007439494	0.0909224559142539	1.722902060803	2.07931808798688	1.94845857586901	0.116071915958255	1.72095762059083	2.17595953114719	1.94845857586901	0.0909224559142539	1.76859001325329	2.13739602536679	1.94688573016664	0.0855488872694644	1.77910225580899	2.11466920452429
1.85073509239198	0.0878049056986193	1.67863747722269	2.02283270756127	1.86920839429215	0.112737966062076	1.64824198081048	2.09017480777382	1.86920839429215	0.0878049056986193	1.70441154742099	2.03733981124432	1.8670800175216	0.0816849626504338	1.70688340922885	2.02727662581435
1.94063360472905	0.0906286495011108	1.76300145170687	2.11826575775123	1.96507143997471	0.119112900861012	1.73161015428713	2.1985327256623	1.96507143997471	0.0906286495011108	1.79393359056158	2.1410799432966	1.96482274724654	0.08771352755477	1.79279358241633	2.13685191207674
2.14514387925296	0.0990256513785964	1.95105360255091	2.33923415595501	2.12243202831148	0.129914682249911	1.86779925110165	2.37706480552131	2.12243202831148	0.0990256513785964	1.9505518785545	2.32460301310247	2.12325013024611	0.0916955670499427	1.94340260690366	2.30309765358856
1.85852190481186	0.0964984603831723	1.66938492246084	2.04765888716288	1.83219219643903	0.125591142772993	1.58603355660396	2.07835083627409	1.83219219643903	0.0964984603831723	1.63805720855206	2.01013278955892	1.82975297723093	0.0896142119623939	1.65399233302942	2.00551362143244
1.93603781625075	0.0816014309483929	1.7760990115919	2.0959766209096	1.94563292230356	0.106584037674532	1.73672820846148	2.15453763614565	1.94563292230356	0.0816014309483929	1.79191731596819	2.10310280251407	1.94513736199473	0.0766896428820295	1.79474888878736	2.0955258352021
1.91371280065297	0.0914024582675345	1.7345639824486	2.09286161885734	1.92088344105555	0.118234086713972	1.68914463109616	2.15262225101493	1.92088344105555	0.0914024582675345	1.73590205308748	2.0964693592807	1.9210135923045	0.0819449720430968	1.76031182797191	2.08171535663709
1.82622121326178	0.085027704600238	1.65956691224532	1.99287551427825	1.83002938923333	0.103762019529509	1.62665583095549	2.03340294751117	1.83002938923333	0.085027704600238	1.66602797910292	1.99142958282835	1.82985546874226	0.0834005827597247	1.66629245266859	1.99341848481593
1.94922698593048	0.0870093759651153	1.77868860903886	2.11976536282211	1.98793709616791	0.114742086223976	1.76304260716892	2.21283158516691	1.98793709616791	0.0870093759651153	1.82387238876833	2.15789462320816	1.98875959829414	0.0807622948722301	1.83037705076937	2.1471421458189
2.08124177712485	0.102416221391114	1.88050598319827	2.28197757105144	2.01143309198632	0.13059794445089	1.75546112086258	2.26740506311007	2.01143309198632	0.102416221391114	1.8058408756161	2.20518218281952	2.01103868634671	0.0958259054451792	1.82308665177311	2.19899072092031
2.12156210599153	0.0849815886080708	1.95499819231971	2.28812601966335	2.04780360374137	0.108631394781695	1.83488606996924	2.26072113751349	2.04780360374137	0.0849815886080708	1.87159067934242	2.21136720269639	2.04789720805393	0.0790469084125642	1.89288036642782	2.20291404968004
2.05678805156024	0.0905521180815521	1.8793059001204	2.23427020300009	2.07435669392277	0.116536898537113	1.84594437279003	2.30276901505551	2.07435669392277	0.0905521180815521	1.89086085388594	2.26615106413024	2.0708612869626	0.086414283590725	1.90138625218746	2.24033632173774
1.92547816718274	0.0944846914837189	1.74028817187465	2.11066816249082	1.94099868535507	0.127885094589216	1.69034389996021	2.19165347074994	1.94099868535507	0.0944846914837189	1.75279250151755	2.13263530349895	1.93993845644863	0.0858610718896498	1.77155291147825	2.10832400141901
2.15523208160161	0.09425319780803	1.97049581389787	2.33996834930535	2.10516524743384	0.125141228865345	1.85988843885776	2.35044205600991	2.10516524743384	0.09425319780803	1.91824017671995	2.28512104015928	2.10555603149966	0.0894852771885469	1.93005450897862	2.2810575540207
1.88566306996426	0.0856385169876023	1.71781157666856	2.05351456325997	1.88543774941809	0.108892702024508	1.67200805345005	2.09886744538613	1.88543774941809	0.0856385169876023	1.72046866067392	2.05690892971669	1.88741750937677	0.0818503785401986	1.72690023304289	2.04793478571065
1.8341518932724	0.083882113119151	1.66974295155886	1.99856083498593	1.83734945235035	0.110151565453127	1.62145238406222	2.05324652063848	1.83734945235035	0.083882113119151	1.67458417425338	1.99637186156891	1.83585348781627	0.0781279345592265	1.68264350979207	1.98906346584047
2.0165500983392	0.0931216179706656	1.8340317271167	2.19906846956171	2.00966874330919	0.124306849456547	1.76602731837436	2.25331016824402	2.00966874330919	0.0931216179706656	1.81838777596605	2.18014736733147	2.00745327293277	0.0878662197172673	1.83512972720322	2.17977681866233
2.03223742052538	0.0806253176494395	1.87421179793248	2.19026304311829	2.05692602470624	0.10769609755297	1.84584167350242	2.26801037591006	2.05692602470624	0.0806253176494395	1.9062336600878	2.22158220550264	2.05505181413176	0.0748235884758802	1.90832469045476	2.20177893780875
NA	NA	NA	NA	NA	NA	NA	NA	NA	NA	NA	NA	NA	NA	NA	NA
NA	NA	NA	NA	NA	NA	NA	NA	NA	NA	NA	NA	NA	NA	NA	NA
NA	NA	NA	NA	NA	NA	NA	NA	NA	NA	NA	NA	NA	NA	NA	NA
NA	NA	NA	NA	NA	NA	NA	NA	NA	NA	NA	NA	NA	NA	NA	NA
NA	NA	NA	NA	NA	NA	NA	NA	NA	NA	NA	NA	NA	NA	NA	NA
NA	NA	NA	NA	NA	NA	NA	NA	NA	NA	NA	NA	NA	NA	NA	NA
NA	NA	NA	NA	NA	NA	NA	NA	NA	NA	NA	NA	NA	NA	NA	NA
NA	NA	NA	NA	NA	NA	NA	NA	NA	NA	NA	NA	NA	NA	NA	NA
NA	NA	NA	NA	NA	NA	NA	NA	NA	NA	NA	NA	NA	NA	NA	NA
NA	NA	NA	NA	NA	NA	NA	NA	NA	NA	NA	NA	NA	NA	NA	NA
NA	NA	NA	NA	NA	NA	NA	NA	NA	NA	NA	NA	NA	NA	NA	NA
NA	NA	NA	NA	NA	NA	NA	NA	NA	NA	NA	NA	NA	NA	NA	NA
NA	NA	NA	NA	NA	NA	NA	NA	NA	NA	NA	NA	NA	NA	NA	NA
NA	NA	NA	NA	NA	NA	NA	NA	NA	NA	NA	NA	NA	NA	NA	NA
NA	NA	NA	NA	NA	NA	NA	NA	NA	NA	NA	NA	NA	NA	NA	NA
NA	NA	NA	NA	NA	NA	NA	NA	NA	NA	NA	NA	NA	NA	NA	NA
NA	NA	NA	NA	NA	NA	NA	NA	NA	NA	NA	NA	NA	NA	NA	NA
NA	NA	NA	NA	NA	NA	NA	NA	NA	NA	NA	NA	NA	NA	NA	NA
NA	NA	NA	NA	NA	NA	NA	NA	NA	NA	NA	NA	NA	NA	NA	NA
NA	NA	NA	NA	NA	NA	NA	NA	NA	NA	NA	NA	NA	NA	NA	NA
NA	NA	NA	NA	NA	NA	NA	NA	NA	NA	NA	NA	NA	NA	NA	NA
NA	NA	NA	NA	NA	NA	NA	NA	NA	NA	NA	NA	NA	NA	NA	NA
NA	NA	NA	NA	NA	NA	NA	NA	NA	NA	NA	NA	NA	NA	NA	NA
NA	NA	NA	NA	NA	NA	NA	NA	NA	NA	NA	NA	NA	NA	NA	NA
NA	NA	NA	NA	NA	NA	NA	NA	NA	NA	NA	NA	NA	NA	NA	NA
NA	NA	NA	NA	NA	NA	NA	NA	NA	NA	NA	NA	NA	NA	NA	NA
NA	NA	NA	NA	NA	NA	NA	NA	NA	NA	NA	NA	NA	NA	NA	NA
NA	NA	NA	NA	NA	NA	NA	NA	NA	NA	NA	NA	NA	NA	NA	NA
NA	NA	NA	NA	NA	NA	NA	NA	NA	NA	NA	NA	NA	NA	NA	NA
NA	NA	NA	NA	NA	NA	NA	NA	NA	NA	NA	NA	NA	NA	NA	NA
NA	NA	NA	NA	NA	NA	NA	NA	NA	NA	NA	NA	NA	NA	NA	NA
NA	NA	NA	NA	NA	NA	NA	NA	NA	NA	NA	NA	NA	NA	NA	NA
NA	NA	NA	NA	NA	NA	NA	NA	NA	NA	NA	NA	NA	NA	NA	NA
NA	NA	NA	NA	NA	NA	NA	NA	NA	NA	NA	NA	NA	NA	NA	NA
NA	NA	NA	NA	NA	NA	NA	NA	NA	NA	NA	NA	NA	NA	NA	NA
NA	NA	NA	NA	NA	NA	NA	NA	NA	NA	NA	NA	NA	NA	NA	NA
NA	NA	NA	NA	NA	NA	NA	NA	NA	NA	NA	NA	NA	NA	NA	NA
NA	NA	NA	NA	NA	NA	NA	NA	NA	NA	NA	NA	NA	NA	NA	NA
NA	NA	NA	NA	NA	NA	NA	NA	NA	NA	NA	NA	NA	NA	NA	NA
NA	NA	NA	NA	NA	NA	NA	NA	NA	NA	NA	NA	NA	NA	NA	NA
NA	NA	NA	NA	NA	NA	NA	NA	NA	NA	NA	NA	NA	NA	NA	NA
NA	NA	NA	NA	NA	NA	NA	NA	NA	NA	NA	NA	NA	NA	NA	NA
NA	NA	NA	NA	NA	NA	NA	NA	NA	NA	NA	NA	NA	NA	NA	NA
NA	NA	NA	NA	NA	NA	NA	NA	NA	NA	NA	NA	NA	NA	NA	NA
NA	NA	NA	NA	NA	NA	NA	NA	NA	NA	NA	NA	NA	NA	NA	NA
NA	NA	NA	NA	NA	NA	NA	NA	NA	NA	NA	NA	NA	NA	NA	NA
NA	NA	NA	NA	NA	NA	NA	NA	NA	NA	NA	NA	NA	NA	NA	NA
NA	NA	NA	NA	NA	NA	NA	NA	NA	NA	NA	NA	NA	NA	NA	NA
NA	NA	NA	NA	NA	NA	NA	NA	NA	NA	NA	NA	NA	NA	NA	NA
NA	NA	NA	NA	NA	NA	NA	NA	NA	NA	NA	NA	NA	NA	NA	NA
NA	NA	NA	NA	NA	NA	NA	NA	NA	NA	NA	NA	NA	NA	NA	NA
NA	NA	NA	NA	NA	NA	NA	NA	NA	NA	NA	NA	NA	NA	NA	NA
NA	NA	NA	NA	NA	NA	NA	NA	NA	NA	NA	NA	NA	NA	NA	NA
NA	NA	NA	NA	NA	NA	NA	NA	NA	NA	NA	NA	NA	NA	NA	NA
NA	NA	NA	NA	NA	NA	NA	NA	NA	NA	NA	NA	NA	NA	NA	NA
NA	NA	NA	NA	NA	NA	NA	NA	NA	NA	NA	NA	NA	NA	NA	NA
NA	NA	NA	NA	NA	NA	NA	NA	NA	NA	NA	NA	NA	NA	NA	NA
NA	NA	NA	NA	NA	NA	NA	NA	NA	NA	NA	NA	NA	NA	NA	NA
NA	NA	NA	NA	NA	NA	NA	NA	NA	NA	NA	NA	NA	NA	NA	NA
NA	NA	NA	NA	NA	NA	NA	NA	NA	NA	NA	NA	NA	NA	NA	NA
NA	NA	NA	NA	NA	NA	NA	NA	NA	NA	NA	NA	NA	NA	NA	NA
NA	NA	NA	NA	NA	NA	NA	NA	NA	NA	NA	NA	NA	NA	NA	NA
NA	NA	NA	NA	NA	NA	NA	NA	NA	NA	NA	NA	NA	NA	NA	NA
NA	NA	NA	NA	NA	NA	NA	NA	NA	NA	NA	NA	NA	NA	NA	NA
NA	NA	NA	NA	NA	NA	NA	NA	NA	NA	NA	NA	NA	NA	NA	NA
NA	NA	NA	NA	NA	NA	NA	NA	NA	NA	NA	NA	NA	NA	NA	NA
NA	NA	NA	NA	NA	NA	NA	NA	NA	NA	NA	NA	NA	NA	NA	NA
NA	NA	NA	NA	NA	NA	NA	NA	NA	NA	NA	NA	NA	NA	NA	NA
NA	NA	NA	NA	NA	NA	NA	NA	NA	NA	NA	NA	NA	NA	NA	NA
NA	NA	NA	NA	NA	NA	NA	NA	NA	NA	NA	NA	NA	NA	NA	NA
NA	NA	NA	NA	NA	NA	NA	NA	NA	NA	NA	NA	NA	NA	NA	NA
NA	NA	NA	NA	NA	NA	NA	NA	NA	NA	NA	NA	NA	NA	NA	NA
NA	NA	NA	NA	NA	NA	NA	NA	NA	NA	NA	NA	NA	NA	NA	NA
NA	NA	NA	NA	NA	NA	NA	NA	NA	NA	NA	NA	NA	NA	NA	NA
NA	NA	NA	NA	NA	NA	NA	NA	NA	NA	NA	NA	NA	NA	NA	NA
NA	NA	NA	NA	NA	NA	NA	NA	NA	NA	NA	NA	NA	NA	NA	NA
NA	NA	NA	NA	NA	NA	NA	NA	NA	NA	NA	NA	NA	NA	NA	NA
NA	NA	NA	NA	NA	NA	NA	NA	NA	NA	NA	NA	NA	NA	NA	NA
NA	NA	NA	NA	NA	NA	NA	NA	NA	NA	NA	NA	NA	NA	NA	NA
NA	NA	NA	NA	NA	NA	NA	NA	NA	NA	NA	NA	NA	NA	NA	NA
NA	NA	NA	NA	NA	NA	NA	NA	NA	NA	NA	NA	NA	NA	NA	NA
NA	NA	NA	NA	NA	NA	NA	NA	NA	NA	NA	NA	NA	NA	NA	NA
NA	NA	NA	NA	NA	NA	NA	NA	NA	NA	NA	NA	NA	NA	NA	NA
NA	NA	NA	NA	NA	NA	NA	NA	NA	NA	NA	NA	NA	NA	NA	NA
NA	NA	NA	NA	NA	NA	NA	NA	NA	NA	NA	NA	NA	NA	NA	NA
NA	NA	NA	NA	NA	NA	NA	NA	NA	NA	NA	NA	NA	NA	NA	NA
NA	NA	NA	NA	NA	NA	NA	NA	NA	NA	NA	NA	NA	NA	NA	NA
NA	NA	NA	NA	NA	NA	NA	NA	NA	NA	NA	NA	NA	NA	NA	NA
NA	NA	NA	NA	NA	NA	NA	NA	NA	NA	NA	NA	NA	NA	NA	NA
NA	NA	NA	NA	NA	NA	NA	NA	NA	NA	NA	NA	NA	NA	NA	NA
NA	NA	NA	NA	NA	NA	NA	NA	NA	NA	NA	NA	NA	NA	NA	NA
NA	NA	NA	NA	NA	NA	NA	NA	NA	NA	NA	NA	NA	NA	NA	NA
NA	NA	NA	NA	NA	NA	NA	NA	NA	NA	NA	NA	NA	NA	NA	NA
NA	NA	NA	NA	NA	NA	NA	NA	NA	NA	NA	NA	NA	NA	NA	NA
NA	NA	NA	NA	NA	NA	NA	NA	NA	NA	NA	NA	NA	NA	NA	NA
NA	NA	NA	NA	NA	NA	NA	NA	NA	NA	NA	NA	NA	NA	NA	NA
NA	NA	NA	NA	NA	NA	NA	NA	NA	NA	NA	NA	NA	NA	NA	NA
NA	NA	NA	NA	NA	NA	NA	NA	NA	NA	NA	NA	NA	NA	NA	NA
NA	NA	NA	NA	NA	NA	NA	NA	NA	NA	NA	NA	NA	NA	NA	NA
NA	NA	NA	NA	NA	NA	NA	NA	NA	NA	NA	NA	NA	NA	NA	NA
NA	NA	NA	NA	NA	NA	NA	NA	NA	NA	NA	NA	NA	NA	NA	NA
NA	NA	NA	NA	NA	NA	NA	NA	NA	NA	NA	NA	NA	NA	NA	NA
NA	NA	NA	NA	NA	NA	NA	NA	NA	NA	NA	NA	NA	NA	NA	NA
NA	NA	NA	NA	NA	NA	NA	NA	NA	NA	NA	NA	NA	NA	NA	NA
NA	NA	NA	NA	NA	NA	NA	NA	NA	NA	NA	NA	NA	NA	NA	NA
NA	NA	NA	NA	NA	NA	NA	NA	NA	NA	NA	NA	NA	NA	NA	NA
NA	NA	NA	NA	NA	NA	NA	NA	NA	NA	NA	NA	NA	NA	NA	NA
NA	NA	NA	NA	NA	NA	NA	NA	NA	NA	NA	NA	NA	NA	NA	NA
NA	NA	NA	NA	NA	NA	NA	NA	NA	NA	NA	NA	NA	NA	NA	NA
NA	NA	NA	NA	NA	NA	NA	NA	NA	NA	NA	NA	NA	NA	NA	NA
NA	NA	NA	NA	NA	NA	NA	NA	NA	NA	NA	NA	NA	NA	NA	NA
NA	NA	NA	NA	NA	NA	NA	NA	NA	NA	NA	NA	NA	NA	NA	NA
NA	NA	NA	NA	NA	NA	NA	NA	NA	NA	NA	NA	NA	NA	NA	NA
NA	NA	NA	NA	NA	NA	NA	NA	NA	NA	NA	NA	NA	NA	NA	NA
NA	NA	NA	NA	NA	NA	NA	NA	NA	NA	NA	NA	NA	NA	NA	NA
NA	NA	NA	NA	NA	NA	NA	NA	NA	NA	NA	NA	NA	NA	NA	NA
NA	NA	NA	NA	NA	NA	NA	NA	NA	NA	NA	NA	NA	NA	NA	NA
NA	NA	NA	NA	NA	NA	NA	NA	NA	NA	NA	NA	NA	NA	NA	NA
NA	NA	NA	NA	NA	NA	NA	NA	NA	NA	NA	NA	NA	NA	NA	NA
NA	NA	NA	NA	NA	NA	NA	NA	NA	NA	NA	NA	NA	NA	NA	NA
NA	NA	NA	NA	NA	NA	NA	NA	NA	NA	NA	NA	NA	NA	NA	NA
NA	NA	NA	NA	NA	NA	NA	NA	NA	NA	NA	NA	NA	NA	NA	NA
NA	NA	NA	NA	NA	NA	NA	NA	NA	NA	NA	NA	NA	NA	NA	NA
NA	NA	NA	NA	NA	NA	NA	NA	NA	NA	NA	NA	NA	NA	NA	NA
NA	NA	NA	NA	NA	NA	NA	NA	NA	NA	NA	NA	NA	NA	NA	NA
NA	NA	NA	NA	NA	NA	NA	NA	NA	NA	NA	NA	NA	NA	NA	NA
NA	NA	NA	NA	NA	NA	NA	NA	NA	NA	NA	NA	NA	NA	NA	NA
NA	NA	NA	NA	NA	NA	NA	NA	NA	NA	NA	NA	NA	NA	NA	NA
NA	NA	NA	NA	NA	NA	NA	NA	NA	NA	NA	NA	NA	NA	NA	NA
NA	NA	NA	NA	NA	NA	NA	NA	NA	NA	NA	NA	NA	NA	NA	NA
NA	NA	NA	NA	NA	NA	NA	NA	NA	NA	NA	NA	NA	NA	NA	NA
NA	NA	NA	NA	NA	NA	NA	NA	NA	NA	NA	NA	NA	NA	NA	NA
NA	NA	NA	NA	NA	NA	NA	NA	NA	NA	NA	NA	NA	NA	NA	NA
NA	NA	NA	NA	NA	NA	NA	NA	NA	NA	NA	NA	NA	NA	NA	NA
NA	NA	NA	NA	NA	NA	NA	NA	NA	NA	NA	NA	NA	NA	NA	NA
NA	NA	NA	NA	NA	NA	NA	NA	NA	NA	NA	NA	NA	NA	NA	NA
NA	NA	NA	NA	NA	NA	NA	NA	NA	NA	NA	NA	NA	NA	NA	NA
NA	NA	NA	NA	NA	NA	NA	NA	NA	NA	NA	NA	NA	NA	NA	NA
NA	NA	NA	NA	NA	NA	NA	NA	NA	NA	NA	NA	NA	NA	NA	NA
NA	NA	NA	NA	NA	NA	NA	NA	NA	NA	NA	NA	NA	NA	NA	NA
NA	NA	NA	NA	NA	NA	NA	NA	NA	NA	NA	NA	NA	NA	NA	NA
NA	NA	NA	NA	NA	NA	NA	NA	NA	NA	NA	NA	NA	NA	NA	NA
NA	NA	NA	NA	NA	NA	NA	NA	NA	NA	NA	NA	NA	NA	NA	NA
NA	NA	NA	NA	NA	NA	NA	NA	NA	NA	NA	NA	NA	NA	NA	NA
NA	NA	NA	NA	NA	NA	NA	NA	NA	NA	NA	NA	NA	NA	NA	NA
NA	NA	NA	NA	NA	NA	NA	NA	NA	NA	NA	NA	NA	NA	NA	NA
NA	NA	NA	NA	NA	NA	NA	NA	NA	NA	NA	NA	NA	NA	NA	NA
NA	NA	NA	NA	NA	NA	NA	NA	NA	NA	NA	NA	NA	NA	NA	NA
NA	NA	NA	NA	NA	NA	NA	NA	NA	NA	NA	NA	NA	NA	NA	NA
NA	NA	NA	NA	NA	NA	NA	NA	NA	NA	NA	NA	NA	NA	NA	NA
NA	NA	NA	NA	NA	NA	NA	NA	NA	NA	NA	NA	NA	NA	NA	NA
NA	NA	NA	NA	NA	NA	NA	NA	NA	NA	NA	NA	NA	NA	NA	NA
NA	NA	NA	NA	NA	NA	NA	NA	NA	NA	NA	NA	NA	NA	NA	NA
NA	NA	NA	NA	NA	NA	NA	NA	NA	NA	NA	NA	NA	NA	NA	NA
NA	NA	NA	NA	NA	NA	NA	NA	NA	NA	NA	NA	NA	NA	NA	NA
NA	NA	NA	NA	NA	NA	NA	NA	NA	NA	NA	NA	NA	NA	NA	NA
NA	NA	NA	NA	NA	NA	NA	NA	NA	NA	NA	NA	NA	NA	NA	NA
NA	NA	NA	NA	NA	NA	NA	NA	NA	NA	NA	NA	NA	NA	NA	NA
NA	NA	NA	NA	NA	NA	NA	NA	NA	NA	NA	NA	NA	NA	NA	NA
NA	NA	NA	NA	NA	NA	NA	NA	NA	NA	NA	NA	NA	NA	NA	NA
NA	NA	NA	NA	NA	NA	NA	NA	NA	NA	NA	NA	NA	NA	NA	NA
NA	NA	NA	NA	NA	NA	NA	NA	NA	NA	NA	NA	NA	NA	NA	NA
NA	NA	NA	NA	NA	NA	NA	NA	NA	NA	NA	NA	NA	NA	NA	NA
NA	NA	NA	NA	NA	NA	NA	NA	NA	NA	NA	NA	NA	NA	NA	NA
NA	NA	NA	NA	NA	NA	NA	NA	NA	NA	NA	NA	NA	NA	NA	NA
NA	NA	NA	NA	NA	NA	NA	NA	NA	NA	NA	NA	NA	NA	NA	NA
NA	NA	NA	NA	NA	NA	NA	NA	NA	NA	NA	NA	NA	NA	NA	NA
NA	NA	NA	NA	NA	NA	NA	NA	NA	NA	NA	NA	NA	NA	NA	NA
NA	NA	NA	NA	NA	NA	NA	NA	NA	NA	NA	NA	NA	NA	NA	NA
NA	NA	NA	NA	NA	NA	NA	NA	NA	NA	NA	NA	NA	NA	NA	NA
NA	NA	NA	NA	NA	NA	NA	NA	NA	NA	NA	NA	NA	NA	NA	NA
NA	NA	NA	NA	NA	NA	NA	NA	NA	NA	NA	NA	NA	NA	NA	NA
NA	NA	NA	NA	NA	NA	NA	NA	NA	NA	NA	NA	NA	NA	NA	NA
NA	NA	NA	NA	NA	NA	NA	NA	NA	NA	NA	NA	NA	NA	NA	NA
NA	NA	NA	NA	NA	NA	NA	NA	NA	NA	NA	NA	NA	NA	NA	NA
NA	NA	NA	NA	NA	NA	NA	NA	NA	NA	NA	NA	NA	NA	NA	NA
NA	NA	NA	NA	NA	NA	NA	NA	NA	NA	NA	NA	NA	NA	NA	NA
NA	NA	NA	NA	NA	NA	NA	NA	NA	NA	NA	NA	NA	NA	NA	NA
NA	NA	NA	NA	NA	NA	NA	NA	NA	NA	NA	NA	NA	NA	NA	NA
NA	NA	NA	NA	NA	NA	NA	NA	NA	NA	NA	NA	NA	NA	NA	NA
NA	NA	NA	NA	NA	NA	NA	NA	NA	NA	NA	NA	NA	NA	NA	NA
NA	NA	NA	NA	NA	NA	NA	NA	NA	NA	NA	NA	NA	NA	NA	NA
NA	NA	NA	NA	NA	NA	NA	NA	NA	NA	NA	NA	NA	NA	NA	NA
NA	NA	NA	NA	NA	NA	NA	NA	NA	NA	NA	NA	NA	NA	NA	NA
NA	NA	NA	NA	NA	NA	NA	NA	NA	NA	NA	NA	NA	NA	NA	NA
NA	NA	NA	NA	NA	NA	NA	NA	NA	NA	NA	NA	NA	NA	NA	NA
NA	NA	NA	NA	NA	NA	NA	NA	NA	NA	NA	NA	NA	NA	NA	NA
NA	NA	NA	NA	NA	NA	NA	NA	NA	NA	NA	NA	NA	NA	NA	NA
NA	NA	NA	NA	NA	NA	NA	NA	NA	NA	NA	NA	NA	NA	NA	NA
NA	NA	NA	NA	NA	NA	NA	NA	NA	NA	NA	NA	NA	NA	NA	NA
NA	NA	NA	NA	NA	NA	NA	NA	NA	NA	NA	NA	NA	NA	NA	NA
NA	NA	NA	NA	NA	NA	NA	NA	NA	NA	NA	NA	NA	NA	NA	NA
NA	NA	NA	NA	NA	NA	NA	NA	NA	NA	NA	NA	NA	NA	NA	NA
NA	NA	NA	NA	NA	NA	NA	NA	NA	NA	NA	NA	NA	NA	NA	NA
NA	NA	NA	NA	NA	NA	NA	NA	NA	NA	NA	NA	NA	NA	NA	NA
NA	NA	NA	NA	NA	NA	NA	NA	NA	NA	NA	NA	NA	NA	NA	NA
NA	NA	NA	NA	NA	NA	NA	NA	NA	NA	NA	NA	NA	NA	NA	NA
NA	NA	NA	NA	NA	NA	NA	NA	NA	NA	NA	NA	NA	NA	NA	NA
NA	NA	NA	NA	NA	NA	NA	NA	NA	NA	NA	NA	NA	NA	NA	NA
NA	NA	NA	NA	NA	NA	NA	NA	NA	NA	NA	NA	NA	NA	NA	NA
NA	NA	NA	NA	NA	NA	NA	NA	NA	NA	NA	NA	NA	NA	NA	NA
NA	NA	NA	NA	NA	NA	NA	NA	NA	NA	NA	NA	NA	NA	NA	NA
NA	NA	NA	NA	NA	NA	NA	NA	NA	NA	NA	NA	NA	NA	NA	NA
NA	NA	NA	NA	NA	NA	NA	NA	NA	NA	NA	NA	NA	NA	NA	NA
NA	NA	NA	NA	NA	NA	NA	NA	NA	NA	NA	NA	NA	NA	NA	NA
NA	NA	NA	NA	NA	NA	NA	NA	NA	NA	NA	NA	NA	NA	NA	NA
NA	NA	NA	NA	NA	NA	NA	NA	NA	NA	NA	NA	NA	NA	NA	NA
NA	NA	NA	NA	NA	NA	NA	NA	NA	NA	NA	NA	NA	NA	NA	NA
NA	NA	NA	NA	NA	NA	NA	NA	NA	NA	NA	NA	NA	NA	NA	NA
NA	NA	NA	NA	NA	NA	NA	NA	NA	NA	NA	NA	NA	NA	NA	NA
NA	NA	NA	NA	NA	NA	NA	NA	NA	NA	NA	NA	NA	NA	NA	NA
NA	NA	NA	NA	NA	NA	NA	NA	NA	NA	NA	NA	NA	NA	NA	NA
NA	NA	NA	NA	NA	NA	NA	NA	NA	NA	NA	NA	NA	NA	NA	NA
NA	NA	NA	NA	NA	NA	NA	NA	NA	NA	NA	NA	NA	NA	NA	NA
NA	NA	NA	NA	NA	NA	NA	NA	NA	NA	NA	NA	NA	NA	NA	NA
NA	NA	NA	NA	NA	NA	NA	NA	NA	NA	NA	NA	NA	NA	NA	NA
NA	NA	NA	NA	NA	NA	NA	NA	NA	NA	NA	NA	NA	NA	NA	NA
NA	NA	NA	NA	NA	NA	NA	NA	NA	NA	NA	NA	NA	NA	NA	NA
NA	NA	NA	NA	NA	NA	NA	NA	NA	NA	NA	NA	NA	NA	NA	NA
NA	NA	NA	NA	NA	NA	NA	NA	NA	NA	NA	NA	NA	NA	NA	NA
NA	NA	NA	NA	NA	NA	NA	NA	NA	NA	NA	NA	NA	NA	NA	NA
NA	NA	NA	NA	NA	NA	NA	NA	NA	NA	NA	NA	NA	NA	NA	NA
NA	NA	NA	NA	NA	NA	NA	NA	NA	NA	NA	NA	NA	NA	NA	NA
NA	NA	NA	NA	NA	NA	NA	NA	NA	NA	NA	NA	NA	NA	NA	NA
NA	NA	NA	NA	NA	NA	NA	NA	NA	NA	NA	NA	NA	NA	NA	NA
NA	NA	NA	NA	NA	NA	NA	NA	NA	NA	NA	NA	NA	NA	NA	NA
NA	NA	NA	NA	NA	NA	NA	NA	NA	NA	NA	NA	NA	NA	NA	NA
NA	NA	NA	NA	NA	NA	NA	NA	NA	NA	NA	NA	NA	NA	NA	NA
NA	NA	NA	NA	NA	NA	NA	NA	NA	NA	NA	NA	NA	NA	NA	NA
NA	NA	NA	NA	NA	NA	NA	NA	NA	NA	NA	NA	NA	NA	NA	NA
NA	NA	NA	NA	NA	NA	NA	NA	NA	NA	NA	NA	NA	NA	NA	NA
NA	NA	NA	NA	NA	NA	NA	NA	NA	NA	NA	NA	NA	NA	NA	NA
NA	NA	NA	NA	NA	NA	NA	NA	NA	NA	NA	NA	NA	NA	NA	NA
NA	NA	NA	NA	NA	NA	NA	NA	NA	NA	NA	NA	NA	NA	NA	NA
NA	NA	NA	NA	NA	NA	NA	NA	NA	NA	NA	NA	NA	NA	NA	NA
NA	NA	NA	NA	NA	NA	NA	NA	NA	NA	NA	NA	NA	NA	NA	NA
NA	NA	NA	NA	NA	NA	NA	NA	NA	NA	NA	NA	NA	NA	NA	NA
NA	NA	NA	NA	NA	NA	NA	NA	NA	NA	NA	NA	NA	NA	NA	NA
NA	NA	NA	NA	NA	NA	NA	NA	NA	NA	NA	NA	NA	NA	NA	NA
NA	NA	NA	NA	NA	NA	NA	NA	NA	NA	NA	NA	NA	NA	NA	NA
NA	NA	NA	NA	NA	NA	NA	NA	NA	NA	NA	NA	NA	NA	NA	NA
NA	NA	NA	NA	NA	NA	NA	NA	NA	NA	NA	NA	NA	NA	NA	NA
NA	NA	NA	NA	NA	NA	NA	NA	NA	NA	NA	NA	NA	NA	NA	NA
NA	NA	NA	NA	NA	NA	NA	NA	NA	NA	NA	NA	NA	NA	NA	NA
NA	NA	NA	NA	NA	NA	NA	NA	NA	NA	NA	NA	NA	NA	NA	NA
NA	NA	NA	NA	NA	NA	NA	NA	NA	NA	NA	NA	NA	NA	NA	NA
NA	NA	NA	NA	NA	NA	NA	NA	NA	NA	NA	NA	NA	NA	NA	NA
NA	NA	NA	NA	NA	NA	NA	NA	NA	NA	NA	NA	NA	NA	NA	NA
NA	NA	NA	NA	NA	NA	NA	NA	NA	NA	NA	NA	NA	NA	NA	NA
NA	NA	NA	NA	NA	NA	NA	NA	NA	NA	NA	NA	NA	NA	NA	NA
NA	NA	NA	NA	NA	NA	NA	NA	NA	NA	NA	NA	NA	NA	NA	NA
NA	NA	NA	NA	NA	NA	NA	NA	NA	NA	NA	NA	NA	NA	NA	NA
NA	NA	NA	NA	NA	NA	NA	NA	NA	NA	NA	NA	NA	NA	NA	NA
NA	NA	NA	NA	NA	NA	NA	NA	NA	NA	NA	NA	NA	NA	NA	NA
NA	NA	NA	NA	NA	NA	NA	NA	NA	NA	NA	NA	NA	NA	NA	NA
NA	NA	NA	NA	NA	NA	NA	NA	NA	NA	NA	NA	NA	NA	NA	NA
NA	NA	NA	NA	NA	NA	NA	NA	NA	NA	NA	NA	NA	NA	NA	NA
NA	NA	NA	NA	NA	NA	NA	NA	NA	NA	NA	NA	NA	NA	NA	NA
NA	NA	NA	NA	NA	NA	NA	NA	NA	NA	NA	NA	NA	NA	NA	NA
NA	NA	NA	NA	NA	NA	NA	NA	NA	NA	NA	NA	NA	NA	NA	NA
NA	NA	NA	NA	NA	NA	NA	NA	NA	NA	NA	NA	NA	NA	NA	NA
NA	NA	NA	NA	NA	NA	NA	NA	NA	NA	NA	NA	NA	NA	NA	NA
NA	NA	NA	NA	NA	NA	NA	NA	NA	NA	NA	NA	NA	NA	NA	NA
NA	NA	NA	NA	NA	NA	NA	NA	NA	NA	NA	NA	NA	NA	NA	NA
NA	NA	NA	NA	NA	NA	NA	NA	NA	NA	NA	NA	NA	NA	NA	NA
NA	NA	NA	NA	NA	NA	NA	NA	NA	NA	NA	NA	NA	NA	NA	NA
NA	NA	NA	NA	NA	NA	NA	NA	NA	NA	NA	NA	NA	NA	NA	NA
NA	NA	NA	NA	NA	NA	NA	NA	NA	NA	NA	NA	NA	NA	NA	NA
NA	NA	NA	NA	NA	NA	NA	NA	NA	NA	NA	NA	NA	NA	NA	NA
NA	NA	NA	NA	NA	NA	NA	NA	NA	NA	NA	NA	NA	NA	NA	NA
NA	NA	NA	NA	NA	NA	NA	NA	NA	NA	NA	NA	NA	NA	NA	NA
NA	NA	NA	NA	NA	NA	NA	NA	NA	NA	NA	NA	NA	NA	NA	NA
NA	NA	NA	NA	NA	NA	NA	NA	NA	NA	NA	NA	NA	NA	NA	NA
NA	NA	NA	NA	NA	NA	NA	NA	NA	NA	NA	NA	NA	NA	NA	NA
NA	NA	NA	NA	NA	NA	NA	NA	NA	NA	NA	NA	NA	NA	NA	NA
NA	NA	NA	NA	NA	NA	NA	NA	NA	NA	NA	NA	NA	NA	NA	NA
NA	NA	NA	NA	NA	NA	NA	NA	NA	NA	NA	NA	NA	NA	NA	NA
NA	NA	NA	NA	NA	NA	NA	NA	NA	NA	NA	NA	NA	NA	NA	NA
NA	NA	NA	NA	NA	NA	NA	NA	NA	NA	NA	NA	NA	NA	NA	NA
NA	NA	NA	NA	NA	NA	NA	NA	NA	NA	NA	NA	NA	NA	NA	NA
NA	NA	NA	NA	NA	NA	NA	NA	NA	NA	NA	NA	NA	NA	NA	NA
NA	NA	NA	NA	NA	NA	NA	NA	NA	NA	NA	NA	NA	NA	NA	NA
NA	NA	NA	NA	NA	NA	NA	NA	NA	NA	NA	NA	NA	NA	NA	NA
NA	NA	NA	NA	NA	NA	NA	NA	NA	NA	NA	NA	NA	NA	NA	NA
NA	NA	NA	NA	NA	NA	NA	NA	NA	NA	NA	NA	NA	NA	NA	NA
NA	NA	NA	NA	NA	NA	NA	NA	NA	NA	NA	NA	NA	NA	NA	NA
NA	NA	NA	NA	NA	NA	NA	NA	NA	NA	NA	NA	NA	NA	NA	NA
NA	NA	NA	NA	NA	NA	NA	NA	NA	NA	NA	NA	NA	NA	NA	NA
NA	NA	NA	NA	NA	NA	NA	NA	NA	NA	NA	NA	NA	NA	NA	NA
NA	NA	NA	NA	NA	NA	NA	NA	NA	NA	NA	NA	NA	NA	NA	NA
NA	NA	NA	NA	NA	NA	NA	NA	NA	NA	NA	NA	NA	NA	NA	NA
NA	NA	NA	NA	NA	NA	NA	NA	NA	NA	NA	NA	NA	NA	NA	NA
NA	NA	NA	NA	NA	NA	NA	NA	NA	NA	NA	NA	NA	NA	NA	NA
NA	NA	NA	NA	NA	NA	NA	NA	NA	NA	NA	NA	NA	NA	NA	NA
NA	NA	NA	NA	NA	NA	NA	NA	NA	NA	NA	NA	NA	NA	NA	NA
NA	NA	NA	NA	NA	NA	NA	NA	NA	NA	NA	NA	NA	NA	NA	NA
NA	NA	NA	NA	NA	NA	NA	NA	NA	NA	NA	NA	NA	NA	NA	NA
NA	NA	NA	NA	NA	NA	NA	NA	NA	NA	NA	NA	NA	NA	NA	NA
NA	NA	NA	NA	NA	NA	NA	NA	NA	NA	NA	NA	NA	NA	NA	NA
NA	NA	NA	NA	NA	NA	NA	NA	NA	NA	NA	NA	NA	NA	NA	NA
NA	NA	NA	NA	NA	NA	NA	NA	NA	NA	NA	NA	NA	NA	NA	NA
NA	NA	NA	NA	NA	NA	NA	NA	NA	NA	NA	NA	NA	NA	NA	NA
NA	NA	NA	NA	NA	NA	NA	NA	NA	NA	NA	NA	NA	NA	NA	NA
NA	NA	NA	NA	NA	NA	NA	NA	NA	NA	NA	NA	NA	NA	NA	NA
NA	NA	NA	NA	NA	NA	NA	NA	NA	NA	NA	NA	NA	NA	NA	NA
NA	NA	NA	NA	NA	NA	NA	NA	NA	NA	NA	NA	NA	NA	NA	NA
NA	NA	NA	NA	NA	NA	NA	NA	NA	NA	NA	NA	NA	NA	NA	NA
NA	NA	NA	NA	NA	NA	NA	NA	NA	NA	NA	NA	NA	NA	NA	NA
NA	NA	NA	NA	NA	NA	NA	NA	NA	NA	NA	NA	NA	NA	NA	NA
NA	NA	NA	NA	NA	NA	NA	NA	NA	NA	NA	NA	NA	NA	NA	NA
NA	NA	NA	NA	NA	NA	NA	NA	NA	NA	NA	NA	NA	NA	NA	NA
NA	NA	NA	NA	NA	NA	NA	NA	NA	NA	NA	NA	NA	NA	NA	NA
NA	NA	NA	NA	NA	NA	NA	NA	NA	NA	NA	NA	NA	NA	NA	NA
NA	NA	NA	NA	NA	NA	NA	NA	NA	NA	NA	NA	NA	NA	NA	NA
NA	NA	NA	NA	NA	NA	NA	NA	NA	NA	NA	NA	NA	NA	NA	NA
NA	NA	NA	NA	NA	NA	NA	NA	NA	NA	NA	NA	NA	NA	NA	NA
NA	NA	NA	NA	NA	NA	NA	NA	NA	NA	NA	NA	NA	NA	NA	NA
NA	NA	NA	NA	NA	NA	NA	NA	NA	NA	NA	NA	NA	NA	NA	NA
NA	NA	NA	NA	NA	NA	NA	NA	NA	NA	NA	NA	NA	NA	NA	NA
NA	NA	NA	NA	NA	NA	NA	NA	NA	NA	NA	NA	NA	NA	NA	NA
NA	NA	NA	NA	NA	NA	NA	NA	NA	NA	NA	NA	NA	NA	NA	NA
NA	NA	NA	NA	NA	NA	NA	NA	NA	NA	NA	NA	NA	NA	NA	NA
NA	NA	NA	NA	NA	NA	NA	NA	NA	NA	NA	NA	NA	NA	NA	NA
NA	NA	NA	NA	NA	NA	NA	NA	NA	NA	NA	NA	NA	NA	NA	NA
NA	NA	NA	NA	NA	NA	NA	NA	NA	NA	NA	NA	NA	NA	NA	NA
NA	NA	NA	NA	NA	NA	NA	NA	NA	NA	NA	NA	NA	NA	NA	NA
NA	NA	NA	NA	NA	NA	NA	NA	NA	NA	NA	NA	NA	NA	NA	NA
NA	NA	NA	NA	NA	NA	NA	NA	NA	NA	NA	NA	NA	NA	NA	NA
NA	NA	NA	NA	NA	NA	NA	NA	NA	NA	NA	NA	NA	NA	NA	NA
NA	NA	NA	NA	NA	NA	NA	NA	NA	NA	NA	NA	NA	NA	NA	NA
NA	NA	NA	NA	NA	NA	NA	NA	NA	NA	NA	NA	NA	NA	NA	NA
NA	NA	NA	NA	NA	NA	NA	NA	NA	NA	NA	NA	NA	NA	NA	NA
NA	NA	NA	NA	NA	NA	NA	NA	NA	NA	NA	NA	NA	NA	NA	NA
NA	NA	NA	NA	NA	NA	NA	NA	NA	NA	NA	NA	NA	NA	NA	NA
NA	NA	NA	NA	NA	NA	NA	NA	NA	NA	NA	NA	NA	NA	NA	NA
NA	NA	NA	NA	NA	NA	NA	NA	NA	NA	NA	NA	NA	NA	NA	NA
NA	NA	NA	NA	NA	NA	NA	NA	NA	NA	NA	NA	NA	NA	NA	NA
NA	NA	NA	NA	NA	NA	NA	NA	NA	NA	NA	NA	NA	NA	NA	NA
NA	NA	NA	NA	NA	NA	NA	NA	NA	NA	NA	NA	NA	NA	NA	NA
NA	NA	NA	NA	NA	NA	NA	NA	NA	NA	NA	NA	NA	NA	NA	NA
NA	NA	NA	NA	NA	NA	NA	NA	NA	NA	NA	NA	NA	NA	NA	NA
NA	NA	NA	NA	NA	NA	NA	NA	NA	NA	NA	NA	NA	NA	NA	NA
NA	NA	NA	NA	NA	NA	NA	NA	NA	NA	NA	NA	NA	NA	NA	NA
NA	NA	NA	NA	NA	NA	NA	NA	NA	NA	NA	NA	NA	NA	NA	NA
NA	NA	NA	NA	NA	NA	NA	NA	NA	NA	NA	NA	NA	NA	NA	NA
NA	NA	NA	NA	NA	NA	NA	NA	NA	NA	NA	NA	NA	NA	NA	NA
NA	NA	NA	NA	NA	NA	NA	NA	NA	NA	NA	NA	NA	NA	NA	NA
NA	NA	NA	NA	NA	NA	NA	NA	NA	NA	NA	NA	NA	NA	NA	NA
NA	NA	NA	NA	NA	NA	NA	NA	NA	NA	NA	NA	NA	NA	NA	NA
NA	NA	NA	NA	NA	NA	NA	NA	NA	NA	NA	NA	NA	NA	NA	NA
NA	NA	NA	NA	NA	NA	NA	NA	NA	NA	NA	NA	NA	NA	NA	NA
NA	NA	NA	NA	NA	NA	NA	NA	NA	NA	NA	NA	NA	NA	NA	NA
NA	NA	NA	NA	NA	NA	NA	NA	NA	NA	NA	NA	NA	NA	NA	NA
NA	NA	NA	NA	NA	NA	NA	NA	NA	NA	NA	NA	NA	NA	NA	NA
NA	NA	NA	NA	NA	NA	NA	NA	NA	NA	NA	NA	NA	NA	NA	NA
NA	NA	NA	NA	NA	NA	NA	NA	NA	NA	NA	NA	NA	NA	NA	NA
NA	NA	NA	NA	NA	NA	NA	NA	NA	NA	NA	NA	NA	NA	NA	NA
NA	NA	NA	NA	NA	NA	NA	NA	NA	NA	NA	NA	NA	NA	NA	NA
NA	NA	NA	NA	NA	NA	NA	NA	NA	NA	NA	NA	NA	NA	NA	NA
NA	NA	NA	NA	NA	NA	NA	NA	NA	NA	NA	NA	NA	NA	NA	NA
NA	NA	NA	NA	NA	NA	NA	NA	NA	NA	NA	NA	NA	NA	NA	NA
NA	NA	NA	NA	NA	NA	NA	NA	NA	NA	NA	NA	NA	NA	NA	NA
NA	NA	NA	NA	NA	NA	NA	NA	NA	NA	NA	NA	NA	NA	NA	NA
NA	NA	NA	NA	NA	NA	NA	NA	NA	NA	NA	NA	NA	NA	NA	NA
NA	NA	NA	NA	NA	NA	NA	NA	NA	NA	NA	NA	NA	NA	NA	NA
NA	NA	NA	NA	NA	NA	NA	NA	NA	NA	NA	NA	NA	NA	NA	NA
NA	NA	NA	NA	NA	NA	NA	NA	NA	NA	NA	NA	NA	NA	NA	NA
NA	NA	NA	NA	NA	NA	NA	NA	NA	NA	NA	NA	NA	NA	NA	NA
NA	NA	NA	NA	NA	NA	NA	NA	NA	NA	NA	NA	NA	NA	NA	NA
NA	NA	NA	NA	NA	NA	NA	NA	NA	NA	NA	NA	NA	NA	NA	NA
NA	NA	NA	NA	NA	NA	NA	NA	NA	NA	NA	NA	NA	NA	NA	NA
NA	NA	NA	NA	NA	NA	NA	NA	NA	NA	NA	NA	NA	NA	NA	NA
NA	NA	NA	NA	NA	NA	NA	NA	NA	NA	NA	NA	NA	NA	NA	NA
NA	NA	NA	NA	NA	NA	NA	NA	NA	NA	NA	NA	NA	NA	NA	NA
NA	NA	NA	NA	NA	NA	NA	NA	NA	NA	NA	NA	NA	NA	NA	NA
NA	NA	NA	NA	NA	NA	NA	NA	NA	NA	NA	NA	NA	NA	NA	NA
NA	NA	NA	NA	NA	NA	NA	NA	NA	NA	NA	NA	NA	NA	NA	NA
NA	NA	NA	NA	NA	NA	NA	NA	NA	NA	NA	NA	NA	NA	NA	NA
NA	NA	NA	NA	NA	NA	NA	NA	NA	NA	NA	NA	NA	NA	NA	NA
NA	NA	NA	NA	NA	NA	NA	NA	NA	NA	NA	NA	NA	NA	NA	NA
NA	NA	NA	NA	NA	NA	NA	NA	NA	NA	NA	NA	NA	NA	NA	NA
NA	NA	NA	NA	NA	NA	NA	NA	NA	NA	NA	NA	NA	NA	NA	NA
NA	NA	NA	NA	NA	NA	NA	NA	NA	NA	NA	NA	NA	NA	NA	NA
NA	NA	NA	NA	NA	NA	NA	NA	NA	NA	NA	NA	NA	NA	NA	NA
NA	NA	NA	NA	NA	NA	NA	NA	NA	NA	NA	NA	NA	NA	NA	NA
NA	NA	NA	NA	NA	NA	NA	NA	NA	NA	NA	NA	NA	NA	NA	NA
NA	NA	NA	NA	NA	NA	NA	NA	NA	NA	NA	NA	NA	NA	NA	NA
NA	NA	NA	NA	NA	NA	NA	NA	NA	NA	NA	NA	NA	NA	NA	NA
NA	NA	NA	NA	NA	NA	NA	NA	NA	NA	NA	NA	NA	NA	NA	NA
NA	NA	NA	NA	NA	NA	NA	NA	NA	NA	NA	NA	NA	NA	NA	NA
NA	NA	NA	NA	NA	NA	NA	NA	NA	NA	NA	NA	NA	NA	NA	NA
NA	NA	NA	NA	NA	NA	NA	NA	NA	NA	NA	NA	NA	NA	NA	NA
NA	NA	NA	NA	NA	NA	NA	NA	NA	NA	NA	NA	NA	NA	NA	NA
NA	NA	NA	NA	NA	NA	NA	NA	NA	NA	NA	NA	NA	NA	NA	NA
NA	NA	NA	NA	NA	NA	NA	NA	NA	NA	NA	NA	NA	NA	NA	NA
NA	NA	NA	NA	NA	NA	NA	NA	NA	NA	NA	NA	NA	NA	NA	NA
NA	NA	NA	NA	NA	NA	NA	NA	NA	NA	NA	NA	NA	NA	NA	NA
NA	NA	NA	NA	NA	NA	NA	NA	NA	NA	NA	NA	NA	NA	NA	NA
NA	NA	NA	NA	NA	NA	NA	NA	NA	NA	NA	NA	NA	NA	NA	NA
NA	NA	NA	NA	NA	NA	NA	NA	NA	NA	NA	NA	NA	NA	NA	NA
