X1	X2	X3	X4	X1.1	X2.1	X3.1	X4.1	X1.2	X2.2	X3.2	X4.2	X1.3	X2.3	X3.3	X4.3
NA	NA	NA	NA	NA	NA	NA	NA	NA	NA	NA	NA	NA	NA	NA	NA
NA	NA	NA	NA	NA	NA	NA	NA	NA	NA	NA	NA	NA	NA	NA	NA
NA	NA	NA	NA	NA	NA	NA	NA	NA	NA	NA	NA	NA	NA	NA	NA
NA	NA	NA	NA	NA	NA	NA	NA	NA	NA	NA	NA	NA	NA	NA	NA
NA	NA	NA	NA	NA	NA	NA	NA	NA	NA	NA	NA	NA	NA	NA	NA
NA	NA	NA	NA	NA	NA	NA	NA	NA	NA	NA	NA	NA	NA	NA	NA
NA	NA	NA	NA	NA	NA	NA	NA	NA	NA	NA	NA	NA	NA	NA	NA
NA	NA	NA	NA	NA	NA	NA	NA	NA	NA	NA	NA	NA	NA	NA	NA
NA	NA	NA	NA	NA	NA	NA	NA	NA	NA	NA	NA	NA	NA	NA	NA
NA	NA	NA	NA	NA	NA	NA	NA	NA	NA	NA	NA	NA	NA	NA	NA
NA	NA	NA	NA	NA	NA	NA	NA	NA	NA	NA	NA	NA	NA	NA	NA
NA	NA	NA	NA	NA	NA	NA	NA	NA	NA	NA	NA	NA	NA	NA	NA
NA	NA	NA	NA	NA	NA	NA	NA	NA	NA	NA	NA	NA	NA	NA	NA
NA	NA	NA	NA	NA	NA	NA	NA	NA	NA	NA	NA	NA	NA	NA	NA
NA	NA	NA	NA	NA	NA	NA	NA	NA	NA	NA	NA	NA	NA	NA	NA
NA	NA	NA	NA	NA	NA	NA	NA	NA	NA	NA	NA	NA	NA	NA	NA
NA	NA	NA	NA	NA	NA	NA	NA	NA	NA	NA	NA	NA	NA	NA	NA
NA	NA	NA	NA	NA	NA	NA	NA	NA	NA	NA	NA	NA	NA	NA	NA
NA	NA	NA	NA	NA	NA	NA	NA	NA	NA	NA	NA	NA	NA	NA	NA
NA	NA	NA	NA	NA	NA	NA	NA	NA	NA	NA	NA	NA	NA	NA	NA
NA	NA	NA	NA	NA	NA	NA	NA	NA	NA	NA	NA	NA	NA	NA	NA
NA	NA	NA	NA	NA	NA	NA	NA	NA	NA	NA	NA	NA	NA	NA	NA
NA	NA	NA	NA	NA	NA	NA	NA	NA	NA	NA	NA	NA	NA	NA	NA
NA	NA	NA	NA	NA	NA	NA	NA	NA	NA	NA	NA	NA	NA	NA	NA
NA	NA	NA	NA	NA	NA	NA	NA	NA	NA	NA	NA	NA	NA	NA	NA
NA	NA	NA	NA	NA	NA	NA	NA	NA	NA	NA	NA	NA	NA	NA	NA
NA	NA	NA	NA	NA	NA	NA	NA	NA	NA	NA	NA	NA	NA	NA	NA
NA	NA	NA	NA	NA	NA	NA	NA	NA	NA	NA	NA	NA	NA	NA	NA
NA	NA	NA	NA	NA	NA	NA	NA	NA	NA	NA	NA	NA	NA	NA	NA
NA	NA	NA	NA	NA	NA	NA	NA	NA	NA	NA	NA	NA	NA	NA	NA
NA	NA	NA	NA	NA	NA	NA	NA	NA	NA	NA	NA	NA	NA	NA	NA
NA	NA	NA	NA	NA	NA	NA	NA	NA	NA	NA	NA	NA	NA	NA	NA
NA	NA	NA	NA	NA	NA	NA	NA	NA	NA	NA	NA	NA	NA	NA	NA
NA	NA	NA	NA	NA	NA	NA	NA	NA	NA	NA	NA	NA	NA	NA	NA
NA	NA	NA	NA	NA	NA	NA	NA	NA	NA	NA	NA	NA	NA	NA	NA
NA	NA	NA	NA	NA	NA	NA	NA	NA	NA	NA	NA	NA	NA	NA	NA
NA	NA	NA	NA	NA	NA	NA	NA	NA	NA	NA	NA	NA	NA	NA	NA
NA	NA	NA	NA	NA	NA	NA	NA	NA	NA	NA	NA	NA	NA	NA	NA
NA	NA	NA	NA	NA	NA	NA	NA	NA	NA	NA	NA	NA	NA	NA	NA
NA	NA	NA	NA	NA	NA	NA	NA	NA	NA	NA	NA	NA	NA	NA	NA
NA	NA	NA	NA	NA	NA	NA	NA	NA	NA	NA	NA	NA	NA	NA	NA
NA	NA	NA	NA	NA	NA	NA	NA	NA	NA	NA	NA	NA	NA	NA	NA
NA	NA	NA	NA	NA	NA	NA	NA	NA	NA	NA	NA	NA	NA	NA	NA
NA	NA	NA	NA	NA	NA	NA	NA	NA	NA	NA	NA	NA	NA	NA	NA
NA	NA	NA	NA	NA	NA	NA	NA	NA	NA	NA	NA	NA	NA	NA	NA
NA	NA	NA	NA	NA	NA	NA	NA	NA	NA	NA	NA	NA	NA	NA	NA
NA	NA	NA	NA	NA	NA	NA	NA	NA	NA	NA	NA	NA	NA	NA	NA
NA	NA	NA	NA	NA	NA	NA	NA	NA	NA	NA	NA	NA	NA	NA	NA
NA	NA	NA	NA	NA	NA	NA	NA	NA	NA	NA	NA	NA	NA	NA	NA
NA	NA	NA	NA	NA	NA	NA	NA	NA	NA	NA	NA	NA	NA	NA	NA
NA	NA	NA	NA	NA	NA	NA	NA	NA	NA	NA	NA	NA	NA	NA	NA
NA	NA	NA	NA	NA	NA	NA	NA	NA	NA	NA	NA	NA	NA	NA	NA
NA	NA	NA	NA	NA	NA	NA	NA	NA	NA	NA	NA	NA	NA	NA	NA
NA	NA	NA	NA	NA	NA	NA	NA	NA	NA	NA	NA	NA	NA	NA	NA
NA	NA	NA	NA	NA	NA	NA	NA	NA	NA	NA	NA	NA	NA	NA	NA
NA	NA	NA	NA	NA	NA	NA	NA	NA	NA	NA	NA	NA	NA	NA	NA
NA	NA	NA	NA	NA	NA	NA	NA	NA	NA	NA	NA	NA	NA	NA	NA
NA	NA	NA	NA	NA	NA	NA	NA	NA	NA	NA	NA	NA	NA	NA	NA
NA	NA	NA	NA	NA	NA	NA	NA	NA	NA	NA	NA	NA	NA	NA	NA
NA	NA	NA	NA	NA	NA	NA	NA	NA	NA	NA	NA	NA	NA	NA	NA
NA	NA	NA	NA	NA	NA	NA	NA	NA	NA	NA	NA	NA	NA	NA	NA
NA	NA	NA	NA	NA	NA	NA	NA	NA	NA	NA	NA	NA	NA	NA	NA
NA	NA	NA	NA	NA	NA	NA	NA	NA	NA	NA	NA	NA	NA	NA	NA
NA	NA	NA	NA	NA	NA	NA	NA	NA	NA	NA	NA	NA	NA	NA	NA
NA	NA	NA	NA	NA	NA	NA	NA	NA	NA	NA	NA	NA	NA	NA	NA
NA	NA	NA	NA	NA	NA	NA	NA	NA	NA	NA	NA	NA	NA	NA	NA
NA	NA	NA	NA	NA	NA	NA	NA	NA	NA	NA	NA	NA	NA	NA	NA
NA	NA	NA	NA	NA	NA	NA	NA	NA	NA	NA	NA	NA	NA	NA	NA
NA	NA	NA	NA	NA	NA	NA	NA	NA	NA	NA	NA	NA	NA	NA	NA
NA	NA	NA	NA	NA	NA	NA	NA	NA	NA	NA	NA	NA	NA	NA	NA
NA	NA	NA	NA	NA	NA	NA	NA	NA	NA	NA	NA	NA	NA	NA	NA
NA	NA	NA	NA	NA	NA	NA	NA	NA	NA	NA	NA	NA	NA	NA	NA
NA	NA	NA	NA	NA	NA	NA	NA	NA	NA	NA	NA	NA	NA	NA	NA
NA	NA	NA	NA	NA	NA	NA	NA	NA	NA	NA	NA	NA	NA	NA	NA
NA	NA	NA	NA	NA	NA	NA	NA	NA	NA	NA	NA	NA	NA	NA	NA
NA	NA	NA	NA	NA	NA	NA	NA	NA	NA	NA	NA	NA	NA	NA	NA
NA	NA	NA	NA	NA	NA	NA	NA	NA	NA	NA	NA	NA	NA	NA	NA
NA	NA	NA	NA	NA	NA	NA	NA	NA	NA	NA	NA	NA	NA	NA	NA
NA	NA	NA	NA	NA	NA	NA	NA	NA	NA	NA	NA	NA	NA	NA	NA
NA	NA	NA	NA	NA	NA	NA	NA	NA	NA	NA	NA	NA	NA	NA	NA
NA	NA	NA	NA	NA	NA	NA	NA	NA	NA	NA	NA	NA	NA	NA	NA
NA	NA	NA	NA	NA	NA	NA	NA	NA	NA	NA	NA	NA	NA	NA	NA
NA	NA	NA	NA	NA	NA	NA	NA	NA	NA	NA	NA	NA	NA	NA	NA
NA	NA	NA	NA	NA	NA	NA	NA	NA	NA	NA	NA	NA	NA	NA	NA
NA	NA	NA	NA	NA	NA	NA	NA	NA	NA	NA	NA	NA	NA	NA	NA
NA	NA	NA	NA	NA	NA	NA	NA	NA	NA	NA	NA	NA	NA	NA	NA
NA	NA	NA	NA	NA	NA	NA	NA	NA	NA	NA	NA	NA	NA	NA	NA
NA	NA	NA	NA	NA	NA	NA	NA	NA	NA	NA	NA	NA	NA	NA	NA
NA	NA	NA	NA	NA	NA	NA	NA	NA	NA	NA	NA	NA	NA	NA	NA
NA	NA	NA	NA	NA	NA	NA	NA	NA	NA	NA	NA	NA	NA	NA	NA
NA	NA	NA	NA	NA	NA	NA	NA	NA	NA	NA	NA	NA	NA	NA	NA
NA	NA	NA	NA	NA	NA	NA	NA	NA	NA	NA	NA	NA	NA	NA	NA
NA	NA	NA	NA	NA	NA	NA	NA	NA	NA	NA	NA	NA	NA	NA	NA
NA	NA	NA	NA	NA	NA	NA	NA	NA	NA	NA	NA	NA	NA	NA	NA
NA	NA	NA	NA	NA	NA	NA	NA	NA	NA	NA	NA	NA	NA	NA	NA
NA	NA	NA	NA	NA	NA	NA	NA	NA	NA	NA	NA	NA	NA	NA	NA
NA	NA	NA	NA	NA	NA	NA	NA	NA	NA	NA	NA	NA	NA	NA	NA
NA	NA	NA	NA	NA	NA	NA	NA	NA	NA	NA	NA	NA	NA	NA	NA
NA	NA	NA	NA	NA	NA	NA	NA	NA	NA	NA	NA	NA	NA	NA	NA
NA	NA	NA	NA	NA	NA	NA	NA	NA	NA	NA	NA	NA	NA	NA	NA
NA	NA	NA	NA	NA	NA	NA	NA	NA	NA	NA	NA	NA	NA	NA	NA
NA	NA	NA	NA	NA	NA	NA	NA	NA	NA	NA	NA	NA	NA	NA	NA
NA	NA	NA	NA	NA	NA	NA	NA	NA	NA	NA	NA	NA	NA	NA	NA
NA	NA	NA	NA	NA	NA	NA	NA	NA	NA	NA	NA	NA	NA	NA	NA
NA	NA	NA	NA	NA	NA	NA	NA	NA	NA	NA	NA	NA	NA	NA	NA
NA	NA	NA	NA	NA	NA	NA	NA	NA	NA	NA	NA	NA	NA	NA	NA
NA	NA	NA	NA	NA	NA	NA	NA	NA	NA	NA	NA	NA	NA	NA	NA
NA	NA	NA	NA	NA	NA	NA	NA	NA	NA	NA	NA	NA	NA	NA	NA
NA	NA	NA	NA	NA	NA	NA	NA	NA	NA	NA	NA	NA	NA	NA	NA
NA	NA	NA	NA	NA	NA	NA	NA	NA	NA	NA	NA	NA	NA	NA	NA
NA	NA	NA	NA	NA	NA	NA	NA	NA	NA	NA	NA	NA	NA	NA	NA
NA	NA	NA	NA	NA	NA	NA	NA	NA	NA	NA	NA	NA	NA	NA	NA
NA	NA	NA	NA	NA	NA	NA	NA	NA	NA	NA	NA	NA	NA	NA	NA
NA	NA	NA	NA	NA	NA	NA	NA	NA	NA	NA	NA	NA	NA	NA	NA
NA	NA	NA	NA	NA	NA	NA	NA	NA	NA	NA	NA	NA	NA	NA	NA
NA	NA	NA	NA	NA	NA	NA	NA	NA	NA	NA	NA	NA	NA	NA	NA
NA	NA	NA	NA	NA	NA	NA	NA	NA	NA	NA	NA	NA	NA	NA	NA
NA	NA	NA	NA	NA	NA	NA	NA	NA	NA	NA	NA	NA	NA	NA	NA
NA	NA	NA	NA	NA	NA	NA	NA	NA	NA	NA	NA	NA	NA	NA	NA
NA	NA	NA	NA	NA	NA	NA	NA	NA	NA	NA	NA	NA	NA	NA	NA
NA	NA	NA	NA	NA	NA	NA	NA	NA	NA	NA	NA	NA	NA	NA	NA
NA	NA	NA	NA	NA	NA	NA	NA	NA	NA	NA	NA	NA	NA	NA	NA
NA	NA	NA	NA	NA	NA	NA	NA	NA	NA	NA	NA	NA	NA	NA	NA
NA	NA	NA	NA	NA	NA	NA	NA	NA	NA	NA	NA	NA	NA	NA	NA
NA	NA	NA	NA	NA	NA	NA	NA	NA	NA	NA	NA	NA	NA	NA	NA
NA	NA	NA	NA	NA	NA	NA	NA	NA	NA	NA	NA	NA	NA	NA	NA
NA	NA	NA	NA	NA	NA	NA	NA	NA	NA	NA	NA	NA	NA	NA	NA
NA	NA	NA	NA	NA	NA	NA	NA	NA	NA	NA	NA	NA	NA	NA	NA
NA	NA	NA	NA	NA	NA	NA	NA	NA	NA	NA	NA	NA	NA	NA	NA
NA	NA	NA	NA	NA	NA	NA	NA	NA	NA	NA	NA	NA	NA	NA	NA
NA	NA	NA	NA	NA	NA	NA	NA	NA	NA	NA	NA	NA	NA	NA	NA
NA	NA	NA	NA	NA	NA	NA	NA	NA	NA	NA	NA	NA	NA	NA	NA
NA	NA	NA	NA	NA	NA	NA	NA	NA	NA	NA	NA	NA	NA	NA	NA
NA	NA	NA	NA	NA	NA	NA	NA	NA	NA	NA	NA	NA	NA	NA	NA
NA	NA	NA	NA	NA	NA	NA	NA	NA	NA	NA	NA	NA	NA	NA	NA
NA	NA	NA	NA	NA	NA	NA	NA	NA	NA	NA	NA	NA	NA	NA	NA
NA	NA	NA	NA	NA	NA	NA	NA	NA	NA	NA	NA	NA	NA	NA	NA
NA	NA	NA	NA	NA	NA	NA	NA	NA	NA	NA	NA	NA	NA	NA	NA
NA	NA	NA	NA	NA	NA	NA	NA	NA	NA	NA	NA	NA	NA	NA	NA
NA	NA	NA	NA	NA	NA	NA	NA	NA	NA	NA	NA	NA	NA	NA	NA
NA	NA	NA	NA	NA	NA	NA	NA	NA	NA	NA	NA	NA	NA	NA	NA
NA	NA	NA	NA	NA	NA	NA	NA	NA	NA	NA	NA	NA	NA	NA	NA
NA	NA	NA	NA	NA	NA	NA	NA	NA	NA	NA	NA	NA	NA	NA	NA
NA	NA	NA	NA	NA	NA	NA	NA	NA	NA	NA	NA	NA	NA	NA	NA
NA	NA	NA	NA	NA	NA	NA	NA	NA	NA	NA	NA	NA	NA	NA	NA
NA	NA	NA	NA	NA	NA	NA	NA	NA	NA	NA	NA	NA	NA	NA	NA
NA	NA	NA	NA	NA	NA	NA	NA	NA	NA	NA	NA	NA	NA	NA	NA
NA	NA	NA	NA	NA	NA	NA	NA	NA	NA	NA	NA	NA	NA	NA	NA
NA	NA	NA	NA	NA	NA	NA	NA	NA	NA	NA	NA	NA	NA	NA	NA
NA	NA	NA	NA	NA	NA	NA	NA	NA	NA	NA	NA	NA	NA	NA	NA
NA	NA	NA	NA	NA	NA	NA	NA	NA	NA	NA	NA	NA	NA	NA	NA
NA	NA	NA	NA	NA	NA	NA	NA	NA	NA	NA	NA	NA	NA	NA	NA
NA	NA	NA	NA	NA	NA	NA	NA	NA	NA	NA	NA	NA	NA	NA	NA
NA	NA	NA	NA	NA	NA	NA	NA	NA	NA	NA	NA	NA	NA	NA	NA
NA	NA	NA	NA	NA	NA	NA	NA	NA	NA	NA	NA	NA	NA	NA	NA
NA	NA	NA	NA	NA	NA	NA	NA	NA	NA	NA	NA	NA	NA	NA	NA
NA	NA	NA	NA	NA	NA	NA	NA	NA	NA	NA	NA	NA	NA	NA	NA
NA	NA	NA	NA	NA	NA	NA	NA	NA	NA	NA	NA	NA	NA	NA	NA
NA	NA	NA	NA	NA	NA	NA	NA	NA	NA	NA	NA	NA	NA	NA	NA
NA	NA	NA	NA	NA	NA	NA	NA	NA	NA	NA	NA	NA	NA	NA	NA
NA	NA	NA	NA	NA	NA	NA	NA	NA	NA	NA	NA	NA	NA	NA	NA
NA	NA	NA	NA	NA	NA	NA	NA	NA	NA	NA	NA	NA	NA	NA	NA
NA	NA	NA	NA	NA	NA	NA	NA	NA	NA	NA	NA	NA	NA	NA	NA
NA	NA	NA	NA	NA	NA	NA	NA	NA	NA	NA	NA	NA	NA	NA	NA
NA	NA	NA	NA	NA	NA	NA	NA	NA	NA	NA	NA	NA	NA	NA	NA
NA	NA	NA	NA	NA	NA	NA	NA	NA	NA	NA	NA	NA	NA	NA	NA
NA	NA	NA	NA	NA	NA	NA	NA	NA	NA	NA	NA	NA	NA	NA	NA
NA	NA	NA	NA	NA	NA	NA	NA	NA	NA	NA	NA	NA	NA	NA	NA
NA	NA	NA	NA	NA	NA	NA	NA	NA	NA	NA	NA	NA	NA	NA	NA
NA	NA	NA	NA	NA	NA	NA	NA	NA	NA	NA	NA	NA	NA	NA	NA
NA	NA	NA	NA	NA	NA	NA	NA	NA	NA	NA	NA	NA	NA	NA	NA
NA	NA	NA	NA	NA	NA	NA	NA	NA	NA	NA	NA	NA	NA	NA	NA
NA	NA	NA	NA	NA	NA	NA	NA	NA	NA	NA	NA	NA	NA	NA	NA
NA	NA	NA	NA	NA	NA	NA	NA	NA	NA	NA	NA	NA	NA	NA	NA
NA	NA	NA	NA	NA	NA	NA	NA	NA	NA	NA	NA	NA	NA	NA	NA
NA	NA	NA	NA	NA	NA	NA	NA	NA	NA	NA	NA	NA	NA	NA	NA
NA	NA	NA	NA	NA	NA	NA	NA	NA	NA	NA	NA	NA	NA	NA	NA
NA	NA	NA	NA	NA	NA	NA	NA	NA	NA	NA	NA	NA	NA	NA	NA
NA	NA	NA	NA	NA	NA	NA	NA	NA	NA	NA	NA	NA	NA	NA	NA
NA	NA	NA	NA	NA	NA	NA	NA	NA	NA	NA	NA	NA	NA	NA	NA
NA	NA	NA	NA	NA	NA	NA	NA	NA	NA	NA	NA	NA	NA	NA	NA
NA	NA	NA	NA	NA	NA	NA	NA	NA	NA	NA	NA	NA	NA	NA	NA
NA	NA	NA	NA	NA	NA	NA	NA	NA	NA	NA	NA	NA	NA	NA	NA
NA	NA	NA	NA	NA	NA	NA	NA	NA	NA	NA	NA	NA	NA	NA	NA
NA	NA	NA	NA	NA	NA	NA	NA	NA	NA	NA	NA	NA	NA	NA	NA
NA	NA	NA	NA	NA	NA	NA	NA	NA	NA	NA	NA	NA	NA	NA	NA
NA	NA	NA	NA	NA	NA	NA	NA	NA	NA	NA	NA	NA	NA	NA	NA
NA	NA	NA	NA	NA	NA	NA	NA	NA	NA	NA	NA	NA	NA	NA	NA
NA	NA	NA	NA	NA	NA	NA	NA	NA	NA	NA	NA	NA	NA	NA	NA
NA	NA	NA	NA	NA	NA	NA	NA	NA	NA	NA	NA	NA	NA	NA	NA
NA	NA	NA	NA	NA	NA	NA	NA	NA	NA	NA	NA	NA	NA	NA	NA
NA	NA	NA	NA	NA	NA	NA	NA	NA	NA	NA	NA	NA	NA	NA	NA
NA	NA	NA	NA	NA	NA	NA	NA	NA	NA	NA	NA	NA	NA	NA	NA
NA	NA	NA	NA	NA	NA	NA	NA	NA	NA	NA	NA	NA	NA	NA	NA
NA	NA	NA	NA	NA	NA	NA	NA	NA	NA	NA	NA	NA	NA	NA	NA
NA	NA	NA	NA	NA	NA	NA	NA	NA	NA	NA	NA	NA	NA	NA	NA
NA	NA	NA	NA	NA	NA	NA	NA	NA	NA	NA	NA	NA	NA	NA	NA
NA	NA	NA	NA	NA	NA	NA	NA	NA	NA	NA	NA	NA	NA	NA	NA
NA	NA	NA	NA	NA	NA	NA	NA	NA	NA	NA	NA	NA	NA	NA	NA
NA	NA	NA	NA	NA	NA	NA	NA	NA	NA	NA	NA	NA	NA	NA	NA
NA	NA	NA	NA	NA	NA	NA	NA	NA	NA	NA	NA	NA	NA	NA	NA
NA	NA	NA	NA	NA	NA	NA	NA	NA	NA	NA	NA	NA	NA	NA	NA
NA	NA	NA	NA	NA	NA	NA	NA	NA	NA	NA	NA	NA	NA	NA	NA
NA	NA	NA	NA	NA	NA	NA	NA	NA	NA	NA	NA	NA	NA	NA	NA
NA	NA	NA	NA	NA	NA	NA	NA	NA	NA	NA	NA	NA	NA	NA	NA
NA	NA	NA	NA	NA	NA	NA	NA	NA	NA	NA	NA	NA	NA	NA	NA
NA	NA	NA	NA	NA	NA	NA	NA	NA	NA	NA	NA	NA	NA	NA	NA
NA	NA	NA	NA	NA	NA	NA	NA	NA	NA	NA	NA	NA	NA	NA	NA
NA	NA	NA	NA	NA	NA	NA	NA	NA	NA	NA	NA	NA	NA	NA	NA
NA	NA	NA	NA	NA	NA	NA	NA	NA	NA	NA	NA	NA	NA	NA	NA
NA	NA	NA	NA	NA	NA	NA	NA	NA	NA	NA	NA	NA	NA	NA	NA
NA	NA	NA	NA	NA	NA	NA	NA	NA	NA	NA	NA	NA	NA	NA	NA
NA	NA	NA	NA	NA	NA	NA	NA	NA	NA	NA	NA	NA	NA	NA	NA
NA	NA	NA	NA	NA	NA	NA	NA	NA	NA	NA	NA	NA	NA	NA	NA
NA	NA	NA	NA	NA	NA	NA	NA	NA	NA	NA	NA	NA	NA	NA	NA
NA	NA	NA	NA	NA	NA	NA	NA	NA	NA	NA	NA	NA	NA	NA	NA
NA	NA	NA	NA	NA	NA	NA	NA	NA	NA	NA	NA	NA	NA	NA	NA
NA	NA	NA	NA	NA	NA	NA	NA	NA	NA	NA	NA	NA	NA	NA	NA
NA	NA	NA	NA	NA	NA	NA	NA	NA	NA	NA	NA	NA	NA	NA	NA
NA	NA	NA	NA	NA	NA	NA	NA	NA	NA	NA	NA	NA	NA	NA	NA
NA	NA	NA	NA	NA	NA	NA	NA	NA	NA	NA	NA	NA	NA	NA	NA
NA	NA	NA	NA	NA	NA	NA	NA	NA	NA	NA	NA	NA	NA	NA	NA
NA	NA	NA	NA	NA	NA	NA	NA	NA	NA	NA	NA	NA	NA	NA	NA
NA	NA	NA	NA	NA	NA	NA	NA	NA	NA	NA	NA	NA	NA	NA	NA
NA	NA	NA	NA	NA	NA	NA	NA	NA	NA	NA	NA	NA	NA	NA	NA
NA	NA	NA	NA	NA	NA	NA	NA	NA	NA	NA	NA	NA	NA	NA	NA
NA	NA	NA	NA	NA	NA	NA	NA	NA	NA	NA	NA	NA	NA	NA	NA
NA	NA	NA	NA	NA	NA	NA	NA	NA	NA	NA	NA	NA	NA	NA	NA
NA	NA	NA	NA	NA	NA	NA	NA	NA	NA	NA	NA	NA	NA	NA	NA
NA	NA	NA	NA	NA	NA	NA	NA	NA	NA	NA	NA	NA	NA	NA	NA
NA	NA	NA	NA	NA	NA	NA	NA	NA	NA	NA	NA	NA	NA	NA	NA
NA	NA	NA	NA	NA	NA	NA	NA	NA	NA	NA	NA	NA	NA	NA	NA
NA	NA	NA	NA	NA	NA	NA	NA	NA	NA	NA	NA	NA	NA	NA	NA
NA	NA	NA	NA	NA	NA	NA	NA	NA	NA	NA	NA	NA	NA	NA	NA
NA	NA	NA	NA	NA	NA	NA	NA	NA	NA	NA	NA	NA	NA	NA	NA
NA	NA	NA	NA	NA	NA	NA	NA	NA	NA	NA	NA	NA	NA	NA	NA
NA	NA	NA	NA	NA	NA	NA	NA	NA	NA	NA	NA	NA	NA	NA	NA
NA	NA	NA	NA	NA	NA	NA	NA	NA	NA	NA	NA	NA	NA	NA	NA
NA	NA	NA	NA	NA	NA	NA	NA	NA	NA	NA	NA	NA	NA	NA	NA
NA	NA	NA	NA	NA	NA	NA	NA	NA	NA	NA	NA	NA	NA	NA	NA
NA	NA	NA	NA	NA	NA	NA	NA	NA	NA	NA	NA	NA	NA	NA	NA
NA	NA	NA	NA	NA	NA	NA	NA	NA	NA	NA	NA	NA	NA	NA	NA
NA	NA	NA	NA	NA	NA	NA	NA	NA	NA	NA	NA	NA	NA	NA	NA
NA	NA	NA	NA	NA	NA	NA	NA	NA	NA	NA	NA	NA	NA	NA	NA
NA	NA	NA	NA	NA	NA	NA	NA	NA	NA	NA	NA	NA	NA	NA	NA
NA	NA	NA	NA	NA	NA	NA	NA	NA	NA	NA	NA	NA	NA	NA	NA
NA	NA	NA	NA	NA	NA	NA	NA	NA	NA	NA	NA	NA	NA	NA	NA
NA	NA	NA	NA	NA	NA	NA	NA	NA	NA	NA	NA	NA	NA	NA	NA
NA	NA	NA	NA	NA	NA	NA	NA	NA	NA	NA	NA	NA	NA	NA	NA
NA	NA	NA	NA	NA	NA	NA	NA	NA	NA	NA	NA	NA	NA	NA	NA
NA	NA	NA	NA	NA	NA	NA	NA	NA	NA	NA	NA	NA	NA	NA	NA
NA	NA	NA	NA	NA	NA	NA	NA	NA	NA	NA	NA	NA	NA	NA	NA
NA	NA	NA	NA	NA	NA	NA	NA	NA	NA	NA	NA	NA	NA	NA	NA
NA	NA	NA	NA	NA	NA	NA	NA	NA	NA	NA	NA	NA	NA	NA	NA
NA	NA	NA	NA	NA	NA	NA	NA	NA	NA	NA	NA	NA	NA	NA	NA
NA	NA	NA	NA	NA	NA	NA	NA	NA	NA	NA	NA	NA	NA	NA	NA
NA	NA	NA	NA	NA	NA	NA	NA	NA	NA	NA	NA	NA	NA	NA	NA
NA	NA	NA	NA	NA	NA	NA	NA	NA	NA	NA	NA	NA	NA	NA	NA
NA	NA	NA	NA	NA	NA	NA	NA	NA	NA	NA	NA	NA	NA	NA	NA
NA	NA	NA	NA	NA	NA	NA	NA	NA	NA	NA	NA	NA	NA	NA	NA
NA	NA	NA	NA	NA	NA	NA	NA	NA	NA	NA	NA	NA	NA	NA	NA
NA	NA	NA	NA	NA	NA	NA	NA	NA	NA	NA	NA	NA	NA	NA	NA
NA	NA	NA	NA	NA	NA	NA	NA	NA	NA	NA	NA	NA	NA	NA	NA
NA	NA	NA	NA	NA	NA	NA	NA	NA	NA	NA	NA	NA	NA	NA	NA
NA	NA	NA	NA	NA	NA	NA	NA	NA	NA	NA	NA	NA	NA	NA	NA
NA	NA	NA	NA	NA	NA	NA	NA	NA	NA	NA	NA	NA	NA	NA	NA
NA	NA	NA	NA	NA	NA	NA	NA	NA	NA	NA	NA	NA	NA	NA	NA
NA	NA	NA	NA	NA	NA	NA	NA	NA	NA	NA	NA	NA	NA	NA	NA
NA	NA	NA	NA	NA	NA	NA	NA	NA	NA	NA	NA	NA	NA	NA	NA
NA	NA	NA	NA	NA	NA	NA	NA	NA	NA	NA	NA	NA	NA	NA	NA
NA	NA	NA	NA	NA	NA	NA	NA	NA	NA	NA	NA	NA	NA	NA	NA
NA	NA	NA	NA	NA	NA	NA	NA	NA	NA	NA	NA	NA	NA	NA	NA
NA	NA	NA	NA	NA	NA	NA	NA	NA	NA	NA	NA	NA	NA	NA	NA
NA	NA	NA	NA	NA	NA	NA	NA	NA	NA	NA	NA	NA	NA	NA	NA
NA	NA	NA	NA	NA	NA	NA	NA	NA	NA	NA	NA	NA	NA	NA	NA
NA	NA	NA	NA	NA	NA	NA	NA	NA	NA	NA	NA	NA	NA	NA	NA
NA	NA	NA	NA	NA	NA	NA	NA	NA	NA	NA	NA	NA	NA	NA	NA
NA	NA	NA	NA	NA	NA	NA	NA	NA	NA	NA	NA	NA	NA	NA	NA
NA	NA	NA	NA	NA	NA	NA	NA	NA	NA	NA	NA	NA	NA	NA	NA
NA	NA	NA	NA	NA	NA	NA	NA	NA	NA	NA	NA	NA	NA	NA	NA
NA	NA	NA	NA	NA	NA	NA	NA	NA	NA	NA	NA	NA	NA	NA	NA
NA	NA	NA	NA	NA	NA	NA	NA	NA	NA	NA	NA	NA	NA	NA	NA
NA	NA	NA	NA	NA	NA	NA	NA	NA	NA	NA	NA	NA	NA	NA	NA
NA	NA	NA	NA	NA	NA	NA	NA	NA	NA	NA	NA	NA	NA	NA	NA
NA	NA	NA	NA	NA	NA	NA	NA	NA	NA	NA	NA	NA	NA	NA	NA
NA	NA	NA	NA	NA	NA	NA	NA	NA	NA	NA	NA	NA	NA	NA	NA
NA	NA	NA	NA	NA	NA	NA	NA	NA	NA	NA	NA	NA	NA	NA	NA
NA	NA	NA	NA	NA	NA	NA	NA	NA	NA	NA	NA	NA	NA	NA	NA
NA	NA	NA	NA	NA	NA	NA	NA	NA	NA	NA	NA	NA	NA	NA	NA
NA	NA	NA	NA	NA	NA	NA	NA	NA	NA	NA	NA	NA	NA	NA	NA
NA	NA	NA	NA	NA	NA	NA	NA	NA	NA	NA	NA	NA	NA	NA	NA
NA	NA	NA	NA	NA	NA	NA	NA	NA	NA	NA	NA	NA	NA	NA	NA
NA	NA	NA	NA	NA	NA	NA	NA	NA	NA	NA	NA	NA	NA	NA	NA
NA	NA	NA	NA	NA	NA	NA	NA	NA	NA	NA	NA	NA	NA	NA	NA
NA	NA	NA	NA	NA	NA	NA	NA	NA	NA	NA	NA	NA	NA	NA	NA
NA	NA	NA	NA	NA	NA	NA	NA	NA	NA	NA	NA	NA	NA	NA	NA
NA	NA	NA	NA	NA	NA	NA	NA	NA	NA	NA	NA	NA	NA	NA	NA
NA	NA	NA	NA	NA	NA	NA	NA	NA	NA	NA	NA	NA	NA	NA	NA
NA	NA	NA	NA	NA	NA	NA	NA	NA	NA	NA	NA	NA	NA	NA	NA
NA	NA	NA	NA	NA	NA	NA	NA	NA	NA	NA	NA	NA	NA	NA	NA
NA	NA	NA	NA	NA	NA	NA	NA	NA	NA	NA	NA	NA	NA	NA	NA
NA	NA	NA	NA	NA	NA	NA	NA	NA	NA	NA	NA	NA	NA	NA	NA
NA	NA	NA	NA	NA	NA	NA	NA	NA	NA	NA	NA	NA	NA	NA	NA
NA	NA	NA	NA	NA	NA	NA	NA	NA	NA	NA	NA	NA	NA	NA	NA
NA	NA	NA	NA	NA	NA	NA	NA	NA	NA	NA	NA	NA	NA	NA	NA
NA	NA	NA	NA	NA	NA	NA	NA	NA	NA	NA	NA	NA	NA	NA	NA
NA	NA	NA	NA	NA	NA	NA	NA	NA	NA	NA	NA	NA	NA	NA	NA
NA	NA	NA	NA	NA	NA	NA	NA	NA	NA	NA	NA	NA	NA	NA	NA
NA	NA	NA	NA	NA	NA	NA	NA	NA	NA	NA	NA	NA	NA	NA	NA
NA	NA	NA	NA	NA	NA	NA	NA	NA	NA	NA	NA	NA	NA	NA	NA
NA	NA	NA	NA	NA	NA	NA	NA	NA	NA	NA	NA	NA	NA	NA	NA
NA	NA	NA	NA	NA	NA	NA	NA	NA	NA	NA	NA	NA	NA	NA	NA
NA	NA	NA	NA	NA	NA	NA	NA	NA	NA	NA	NA	NA	NA	NA	NA
NA	NA	NA	NA	NA	NA	NA	NA	NA	NA	NA	NA	NA	NA	NA	NA
NA	NA	NA	NA	NA	NA	NA	NA	NA	NA	NA	NA	NA	NA	NA	NA
NA	NA	NA	NA	NA	NA	NA	NA	NA	NA	NA	NA	NA	NA	NA	NA
NA	NA	NA	NA	NA	NA	NA	NA	NA	NA	NA	NA	NA	NA	NA	NA
NA	NA	NA	NA	NA	NA	NA	NA	NA	NA	NA	NA	NA	NA	NA	NA
NA	NA	NA	NA	NA	NA	NA	NA	NA	NA	NA	NA	NA	NA	NA	NA
NA	NA	NA	NA	NA	NA	NA	NA	NA	NA	NA	NA	NA	NA	NA	NA
NA	NA	NA	NA	NA	NA	NA	NA	NA	NA	NA	NA	NA	NA	NA	NA
NA	NA	NA	NA	NA	NA	NA	NA	NA	NA	NA	NA	NA	NA	NA	NA
NA	NA	NA	NA	NA	NA	NA	NA	NA	NA	NA	NA	NA	NA	NA	NA
NA	NA	NA	NA	NA	NA	NA	NA	NA	NA	NA	NA	NA	NA	NA	NA
NA	NA	NA	NA	NA	NA	NA	NA	NA	NA	NA	NA	NA	NA	NA	NA
NA	NA	NA	NA	NA	NA	NA	NA	NA	NA	NA	NA	NA	NA	NA	NA
NA	NA	NA	NA	NA	NA	NA	NA	NA	NA	NA	NA	NA	NA	NA	NA
NA	NA	NA	NA	NA	NA	NA	NA	NA	NA	NA	NA	NA	NA	NA	NA
NA	NA	NA	NA	NA	NA	NA	NA	NA	NA	NA	NA	NA	NA	NA	NA
NA	NA	NA	NA	NA	NA	NA	NA	NA	NA	NA	NA	NA	NA	NA	NA
NA	NA	NA	NA	NA	NA	NA	NA	NA	NA	NA	NA	NA	NA	NA	NA
NA	NA	NA	NA	NA	NA	NA	NA	NA	NA	NA	NA	NA	NA	NA	NA
NA	NA	NA	NA	NA	NA	NA	NA	NA	NA	NA	NA	NA	NA	NA	NA
NA	NA	NA	NA	NA	NA	NA	NA	NA	NA	NA	NA	NA	NA	NA	NA
NA	NA	NA	NA	NA	NA	NA	NA	NA	NA	NA	NA	NA	NA	NA	NA
NA	NA	NA	NA	NA	NA	NA	NA	NA	NA	NA	NA	NA	NA	NA	NA
NA	NA	NA	NA	NA	NA	NA	NA	NA	NA	NA	NA	NA	NA	NA	NA
NA	NA	NA	NA	NA	NA	NA	NA	NA	NA	NA	NA	NA	NA	NA	NA
NA	NA	NA	NA	NA	NA	NA	NA	NA	NA	NA	NA	NA	NA	NA	NA
NA	NA	NA	NA	NA	NA	NA	NA	NA	NA	NA	NA	NA	NA	NA	NA
NA	NA	NA	NA	NA	NA	NA	NA	NA	NA	NA	NA	NA	NA	NA	NA
NA	NA	NA	NA	NA	NA	NA	NA	NA	NA	NA	NA	NA	NA	NA	NA
NA	NA	NA	NA	NA	NA	NA	NA	NA	NA	NA	NA	NA	NA	NA	NA
NA	NA	NA	NA	NA	NA	NA	NA	NA	NA	NA	NA	NA	NA	NA	NA
NA	NA	NA	NA	NA	NA	NA	NA	NA	NA	NA	NA	NA	NA	NA	NA
NA	NA	NA	NA	NA	NA	NA	NA	NA	NA	NA	NA	NA	NA	NA	NA
NA	NA	NA	NA	NA	NA	NA	NA	NA	NA	NA	NA	NA	NA	NA	NA
NA	NA	NA	NA	NA	NA	NA	NA	NA	NA	NA	NA	NA	NA	NA	NA
NA	NA	NA	NA	NA	NA	NA	NA	NA	NA	NA	NA	NA	NA	NA	NA
NA	NA	NA	NA	NA	NA	NA	NA	NA	NA	NA	NA	NA	NA	NA	NA
NA	NA	NA	NA	NA	NA	NA	NA	NA	NA	NA	NA	NA	NA	NA	NA
NA	NA	NA	NA	NA	NA	NA	NA	NA	NA	NA	NA	NA	NA	NA	NA
NA	NA	NA	NA	NA	NA	NA	NA	NA	NA	NA	NA	NA	NA	NA	NA
NA	NA	NA	NA	NA	NA	NA	NA	NA	NA	NA	NA	NA	NA	NA	NA
NA	NA	NA	NA	NA	NA	NA	NA	NA	NA	NA	NA	NA	NA	NA	NA
NA	NA	NA	NA	NA	NA	NA	NA	NA	NA	NA	NA	NA	NA	NA	NA
NA	NA	NA	NA	NA	NA	NA	NA	NA	NA	NA	NA	NA	NA	NA	NA
NA	NA	NA	NA	NA	NA	NA	NA	NA	NA	NA	NA	NA	NA	NA	NA
NA	NA	NA	NA	NA	NA	NA	NA	NA	NA	NA	NA	NA	NA	NA	NA
NA	NA	NA	NA	NA	NA	NA	NA	NA	NA	NA	NA	NA	NA	NA	NA
NA	NA	NA	NA	NA	NA	NA	NA	NA	NA	NA	NA	NA	NA	NA	NA
NA	NA	NA	NA	NA	NA	NA	NA	NA	NA	NA	NA	NA	NA	NA	NA
NA	NA	NA	NA	NA	NA	NA	NA	NA	NA	NA	NA	NA	NA	NA	NA
NA	NA	NA	NA	NA	NA	NA	NA	NA	NA	NA	NA	NA	NA	NA	NA
NA	NA	NA	NA	NA	NA	NA	NA	NA	NA	NA	NA	NA	NA	NA	NA
NA	NA	NA	NA	NA	NA	NA	NA	NA	NA	NA	NA	NA	NA	NA	NA
NA	NA	NA	NA	NA	NA	NA	NA	NA	NA	NA	NA	NA	NA	NA	NA
NA	NA	NA	NA	NA	NA	NA	NA	NA	NA	NA	NA	NA	NA	NA	NA
NA	NA	NA	NA	NA	NA	NA	NA	NA	NA	NA	NA	NA	NA	NA	NA
NA	NA	NA	NA	NA	NA	NA	NA	NA	NA	NA	NA	NA	NA	NA	NA
NA	NA	NA	NA	NA	NA	NA	NA	NA	NA	NA	NA	NA	NA	NA	NA
NA	NA	NA	NA	NA	NA	NA	NA	NA	NA	NA	NA	NA	NA	NA	NA
NA	NA	NA	NA	NA	NA	NA	NA	NA	NA	NA	NA	NA	NA	NA	NA
NA	NA	NA	NA	NA	NA	NA	NA	NA	NA	NA	NA	NA	NA	NA	NA
NA	NA	NA	NA	NA	NA	NA	NA	NA	NA	NA	NA	NA	NA	NA	NA
NA	NA	NA	NA	NA	NA	NA	NA	NA	NA	NA	NA	NA	NA	NA	NA
NA	NA	NA	NA	NA	NA	NA	NA	NA	NA	NA	NA	NA	NA	NA	NA
NA	NA	NA	NA	NA	NA	NA	NA	NA	NA	NA	NA	NA	NA	NA	NA
NA	NA	NA	NA	NA	NA	NA	NA	NA	NA	NA	NA	NA	NA	NA	NA
NA	NA	NA	NA	NA	NA	NA	NA	NA	NA	NA	NA	NA	NA	NA	NA
NA	NA	NA	NA	NA	NA	NA	NA	NA	NA	NA	NA	NA	NA	NA	NA
NA	NA	NA	NA	NA	NA	NA	NA	NA	NA	NA	NA	NA	NA	NA	NA
NA	NA	NA	NA	NA	NA	NA	NA	NA	NA	NA	NA	NA	NA	NA	NA
NA	NA	NA	NA	NA	NA	NA	NA	NA	NA	NA	NA	NA	NA	NA	NA
NA	NA	NA	NA	NA	NA	NA	NA	NA	NA	NA	NA	NA	NA	NA	NA
NA	NA	NA	NA	NA	NA	NA	NA	NA	NA	NA	NA	NA	NA	NA	NA
NA	NA	NA	NA	NA	NA	NA	NA	NA	NA	NA	NA	NA	NA	NA	NA
NA	NA	NA	NA	NA	NA	NA	NA	NA	NA	NA	NA	NA	NA	NA	NA
NA	NA	NA	NA	NA	NA	NA	NA	NA	NA	NA	NA	NA	NA	NA	NA
NA	NA	NA	NA	NA	NA	NA	NA	NA	NA	NA	NA	NA	NA	NA	NA
NA	NA	NA	NA	NA	NA	NA	NA	NA	NA	NA	NA	NA	NA	NA	NA
NA	NA	NA	NA	NA	NA	NA	NA	NA	NA	NA	NA	NA	NA	NA	NA
NA	NA	NA	NA	NA	NA	NA	NA	NA	NA	NA	NA	NA	NA	NA	NA
NA	NA	NA	NA	NA	NA	NA	NA	NA	NA	NA	NA	NA	NA	NA	NA
NA	NA	NA	NA	NA	NA	NA	NA	NA	NA	NA	NA	NA	NA	NA	NA
NA	NA	NA	NA	NA	NA	NA	NA	NA	NA	NA	NA	NA	NA	NA	NA
NA	NA	NA	NA	NA	NA	NA	NA	NA	NA	NA	NA	NA	NA	NA	NA
NA	NA	NA	NA	NA	NA	NA	NA	NA	NA	NA	NA	NA	NA	NA	NA
NA	NA	NA	NA	NA	NA	NA	NA	NA	NA	NA	NA	NA	NA	NA	NA
NA	NA	NA	NA	NA	NA	NA	NA	NA	NA	NA	NA	NA	NA	NA	NA
1.94879612427754	0.0785451884962076	1.79484755482498	2.10274469373011	1.94373485597188	0.104884585095541	1.73816106918462	2.14930864275914	1.94373485597188	0.0785451884962076	1.79361684291774	2.09591830273885	1.94443953630664	0.0727683804959076	1.80175090277729	2.087128169836
2.01716169119988	0.0830657294876123	1.85435286140416	2.1799705209956	2.06000475086399	0.11657168506395	1.83152424813865	2.28848525358933	2.06000475086399	0.0830657294876123	1.90265865898941	2.22061613914171	2.06120167778833	0.0753807937559117	1.9133858329197	2.20901752265695
1.8347049426904	0.0796978865724484	1.6784970850084	1.9909128003724	1.80152755565948	0.107723558561036	1.59038938087985	2.01266573043911	1.80152755565948	0.0796978865724484	1.64635345353108	1.95888101285882	1.80200544869126	0.071443924320444	1.66191348114751	1.942097416235
2.03533371397514	0.0775746923628044	1.88328731694405	2.18738011100624	2.04909801778506	0.102059570418788	1.84906125976423	2.24913477580589	2.04909801778506	0.0775746923628044	1.90030115152785	2.19748704009734	2.0491616510966	0.070613731469972	1.9107006634364	2.1876226387568
2.10800202743283	0.0931473226167744	1.92543327510395	2.2905707797617	2.05292048367177	0.124416547940593	1.80906404970821	2.29677691763533	2.05292048367177	0.0931473226167744	1.86869314072783	2.22695074780996	2.05493897897877	0.0855608683566854	1.88713895239733	2.22273900556022
1.88753075767893	0.0778671143528153	1.73491121354741	2.04015030181044	1.87782069059406	0.101590867915146	1.67870258948038	2.07693879170775	1.87782069059406	0.0778671143528153	1.72607459260984	2.0268981747552	1.8798478836898	0.0743569757820873	1.73403686916546	2.02565889821415
2.01495251389081	0.0838348379913717	1.85063623142772	2.17926879635389	2.01651767363699	0.114518111833372	1.79206217444358	2.2409731728304	2.01651767363699	0.0838348379913717	1.86259971814589	2.1965243038889	2.01691626343647	0.0737530965123105	1.87229846189901	2.16153406497393
2.03236054154939	0.0912248447865964	1.85355984576766	2.21116123733112	2.00832724744902	0.120689275158995	1.77177626813739	2.24487822676065	2.00832724744902	0.0912248447865964	1.8312992127754	2.18150699863757	2.00878468336168	0.0861595775177936	1.83981268582059	2.17775668090277
2.05208381890101	0.0832293606578973	1.88895427201153	2.21521336579049	2.06382094184756	0.112519718074139	1.84328229442225	2.28435958927287	2.06382094184756	0.0832293606578973	1.90855369312721	2.22711984406142	2.06734848252602	0.0784726292617319	1.91346068495993	2.2212362800921
2.16151742962861	0.0744011168526728	2.01569124059737	2.30734361865985	2.13511731013466	0.0990762281229259	1.94092790301373	2.3293067172556	2.13511731013466	0.0744011168526728	1.99347294926182	2.28711463823838	2.13475557880995	0.0690381938133857	1.99938466659097	2.27012649102893
2.01053296620782	0.0799537460318002	1.8538236239855	2.16724230843015	1.96998402165658	0.103131304412417	1.76784666500824	2.17212137830492	1.96998402165658	0.0799537460318002	1.80819983336908	2.12840253164045	1.96984076045044	0.0764866723712951	1.81985610549067	2.11982541541021
1.9940441676177	0.0798664723555857	1.83750588180076	2.15058245343465	1.96422577220104	0.107969496959726	1.75260555815998	2.17584598624211	1.96422577220104	0.0798664723555857	1.80528939151501	2.1119198063889	1.9635958513521	0.0739595251565999	1.81856229527619	2.108629407428
1.99374960822633	0.0822726877081728	1.83249514031831	2.15500407613435	1.95821623573609	0.110375397820975	1.74188045600698	2.1745520154652	1.95821623573609	0.0822726877081728	1.80119808404295	2.12681757614226	1.95913920211702	0.0760981909897963	1.8099160608784	2.10836234335564
2.12597171875746	0.0771512458778461	1.97475527683688	2.27718816067804	2.07531995721942	0.101672359695083	1.87604213221706	2.27459778222178	2.07531995721942	0.0771512458778461	1.92585617775417	2.22968055078339	2.07504333383144	0.0733859340356743	1.93114188268069	2.2189447849822
1.99245472772092	0.0783203623479299	1.83894681751897	2.14596263792286	2.00020557282713	0.102480409453563	1.79934397029815	2.20106717535612	2.00020557282713	0.0783203623479299	1.8562580219497	2.15794207381704	2.00217998190099	0.0709318636682435	1.8630959010325	2.14126406276947
2.03408597267656	0.0757297638527289	1.88565563552521	2.18251630982791	1.99740818058772	0.100744850492945	1.79994827362155	2.19486808755389	1.99740818058772	0.0757297638527289	1.84300071433442	2.14253534343911	1.99791484358912	0.0706498849327459	1.8593777121095	2.13645197506873
2.00505216865114	0.0771878170419677	1.85376404724888	2.1563402900534	2.03808771976618	0.106053720931538	1.83022242674037	2.24595301279199	2.03808771976618	0.0771878170419677	1.8925792677908	2.19366084462567	2.03479812370772	0.0705871443967494	1.89638446860361	2.17321177881184
2.01555667496502	0.0830209048539848	1.85283570145121	2.17827764847883	1.94781671065555	0.110601165083805	1.73103842709129	2.16459499421981	1.94781671065555	0.0830209048539848	1.79314386532314	2.116902709071	1.94743593494367	0.0756911448096999	1.79901069796877	2.09586117191857
1.95740851375709	0.0753960032802242	1.80963234732785	2.10518468018633	2.00200941929185	0.0994158205931485	1.80715441092928	2.19686442765442	2.00200941929185	0.0753960032802242	1.85232948837916	2.1470466749463	2.0010470018424	0.0707865130916901	1.86224388736168	2.13985011632311
2.04508938655689	0.0788393292252772	1.89056430127535	2.19961447183843	2.02889782445008	0.103404635883492	1.82622473811844	2.23157091078173	2.02889782445008	0.0788393292252772	1.87079523868146	2.19347697673035	2.02900868817101	0.0746406335398862	1.88264487923696	2.17537249710507
1.94608663053941	0.0780996709767605	1.79301127542496	2.09916198565386	1.94588330279663	0.104457590187495	1.74114642602914	2.15062017956412	1.94588330279663	0.0780996709767605	1.79564142910814	2.09230829277831	1.94611765225041	0.0731700051354029	1.80263738684084	2.08959791765999
1.98753450969839	0.0816868100113612	1.82742836207612	2.14764065732066	1.95369383561211	0.10870664603911	1.74062880937546	2.16675886184877	1.95369383561211	0.0816868100113612	1.79400613074892	2.11715097677891	1.95524962058903	0.0742865242685915	1.80957711347453	2.10092212770352
2.01759583668253	0.0781601895977909	1.86440186507086	2.1707898082942	2.07715032906733	0.105081658484972	1.87119027843679	2.28311037969788	2.07715032906733	0.0781601895977909	1.92651047804119	2.22835193958841	2.07704365944844	0.0729487035253634	1.93399827697579	2.22008904192108
2.01285964499859	0.088518780603306	1.83936283501611	2.18635645498107	2.07807442897398	0.120019045438377	1.84283709991476	2.3133117580332	2.07807442897398	0.088518780603306	1.9182716694446	2.25801916661661	2.07610319308926	0.0829670697643499	1.91339323337551	2.23881315280302
1.94202993686507	0.0803743256062636	1.78449625867679	2.09956361505334	1.94224272123189	0.107061268743724	1.73240263449419	2.15208280796958	1.94224272123189	0.0803743256062636	1.78989383277465	2.09793257617942	1.9432600211366	0.0737587002936165	1.79862111807278	2.08789892420043
1.99799943098936	0.0807923436621285	1.83964643741159	2.15635242456713	2.03258426202824	0.109567060986528	1.81783282249464	2.24733570156183	2.03258426202824	0.0807923436621285	1.87948456980675	2.19469414579006	2.0312465106478	0.0744613489808236	1.88523894337664	2.17725407791895
2.05572927263545	0.0753334802910798	1.90807565126494	2.20338289400597	2.04408006303509	0.0987536389029457	1.85052293078531	2.23763719528486	2.04408006303509	0.0753334802910798	1.88925150317928	2.19315748230463	2.04412042145923	0.0700167615796552	1.90683005307267	2.18141078984579
2.10247982291339	0.0744328863797289	1.95659136560912	2.24836828021766	2.05474919003048	0.0983864852196246	1.86191167900002	2.24758670106094	2.05474919003048	0.0744328863797289	1.90174541136668	2.19932444846737	2.05546505680708	0.0686614128488389	1.92083713498197	2.19009297863219
1.94116575620109	0.0796374162781917	1.78507642029583	2.09725509210634	1.90266153786062	0.105924978390073	1.69504858021608	2.11027449550517	1.90266153786062	0.0796374162781917	1.74319246609845	2.04771860980065	1.90372294013917	0.0765603318931442	1.7535925672339	2.05385331304444
2.0156561476147	0.082693331982493	1.85357721692901	2.17773507830038	1.96824807846059	0.106943983370299	1.7586378710548	2.17785828586637	1.96824807846059	0.082693331982493	1.80889225183151	2.13383839939748	1.96977458861134	0.076479955161905	1.81979772999935	2.11975144722333
2.05871437379114	0.0718979850366153	1.91779432311937	2.1996344244629	2.07891412387415	0.0956515407047662	1.89143710409281	2.2663911436555	2.07891412387415	0.0718979850366153	1.9360425895962	2.21594582022237	2.07848224968709	0.0668063546967819	1.94749437325343	2.20947012612075
1.94010634395118	0.0783821053078648	1.78647741754776	2.09373527035459	1.91721272682301	0.105974308821372	1.70950308153312	2.1249223721129	1.91721272682301	0.0783821053078648	1.76247641158825	2.06578289614891	1.91864006387297	0.0724755974731285	1.77652081107714	2.06075931666879
1.94927861829471	0.0811696507090115	1.79018610290505	2.10837113368437	1.96091355965954	0.107771575442071	1.74968127179309	2.172145847526	1.96091355965954	0.0811696507090115	1.8093975589781	2.11868564847536	1.96330951323372	0.0732144257050035	1.81974605278571	2.10687297368172
2.00151824951608	0.0870636311272397	1.83087353250669	2.17216296652547	1.99481601320707	0.115688214118634	1.76806711353455	2.22156491287959	1.99481601320707	0.0870636311272397	1.81845765492925	2.1693304140139	1.99472756143277	0.0805304006743417	1.83679549885941	2.15265962400614
2.05329302874872	0.0753187850002483	1.90566821014823	2.20091784734921	2.06104648552591	0.100537493732622	1.86399299780997	2.25809997324185	2.06104648552591	0.0753187850002483	1.91387285155625	2.20245437880246	2.06230036940059	0.0699427607403926	1.92515401153338	2.19944672726781
1.92158598734774	0.0773833579586094	1.76991460574887	2.07325736894662	1.93507981788135	0.104738291503877	1.72979276653375	2.14036686922895	1.93507981788135	0.0773833579586094	1.77493639608082	2.08987210557271	1.93287051342696	0.0713969394241203	1.79286823189621	2.07287279495771
1.95295365104864	0.0808114019605282	1.794563303206	2.11134399889127	1.95304669955902	0.106718949370276	1.74387755879328	2.16221584032476	1.95304669955902	0.0808114019605282	1.79136952716051	2.10008867933128	1.95302246212284	0.0743330662787114	1.80726525298863	2.09877967125706
2.03175994456424	0.0807754278042048	1.87344010606799	2.19007978306048	2.06895628727479	0.109201333009443	1.85492167457628	2.2829908999733	2.06895628727479	0.0807754278042048	1.91060839465994	2.22807794846498	2.07022978311851	0.0759414831833911	1.92130751078822	2.2191520554488
2.02557633839861	0.0849626472228546	1.85904954984181	2.1921031269554	2.04091576042445	0.111544334393908	1.82228886501239	2.25954265583651	2.04091576042445	0.0849626472228546	1.87154322068087	2.19714603822142	2.04121519443665	0.0814814347287315	1.88142396757331	2.20100642129998
1.85925895671919	0.0788242767460665	1.7047633742969	2.01375453914148	1.90562478984389	0.103891449271267	1.70199754927221	2.10925203041558	1.90562478984389	0.0788242767460665	1.74820438549316	2.06067922644343	1.90568824818571	0.0733734780856833	1.76181007699815	2.04956641937328
1.93562610076091	0.076441354880041	1.78580104519603	2.08545115632579	1.9453369053152	0.100613075130194	1.74813527806002	2.14253853257038	1.9453369053152	0.076441354880041	1.7962001090028	2.09587043466909	1.94691133239111	0.070754203637891	1.80816686291449	2.08565580186774
2.05105088685312	0.0764310428293821	1.90124604290753	2.20085573079871	1.98204862958958	0.0978101262676142	1.79034078210506	2.1737564770741	1.98204862958958	0.0764310428293821	1.83260881024171	2.12477977732081	1.98279196202868	0.0721013525155229	1.84140639069613	2.12417753336123
2.02439386909661	0.0814946313260579	1.86466439169754	2.18412334649569	2.03556162513666	0.109420976250302	1.82109651168607	2.25002673858725	2.03556162513666	0.0814946313260579	1.88318793501843	2.19175550926818	2.03568916110686	0.075662666914714	1.88731585603147	2.18406246618225
1.8448544163294	0.0855622643294687	1.67715237824364	2.01255645441515	1.86246600714138	0.114488300465151	1.63806893822968	2.08686307605307	1.86246600714138	0.0855622643294687	1.70247498498781	2.02873686453467	1.86345169717556	0.0785155273461413	1.70948506876687	2.01741832558425
2.0210866493804	0.0796116346749789	1.86504784541744	2.17712545334335	2.03132937658897	0.107609793132482	1.8204141820493	2.24224457112863	2.03132937658897	0.0796116346749789	1.87513176549997	2.18870694940552	2.03041139241153	0.071680762928279	1.88985221643973	2.17097056838332
1.95206397705511	0.0757081075737127	1.80367608621064	2.10045186789959	1.89252356013953	0.100437407786844	1.69566624087732	2.08938087940175	1.89252356013953	0.0757081075737127	1.7500467908888	2.03422567453613	1.89274880177389	0.0688346261248836	1.7577717418138	2.02772586173397
2.01631004140904	0.0773429723420556	1.86471781561861	2.16790226719946	2.04201005370531	0.102787655722803	1.84054624848862	2.243473858922	2.04201005370531	0.0773429723420556	1.8898240316532	2.18711416025958	2.03963041615306	0.0714408798674598	1.89954591187464	2.17971492043149
1.99901929255281	0.076759157142007	1.84857134455448	2.14946724055114	2.01855150831543	0.102296011853516	1.81805132508254	2.21905169154832	2.01855150831543	0.076759157142007	1.87096304343044	2.1731641468925	2.02019919712763	0.0704959460905024	1.88196909178305	2.1584293024722
2.00394701921649	0.0759195521111345	1.85514469707867	2.15274934135431	1.97396518235011	0.101046770712212	1.77591351175418	2.17201685294605	1.97396518235011	0.0759195521111345	1.82326607487084	2.12023672646229	1.97451331172029	0.0695932297231507	1.8380502268781	2.11097639656247
2.06009205848127	0.0837407461442413	1.89596019603856	2.22422392092398	2.07931129143066	0.112653726582991	1.858509987328	2.30011259553332	2.07931129143066	0.0837407461442413	1.91284613210501	2.23816542924436	2.07762540689238	0.0754838728061422	1.92960621074878	2.22564460303598
1.97127542906022	0.0863500015125666	1.80202942609558	2.14052143202485	2.01099422128281	0.110390756507773	1.79462833852758	2.22736010403805	2.01099422128281	0.0863500015125666	1.83812529838178	2.18046726286899	2.01094293707553	0.0810976890809594	1.85190853350302	2.16997734064805
2.05607971234224	0.0835382524732804	1.89234473749461	2.21981468718987	2.01004619706391	0.111349510188263	1.79180115709492	2.22829123703291	2.01004619706391	0.0835382524732804	1.84472470488883	2.176927378548	2.00757410333813	0.0762373157437648	1.85808444465671	2.15706376201954
1.89684961268205	0.0782865373710323	1.74340799943483	2.05029122592927	1.85300208449083	0.107960017680802	1.64140044983646	2.0646037191452	1.85300208449083	0.0782865373710323	1.70093493291861	2.00979671864474	1.85074153349336	0.0722979647415501	1.70897376906621	1.99250929792051
2.02563914020959	0.0831178592358145	1.86272813610739	2.18855014431179	2.00233565868095	0.114370255551213	1.77816995780057	2.22650135956133	2.00233565868095	0.0831178592358145	1.83801756332163	2.15680574469464	2.00293836808407	0.0752525064354006	1.85537192541456	2.15050481075358
1.90701733917401	0.0836542941470295	1.74305492264584	2.07097975570219	1.94392044617262	0.109188753741708	1.72991048883887	2.15793040350637	1.94392044617262	0.0836542941470295	1.78784331598947	2.11546426715724	1.94611302022871	0.0765851370521585	1.79593519893184	2.09629084152558
1.89503421049166	0.0746226505177994	1.74877381547678	2.04129460550655	1.96369722074749	0.098553027229678	1.77053328737732	2.15686115411766	1.96369722074749	0.0746226505177994	1.81000034848264	2.10812581088044	1.96560496119914	0.0709722082754864	1.82644018062255	2.10476974177574
1.9203457669234	0.079208185789224	1.76509772277652	2.07559381107028	1.90752672401746	0.101616364636562	1.7083586493298	2.10669479870512	1.90752672401746	0.079208185789224	1.74929663363911	2.06610334131259	1.90746530130094	0.0767800175143347	1.75690365275056	2.05802694985132
1.97760869331124	0.0710394934528081	1.83837128614373	2.11684610047874	1.95117124183268	0.0943176323919771	1.7663086823444	2.13603380132095	1.95117124183268	0.0710394934528081	1.81219335033525	2.08712868817954	1.95221097283952	0.0665791957969465	1.82166566780555	2.08275627787348
1.95729542830091	0.0809664358913598	1.79860121395385	2.11598964264798	1.91016093118622	0.110196088465878	1.6941765977931	2.12614526457935	1.91016093118622	0.0809664358913598	1.75162222437986	2.06759980032929	1.91015214038307	0.0758664575975014	1.76138466833441	2.05891961243173
2.00257165611256	0.0763292287552742	1.85296636775222	2.15217694447289	1.98467988511201	0.101528598517313	1.78568383201807	2.18367593820594	1.98467988511201	0.0763292287552742	1.83247649294162	2.13164038783004	1.98795824718817	0.0698086862311695	1.8510844784433	2.12483201593303
1.89088586347521	0.0813618884849103	1.73141656204479	2.05035516490564	1.91612544667721	0.109879789205996	1.70076105983346	2.13148983352096	1.91612544667721	0.0813618884849103	1.76590603941442	2.07601328056539	1.91610662952408	0.0748359214833757	1.76935765608822	2.06285560295994
1.99009413492239	0.0812882216291875	1.83076922052919	2.1494190493156	2.01938897338014	0.104756744430166	1.81406575429702	2.22471219246327	2.01938897338014	0.0812882216291875	1.85630989589419	2.17792103380013	2.018992254231	0.0771712639334677	1.86765829220107	2.17032621626093
2.02912350569456	0.0843917661732206	1.86371564399505	2.19453136739408	1.98666162895979	0.111148152224185	1.76881125060039	2.20451200731919	1.98666162895979	0.0843917661732206	1.82695093431497	2.1428980234781	1.98663240346832	0.0793360371139261	1.83104919704854	2.14221560988809
1.98319290431473	0.0809246425780227	1.8245806048618	2.14180520376765	1.93363062104522	0.111133004795539	1.71580993164597	2.15145131044448	1.93363062104522	0.0809246425780227	1.77907196723366	2.09595702740576	1.93557375321728	0.0764800952170821	1.78559891423125	2.08554859220332
1.97129151952936	0.0831927233700831	1.808233781724	2.13434925733473	1.98708305345003	0.111593580670084	1.76835963533666	2.20580647156339	1.98708305345003	0.0831927233700831	1.82268503786121	2.15083730749901	1.98853313533788	0.0759047531471613	1.83968670765677	2.13737956301898
1.99710138671748	0.0777653940079921	1.84468121446182	2.14952155897315	1.97702929699382	0.100637847403529	1.7797791160829	2.17427947790474	1.97702929699382	0.0777653940079921	1.8270834736778	2.13031178782325	1.97854597116067	0.0731727530725822	1.8350661574746	2.12202578484675
2.0157199049004	0.0797280109193608	1.85945300349846	2.17198680630235	1.98769072921494	0.105759620362741	1.78040187330397	2.19497958512592	1.98769072921494	0.0797280109193608	1.83283059594691	2.13991871369792	1.98848328073124	0.0729435715822894	1.845446187728	2.13152037373448
2.03609503759709	0.0806542401959708	1.87801272681299	2.1941773483812	1.98711776216807	0.107007380944779	1.77738329551631	2.19685222881984	1.98711776216807	0.0806542401959708	1.83399770856357	2.14272115583192	1.98796159233253	0.0738621863459313	1.84311895690981	2.13280422775525
2.01880452449854	0.0795945140473786	1.86279927696568	2.1748097720314	1.93847929828487	0.104990392696062	1.73269812860059	2.14426046796915	1.93847929828487	0.0795945140473786	1.78363020931916	2.0924330381686	1.93887560271607	0.07107011639297	1.79951878752698	2.07823241790516
2.07018624771783	0.0809678081313105	1.91148934378046	2.2288831516552	2.0562339931019	0.107980004607742	1.84459318407073	2.26787480213308	2.0562339931019	0.0809678081313105	1.9029000528508	2.21880447036187	2.05752887701399	0.0758181909294801	1.9088545395838	2.20620321444419
1.94195974198116	0.0852636210584409	1.77484304470661	2.1090764392557	1.92576537830346	0.112484599032234	1.70529556420028	2.14623519240664	1.92576537830346	0.0852636210584409	1.74483390783686	2.09214047342604	1.92454341390265	0.0801152365898615	1.7674378688937	2.08164895891159
1.94399682720845	0.073117240524011	1.80068703578139	2.08730661863551	1.95460461168225	0.0978208736243459	1.76287569937853	2.14633352398597	1.95460461168225	0.073117240524011	1.81694870065765	2.0855586962132	1.95674117444445	0.0680401220345831	1.82332561516769	2.09015673372122
1.94215373995913	0.0798386866603731	1.7856699141048	2.09863756581347	1.95782353069174	0.10726416460217	1.74758576807149	2.16806129331199	1.95782353069174	0.0798386866603731	1.79989971003206	2.11384918333456	1.95781483905956	0.0721807801454011	1.81627978894323	2.09934988917589
1.93734809536502	0.0796347550750632	1.78126397541789	2.09343221531214	1.92866588991714	0.108060892233918	1.71686654113866	2.14046523869562	1.92866588991714	0.0796347550750632	1.77618234563333	2.08062045891763	1.92816610481006	0.0718197809089204	1.78734431293917	2.06898789668095
1.92470023779495	0.0775581908810663	1.77268618366806	2.07671429192184	1.94923553050777	0.10299640605424	1.74736257464146	2.15110848637408	1.94923553050777	0.0775581908810663	1.80620365921793	2.10052045688312	1.95183094145332	0.0716914172257163	1.81125097921563	2.09241090369102
2.16509033882441	0.08354611914944	2.00133994529151	2.32884073235731	2.16800418443325	0.112757620993373	1.94699924728624	2.38900912158026	2.16800418443325	0.08354611914944	2.00797459103652	2.33455546877948	2.168235402935	0.0760142829961227	2.0191773808051	2.31729342506489
2.04033223128652	0.0730394139539769	1.89717497993673	2.18348948263631	2.07532262629441	0.0954986497163388	1.88814527285039	2.26249997973843	2.07532262629441	0.0730394139539769	1.9379982748719	2.21861814167646	2.07783618631072	0.0670511935258901	1.9463625872202	2.20930978540124
1.99590741246408	0.0892023551615408	1.82107079634746	2.1707440285807	1.99580332766307	0.120236636458082	1.76013952020523	2.23146713512091	1.99580332766307	0.0892023551615408	1.81905276044672	2.17054186546538	1.99497791293594	0.0810686080297208	1.83599885077706	2.15395697509482
1.89042273650959	0.0781133638600303	1.73732054334393	2.04352492967524	1.90515578420491	0.103791152821021	1.70172512467571	2.10858644373411	1.90515578420491	0.0781133638600303	1.74606368488909	2.06570388029948	1.9064578783809	0.073053137854239	1.76320962870724	2.04970612805455
1.93268842069239	0.0740522590555214	1.78754599294356	2.07783084844121	1.96531521619941	0.100065930102046	1.7691859931994	2.16144443919942	1.96531521619941	0.0740522590555214	1.82616888642413	2.11537477961129	1.96677221356836	0.069041832228662	1.83139477785073	2.10214964928599
1.92330024114626	0.0849463488426601	1.75680539741465	2.08979508487787	1.93974749332227	0.116634984810722	1.71114292309325	2.16835206355128	1.93974749332227	0.0849463488426601	1.77606225810113	2.10563074948139	1.93822025377985	0.0773319089874246	1.78657178727973	2.08986872027997
1.94378982703376	0.0782833612105125	1.79035443906115	2.09722521500636	1.93332877304007	0.104861908878779	1.72779943163766	2.13885811444247	1.93332877304007	0.0782833612105125	1.78150329785795	2.09096457405542	1.9321351713546	0.071588925707029	1.7917651410372	2.07250520167201
2.08492898982394	0.0770770856740993	1.9338579019027	2.23600007774517	2.04240006422088	0.0997339755677632	1.84692147210806	2.23787865633369	2.04240006422088	0.0770770856740993	1.89863906778385	2.18683350119049	2.04494570884872	0.072311120534979	1.90315463269137	2.18673678500607
1.99344337602873	0.0955186982745882	1.80622672741054	2.18066002464692	2.00551102354359	0.127697471283471	1.75522397982799	2.25579806725919	2.00551102354359	0.0955186982745882	1.81355547401241	2.18454496574112	2.00334622066307	0.0905571247120729	1.8257378726933	2.18095456863284
1.96207684622238	0.0899121500483282	1.78584903212766	2.13830466031711	1.99226918243984	0.116350544966858	1.7642221143048	2.22031625057488	1.99226918243984	0.0899121500483282	1.81755754689213	2.16294541190148	1.99180209242037	0.0843579391429317	1.82636131563327	2.15724286920747
1.99602754791364	0.0834107585006543	1.83254246125235	2.15951263457492	2.02031873233545	0.110284618922917	1.80416087924653	2.23647658542436	2.02031873233545	0.0834107585006543	1.86116940758743	2.183132470355	2.02055851756075	0.0755461149287133	1.87241301202002	2.16870402310147
2.06922341107966	0.104485030124689	1.86443275203527	2.27401407012406	2.01324734832017	0.135287087105992	1.74808465759242	2.27841003904791	2.01324734832017	0.104485030124689	1.79801968711141	2.20285310016891	2.01375215542038	0.0987206627923322	1.82011977100181	2.20738453983896
1.95684696208375	0.0801816498811128	1.79969092831677	2.11400299585073	1.9207466511255	0.107328427796977	1.71038293264342	2.13111036960757	1.9207466511255	0.0801816498811128	1.77232010072897	2.0725370667264	1.9187081171058	0.0736205044374107	1.77434428001987	2.06307195419173
2.07190051284538	0.0772854115175225	1.92042110627104	2.22337991941972	2.11769856459349	0.10353690115404	1.91476623833157	2.32063089085541	2.11769856459349	0.0772854115175225	1.96543641524194	2.27716445880016	2.1162812935733	0.072153618457277	1.974797855649	2.25776473149759
1.99851837863123	0.0811416157856394	1.83948081169138	2.15755594557109	1.9724405695464	0.109391229257077	1.75803376020253	2.18684737889027	1.9724405695464	0.0811416157856394	1.81150416411072	2.12539102844958	1.9737206916036	0.0746646858620463	1.82731058582461	2.12013079738258
1.95512476699484	0.0788161542913602	1.80064510458378	2.10960442940591	1.94105121145577	0.103498965692847	1.73819323869779	2.14390918421375	1.94105121145577	0.0788161542913602	1.79223284368188	2.09823158454779	1.93942525419021	0.0731805164066548	1.79592745599852	2.08292305238191
1.93416057988833	0.0789361048995252	1.77944581428527	2.0888753454914	1.92545655299578	0.106402890574617	1.71690688746953	2.13400621852203	1.92545655299578	0.0789361048995252	1.76510135327467	2.08078832001025	1.92474747692638	0.0712123740362283	1.78511003282857	2.0643849210242
2.05769057177821	0.0766621508206482	1.90743275616974	2.20794838738668	2.01147611119052	0.103197470044958	1.8092090699024	2.21374315247863	2.01147611119052	0.0766621508206482	1.86660249203156	2.16673424448692	2.01364798248977	0.0702601905170439	1.87588060888336	2.15141535609619
2.07258730318998	0.0862147221286694	1.90360644781779	2.24156815856217	2.0794293891702	0.116229277893136	1.85162000449966	2.30723877384075	2.0794293891702	0.0862147221286694	1.90957688853444	2.25342783652267	2.0818497895284	0.0795242392953259	1.92590057216299	2.23779900689381
1.97606633427854	0.0845531080696979	1.81034224246193	2.14179042609515	1.96682021754921	0.114243506962483	1.74290294390274	2.19073749119567	1.96682021754921	0.0845531080696979	1.80804257527202	2.13792977040856	1.96686189642319	0.0759199156906945	1.81799033810238	2.11573345474399
1.96054017803454	0.0778875669307341	1.8078805468503	2.11319980921878	1.93600300067963	0.102036524706724	1.73601141225445	2.13599458910481	1.93600300067963	0.0778875669307341	1.78576954426847	2.08761005483353	1.93472872896393	0.0704314879809483	1.79662142370743	2.07283603422043
2.03796500221141	0.0764362021628291	1.88815004597227	2.18777995845056	2.00885511864797	0.102953788844817	1.80706569251213	2.21064454478381	2.00885511864797	0.0764362021628291	1.86195101053199	2.16349535051659	2.01015440583302	0.0697257587099456	1.87343280044771	2.14687601121834
1.99047238898628	0.0789828637974219	1.83566597594333	2.14527880202923	2.01163954002721	0.107452185782165	1.80103325589417	2.22224582416025	2.01163954002721	0.0789828637974219	1.85534501734985	2.1675108785492	2.01182913569462	0.0727576389299444	1.86916183229259	2.15449643909666
2.04214050991724	0.0871489830489888	1.87132850314123	2.21295251669326	2.07244705775477	0.114264694963795	1.84848825562574	2.29640585988381	2.07244705775477	0.0871489830489888	1.90385116508871	2.23789830608193	2.07153373920473	0.0806993889681374	1.91327458087611	2.22979289753336
1.99497804417112	0.0740698243767989	1.84980118839259	2.14015489994964	1.98583843817455	0.0989444585898917	1.79190729933836	2.17976957701074	1.98583843817455	0.0740698243767989	1.84519624317118	2.11990427755365	1.98669567308503	0.0692468161115602	1.85091927749386	2.12247206867619
