X1	X2	X3	X4	X1.1	X2.1	X3.1	X4.1	X1.2	X2.2	X3.2	X4.2	X1.3	X2.3	X3.3	X4.3
NA	NA	NA	NA	NA	NA	NA	NA	NA	NA	NA	NA	NA	NA	NA	NA
NA	NA	NA	NA	NA	NA	NA	NA	NA	NA	NA	NA	NA	NA	NA	NA
NA	NA	NA	NA	NA	NA	NA	NA	NA	NA	NA	NA	NA	NA	NA	NA
NA	NA	NA	NA	NA	NA	NA	NA	NA	NA	NA	NA	NA	NA	NA	NA
NA	NA	NA	NA	NA	NA	NA	NA	NA	NA	NA	NA	NA	NA	NA	NA
NA	NA	NA	NA	NA	NA	NA	NA	NA	NA	NA	NA	NA	NA	NA	NA
NA	NA	NA	NA	NA	NA	NA	NA	NA	NA	NA	NA	NA	NA	NA	NA
NA	NA	NA	NA	NA	NA	NA	NA	NA	NA	NA	NA	NA	NA	NA	NA
NA	NA	NA	NA	NA	NA	NA	NA	NA	NA	NA	NA	NA	NA	NA	NA
NA	NA	NA	NA	NA	NA	NA	NA	NA	NA	NA	NA	NA	NA	NA	NA
NA	NA	NA	NA	NA	NA	NA	NA	NA	NA	NA	NA	NA	NA	NA	NA
NA	NA	NA	NA	NA	NA	NA	NA	NA	NA	NA	NA	NA	NA	NA	NA
NA	NA	NA	NA	NA	NA	NA	NA	NA	NA	NA	NA	NA	NA	NA	NA
NA	NA	NA	NA	NA	NA	NA	NA	NA	NA	NA	NA	NA	NA	NA	NA
NA	NA	NA	NA	NA	NA	NA	NA	NA	NA	NA	NA	NA	NA	NA	NA
NA	NA	NA	NA	NA	NA	NA	NA	NA	NA	NA	NA	NA	NA	NA	NA
NA	NA	NA	NA	NA	NA	NA	NA	NA	NA	NA	NA	NA	NA	NA	NA
NA	NA	NA	NA	NA	NA	NA	NA	NA	NA	NA	NA	NA	NA	NA	NA
NA	NA	NA	NA	NA	NA	NA	NA	NA	NA	NA	NA	NA	NA	NA	NA
NA	NA	NA	NA	NA	NA	NA	NA	NA	NA	NA	NA	NA	NA	NA	NA
NA	NA	NA	NA	NA	NA	NA	NA	NA	NA	NA	NA	NA	NA	NA	NA
NA	NA	NA	NA	NA	NA	NA	NA	NA	NA	NA	NA	NA	NA	NA	NA
NA	NA	NA	NA	NA	NA	NA	NA	NA	NA	NA	NA	NA	NA	NA	NA
NA	NA	NA	NA	NA	NA	NA	NA	NA	NA	NA	NA	NA	NA	NA	NA
NA	NA	NA	NA	NA	NA	NA	NA	NA	NA	NA	NA	NA	NA	NA	NA
NA	NA	NA	NA	NA	NA	NA	NA	NA	NA	NA	NA	NA	NA	NA	NA
NA	NA	NA	NA	NA	NA	NA	NA	NA	NA	NA	NA	NA	NA	NA	NA
NA	NA	NA	NA	NA	NA	NA	NA	NA	NA	NA	NA	NA	NA	NA	NA
NA	NA	NA	NA	NA	NA	NA	NA	NA	NA	NA	NA	NA	NA	NA	NA
NA	NA	NA	NA	NA	NA	NA	NA	NA	NA	NA	NA	NA	NA	NA	NA
NA	NA	NA	NA	NA	NA	NA	NA	NA	NA	NA	NA	NA	NA	NA	NA
NA	NA	NA	NA	NA	NA	NA	NA	NA	NA	NA	NA	NA	NA	NA	NA
NA	NA	NA	NA	NA	NA	NA	NA	NA	NA	NA	NA	NA	NA	NA	NA
NA	NA	NA	NA	NA	NA	NA	NA	NA	NA	NA	NA	NA	NA	NA	NA
NA	NA	NA	NA	NA	NA	NA	NA	NA	NA	NA	NA	NA	NA	NA	NA
NA	NA	NA	NA	NA	NA	NA	NA	NA	NA	NA	NA	NA	NA	NA	NA
NA	NA	NA	NA	NA	NA	NA	NA	NA	NA	NA	NA	NA	NA	NA	NA
NA	NA	NA	NA	NA	NA	NA	NA	NA	NA	NA	NA	NA	NA	NA	NA
NA	NA	NA	NA	NA	NA	NA	NA	NA	NA	NA	NA	NA	NA	NA	NA
NA	NA	NA	NA	NA	NA	NA	NA	NA	NA	NA	NA	NA	NA	NA	NA
NA	NA	NA	NA	NA	NA	NA	NA	NA	NA	NA	NA	NA	NA	NA	NA
NA	NA	NA	NA	NA	NA	NA	NA	NA	NA	NA	NA	NA	NA	NA	NA
NA	NA	NA	NA	NA	NA	NA	NA	NA	NA	NA	NA	NA	NA	NA	NA
NA	NA	NA	NA	NA	NA	NA	NA	NA	NA	NA	NA	NA	NA	NA	NA
NA	NA	NA	NA	NA	NA	NA	NA	NA	NA	NA	NA	NA	NA	NA	NA
NA	NA	NA	NA	NA	NA	NA	NA	NA	NA	NA	NA	NA	NA	NA	NA
NA	NA	NA	NA	NA	NA	NA	NA	NA	NA	NA	NA	NA	NA	NA	NA
NA	NA	NA	NA	NA	NA	NA	NA	NA	NA	NA	NA	NA	NA	NA	NA
NA	NA	NA	NA	NA	NA	NA	NA	NA	NA	NA	NA	NA	NA	NA	NA
NA	NA	NA	NA	NA	NA	NA	NA	NA	NA	NA	NA	NA	NA	NA	NA
NA	NA	NA	NA	NA	NA	NA	NA	NA	NA	NA	NA	NA	NA	NA	NA
NA	NA	NA	NA	NA	NA	NA	NA	NA	NA	NA	NA	NA	NA	NA	NA
NA	NA	NA	NA	NA	NA	NA	NA	NA	NA	NA	NA	NA	NA	NA	NA
NA	NA	NA	NA	NA	NA	NA	NA	NA	NA	NA	NA	NA	NA	NA	NA
NA	NA	NA	NA	NA	NA	NA	NA	NA	NA	NA	NA	NA	NA	NA	NA
NA	NA	NA	NA	NA	NA	NA	NA	NA	NA	NA	NA	NA	NA	NA	NA
NA	NA	NA	NA	NA	NA	NA	NA	NA	NA	NA	NA	NA	NA	NA	NA
NA	NA	NA	NA	NA	NA	NA	NA	NA	NA	NA	NA	NA	NA	NA	NA
NA	NA	NA	NA	NA	NA	NA	NA	NA	NA	NA	NA	NA	NA	NA	NA
NA	NA	NA	NA	NA	NA	NA	NA	NA	NA	NA	NA	NA	NA	NA	NA
NA	NA	NA	NA	NA	NA	NA	NA	NA	NA	NA	NA	NA	NA	NA	NA
NA	NA	NA	NA	NA	NA	NA	NA	NA	NA	NA	NA	NA	NA	NA	NA
NA	NA	NA	NA	NA	NA	NA	NA	NA	NA	NA	NA	NA	NA	NA	NA
NA	NA	NA	NA	NA	NA	NA	NA	NA	NA	NA	NA	NA	NA	NA	NA
NA	NA	NA	NA	NA	NA	NA	NA	NA	NA	NA	NA	NA	NA	NA	NA
NA	NA	NA	NA	NA	NA	NA	NA	NA	NA	NA	NA	NA	NA	NA	NA
NA	NA	NA	NA	NA	NA	NA	NA	NA	NA	NA	NA	NA	NA	NA	NA
NA	NA	NA	NA	NA	NA	NA	NA	NA	NA	NA	NA	NA	NA	NA	NA
NA	NA	NA	NA	NA	NA	NA	NA	NA	NA	NA	NA	NA	NA	NA	NA
NA	NA	NA	NA	NA	NA	NA	NA	NA	NA	NA	NA	NA	NA	NA	NA
NA	NA	NA	NA	NA	NA	NA	NA	NA	NA	NA	NA	NA	NA	NA	NA
NA	NA	NA	NA	NA	NA	NA	NA	NA	NA	NA	NA	NA	NA	NA	NA
NA	NA	NA	NA	NA	NA	NA	NA	NA	NA	NA	NA	NA	NA	NA	NA
NA	NA	NA	NA	NA	NA	NA	NA	NA	NA	NA	NA	NA	NA	NA	NA
NA	NA	NA	NA	NA	NA	NA	NA	NA	NA	NA	NA	NA	NA	NA	NA
NA	NA	NA	NA	NA	NA	NA	NA	NA	NA	NA	NA	NA	NA	NA	NA
NA	NA	NA	NA	NA	NA	NA	NA	NA	NA	NA	NA	NA	NA	NA	NA
NA	NA	NA	NA	NA	NA	NA	NA	NA	NA	NA	NA	NA	NA	NA	NA
NA	NA	NA	NA	NA	NA	NA	NA	NA	NA	NA	NA	NA	NA	NA	NA
NA	NA	NA	NA	NA	NA	NA	NA	NA	NA	NA	NA	NA	NA	NA	NA
NA	NA	NA	NA	NA	NA	NA	NA	NA	NA	NA	NA	NA	NA	NA	NA
NA	NA	NA	NA	NA	NA	NA	NA	NA	NA	NA	NA	NA	NA	NA	NA
NA	NA	NA	NA	NA	NA	NA	NA	NA	NA	NA	NA	NA	NA	NA	NA
NA	NA	NA	NA	NA	NA	NA	NA	NA	NA	NA	NA	NA	NA	NA	NA
NA	NA	NA	NA	NA	NA	NA	NA	NA	NA	NA	NA	NA	NA	NA	NA
NA	NA	NA	NA	NA	NA	NA	NA	NA	NA	NA	NA	NA	NA	NA	NA
NA	NA	NA	NA	NA	NA	NA	NA	NA	NA	NA	NA	NA	NA	NA	NA
NA	NA	NA	NA	NA	NA	NA	NA	NA	NA	NA	NA	NA	NA	NA	NA
NA	NA	NA	NA	NA	NA	NA	NA	NA	NA	NA	NA	NA	NA	NA	NA
NA	NA	NA	NA	NA	NA	NA	NA	NA	NA	NA	NA	NA	NA	NA	NA
NA	NA	NA	NA	NA	NA	NA	NA	NA	NA	NA	NA	NA	NA	NA	NA
NA	NA	NA	NA	NA	NA	NA	NA	NA	NA	NA	NA	NA	NA	NA	NA
NA	NA	NA	NA	NA	NA	NA	NA	NA	NA	NA	NA	NA	NA	NA	NA
NA	NA	NA	NA	NA	NA	NA	NA	NA	NA	NA	NA	NA	NA	NA	NA
NA	NA	NA	NA	NA	NA	NA	NA	NA	NA	NA	NA	NA	NA	NA	NA
NA	NA	NA	NA	NA	NA	NA	NA	NA	NA	NA	NA	NA	NA	NA	NA
NA	NA	NA	NA	NA	NA	NA	NA	NA	NA	NA	NA	NA	NA	NA	NA
NA	NA	NA	NA	NA	NA	NA	NA	NA	NA	NA	NA	NA	NA	NA	NA
NA	NA	NA	NA	NA	NA	NA	NA	NA	NA	NA	NA	NA	NA	NA	NA
NA	NA	NA	NA	NA	NA	NA	NA	NA	NA	NA	NA	NA	NA	NA	NA
2.21726660882382	0.112302725362384	1.99715326711355	2.43737995053409	2.24254418837874	0.145267449576861	1.9578199872081	2.52726838954939	2.24254418837874	0.112302725362384	2.03910775565784	2.47288184982305	2.24251726821419	0.103415836715276	2.03966410072131	2.44537043570707
2.03211171490979	0.10360721990753	1.82904156389103	2.23518186592855	2.03027812461178	0.139641194989147	1.75658138243306	2.30397486679051	2.03027812461178	0.10360721990753	1.82433311883574	2.23169298036126	2.03091469551941	0.098711052809899	1.83729513674824	2.22453425429058
2.09593282884797	0.105603427310804	1.88895011131879	2.30291554637714	2.11083085401186	0.137182801196916	1.8419525636659	2.37970914435781	2.11083085401186	0.105603427310804	1.89351980862364	2.31121566584967	2.10841174789232	0.101025032420368	1.91024726695233	2.3065762288323
1.96755248684073	0.100032711400771	1.77148837249521	2.16361660118624	1.9943986337132	0.135139452109552	1.72952530757848	2.25927195984792	1.9943986337132	0.100032711400771	1.79708491567719	2.18640330359093	1.99520487944626	0.0931480068789621	1.81250497622167	2.17790478267084
1.9365433917865	0.101739171469895	1.73713461570551	2.13595216786749	1.90316247575993	0.135461348962797	1.63765823179285	2.16866671972701	1.90316247575993	0.101739171469895	1.70209656633555	2.09610205797357	1.90464078505884	0.0972402458953163	1.71391257524854	2.09536899486915
1.89203379036789	0.159161239177246	1.58007776158049	2.2039898191553	1.97046692345743	0.192059470593128	1.5940303610949	2.34690348581996	1.97046692345743	0.159161239177246	1.69868200087794	2.32629642905223	1.9688564096228	0.15453713312956	1.6656671659388	2.27204565330679
1.9377259095679	0.142233144592639	1.65894894616632	2.21650287296947	1.92547094931788	0.190204168702273	1.55267077866143	2.29827111997434	1.92547094931788	0.142233144592639	1.66776849943353	2.22657948078326	1.9258595103726	0.13575286243326	1.65954086035638	2.19217816038882
1.86613917406456	0.102345263759868	1.66554245709521	2.0667358910339	1.89027914948682	0.132627665578556	1.63032892495285	2.15022937402079	1.89027914948682	0.102345263759868	1.68931327625407	2.08342958513979	1.88940090708242	0.0973728177521771	1.69840773389674	2.0803940802681
2.00189520546446	0.10030088999477	1.80530546107471	2.19848494985421	1.94906223464776	0.132044745595818	1.69025453327996	2.20786993601557	1.94906223464776	0.10030088999477	1.75853386052863	2.14896117711441	1.94795140836188	0.094169372339875	1.76325285115403	2.13264996556972
1.92645127017059	0.12158325191958	1.68814809640821	2.16475444393297	1.97255469912363	0.15442562620493	1.66988047176197	2.27522892648529	1.97255469912363	0.12158325191958	1.76553037564557	2.2385240601927	1.97089766871019	0.116138417102756	1.7430710795082	2.19872425791217
2.18674954713644	0.0992042873241538	1.99230914398109	2.38118995029178	2.11822717917742	0.129523550312277	1.86436102056536	2.37209333778948	2.11822717917742	0.0992042873241538	1.92552632159148	2.31948144133588	2.11748645579455	0.0959712061968808	1.9292478356823	2.30572507590681
2.14066352315331	0.104671996190948	1.93550641061905	2.34582063568757	2.1645212095974	0.139594710030965	1.89091557793671	2.43812684125809	2.1645212095974	0.104671996190948	1.96771364865646	2.38056369722383	2.16514973451319	0.100984424144992	1.96706577135465	2.36323369767173
2.10938319329422	0.144987097224274	1.82520848273465	2.3935579038538	2.05471967748397	0.180844969562453	1.70026353714157	2.40917581782638	2.05471967748397	0.144987097224274	1.7492494463872	2.33301980735196	2.05236521856331	0.142651360660242	1.77250551838964	2.33222491873698
1.8681640046763	0.0878458781273596	1.69598608354667	2.04034192580592	1.85346348405357	0.119735636385859	1.61878163673729	2.08814533136985	1.85346348405357	0.0878458781273596	1.67510627888456	2.02334912571739	1.8513280020255	0.0840237780272198	1.68653917846315	2.01611682558785
1.99831970113778	0.117110419412706	1.76878327908888	2.22785612318668	2.014963845308	0.152711333323002	1.71564963199492	2.31427805862109	2.014963845308	0.117110419412706	1.78600662627832	2.23795398281248	2.01476736761557	0.11060239027195	1.79781034687421	2.23172438835693
2.09341790746772	0.123556794695484	1.85124658986457	2.33558922507086	2.13791953944764	0.163024661123606	1.81839120364537	2.4574478752499	2.13791953944764	0.123556794695484	1.87850635383547	2.38799949979564	2.13732653218924	0.118612167398102	1.90464610131358	2.3700069630649
2.07528943692504	0.0891682566690102	1.90051965385378	2.2500592199963	2.02717762413733	0.120358544018247	1.79127487786157	2.26308037041309	2.02717762413733	0.0891682566690102	1.85207938799328	2.19762660495793	2.02546992301212	0.0825826119787518	1.86351000066281	2.18742984536142
1.88935624755654	0.0904183370206278	1.71213630699611	2.06657618811697	1.84189058913218	0.116335154504783	1.6138736863028	2.06990749196155	1.84189058913218	0.0904183370206278	1.66714894084605	2.03059907253144	1.84223327999808	0.0876594887375521	1.67030858247523	2.01415797752093
2.12279784617467	0.111013155155621	1.90521206206965	2.34038363027969	2.06470693229798	0.146412063743983	1.77773928735977	2.35167457723618	2.06470693229798	0.111013155155621	1.83315150446563	2.27280068530363	2.06398497243444	0.104517224121046	1.85897164756956	2.26899829729933
1.99448460644698	0.116978007859626	1.76520771104211	2.22376150185185	2.02404479876645	0.147686447300315	1.73457936205784	2.31351023547507	2.02404479876645	0.116978007859626	1.80464668676091	2.2650557962608	2.02352618438159	0.112459380697709	1.8029271427368	2.24412522602637
2.05713135199936	0.112787945252992	1.83606697930349	2.27819572469522	2.03972906121604	0.149434957588217	1.74683654434314	2.33262157808895	2.03972906121604	0.112787945252992	1.80478813573943	2.25655036530088	2.03794892115161	0.108091824635885	1.82592176918437	2.24997607311886
2.06064139315429	0.122610771578797	1.82032428085984	2.30095850544873	2.00614662480525	0.160828561859227	1.69092264356116	2.32137060604933	2.00614662480525	0.122610771578797	1.76589581613194	2.24409219229964	2.00869447543887	0.116745143801922	1.77968022384595	2.23770872703178
1.87031445837076	0.112497470238512	1.64981941670328	2.09080950003824	1.93067102036994	0.14893123275148	1.63876580417703	2.22257623656284	1.93067102036994	0.112497470238512	1.71323353788806	2.14719169620107	1.93280360789201	0.105841622853669	1.72519385424628	2.14041336153773
2.05212390397255	0.0961494134346564	1.86367105364062	2.24057675430447	2.13651673464016	0.123628016460994	1.89420582237661	2.37882764690371	2.13651673464016	0.0961494134346564	1.94694437318593	2.31195024107382	2.13430004889999	0.0939304162262439	1.95006505623387	2.31853504156611
2.12734082201057	0.100478896829198	1.93040218422534	2.3242794597958	2.09940075594394	0.133029349418089	1.83866323108448	2.36013828080339	2.09940075594394	0.100478896829198	1.91603088337853	2.31209152964149	2.10029141824074	0.0977344387131893	1.9085913543183	2.29199148216317
2.12792120934106	0.106492917452622	1.91919509113393	2.3366473275482	2.15090760794123	0.136091840278448	1.88416760099547	2.41764761488699	2.15090760794123	0.106492917452622	1.95076040896581	2.36056587249174	2.15026920020894	0.0998866541093209	1.95434068362785	2.34619771679003
2.0525147422218	0.104446586417832	1.84779943284285	2.25723005160075	2.07674739532786	0.137827728367882	1.80660504772681	2.34688974292891	2.07674739532786	0.104446586417832	1.87714391471695	2.2899746046485	2.07593782651432	0.101096433854434	1.87763719734934	2.2742384556793
2.06648731391798	0.100263350144882	1.86997114763401	2.26300348020195	2.10747510320949	0.13154292156057	1.84965097695077	2.36529922946821	2.10747510320949	0.100263350144882	1.91543521775607	2.30568209034072	2.10744637706789	0.0949514037200301	1.92120799117175	2.29368476296403
2.03742660186371	0.111171667573443	1.81953013341976	2.25532307030766	2.07464378194738	0.150562386013283	1.77954150536134	2.36974605853341	2.07464378194738	0.111171667573443	1.85310040327666	2.29735280421815	2.07404167487308	0.104634454359677	1.86880106061092	2.27928228913525
2.00444475033523	0.0966061824152651	1.81509663280131	2.19379286786915	2.05578899246127	0.126235411290178	1.80836758633252	2.30321039859001	2.05578899246127	0.0966061824152651	1.87273716317001	2.25343601294657	2.05479418489216	0.0894200187229103	1.87941438536832	2.230173984416
2.01513398699832	0.106580875781086	1.80623547046739	2.22403250352925	2.03850776345278	0.139948785146041	1.76420814456654	2.31280738233902	2.03850776345278	0.106580875781086	1.82962803175918	2.23890575693751	2.03771872438252	0.101855232557322	1.83792871651626	2.23750873224878
1.99788390116515	0.0963505592995923	1.80903680493795	2.18673099739235	1.92480732380366	0.126855236244036	1.67617106076535	2.17344358684197	1.92480732380366	0.0963505592995923	1.73644971305973	2.10866862699226	1.92427120517812	0.0927771402658533	1.74230235088621	2.10624005947003
1.89088253314564	0.104405292096989	1.68624816063554	2.09551690565574	1.95101587548045	0.134732078139277	1.68694100232747	2.21509074863344	1.95101587548045	0.104405292096989	1.73039260529106	2.16036170771986	1.95055893906261	0.0992511221736323	1.75588345257373	2.1452344255515
2.04460696921208	0.122124669951894	1.80524261610637	2.28397132231779	1.97317675648987	0.157299235225828	1.66487025544725	2.28148325753249	1.97317675648987	0.122124669951894	1.7457808068233	2.21912209683285	1.97231221019015	0.118308634178401	1.74022913338493	2.20439528699538
2.07533211997318	0.106948183719762	1.86571367988244	2.28495056006391	2.02660380102667	0.142258746203043	1.74777665846871	2.30543094358464	2.02660380102667	0.106948183719762	1.80513389320037	2.22867290359708	2.02555026497691	0.101857468462895	1.82575390613289	2.22534662382093
2.04418927108208	0.101009231800691	1.84621117675272	2.24216736541143	1.97879976299483	0.132415038094341	1.71926628832992	2.23833323765973	1.97879976299483	0.101009231800691	1.79628564379922	2.18005219541976	1.97936551522364	0.0929878767861529	1.79698197495009	2.16174905549719
1.87301775537875	0.105637339185347	1.66596857057547	2.08006694018203	1.8835838392872	0.139447668315975	1.61026640938789	2.15690126918651	1.8835838392872	0.105637339185347	1.68174286923648	2.10023396935244	1.88352932972281	0.10050125584212	1.68639955500103	2.08065910444458
2.02474346849647	0.11022384315795	1.80870473590689	2.24078220108605	2.05348260058381	0.142103772881281	1.7749592057365	2.33200599543112	2.05348260058381	0.11022384315795	1.8514210468149	2.29004441343155	2.05143743943202	0.102667514276128	1.85005443792143	2.25282044094262
1.87976468906487	0.111211449178023	1.66179024867594	2.0977391294538	1.9141409074429	0.140110627503442	1.63952407753616	2.18875773734965	1.9141409074429	0.111211449178023	1.71160778356417	2.1491985182245	1.91502858467598	0.106182597254703	1.7067452354621	2.12331193388985
1.92589742076588	0.0980704676841685	1.73367930410491	2.11811553742685	1.89945862711106	0.133040019466974	1.63870018895579	2.16021706526633	1.89945862711106	0.0980704676841685	1.71678647989115	2.08904280729237	1.89972681423913	0.090663145238948	1.72190549735781	2.07754813112045
1.98622752886156	0.129028200743624	1.73333225540405	2.23912280231906	1.98984081373265	0.167510899260309	1.66151945118245	2.31816217628286	1.98984081373265	0.129028200743624	1.73646031974791	2.22952033607483	1.9891645365906	0.125434278852224	1.74309470542026	2.23523436776095
1.9038187663664	0.108509013880376	1.69114109916086	2.11649643357194	1.93869948440916	0.141772280214985	1.66082581518779	2.21657315363053	1.93869948440916	0.108509013880376	1.72456164241602	2.14944988808416	1.93628157384427	0.10481865235763	1.73067311176617	2.14189003592237
2.17114249170161	0.115484210626111	1.94479343887443	2.39749154452879	2.14861733780216	0.14737366312992	1.85976495806752	2.43746971753681	2.14861733780216	0.115484210626111	1.92051894101198	2.36874431249067	2.14772832259985	0.107759993095571	1.93635096160152	2.35910568359819
1.99461116661844	0.106218301211325	1.78642329624424	2.20279903699264	1.97142360664589	0.139048716542759	1.69888812222209	2.2439590910697	1.97142360664589	0.106218301211325	1.77879778199038	2.18879272958039	1.97231161064392	0.101393167538217	1.77342749950186	2.17119572178599
1.9201561926333	0.118714440130853	1.68747588997683	2.15283649528977	1.95793130170662	0.156037593731456	1.65209761799297	2.26376498542028	1.95793130170662	0.118714440130853	1.74113577368579	2.20207610280607	1.95841418090922	0.113616995025773	1.73554524626935	2.18128311554909
2.3119725110626	0.127163053889623	2.06273292543894	2.56121209668626	2.28305030841823	0.165133410757453	1.95938882333363	2.60671179350284	2.28305030841823	0.127163053889623	2.02310613361613	2.52955839961714	2.28206973595352	0.122784764479664	2.04120887149034	2.52293060041671
2.02802899988458	0.0987538392506819	1.83447147495325	2.22158652481592	1.97570524493285	0.131954466026789	1.71707449152034	2.23433599834535	1.97570524493285	0.0987538392506819	1.77687026210619	2.17522023537154	1.974138036722	0.0914604021991651	1.79476008354668	2.15351598989731
2.19750753893861	0.105933961223931	1.98987697493971	2.40513810293752	2.14587243271201	0.138255323115159	1.87489199940629	2.41685286601772	2.14587243271201	0.105933961223931	1.92824131694567	2.35261565541682	2.14797089384801	0.101293502385404	1.94928181971551	2.34665996798051
1.9500809883289	0.102237300019367	1.74969588029094	2.15046609636686	1.97109864586681	0.132192687739834	1.71200097789674	2.23019631383688	1.97109864586681	0.102237300019367	1.77407073593225	2.17290120414297	1.97128796684832	0.0979224944022952	1.77922517966116	2.16335075403548
2.10764768359696	0.0867193773501986	1.93767770399057	2.27761766320335	2.10389116709016	0.113394008889185	1.88163890966735	2.32614342451296	2.10389116709016	0.0867193773501986	1.9293213606483	2.2695113202194	2.10298871407879	0.0835756578640828	1.93908646952283	2.26689095863475
2.03642101534177	0.113823253265044	1.81332743894229	2.25951459174126	2.12089202592486	0.148853953125989	1.82913827779792	2.4126457740518	2.12089202592486	0.113823253265044	1.89094148733636	2.34384328185918	2.12005473358915	0.10667580745813	1.91080374572692	2.32930572145139
1.84897075224989	0.0911309727846065	1.67035404559206	2.02758745890772	1.89923481405634	0.115537093694603	1.67278211041492	2.12568751769776	1.89923481405634	0.0911309727846065	1.72670750891423	2.07231140509471	1.89869799181352	0.0862042839732881	1.72963287620971	2.06776310741733
1.9166375036042	0.130562272632164	1.66073544924515	2.17253955796324	1.88957563037894	0.170824207452328	1.55476018377237	2.2243910769855	1.88957563037894	0.130562272632164	1.64745650073329	2.13199718625553	1.88941060687563	0.126512826059243	1.6412193016728	2.13760191207845
1.90532625871809	0.0942781374485575	1.72054110931891	2.09011140811726	1.94068442622762	0.124014015879165	1.69761695510446	2.18375189735079	1.94068442622762	0.0942781374485575	1.74934028649861	2.11649997061282	1.94047826473964	0.0895381572255509	1.76486556142233	2.11609096805695
2.12875835034504	0.110862231098687	1.91146837739161	2.34604832329847	2.13438175703486	0.140464356126148	1.85907161902761	2.40969189504211	2.13438175703486	0.110862231098687	1.92692084811772	2.36424191183995	2.13263826797338	0.108584458461646	1.9196383295845	2.34563820636226
1.98406303146134	0.105750949973419	1.77679116951343	2.19133489340924	1.95313372912257	0.136467433340379	1.68565755977542	2.22060989846971	1.95313372912257	0.105750949973419	1.73920167919731	2.1521519885312	1.95332983548075	0.100703624628232	1.75580047917007	2.15085919179143
1.93908988536938	0.0907911087180253	1.76113931228205	2.1170404584567	1.93077210189901	0.121836632564366	1.69197230207285	2.16957190172516	1.93077210189901	0.0907911087180253	1.75843716066049	2.11010065939442	1.92757899968701	0.0855920406136677	1.75971633499353	2.09544166438049
1.98648806287298	0.104381041276701	1.78190122197065	2.19107490377531	1.98028592644875	0.140453389155014	1.70499728370492	2.25557456919258	1.98028592644875	0.104381041276701	1.77974408296903	2.19504970929655	1.97952509897585	0.095680849541811	1.79185711480382	2.16719308314788
1.96873717942956	0.136143338271694	1.70189623641703	2.23557812244208	1.95627699159201	0.173112975053037	1.61697556048806	2.29557842269596	1.95627699159201	0.136143338271694	1.71263509128043	2.25712251290524	1.95457908195741	0.130849056958433	1.69788242833057	2.21127573558424
2.17212925269059	0.0830545612977994	2.0093423125469	2.33491619283428	2.1691290637335	0.105105449704023	1.96312238231361	2.37513574515338	2.1691290637335	0.0830545612977994	2.00543796764184	2.33548357992029	2.16938563195443	0.0809345307049485	2.01066341811843	2.32810784579043
2.04580307603138	0.106330911495058	1.83739448950107	2.25421166256169	2.03752242307263	0.139194387684883	1.76470142321025	2.310343422935	2.03752242307263	0.106330911495058	1.83050281654964	2.2465354913102	2.03614019977333	0.100495703897132	1.83901864009825	2.23326175944841
2.0210827508062	0.105153658707101	1.81498157974029	2.22718392187212	2.07321865717041	0.137586080613798	1.80354993916736	2.34288737517345	2.07321865717041	0.105153658707101	1.87335861439145	2.28497028744208	2.07089211886057	0.0988595798851831	1.87698530549713	2.26479893222402
1.99498010800442	0.122527148540748	1.75482689686455	2.23513331914429	1.94096568684507	0.154373318631623	1.63839398232709	2.24353739136305	1.94096568684507	0.122527148540748	1.70581971611788	2.15926177249933	1.94250422302541	0.11493664760129	1.71703633903892	2.1679721070119
2.00508661447938	0.101165242384872	1.80680273940503	2.20337048955373	1.91779697408632	0.132380584459168	1.65833102854635	2.17726291962629	1.91779697408632	0.101165242384872	1.71284160136987	2.09787968702202	1.91989261468275	0.0968221708896929	1.72998049354833	2.10980473581716
2.04025221121735	0.120747738566736	1.80358664362655	2.27691777880815	2.12295776115503	0.160208730602435	1.80894864917426	2.4369668731358	2.12295776115503	0.120747738566736	1.89683788182599	2.38220597606147	2.1227712104071	0.112192669291246	1.90269994909151	2.3428424717227
2.08885221204486	0.124509896599297	1.84481281471024	2.33289160937948	2.05477738562474	0.162578342813925	1.73612383370945	2.37343093754003	2.05477738562474	0.124509896599297	1.80525741517238	2.29979387516874	2.05513318674632	0.118756322504513	1.82217261257156	2.28809376092109
2.02626234594964	0.110092103600817	1.81048182289204	2.24204286900724	2.08388518652408	0.149207999098409	1.7914375082912	2.37633286475696	2.08388518652408	0.110092103600817	1.87561799630644	2.30743786086827	2.08337732555256	0.107322865756784	1.87285485589553	2.29389979520959
2.01470975186021	0.109771624168924	1.79955736848911	2.2298621352313	2.08296588769864	0.145621165491155	1.79754840333598	2.36838337206131	2.08296588769864	0.109771624168924	1.88692124284184	2.32046918262076	2.08269833167921	0.104893775839902	1.87694477374268	2.28845188961574
1.9487023044375	0.0928465832184998	1.76672300132924	2.13068160754576	1.96661018830008	0.12412044161318	1.72333412273824	2.20988625386191	1.96661018830008	0.0928465832184998	1.78749291656774	2.15167598270924	1.96479981789747	0.0858947426970113	1.7963352235279	2.13326441226704
2.0490165025893	0.105752831589922	1.84174095267306	2.25629205250555	2.02624324640876	0.141551318551329	1.74880266204816	2.30368383076937	2.02624324640876	0.105752831589922	1.81995113641163	2.23138221370462	2.02506380630724	0.100206265672387	1.82851165886548	2.22161595374899
2.10777243427648	0.111947091895928	1.88835613416046	2.32718873439249	2.0975040856088	0.146940478319837	1.80950074810192	2.38550742311568	2.0975040856088	0.111947091895928	1.89960174010017	2.33106020851529	2.09960174932558	0.105988150481383	1.89170569500412	2.30749780364704
2.08977693417199	0.111829749370233	1.87059062540633	2.30896324293764	2.06890000975949	0.145255991419506	1.78419826657726	2.35360175294173	2.06890000975949	0.111829749370233	1.85336629648582	2.2949907126411	2.06711613870294	0.10673727777001	1.85773673051246	2.27649554689341
2.08152640890268	0.117579321604772	1.85107093855732	2.31198187924803	2.10790766814712	0.147574347864886	1.81866194633194	2.39715338996229	2.10790766814712	0.117579321604772	1.86824195098301	2.34652839444386	2.10786429161633	0.117500879488925	1.87736284976826	2.3383657334644
2.09832252253246	0.0994888303691896	1.90332441500885	2.29332063005607	2.1496441209	0.132441665661313	1.89005845620383	2.40922978559617	2.1496441209	0.0994888303691896	1.94640117417631	2.3341300953412	2.14768488689127	0.0934091174313728	1.96447642818079	2.33089334560175
2.07432061194917	0.101548565046501	1.87528542445803	2.27335579944031	2.10373921676407	0.132551438788865	1.8439383967379	2.36354003679025	2.10373921676407	0.101548565046501	1.90762569401281	2.29770606808473	2.10096388890801	0.0964779558054491	1.91173003247748	2.29019774533855
2.0602367068005	0.102376952961717	1.85957787899554	2.26089553460547	2.04337847802765	0.129146527927259	1.79025128329022	2.29650567276508	2.04337847802765	0.102376952961717	1.82127733833738	2.2269805241564	2.0420456610831	0.100076018452688	1.84574682849038	2.23834449367582
1.9774817528645	0.112941939729811	1.75611555099407	2.19884795473493	2.05766393676252	0.145326555535786	1.77282388791238	2.34250398561266	2.05766393676252	0.112941939729811	1.84836473549035	2.2885303887677	2.05585478387399	0.109652377962498	1.84076286727	2.27094670047799
2.05069771055083	0.104950841855169	1.8449940605147	2.25640136058696	2.05938491410651	0.135537979602616	1.79373047408538	2.32503935412764	2.05938491410651	0.104950841855169	1.86624461478053	2.27467231490065	2.06050198676097	0.100276795723926	1.86381422259207	2.25718975092987
1.986817649475	0.119042071440282	1.75349518945205	2.22014010949795	2.06500174221636	0.155989283311327	1.75926274692615	2.37074073750656	2.06500174221636	0.119042071440282	1.8497073410934	2.305768990656	2.06612367403974	0.112632480248909	1.84518562833324	2.28706171974623
2.18660774382201	0.104093867067919	1.98258376436889	2.39063172327513	2.15144395091915	0.139083023270729	1.87884122530852	2.42404667652978	2.15144395091915	0.104093867067919	1.95166832132181	2.34624197750749	2.1490194417077	0.103904901696624	1.94520475662121	2.35283412679419
1.99016000932955	0.105771867596748	1.78284714883992	2.19747286981917	2.05580895069392	0.135629520190758	1.78997509112003	2.32164281026781	2.05580895069392	0.105771867596748	1.86282713955083	2.26752878930178	2.05376268570106	0.102698813334468	1.85231842543252	2.25520694596959
1.9191921040924	0.120069029837795	1.68385680561032	2.15452740257448	1.88454423436663	0.162616017356128	1.56581684034862	2.20327162838464	1.88454423436663	0.120069029837795	1.63258283069763	2.10803384776408	1.88542653363706	0.114873877958977	1.66008087536175	2.11077219191236
1.92141339229828	0.105399809338813	1.7148297659942	2.12799701860235	1.94112072005064	0.139073763580543	1.66853614343278	2.21370529666851	1.94112072005064	0.105399809338813	1.7382115774537	2.15619803433594	1.94150750207933	0.0991448431113777	1.74703475109997	2.13598025305868
1.88426577216565	0.0898214300578983	1.70821576925217	2.06031577507913	1.91220266057475	0.116946427212656	1.68298766323794	2.14141765791156	1.91220266057475	0.0898214300578983	1.73396436794533	2.08703333350749	1.91179204485972	0.0855755231210899	1.74395700091372	2.07962708880571
2.04380557351742	0.126898438017428	1.79508463500326	2.29252651203158	2.06862773015667	0.16404812899671	1.74709339732311	2.39016206299022	2.06862773015667	0.126898438017428	1.79882872893686	2.31505805825482	2.06804363065006	0.120854382057191	1.83095616107311	2.30513110022702
2.17441798672813	0.114702269764716	1.94960153798928	2.39923443546697	2.07348472067757	0.153141574720237	1.77332723422591	2.37364220712923	2.07348472067757	0.114702269764716	1.82770539701921	2.28005116038202	2.06991792309204	0.107463315485759	1.85912072327881	2.28071512290527
2.04247666451878	0.103274491372848	1.840058661428	2.24489466760957	2.05892077549705	0.132191777562165	1.79982489147521	2.31801665951889	2.05892077549705	0.103274491372848	1.86518667898304	2.26141466881423	2.05818351318807	0.0997316769866939	1.86256148737797	2.25380553899817
2.10473381973134	0.0988320765508381	1.9110229496917	2.29844468977098	2.0573668593657	0.12912998231489	1.80427209402851	2.31046162470288	2.0573668593657	0.0988320765508381	1.86788230473817	2.26298229870213	2.05825575617931	0.0946953632953917	1.87251659585062	2.24399491650801
2.17350898559917	0.0935401039891806	1.99017038178038	2.35684758941797	2.15308444053943	0.122487879603199	1.91300819651716	2.3931606845617	2.15308444053943	0.0935401039891806	1.95764103278435	2.32697508730991	2.15396384240897	0.090609524981742	1.97624417891059	2.33168350590734
2.06708380748617	0.0938159015472456	1.88320464045356	2.25096297451877	2.08126602068684	0.12035348496446	1.8453731901565	2.31715885121718	2.08126602068684	0.0938159015472456	1.90840294354214	2.26854390844524	2.080780411842	0.0923991850021658	1.89955039260898	2.26201043107502
2.06780254727254	0.101610018540037	1.86864691093407	2.26695818361101	2.06694141456525	0.129781356259632	1.81256995629637	2.32131287283413	2.06694141456525	0.101610018540037	1.87739262523561	2.27540676472057	2.06641505899853	0.0976875389417337	1.87480433869474	2.25802577930233
2.06980257894382	0.0963519532346097	1.88095275060399	2.25865240728366	2.06024531096553	0.1286519341091	1.8080875201117	2.31240310181937	2.06024531096553	0.0963519532346097	1.87522968210938	2.25634930918998	2.06355425413545	0.0880478911129065	1.89086706654793	2.23624144172297
1.98734367032952	0.113968422945655	1.76396556135603	2.210721779303	1.92035162979577	0.143469047801368	1.63915229610508	2.20155096348645	1.92035162979577	0.113968422945655	1.69841314395396	2.1408590410545	1.91662703698984	0.108653690532207	1.70349684566794	2.12975722831174
2.10438508339368	0.149293549062801	1.81176972723059	2.39700043955677	2.16812717632485	0.186448286493192	1.80268853479819	2.5335658178515	2.16812717632485	0.149293549062801	1.89335862242117	2.47794879829172	2.16902454629384	0.147645683623768	1.87936356382855	2.45868552875913
1.99162911541535	0.103541944938194	1.78868690333649	2.19457132749421	2.00050309666129	0.131804586212432	1.74216610768493	2.25884008563766	2.00050309666129	0.103541944938194	1.78273903060501	2.20001388871418	2.00135479753457	0.0996885734608429	1.8058194597924	2.19689013527674
2.14678679065487	0.0912778890127882	1.96788212818981	2.32569145311994	2.14082877952819	0.120422329076379	1.90480101453849	2.37685654451789	2.14082877952819	0.0912778890127882	1.96696140752287	2.33171323339445	2.14198272871645	0.0878373770137328	1.96970140649091	2.31426405094199
1.99868187209196	0.0949698203602565	1.81254102418586	2.18482271999806	1.94934446737342	0.126342233873505	1.70171368898135	2.19697524576549	1.94934446737342	0.0949698203602565	1.75646047822014	2.13414649942473	1.95187405090092	0.0919171350629424	1.77159247180351	2.13215562999832
2.10032591465117	0.110581901796337	1.88358538713035	2.31706644217199	2.09434521129454	0.141361892160625	1.81727590265972	2.37141451992937	2.09434521129454	0.110581901796337	1.86325944377885	2.29285144717169	2.09378492049909	0.104525176608709	1.88874851622006	2.29882132477811
1.94317376691352	0.102005755537589	1.74324248605985	2.1431050477672	2.03272700781521	0.134298757662524	1.76950144279666	2.29595257283376	2.03272700781521	0.102005755537589	1.83371870267389	2.2420950961111	2.03142177188623	0.0964814327895718	1.84217735529752	2.22066618847493
1.98212500282434	0.110168512742755	1.76619471784854	2.19805528780014	1.9905624209647	0.14366244695993	1.70898402492324	2.27214081700617	1.9905624209647	0.110168512742755	1.78874363315421	2.20749135276454	1.99110227893359	0.106613286112813	1.78197007292728	2.20023448493991
NA	NA	NA	NA	NA	NA	NA	NA	NA	NA	NA	NA	NA	NA	NA	NA
NA	NA	NA	NA	NA	NA	NA	NA	NA	NA	NA	NA	NA	NA	NA	NA
NA	NA	NA	NA	NA	NA	NA	NA	NA	NA	NA	NA	NA	NA	NA	NA
NA	NA	NA	NA	NA	NA	NA	NA	NA	NA	NA	NA	NA	NA	NA	NA
NA	NA	NA	NA	NA	NA	NA	NA	NA	NA	NA	NA	NA	NA	NA	NA
NA	NA	NA	NA	NA	NA	NA	NA	NA	NA	NA	NA	NA	NA	NA	NA
NA	NA	NA	NA	NA	NA	NA	NA	NA	NA	NA	NA	NA	NA	NA	NA
NA	NA	NA	NA	NA	NA	NA	NA	NA	NA	NA	NA	NA	NA	NA	NA
NA	NA	NA	NA	NA	NA	NA	NA	NA	NA	NA	NA	NA	NA	NA	NA
NA	NA	NA	NA	NA	NA	NA	NA	NA	NA	NA	NA	NA	NA	NA	NA
NA	NA	NA	NA	NA	NA	NA	NA	NA	NA	NA	NA	NA	NA	NA	NA
NA	NA	NA	NA	NA	NA	NA	NA	NA	NA	NA	NA	NA	NA	NA	NA
NA	NA	NA	NA	NA	NA	NA	NA	NA	NA	NA	NA	NA	NA	NA	NA
NA	NA	NA	NA	NA	NA	NA	NA	NA	NA	NA	NA	NA	NA	NA	NA
NA	NA	NA	NA	NA	NA	NA	NA	NA	NA	NA	NA	NA	NA	NA	NA
NA	NA	NA	NA	NA	NA	NA	NA	NA	NA	NA	NA	NA	NA	NA	NA
NA	NA	NA	NA	NA	NA	NA	NA	NA	NA	NA	NA	NA	NA	NA	NA
NA	NA	NA	NA	NA	NA	NA	NA	NA	NA	NA	NA	NA	NA	NA	NA
NA	NA	NA	NA	NA	NA	NA	NA	NA	NA	NA	NA	NA	NA	NA	NA
NA	NA	NA	NA	NA	NA	NA	NA	NA	NA	NA	NA	NA	NA	NA	NA
NA	NA	NA	NA	NA	NA	NA	NA	NA	NA	NA	NA	NA	NA	NA	NA
NA	NA	NA	NA	NA	NA	NA	NA	NA	NA	NA	NA	NA	NA	NA	NA
NA	NA	NA	NA	NA	NA	NA	NA	NA	NA	NA	NA	NA	NA	NA	NA
NA	NA	NA	NA	NA	NA	NA	NA	NA	NA	NA	NA	NA	NA	NA	NA
NA	NA	NA	NA	NA	NA	NA	NA	NA	NA	NA	NA	NA	NA	NA	NA
NA	NA	NA	NA	NA	NA	NA	NA	NA	NA	NA	NA	NA	NA	NA	NA
NA	NA	NA	NA	NA	NA	NA	NA	NA	NA	NA	NA	NA	NA	NA	NA
NA	NA	NA	NA	NA	NA	NA	NA	NA	NA	NA	NA	NA	NA	NA	NA
NA	NA	NA	NA	NA	NA	NA	NA	NA	NA	NA	NA	NA	NA	NA	NA
NA	NA	NA	NA	NA	NA	NA	NA	NA	NA	NA	NA	NA	NA	NA	NA
NA	NA	NA	NA	NA	NA	NA	NA	NA	NA	NA	NA	NA	NA	NA	NA
NA	NA	NA	NA	NA	NA	NA	NA	NA	NA	NA	NA	NA	NA	NA	NA
NA	NA	NA	NA	NA	NA	NA	NA	NA	NA	NA	NA	NA	NA	NA	NA
NA	NA	NA	NA	NA	NA	NA	NA	NA	NA	NA	NA	NA	NA	NA	NA
NA	NA	NA	NA	NA	NA	NA	NA	NA	NA	NA	NA	NA	NA	NA	NA
NA	NA	NA	NA	NA	NA	NA	NA	NA	NA	NA	NA	NA	NA	NA	NA
NA	NA	NA	NA	NA	NA	NA	NA	NA	NA	NA	NA	NA	NA	NA	NA
NA	NA	NA	NA	NA	NA	NA	NA	NA	NA	NA	NA	NA	NA	NA	NA
NA	NA	NA	NA	NA	NA	NA	NA	NA	NA	NA	NA	NA	NA	NA	NA
NA	NA	NA	NA	NA	NA	NA	NA	NA	NA	NA	NA	NA	NA	NA	NA
NA	NA	NA	NA	NA	NA	NA	NA	NA	NA	NA	NA	NA	NA	NA	NA
NA	NA	NA	NA	NA	NA	NA	NA	NA	NA	NA	NA	NA	NA	NA	NA
NA	NA	NA	NA	NA	NA	NA	NA	NA	NA	NA	NA	NA	NA	NA	NA
NA	NA	NA	NA	NA	NA	NA	NA	NA	NA	NA	NA	NA	NA	NA	NA
NA	NA	NA	NA	NA	NA	NA	NA	NA	NA	NA	NA	NA	NA	NA	NA
NA	NA	NA	NA	NA	NA	NA	NA	NA	NA	NA	NA	NA	NA	NA	NA
NA	NA	NA	NA	NA	NA	NA	NA	NA	NA	NA	NA	NA	NA	NA	NA
NA	NA	NA	NA	NA	NA	NA	NA	NA	NA	NA	NA	NA	NA	NA	NA
NA	NA	NA	NA	NA	NA	NA	NA	NA	NA	NA	NA	NA	NA	NA	NA
NA	NA	NA	NA	NA	NA	NA	NA	NA	NA	NA	NA	NA	NA	NA	NA
NA	NA	NA	NA	NA	NA	NA	NA	NA	NA	NA	NA	NA	NA	NA	NA
NA	NA	NA	NA	NA	NA	NA	NA	NA	NA	NA	NA	NA	NA	NA	NA
NA	NA	NA	NA	NA	NA	NA	NA	NA	NA	NA	NA	NA	NA	NA	NA
NA	NA	NA	NA	NA	NA	NA	NA	NA	NA	NA	NA	NA	NA	NA	NA
NA	NA	NA	NA	NA	NA	NA	NA	NA	NA	NA	NA	NA	NA	NA	NA
NA	NA	NA	NA	NA	NA	NA	NA	NA	NA	NA	NA	NA	NA	NA	NA
NA	NA	NA	NA	NA	NA	NA	NA	NA	NA	NA	NA	NA	NA	NA	NA
NA	NA	NA	NA	NA	NA	NA	NA	NA	NA	NA	NA	NA	NA	NA	NA
NA	NA	NA	NA	NA	NA	NA	NA	NA	NA	NA	NA	NA	NA	NA	NA
NA	NA	NA	NA	NA	NA	NA	NA	NA	NA	NA	NA	NA	NA	NA	NA
NA	NA	NA	NA	NA	NA	NA	NA	NA	NA	NA	NA	NA	NA	NA	NA
NA	NA	NA	NA	NA	NA	NA	NA	NA	NA	NA	NA	NA	NA	NA	NA
NA	NA	NA	NA	NA	NA	NA	NA	NA	NA	NA	NA	NA	NA	NA	NA
NA	NA	NA	NA	NA	NA	NA	NA	NA	NA	NA	NA	NA	NA	NA	NA
NA	NA	NA	NA	NA	NA	NA	NA	NA	NA	NA	NA	NA	NA	NA	NA
NA	NA	NA	NA	NA	NA	NA	NA	NA	NA	NA	NA	NA	NA	NA	NA
NA	NA	NA	NA	NA	NA	NA	NA	NA	NA	NA	NA	NA	NA	NA	NA
NA	NA	NA	NA	NA	NA	NA	NA	NA	NA	NA	NA	NA	NA	NA	NA
NA	NA	NA	NA	NA	NA	NA	NA	NA	NA	NA	NA	NA	NA	NA	NA
NA	NA	NA	NA	NA	NA	NA	NA	NA	NA	NA	NA	NA	NA	NA	NA
NA	NA	NA	NA	NA	NA	NA	NA	NA	NA	NA	NA	NA	NA	NA	NA
NA	NA	NA	NA	NA	NA	NA	NA	NA	NA	NA	NA	NA	NA	NA	NA
NA	NA	NA	NA	NA	NA	NA	NA	NA	NA	NA	NA	NA	NA	NA	NA
NA	NA	NA	NA	NA	NA	NA	NA	NA	NA	NA	NA	NA	NA	NA	NA
NA	NA	NA	NA	NA	NA	NA	NA	NA	NA	NA	NA	NA	NA	NA	NA
NA	NA	NA	NA	NA	NA	NA	NA	NA	NA	NA	NA	NA	NA	NA	NA
NA	NA	NA	NA	NA	NA	NA	NA	NA	NA	NA	NA	NA	NA	NA	NA
NA	NA	NA	NA	NA	NA	NA	NA	NA	NA	NA	NA	NA	NA	NA	NA
NA	NA	NA	NA	NA	NA	NA	NA	NA	NA	NA	NA	NA	NA	NA	NA
NA	NA	NA	NA	NA	NA	NA	NA	NA	NA	NA	NA	NA	NA	NA	NA
NA	NA	NA	NA	NA	NA	NA	NA	NA	NA	NA	NA	NA	NA	NA	NA
NA	NA	NA	NA	NA	NA	NA	NA	NA	NA	NA	NA	NA	NA	NA	NA
NA	NA	NA	NA	NA	NA	NA	NA	NA	NA	NA	NA	NA	NA	NA	NA
NA	NA	NA	NA	NA	NA	NA	NA	NA	NA	NA	NA	NA	NA	NA	NA
NA	NA	NA	NA	NA	NA	NA	NA	NA	NA	NA	NA	NA	NA	NA	NA
NA	NA	NA	NA	NA	NA	NA	NA	NA	NA	NA	NA	NA	NA	NA	NA
NA	NA	NA	NA	NA	NA	NA	NA	NA	NA	NA	NA	NA	NA	NA	NA
NA	NA	NA	NA	NA	NA	NA	NA	NA	NA	NA	NA	NA	NA	NA	NA
NA	NA	NA	NA	NA	NA	NA	NA	NA	NA	NA	NA	NA	NA	NA	NA
NA	NA	NA	NA	NA	NA	NA	NA	NA	NA	NA	NA	NA	NA	NA	NA
NA	NA	NA	NA	NA	NA	NA	NA	NA	NA	NA	NA	NA	NA	NA	NA
NA	NA	NA	NA	NA	NA	NA	NA	NA	NA	NA	NA	NA	NA	NA	NA
NA	NA	NA	NA	NA	NA	NA	NA	NA	NA	NA	NA	NA	NA	NA	NA
NA	NA	NA	NA	NA	NA	NA	NA	NA	NA	NA	NA	NA	NA	NA	NA
NA	NA	NA	NA	NA	NA	NA	NA	NA	NA	NA	NA	NA	NA	NA	NA
NA	NA	NA	NA	NA	NA	NA	NA	NA	NA	NA	NA	NA	NA	NA	NA
NA	NA	NA	NA	NA	NA	NA	NA	NA	NA	NA	NA	NA	NA	NA	NA
NA	NA	NA	NA	NA	NA	NA	NA	NA	NA	NA	NA	NA	NA	NA	NA
NA	NA	NA	NA	NA	NA	NA	NA	NA	NA	NA	NA	NA	NA	NA	NA
NA	NA	NA	NA	NA	NA	NA	NA	NA	NA	NA	NA	NA	NA	NA	NA
NA	NA	NA	NA	NA	NA	NA	NA	NA	NA	NA	NA	NA	NA	NA	NA
NA	NA	NA	NA	NA	NA	NA	NA	NA	NA	NA	NA	NA	NA	NA	NA
NA	NA	NA	NA	NA	NA	NA	NA	NA	NA	NA	NA	NA	NA	NA	NA
NA	NA	NA	NA	NA	NA	NA	NA	NA	NA	NA	NA	NA	NA	NA	NA
NA	NA	NA	NA	NA	NA	NA	NA	NA	NA	NA	NA	NA	NA	NA	NA
NA	NA	NA	NA	NA	NA	NA	NA	NA	NA	NA	NA	NA	NA	NA	NA
NA	NA	NA	NA	NA	NA	NA	NA	NA	NA	NA	NA	NA	NA	NA	NA
NA	NA	NA	NA	NA	NA	NA	NA	NA	NA	NA	NA	NA	NA	NA	NA
NA	NA	NA	NA	NA	NA	NA	NA	NA	NA	NA	NA	NA	NA	NA	NA
NA	NA	NA	NA	NA	NA	NA	NA	NA	NA	NA	NA	NA	NA	NA	NA
NA	NA	NA	NA	NA	NA	NA	NA	NA	NA	NA	NA	NA	NA	NA	NA
NA	NA	NA	NA	NA	NA	NA	NA	NA	NA	NA	NA	NA	NA	NA	NA
NA	NA	NA	NA	NA	NA	NA	NA	NA	NA	NA	NA	NA	NA	NA	NA
NA	NA	NA	NA	NA	NA	NA	NA	NA	NA	NA	NA	NA	NA	NA	NA
NA	NA	NA	NA	NA	NA	NA	NA	NA	NA	NA	NA	NA	NA	NA	NA
NA	NA	NA	NA	NA	NA	NA	NA	NA	NA	NA	NA	NA	NA	NA	NA
NA	NA	NA	NA	NA	NA	NA	NA	NA	NA	NA	NA	NA	NA	NA	NA
NA	NA	NA	NA	NA	NA	NA	NA	NA	NA	NA	NA	NA	NA	NA	NA
NA	NA	NA	NA	NA	NA	NA	NA	NA	NA	NA	NA	NA	NA	NA	NA
NA	NA	NA	NA	NA	NA	NA	NA	NA	NA	NA	NA	NA	NA	NA	NA
NA	NA	NA	NA	NA	NA	NA	NA	NA	NA	NA	NA	NA	NA	NA	NA
NA	NA	NA	NA	NA	NA	NA	NA	NA	NA	NA	NA	NA	NA	NA	NA
NA	NA	NA	NA	NA	NA	NA	NA	NA	NA	NA	NA	NA	NA	NA	NA
NA	NA	NA	NA	NA	NA	NA	NA	NA	NA	NA	NA	NA	NA	NA	NA
NA	NA	NA	NA	NA	NA	NA	NA	NA	NA	NA	NA	NA	NA	NA	NA
NA	NA	NA	NA	NA	NA	NA	NA	NA	NA	NA	NA	NA	NA	NA	NA
NA	NA	NA	NA	NA	NA	NA	NA	NA	NA	NA	NA	NA	NA	NA	NA
NA	NA	NA	NA	NA	NA	NA	NA	NA	NA	NA	NA	NA	NA	NA	NA
NA	NA	NA	NA	NA	NA	NA	NA	NA	NA	NA	NA	NA	NA	NA	NA
NA	NA	NA	NA	NA	NA	NA	NA	NA	NA	NA	NA	NA	NA	NA	NA
NA	NA	NA	NA	NA	NA	NA	NA	NA	NA	NA	NA	NA	NA	NA	NA
NA	NA	NA	NA	NA	NA	NA	NA	NA	NA	NA	NA	NA	NA	NA	NA
NA	NA	NA	NA	NA	NA	NA	NA	NA	NA	NA	NA	NA	NA	NA	NA
NA	NA	NA	NA	NA	NA	NA	NA	NA	NA	NA	NA	NA	NA	NA	NA
NA	NA	NA	NA	NA	NA	NA	NA	NA	NA	NA	NA	NA	NA	NA	NA
NA	NA	NA	NA	NA	NA	NA	NA	NA	NA	NA	NA	NA	NA	NA	NA
NA	NA	NA	NA	NA	NA	NA	NA	NA	NA	NA	NA	NA	NA	NA	NA
NA	NA	NA	NA	NA	NA	NA	NA	NA	NA	NA	NA	NA	NA	NA	NA
NA	NA	NA	NA	NA	NA	NA	NA	NA	NA	NA	NA	NA	NA	NA	NA
NA	NA	NA	NA	NA	NA	NA	NA	NA	NA	NA	NA	NA	NA	NA	NA
NA	NA	NA	NA	NA	NA	NA	NA	NA	NA	NA	NA	NA	NA	NA	NA
NA	NA	NA	NA	NA	NA	NA	NA	NA	NA	NA	NA	NA	NA	NA	NA
NA	NA	NA	NA	NA	NA	NA	NA	NA	NA	NA	NA	NA	NA	NA	NA
NA	NA	NA	NA	NA	NA	NA	NA	NA	NA	NA	NA	NA	NA	NA	NA
NA	NA	NA	NA	NA	NA	NA	NA	NA	NA	NA	NA	NA	NA	NA	NA
NA	NA	NA	NA	NA	NA	NA	NA	NA	NA	NA	NA	NA	NA	NA	NA
NA	NA	NA	NA	NA	NA	NA	NA	NA	NA	NA	NA	NA	NA	NA	NA
NA	NA	NA	NA	NA	NA	NA	NA	NA	NA	NA	NA	NA	NA	NA	NA
NA	NA	NA	NA	NA	NA	NA	NA	NA	NA	NA	NA	NA	NA	NA	NA
NA	NA	NA	NA	NA	NA	NA	NA	NA	NA	NA	NA	NA	NA	NA	NA
NA	NA	NA	NA	NA	NA	NA	NA	NA	NA	NA	NA	NA	NA	NA	NA
NA	NA	NA	NA	NA	NA	NA	NA	NA	NA	NA	NA	NA	NA	NA	NA
NA	NA	NA	NA	NA	NA	NA	NA	NA	NA	NA	NA	NA	NA	NA	NA
NA	NA	NA	NA	NA	NA	NA	NA	NA	NA	NA	NA	NA	NA	NA	NA
NA	NA	NA	NA	NA	NA	NA	NA	NA	NA	NA	NA	NA	NA	NA	NA
NA	NA	NA	NA	NA	NA	NA	NA	NA	NA	NA	NA	NA	NA	NA	NA
NA	NA	NA	NA	NA	NA	NA	NA	NA	NA	NA	NA	NA	NA	NA	NA
NA	NA	NA	NA	NA	NA	NA	NA	NA	NA	NA	NA	NA	NA	NA	NA
NA	NA	NA	NA	NA	NA	NA	NA	NA	NA	NA	NA	NA	NA	NA	NA
NA	NA	NA	NA	NA	NA	NA	NA	NA	NA	NA	NA	NA	NA	NA	NA
NA	NA	NA	NA	NA	NA	NA	NA	NA	NA	NA	NA	NA	NA	NA	NA
NA	NA	NA	NA	NA	NA	NA	NA	NA	NA	NA	NA	NA	NA	NA	NA
NA	NA	NA	NA	NA	NA	NA	NA	NA	NA	NA	NA	NA	NA	NA	NA
NA	NA	NA	NA	NA	NA	NA	NA	NA	NA	NA	NA	NA	NA	NA	NA
NA	NA	NA	NA	NA	NA	NA	NA	NA	NA	NA	NA	NA	NA	NA	NA
NA	NA	NA	NA	NA	NA	NA	NA	NA	NA	NA	NA	NA	NA	NA	NA
NA	NA	NA	NA	NA	NA	NA	NA	NA	NA	NA	NA	NA	NA	NA	NA
NA	NA	NA	NA	NA	NA	NA	NA	NA	NA	NA	NA	NA	NA	NA	NA
NA	NA	NA	NA	NA	NA	NA	NA	NA	NA	NA	NA	NA	NA	NA	NA
NA	NA	NA	NA	NA	NA	NA	NA	NA	NA	NA	NA	NA	NA	NA	NA
NA	NA	NA	NA	NA	NA	NA	NA	NA	NA	NA	NA	NA	NA	NA	NA
NA	NA	NA	NA	NA	NA	NA	NA	NA	NA	NA	NA	NA	NA	NA	NA
NA	NA	NA	NA	NA	NA	NA	NA	NA	NA	NA	NA	NA	NA	NA	NA
NA	NA	NA	NA	NA	NA	NA	NA	NA	NA	NA	NA	NA	NA	NA	NA
NA	NA	NA	NA	NA	NA	NA	NA	NA	NA	NA	NA	NA	NA	NA	NA
NA	NA	NA	NA	NA	NA	NA	NA	NA	NA	NA	NA	NA	NA	NA	NA
NA	NA	NA	NA	NA	NA	NA	NA	NA	NA	NA	NA	NA	NA	NA	NA
NA	NA	NA	NA	NA	NA	NA	NA	NA	NA	NA	NA	NA	NA	NA	NA
NA	NA	NA	NA	NA	NA	NA	NA	NA	NA	NA	NA	NA	NA	NA	NA
NA	NA	NA	NA	NA	NA	NA	NA	NA	NA	NA	NA	NA	NA	NA	NA
NA	NA	NA	NA	NA	NA	NA	NA	NA	NA	NA	NA	NA	NA	NA	NA
NA	NA	NA	NA	NA	NA	NA	NA	NA	NA	NA	NA	NA	NA	NA	NA
NA	NA	NA	NA	NA	NA	NA	NA	NA	NA	NA	NA	NA	NA	NA	NA
NA	NA	NA	NA	NA	NA	NA	NA	NA	NA	NA	NA	NA	NA	NA	NA
NA	NA	NA	NA	NA	NA	NA	NA	NA	NA	NA	NA	NA	NA	NA	NA
NA	NA	NA	NA	NA	NA	NA	NA	NA	NA	NA	NA	NA	NA	NA	NA
NA	NA	NA	NA	NA	NA	NA	NA	NA	NA	NA	NA	NA	NA	NA	NA
NA	NA	NA	NA	NA	NA	NA	NA	NA	NA	NA	NA	NA	NA	NA	NA
NA	NA	NA	NA	NA	NA	NA	NA	NA	NA	NA	NA	NA	NA	NA	NA
NA	NA	NA	NA	NA	NA	NA	NA	NA	NA	NA	NA	NA	NA	NA	NA
NA	NA	NA	NA	NA	NA	NA	NA	NA	NA	NA	NA	NA	NA	NA	NA
NA	NA	NA	NA	NA	NA	NA	NA	NA	NA	NA	NA	NA	NA	NA	NA
NA	NA	NA	NA	NA	NA	NA	NA	NA	NA	NA	NA	NA	NA	NA	NA
NA	NA	NA	NA	NA	NA	NA	NA	NA	NA	NA	NA	NA	NA	NA	NA
NA	NA	NA	NA	NA	NA	NA	NA	NA	NA	NA	NA	NA	NA	NA	NA
NA	NA	NA	NA	NA	NA	NA	NA	NA	NA	NA	NA	NA	NA	NA	NA
NA	NA	NA	NA	NA	NA	NA	NA	NA	NA	NA	NA	NA	NA	NA	NA
NA	NA	NA	NA	NA	NA	NA	NA	NA	NA	NA	NA	NA	NA	NA	NA
NA	NA	NA	NA	NA	NA	NA	NA	NA	NA	NA	NA	NA	NA	NA	NA
NA	NA	NA	NA	NA	NA	NA	NA	NA	NA	NA	NA	NA	NA	NA	NA
NA	NA	NA	NA	NA	NA	NA	NA	NA	NA	NA	NA	NA	NA	NA	NA
NA	NA	NA	NA	NA	NA	NA	NA	NA	NA	NA	NA	NA	NA	NA	NA
NA	NA	NA	NA	NA	NA	NA	NA	NA	NA	NA	NA	NA	NA	NA	NA
NA	NA	NA	NA	NA	NA	NA	NA	NA	NA	NA	NA	NA	NA	NA	NA
NA	NA	NA	NA	NA	NA	NA	NA	NA	NA	NA	NA	NA	NA	NA	NA
NA	NA	NA	NA	NA	NA	NA	NA	NA	NA	NA	NA	NA	NA	NA	NA
NA	NA	NA	NA	NA	NA	NA	NA	NA	NA	NA	NA	NA	NA	NA	NA
NA	NA	NA	NA	NA	NA	NA	NA	NA	NA	NA	NA	NA	NA	NA	NA
NA	NA	NA	NA	NA	NA	NA	NA	NA	NA	NA	NA	NA	NA	NA	NA
NA	NA	NA	NA	NA	NA	NA	NA	NA	NA	NA	NA	NA	NA	NA	NA
NA	NA	NA	NA	NA	NA	NA	NA	NA	NA	NA	NA	NA	NA	NA	NA
NA	NA	NA	NA	NA	NA	NA	NA	NA	NA	NA	NA	NA	NA	NA	NA
NA	NA	NA	NA	NA	NA	NA	NA	NA	NA	NA	NA	NA	NA	NA	NA
NA	NA	NA	NA	NA	NA	NA	NA	NA	NA	NA	NA	NA	NA	NA	NA
NA	NA	NA	NA	NA	NA	NA	NA	NA	NA	NA	NA	NA	NA	NA	NA
NA	NA	NA	NA	NA	NA	NA	NA	NA	NA	NA	NA	NA	NA	NA	NA
NA	NA	NA	NA	NA	NA	NA	NA	NA	NA	NA	NA	NA	NA	NA	NA
NA	NA	NA	NA	NA	NA	NA	NA	NA	NA	NA	NA	NA	NA	NA	NA
NA	NA	NA	NA	NA	NA	NA	NA	NA	NA	NA	NA	NA	NA	NA	NA
NA	NA	NA	NA	NA	NA	NA	NA	NA	NA	NA	NA	NA	NA	NA	NA
NA	NA	NA	NA	NA	NA	NA	NA	NA	NA	NA	NA	NA	NA	NA	NA
NA	NA	NA	NA	NA	NA	NA	NA	NA	NA	NA	NA	NA	NA	NA	NA
NA	NA	NA	NA	NA	NA	NA	NA	NA	NA	NA	NA	NA	NA	NA	NA
NA	NA	NA	NA	NA	NA	NA	NA	NA	NA	NA	NA	NA	NA	NA	NA
NA	NA	NA	NA	NA	NA	NA	NA	NA	NA	NA	NA	NA	NA	NA	NA
NA	NA	NA	NA	NA	NA	NA	NA	NA	NA	NA	NA	NA	NA	NA	NA
NA	NA	NA	NA	NA	NA	NA	NA	NA	NA	NA	NA	NA	NA	NA	NA
NA	NA	NA	NA	NA	NA	NA	NA	NA	NA	NA	NA	NA	NA	NA	NA
NA	NA	NA	NA	NA	NA	NA	NA	NA	NA	NA	NA	NA	NA	NA	NA
NA	NA	NA	NA	NA	NA	NA	NA	NA	NA	NA	NA	NA	NA	NA	NA
NA	NA	NA	NA	NA	NA	NA	NA	NA	NA	NA	NA	NA	NA	NA	NA
NA	NA	NA	NA	NA	NA	NA	NA	NA	NA	NA	NA	NA	NA	NA	NA
NA	NA	NA	NA	NA	NA	NA	NA	NA	NA	NA	NA	NA	NA	NA	NA
NA	NA	NA	NA	NA	NA	NA	NA	NA	NA	NA	NA	NA	NA	NA	NA
NA	NA	NA	NA	NA	NA	NA	NA	NA	NA	NA	NA	NA	NA	NA	NA
NA	NA	NA	NA	NA	NA	NA	NA	NA	NA	NA	NA	NA	NA	NA	NA
NA	NA	NA	NA	NA	NA	NA	NA	NA	NA	NA	NA	NA	NA	NA	NA
NA	NA	NA	NA	NA	NA	NA	NA	NA	NA	NA	NA	NA	NA	NA	NA
NA	NA	NA	NA	NA	NA	NA	NA	NA	NA	NA	NA	NA	NA	NA	NA
NA	NA	NA	NA	NA	NA	NA	NA	NA	NA	NA	NA	NA	NA	NA	NA
NA	NA	NA	NA	NA	NA	NA	NA	NA	NA	NA	NA	NA	NA	NA	NA
NA	NA	NA	NA	NA	NA	NA	NA	NA	NA	NA	NA	NA	NA	NA	NA
NA	NA	NA	NA	NA	NA	NA	NA	NA	NA	NA	NA	NA	NA	NA	NA
NA	NA	NA	NA	NA	NA	NA	NA	NA	NA	NA	NA	NA	NA	NA	NA
NA	NA	NA	NA	NA	NA	NA	NA	NA	NA	NA	NA	NA	NA	NA	NA
NA	NA	NA	NA	NA	NA	NA	NA	NA	NA	NA	NA	NA	NA	NA	NA
NA	NA	NA	NA	NA	NA	NA	NA	NA	NA	NA	NA	NA	NA	NA	NA
NA	NA	NA	NA	NA	NA	NA	NA	NA	NA	NA	NA	NA	NA	NA	NA
NA	NA	NA	NA	NA	NA	NA	NA	NA	NA	NA	NA	NA	NA	NA	NA
NA	NA	NA	NA	NA	NA	NA	NA	NA	NA	NA	NA	NA	NA	NA	NA
NA	NA	NA	NA	NA	NA	NA	NA	NA	NA	NA	NA	NA	NA	NA	NA
NA	NA	NA	NA	NA	NA	NA	NA	NA	NA	NA	NA	NA	NA	NA	NA
NA	NA	NA	NA	NA	NA	NA	NA	NA	NA	NA	NA	NA	NA	NA	NA
NA	NA	NA	NA	NA	NA	NA	NA	NA	NA	NA	NA	NA	NA	NA	NA
NA	NA	NA	NA	NA	NA	NA	NA	NA	NA	NA	NA	NA	NA	NA	NA
NA	NA	NA	NA	NA	NA	NA	NA	NA	NA	NA	NA	NA	NA	NA	NA
NA	NA	NA	NA	NA	NA	NA	NA	NA	NA	NA	NA	NA	NA	NA	NA
NA	NA	NA	NA	NA	NA	NA	NA	NA	NA	NA	NA	NA	NA	NA	NA
NA	NA	NA	NA	NA	NA	NA	NA	NA	NA	NA	NA	NA	NA	NA	NA
NA	NA	NA	NA	NA	NA	NA	NA	NA	NA	NA	NA	NA	NA	NA	NA
NA	NA	NA	NA	NA	NA	NA	NA	NA	NA	NA	NA	NA	NA	NA	NA
NA	NA	NA	NA	NA	NA	NA	NA	NA	NA	NA	NA	NA	NA	NA	NA
NA	NA	NA	NA	NA	NA	NA	NA	NA	NA	NA	NA	NA	NA	NA	NA
NA	NA	NA	NA	NA	NA	NA	NA	NA	NA	NA	NA	NA	NA	NA	NA
NA	NA	NA	NA	NA	NA	NA	NA	NA	NA	NA	NA	NA	NA	NA	NA
NA	NA	NA	NA	NA	NA	NA	NA	NA	NA	NA	NA	NA	NA	NA	NA
NA	NA	NA	NA	NA	NA	NA	NA	NA	NA	NA	NA	NA	NA	NA	NA
NA	NA	NA	NA	NA	NA	NA	NA	NA	NA	NA	NA	NA	NA	NA	NA
NA	NA	NA	NA	NA	NA	NA	NA	NA	NA	NA	NA	NA	NA	NA	NA
NA	NA	NA	NA	NA	NA	NA	NA	NA	NA	NA	NA	NA	NA	NA	NA
NA	NA	NA	NA	NA	NA	NA	NA	NA	NA	NA	NA	NA	NA	NA	NA
NA	NA	NA	NA	NA	NA	NA	NA	NA	NA	NA	NA	NA	NA	NA	NA
NA	NA	NA	NA	NA	NA	NA	NA	NA	NA	NA	NA	NA	NA	NA	NA
NA	NA	NA	NA	NA	NA	NA	NA	NA	NA	NA	NA	NA	NA	NA	NA
NA	NA	NA	NA	NA	NA	NA	NA	NA	NA	NA	NA	NA	NA	NA	NA
NA	NA	NA	NA	NA	NA	NA	NA	NA	NA	NA	NA	NA	NA	NA	NA
NA	NA	NA	NA	NA	NA	NA	NA	NA	NA	NA	NA	NA	NA	NA	NA
NA	NA	NA	NA	NA	NA	NA	NA	NA	NA	NA	NA	NA	NA	NA	NA
NA	NA	NA	NA	NA	NA	NA	NA	NA	NA	NA	NA	NA	NA	NA	NA
NA	NA	NA	NA	NA	NA	NA	NA	NA	NA	NA	NA	NA	NA	NA	NA
NA	NA	NA	NA	NA	NA	NA	NA	NA	NA	NA	NA	NA	NA	NA	NA
NA	NA	NA	NA	NA	NA	NA	NA	NA	NA	NA	NA	NA	NA	NA	NA
NA	NA	NA	NA	NA	NA	NA	NA	NA	NA	NA	NA	NA	NA	NA	NA
NA	NA	NA	NA	NA	NA	NA	NA	NA	NA	NA	NA	NA	NA	NA	NA
NA	NA	NA	NA	NA	NA	NA	NA	NA	NA	NA	NA	NA	NA	NA	NA
NA	NA	NA	NA	NA	NA	NA	NA	NA	NA	NA	NA	NA	NA	NA	NA
NA	NA	NA	NA	NA	NA	NA	NA	NA	NA	NA	NA	NA	NA	NA	NA
NA	NA	NA	NA	NA	NA	NA	NA	NA	NA	NA	NA	NA	NA	NA	NA
NA	NA	NA	NA	NA	NA	NA	NA	NA	NA	NA	NA	NA	NA	NA	NA
NA	NA	NA	NA	NA	NA	NA	NA	NA	NA	NA	NA	NA	NA	NA	NA
NA	NA	NA	NA	NA	NA	NA	NA	NA	NA	NA	NA	NA	NA	NA	NA
NA	NA	NA	NA	NA	NA	NA	NA	NA	NA	NA	NA	NA	NA	NA	NA
NA	NA	NA	NA	NA	NA	NA	NA	NA	NA	NA	NA	NA	NA	NA	NA
NA	NA	NA	NA	NA	NA	NA	NA	NA	NA	NA	NA	NA	NA	NA	NA
NA	NA	NA	NA	NA	NA	NA	NA	NA	NA	NA	NA	NA	NA	NA	NA
NA	NA	NA	NA	NA	NA	NA	NA	NA	NA	NA	NA	NA	NA	NA	NA
NA	NA	NA	NA	NA	NA	NA	NA	NA	NA	NA	NA	NA	NA	NA	NA
NA	NA	NA	NA	NA	NA	NA	NA	NA	NA	NA	NA	NA	NA	NA	NA
NA	NA	NA	NA	NA	NA	NA	NA	NA	NA	NA	NA	NA	NA	NA	NA
NA	NA	NA	NA	NA	NA	NA	NA	NA	NA	NA	NA	NA	NA	NA	NA
