X1	X2	X3	X4	X1.1	X2.1	X3.1	X4.1	X1.2	X2.2	X3.2	X4.2	X1.3	X2.3	X3.3	X4.3
NA	NA	NA	NA	NA	NA	NA	NA	NA	NA	NA	NA	NA	NA	NA	NA
NA	NA	NA	NA	NA	NA	NA	NA	NA	NA	NA	NA	NA	NA	NA	NA
NA	NA	NA	NA	NA	NA	NA	NA	NA	NA	NA	NA	NA	NA	NA	NA
NA	NA	NA	NA	NA	NA	NA	NA	NA	NA	NA	NA	NA	NA	NA	NA
NA	NA	NA	NA	NA	NA	NA	NA	NA	NA	NA	NA	NA	NA	NA	NA
NA	NA	NA	NA	NA	NA	NA	NA	NA	NA	NA	NA	NA	NA	NA	NA
NA	NA	NA	NA	NA	NA	NA	NA	NA	NA	NA	NA	NA	NA	NA	NA
NA	NA	NA	NA	NA	NA	NA	NA	NA	NA	NA	NA	NA	NA	NA	NA
NA	NA	NA	NA	NA	NA	NA	NA	NA	NA	NA	NA	NA	NA	NA	NA
NA	NA	NA	NA	NA	NA	NA	NA	NA	NA	NA	NA	NA	NA	NA	NA
NA	NA	NA	NA	NA	NA	NA	NA	NA	NA	NA	NA	NA	NA	NA	NA
NA	NA	NA	NA	NA	NA	NA	NA	NA	NA	NA	NA	NA	NA	NA	NA
NA	NA	NA	NA	NA	NA	NA	NA	NA	NA	NA	NA	NA	NA	NA	NA
NA	NA	NA	NA	NA	NA	NA	NA	NA	NA	NA	NA	NA	NA	NA	NA
NA	NA	NA	NA	NA	NA	NA	NA	NA	NA	NA	NA	NA	NA	NA	NA
NA	NA	NA	NA	NA	NA	NA	NA	NA	NA	NA	NA	NA	NA	NA	NA
NA	NA	NA	NA	NA	NA	NA	NA	NA	NA	NA	NA	NA	NA	NA	NA
NA	NA	NA	NA	NA	NA	NA	NA	NA	NA	NA	NA	NA	NA	NA	NA
NA	NA	NA	NA	NA	NA	NA	NA	NA	NA	NA	NA	NA	NA	NA	NA
NA	NA	NA	NA	NA	NA	NA	NA	NA	NA	NA	NA	NA	NA	NA	NA
NA	NA	NA	NA	NA	NA	NA	NA	NA	NA	NA	NA	NA	NA	NA	NA
NA	NA	NA	NA	NA	NA	NA	NA	NA	NA	NA	NA	NA	NA	NA	NA
NA	NA	NA	NA	NA	NA	NA	NA	NA	NA	NA	NA	NA	NA	NA	NA
NA	NA	NA	NA	NA	NA	NA	NA	NA	NA	NA	NA	NA	NA	NA	NA
NA	NA	NA	NA	NA	NA	NA	NA	NA	NA	NA	NA	NA	NA	NA	NA
NA	NA	NA	NA	NA	NA	NA	NA	NA	NA	NA	NA	NA	NA	NA	NA
NA	NA	NA	NA	NA	NA	NA	NA	NA	NA	NA	NA	NA	NA	NA	NA
NA	NA	NA	NA	NA	NA	NA	NA	NA	NA	NA	NA	NA	NA	NA	NA
NA	NA	NA	NA	NA	NA	NA	NA	NA	NA	NA	NA	NA	NA	NA	NA
NA	NA	NA	NA	NA	NA	NA	NA	NA	NA	NA	NA	NA	NA	NA	NA
NA	NA	NA	NA	NA	NA	NA	NA	NA	NA	NA	NA	NA	NA	NA	NA
NA	NA	NA	NA	NA	NA	NA	NA	NA	NA	NA	NA	NA	NA	NA	NA
NA	NA	NA	NA	NA	NA	NA	NA	NA	NA	NA	NA	NA	NA	NA	NA
NA	NA	NA	NA	NA	NA	NA	NA	NA	NA	NA	NA	NA	NA	NA	NA
NA	NA	NA	NA	NA	NA	NA	NA	NA	NA	NA	NA	NA	NA	NA	NA
NA	NA	NA	NA	NA	NA	NA	NA	NA	NA	NA	NA	NA	NA	NA	NA
NA	NA	NA	NA	NA	NA	NA	NA	NA	NA	NA	NA	NA	NA	NA	NA
NA	NA	NA	NA	NA	NA	NA	NA	NA	NA	NA	NA	NA	NA	NA	NA
NA	NA	NA	NA	NA	NA	NA	NA	NA	NA	NA	NA	NA	NA	NA	NA
NA	NA	NA	NA	NA	NA	NA	NA	NA	NA	NA	NA	NA	NA	NA	NA
NA	NA	NA	NA	NA	NA	NA	NA	NA	NA	NA	NA	NA	NA	NA	NA
NA	NA	NA	NA	NA	NA	NA	NA	NA	NA	NA	NA	NA	NA	NA	NA
NA	NA	NA	NA	NA	NA	NA	NA	NA	NA	NA	NA	NA	NA	NA	NA
NA	NA	NA	NA	NA	NA	NA	NA	NA	NA	NA	NA	NA	NA	NA	NA
NA	NA	NA	NA	NA	NA	NA	NA	NA	NA	NA	NA	NA	NA	NA	NA
NA	NA	NA	NA	NA	NA	NA	NA	NA	NA	NA	NA	NA	NA	NA	NA
NA	NA	NA	NA	NA	NA	NA	NA	NA	NA	NA	NA	NA	NA	NA	NA
NA	NA	NA	NA	NA	NA	NA	NA	NA	NA	NA	NA	NA	NA	NA	NA
NA	NA	NA	NA	NA	NA	NA	NA	NA	NA	NA	NA	NA	NA	NA	NA
NA	NA	NA	NA	NA	NA	NA	NA	NA	NA	NA	NA	NA	NA	NA	NA
NA	NA	NA	NA	NA	NA	NA	NA	NA	NA	NA	NA	NA	NA	NA	NA
NA	NA	NA	NA	NA	NA	NA	NA	NA	NA	NA	NA	NA	NA	NA	NA
NA	NA	NA	NA	NA	NA	NA	NA	NA	NA	NA	NA	NA	NA	NA	NA
NA	NA	NA	NA	NA	NA	NA	NA	NA	NA	NA	NA	NA	NA	NA	NA
NA	NA	NA	NA	NA	NA	NA	NA	NA	NA	NA	NA	NA	NA	NA	NA
NA	NA	NA	NA	NA	NA	NA	NA	NA	NA	NA	NA	NA	NA	NA	NA
NA	NA	NA	NA	NA	NA	NA	NA	NA	NA	NA	NA	NA	NA	NA	NA
NA	NA	NA	NA	NA	NA	NA	NA	NA	NA	NA	NA	NA	NA	NA	NA
NA	NA	NA	NA	NA	NA	NA	NA	NA	NA	NA	NA	NA	NA	NA	NA
NA	NA	NA	NA	NA	NA	NA	NA	NA	NA	NA	NA	NA	NA	NA	NA
NA	NA	NA	NA	NA	NA	NA	NA	NA	NA	NA	NA	NA	NA	NA	NA
NA	NA	NA	NA	NA	NA	NA	NA	NA	NA	NA	NA	NA	NA	NA	NA
NA	NA	NA	NA	NA	NA	NA	NA	NA	NA	NA	NA	NA	NA	NA	NA
NA	NA	NA	NA	NA	NA	NA	NA	NA	NA	NA	NA	NA	NA	NA	NA
NA	NA	NA	NA	NA	NA	NA	NA	NA	NA	NA	NA	NA	NA	NA	NA
NA	NA	NA	NA	NA	NA	NA	NA	NA	NA	NA	NA	NA	NA	NA	NA
NA	NA	NA	NA	NA	NA	NA	NA	NA	NA	NA	NA	NA	NA	NA	NA
NA	NA	NA	NA	NA	NA	NA	NA	NA	NA	NA	NA	NA	NA	NA	NA
NA	NA	NA	NA	NA	NA	NA	NA	NA	NA	NA	NA	NA	NA	NA	NA
NA	NA	NA	NA	NA	NA	NA	NA	NA	NA	NA	NA	NA	NA	NA	NA
NA	NA	NA	NA	NA	NA	NA	NA	NA	NA	NA	NA	NA	NA	NA	NA
NA	NA	NA	NA	NA	NA	NA	NA	NA	NA	NA	NA	NA	NA	NA	NA
NA	NA	NA	NA	NA	NA	NA	NA	NA	NA	NA	NA	NA	NA	NA	NA
NA	NA	NA	NA	NA	NA	NA	NA	NA	NA	NA	NA	NA	NA	NA	NA
NA	NA	NA	NA	NA	NA	NA	NA	NA	NA	NA	NA	NA	NA	NA	NA
NA	NA	NA	NA	NA	NA	NA	NA	NA	NA	NA	NA	NA	NA	NA	NA
NA	NA	NA	NA	NA	NA	NA	NA	NA	NA	NA	NA	NA	NA	NA	NA
NA	NA	NA	NA	NA	NA	NA	NA	NA	NA	NA	NA	NA	NA	NA	NA
NA	NA	NA	NA	NA	NA	NA	NA	NA	NA	NA	NA	NA	NA	NA	NA
NA	NA	NA	NA	NA	NA	NA	NA	NA	NA	NA	NA	NA	NA	NA	NA
NA	NA	NA	NA	NA	NA	NA	NA	NA	NA	NA	NA	NA	NA	NA	NA
NA	NA	NA	NA	NA	NA	NA	NA	NA	NA	NA	NA	NA	NA	NA	NA
NA	NA	NA	NA	NA	NA	NA	NA	NA	NA	NA	NA	NA	NA	NA	NA
NA	NA	NA	NA	NA	NA	NA	NA	NA	NA	NA	NA	NA	NA	NA	NA
NA	NA	NA	NA	NA	NA	NA	NA	NA	NA	NA	NA	NA	NA	NA	NA
NA	NA	NA	NA	NA	NA	NA	NA	NA	NA	NA	NA	NA	NA	NA	NA
NA	NA	NA	NA	NA	NA	NA	NA	NA	NA	NA	NA	NA	NA	NA	NA
NA	NA	NA	NA	NA	NA	NA	NA	NA	NA	NA	NA	NA	NA	NA	NA
NA	NA	NA	NA	NA	NA	NA	NA	NA	NA	NA	NA	NA	NA	NA	NA
NA	NA	NA	NA	NA	NA	NA	NA	NA	NA	NA	NA	NA	NA	NA	NA
NA	NA	NA	NA	NA	NA	NA	NA	NA	NA	NA	NA	NA	NA	NA	NA
NA	NA	NA	NA	NA	NA	NA	NA	NA	NA	NA	NA	NA	NA	NA	NA
NA	NA	NA	NA	NA	NA	NA	NA	NA	NA	NA	NA	NA	NA	NA	NA
NA	NA	NA	NA	NA	NA	NA	NA	NA	NA	NA	NA	NA	NA	NA	NA
NA	NA	NA	NA	NA	NA	NA	NA	NA	NA	NA	NA	NA	NA	NA	NA
NA	NA	NA	NA	NA	NA	NA	NA	NA	NA	NA	NA	NA	NA	NA	NA
NA	NA	NA	NA	NA	NA	NA	NA	NA	NA	NA	NA	NA	NA	NA	NA
NA	NA	NA	NA	NA	NA	NA	NA	NA	NA	NA	NA	NA	NA	NA	NA
NA	NA	NA	NA	NA	NA	NA	NA	NA	NA	NA	NA	NA	NA	NA	NA
NA	NA	NA	NA	NA	NA	NA	NA	NA	NA	NA	NA	NA	NA	NA	NA
NA	NA	NA	NA	NA	NA	NA	NA	NA	NA	NA	NA	NA	NA	NA	NA
NA	NA	NA	NA	NA	NA	NA	NA	NA	NA	NA	NA	NA	NA	NA	NA
NA	NA	NA	NA	NA	NA	NA	NA	NA	NA	NA	NA	NA	NA	NA	NA
NA	NA	NA	NA	NA	NA	NA	NA	NA	NA	NA	NA	NA	NA	NA	NA
NA	NA	NA	NA	NA	NA	NA	NA	NA	NA	NA	NA	NA	NA	NA	NA
NA	NA	NA	NA	NA	NA	NA	NA	NA	NA	NA	NA	NA	NA	NA	NA
NA	NA	NA	NA	NA	NA	NA	NA	NA	NA	NA	NA	NA	NA	NA	NA
NA	NA	NA	NA	NA	NA	NA	NA	NA	NA	NA	NA	NA	NA	NA	NA
NA	NA	NA	NA	NA	NA	NA	NA	NA	NA	NA	NA	NA	NA	NA	NA
NA	NA	NA	NA	NA	NA	NA	NA	NA	NA	NA	NA	NA	NA	NA	NA
NA	NA	NA	NA	NA	NA	NA	NA	NA	NA	NA	NA	NA	NA	NA	NA
NA	NA	NA	NA	NA	NA	NA	NA	NA	NA	NA	NA	NA	NA	NA	NA
NA	NA	NA	NA	NA	NA	NA	NA	NA	NA	NA	NA	NA	NA	NA	NA
NA	NA	NA	NA	NA	NA	NA	NA	NA	NA	NA	NA	NA	NA	NA	NA
NA	NA	NA	NA	NA	NA	NA	NA	NA	NA	NA	NA	NA	NA	NA	NA
NA	NA	NA	NA	NA	NA	NA	NA	NA	NA	NA	NA	NA	NA	NA	NA
NA	NA	NA	NA	NA	NA	NA	NA	NA	NA	NA	NA	NA	NA	NA	NA
NA	NA	NA	NA	NA	NA	NA	NA	NA	NA	NA	NA	NA	NA	NA	NA
NA	NA	NA	NA	NA	NA	NA	NA	NA	NA	NA	NA	NA	NA	NA	NA
NA	NA	NA	NA	NA	NA	NA	NA	NA	NA	NA	NA	NA	NA	NA	NA
NA	NA	NA	NA	NA	NA	NA	NA	NA	NA	NA	NA	NA	NA	NA	NA
NA	NA	NA	NA	NA	NA	NA	NA	NA	NA	NA	NA	NA	NA	NA	NA
NA	NA	NA	NA	NA	NA	NA	NA	NA	NA	NA	NA	NA	NA	NA	NA
NA	NA	NA	NA	NA	NA	NA	NA	NA	NA	NA	NA	NA	NA	NA	NA
NA	NA	NA	NA	NA	NA	NA	NA	NA	NA	NA	NA	NA	NA	NA	NA
NA	NA	NA	NA	NA	NA	NA	NA	NA	NA	NA	NA	NA	NA	NA	NA
NA	NA	NA	NA	NA	NA	NA	NA	NA	NA	NA	NA	NA	NA	NA	NA
NA	NA	NA	NA	NA	NA	NA	NA	NA	NA	NA	NA	NA	NA	NA	NA
NA	NA	NA	NA	NA	NA	NA	NA	NA	NA	NA	NA	NA	NA	NA	NA
NA	NA	NA	NA	NA	NA	NA	NA	NA	NA	NA	NA	NA	NA	NA	NA
NA	NA	NA	NA	NA	NA	NA	NA	NA	NA	NA	NA	NA	NA	NA	NA
NA	NA	NA	NA	NA	NA	NA	NA	NA	NA	NA	NA	NA	NA	NA	NA
NA	NA	NA	NA	NA	NA	NA	NA	NA	NA	NA	NA	NA	NA	NA	NA
NA	NA	NA	NA	NA	NA	NA	NA	NA	NA	NA	NA	NA	NA	NA	NA
NA	NA	NA	NA	NA	NA	NA	NA	NA	NA	NA	NA	NA	NA	NA	NA
NA	NA	NA	NA	NA	NA	NA	NA	NA	NA	NA	NA	NA	NA	NA	NA
NA	NA	NA	NA	NA	NA	NA	NA	NA	NA	NA	NA	NA	NA	NA	NA
NA	NA	NA	NA	NA	NA	NA	NA	NA	NA	NA	NA	NA	NA	NA	NA
NA	NA	NA	NA	NA	NA	NA	NA	NA	NA	NA	NA	NA	NA	NA	NA
NA	NA	NA	NA	NA	NA	NA	NA	NA	NA	NA	NA	NA	NA	NA	NA
NA	NA	NA	NA	NA	NA	NA	NA	NA	NA	NA	NA	NA	NA	NA	NA
NA	NA	NA	NA	NA	NA	NA	NA	NA	NA	NA	NA	NA	NA	NA	NA
NA	NA	NA	NA	NA	NA	NA	NA	NA	NA	NA	NA	NA	NA	NA	NA
NA	NA	NA	NA	NA	NA	NA	NA	NA	NA	NA	NA	NA	NA	NA	NA
NA	NA	NA	NA	NA	NA	NA	NA	NA	NA	NA	NA	NA	NA	NA	NA
NA	NA	NA	NA	NA	NA	NA	NA	NA	NA	NA	NA	NA	NA	NA	NA
NA	NA	NA	NA	NA	NA	NA	NA	NA	NA	NA	NA	NA	NA	NA	NA
NA	NA	NA	NA	NA	NA	NA	NA	NA	NA	NA	NA	NA	NA	NA	NA
NA	NA	NA	NA	NA	NA	NA	NA	NA	NA	NA	NA	NA	NA	NA	NA
NA	NA	NA	NA	NA	NA	NA	NA	NA	NA	NA	NA	NA	NA	NA	NA
NA	NA	NA	NA	NA	NA	NA	NA	NA	NA	NA	NA	NA	NA	NA	NA
NA	NA	NA	NA	NA	NA	NA	NA	NA	NA	NA	NA	NA	NA	NA	NA
NA	NA	NA	NA	NA	NA	NA	NA	NA	NA	NA	NA	NA	NA	NA	NA
NA	NA	NA	NA	NA	NA	NA	NA	NA	NA	NA	NA	NA	NA	NA	NA
NA	NA	NA	NA	NA	NA	NA	NA	NA	NA	NA	NA	NA	NA	NA	NA
NA	NA	NA	NA	NA	NA	NA	NA	NA	NA	NA	NA	NA	NA	NA	NA
NA	NA	NA	NA	NA	NA	NA	NA	NA	NA	NA	NA	NA	NA	NA	NA
NA	NA	NA	NA	NA	NA	NA	NA	NA	NA	NA	NA	NA	NA	NA	NA
NA	NA	NA	NA	NA	NA	NA	NA	NA	NA	NA	NA	NA	NA	NA	NA
NA	NA	NA	NA	NA	NA	NA	NA	NA	NA	NA	NA	NA	NA	NA	NA
NA	NA	NA	NA	NA	NA	NA	NA	NA	NA	NA	NA	NA	NA	NA	NA
NA	NA	NA	NA	NA	NA	NA	NA	NA	NA	NA	NA	NA	NA	NA	NA
NA	NA	NA	NA	NA	NA	NA	NA	NA	NA	NA	NA	NA	NA	NA	NA
NA	NA	NA	NA	NA	NA	NA	NA	NA	NA	NA	NA	NA	NA	NA	NA
NA	NA	NA	NA	NA	NA	NA	NA	NA	NA	NA	NA	NA	NA	NA	NA
NA	NA	NA	NA	NA	NA	NA	NA	NA	NA	NA	NA	NA	NA	NA	NA
NA	NA	NA	NA	NA	NA	NA	NA	NA	NA	NA	NA	NA	NA	NA	NA
NA	NA	NA	NA	NA	NA	NA	NA	NA	NA	NA	NA	NA	NA	NA	NA
NA	NA	NA	NA	NA	NA	NA	NA	NA	NA	NA	NA	NA	NA	NA	NA
NA	NA	NA	NA	NA	NA	NA	NA	NA	NA	NA	NA	NA	NA	NA	NA
NA	NA	NA	NA	NA	NA	NA	NA	NA	NA	NA	NA	NA	NA	NA	NA
NA	NA	NA	NA	NA	NA	NA	NA	NA	NA	NA	NA	NA	NA	NA	NA
NA	NA	NA	NA	NA	NA	NA	NA	NA	NA	NA	NA	NA	NA	NA	NA
NA	NA	NA	NA	NA	NA	NA	NA	NA	NA	NA	NA	NA	NA	NA	NA
NA	NA	NA	NA	NA	NA	NA	NA	NA	NA	NA	NA	NA	NA	NA	NA
NA	NA	NA	NA	NA	NA	NA	NA	NA	NA	NA	NA	NA	NA	NA	NA
NA	NA	NA	NA	NA	NA	NA	NA	NA	NA	NA	NA	NA	NA	NA	NA
NA	NA	NA	NA	NA	NA	NA	NA	NA	NA	NA	NA	NA	NA	NA	NA
NA	NA	NA	NA	NA	NA	NA	NA	NA	NA	NA	NA	NA	NA	NA	NA
NA	NA	NA	NA	NA	NA	NA	NA	NA	NA	NA	NA	NA	NA	NA	NA
NA	NA	NA	NA	NA	NA	NA	NA	NA	NA	NA	NA	NA	NA	NA	NA
NA	NA	NA	NA	NA	NA	NA	NA	NA	NA	NA	NA	NA	NA	NA	NA
NA	NA	NA	NA	NA	NA	NA	NA	NA	NA	NA	NA	NA	NA	NA	NA
NA	NA	NA	NA	NA	NA	NA	NA	NA	NA	NA	NA	NA	NA	NA	NA
NA	NA	NA	NA	NA	NA	NA	NA	NA	NA	NA	NA	NA	NA	NA	NA
NA	NA	NA	NA	NA	NA	NA	NA	NA	NA	NA	NA	NA	NA	NA	NA
NA	NA	NA	NA	NA	NA	NA	NA	NA	NA	NA	NA	NA	NA	NA	NA
NA	NA	NA	NA	NA	NA	NA	NA	NA	NA	NA	NA	NA	NA	NA	NA
NA	NA	NA	NA	NA	NA	NA	NA	NA	NA	NA	NA	NA	NA	NA	NA
NA	NA	NA	NA	NA	NA	NA	NA	NA	NA	NA	NA	NA	NA	NA	NA
NA	NA	NA	NA	NA	NA	NA	NA	NA	NA	NA	NA	NA	NA	NA	NA
NA	NA	NA	NA	NA	NA	NA	NA	NA	NA	NA	NA	NA	NA	NA	NA
NA	NA	NA	NA	NA	NA	NA	NA	NA	NA	NA	NA	NA	NA	NA	NA
NA	NA	NA	NA	NA	NA	NA	NA	NA	NA	NA	NA	NA	NA	NA	NA
NA	NA	NA	NA	NA	NA	NA	NA	NA	NA	NA	NA	NA	NA	NA	NA
NA	NA	NA	NA	NA	NA	NA	NA	NA	NA	NA	NA	NA	NA	NA	NA
NA	NA	NA	NA	NA	NA	NA	NA	NA	NA	NA	NA	NA	NA	NA	NA
NA	NA	NA	NA	NA	NA	NA	NA	NA	NA	NA	NA	NA	NA	NA	NA
NA	NA	NA	NA	NA	NA	NA	NA	NA	NA	NA	NA	NA	NA	NA	NA
NA	NA	NA	NA	NA	NA	NA	NA	NA	NA	NA	NA	NA	NA	NA	NA
NA	NA	NA	NA	NA	NA	NA	NA	NA	NA	NA	NA	NA	NA	NA	NA
NA	NA	NA	NA	NA	NA	NA	NA	NA	NA	NA	NA	NA	NA	NA	NA
NA	NA	NA	NA	NA	NA	NA	NA	NA	NA	NA	NA	NA	NA	NA	NA
NA	NA	NA	NA	NA	NA	NA	NA	NA	NA	NA	NA	NA	NA	NA	NA
NA	NA	NA	NA	NA	NA	NA	NA	NA	NA	NA	NA	NA	NA	NA	NA
NA	NA	NA	NA	NA	NA	NA	NA	NA	NA	NA	NA	NA	NA	NA	NA
NA	NA	NA	NA	NA	NA	NA	NA	NA	NA	NA	NA	NA	NA	NA	NA
NA	NA	NA	NA	NA	NA	NA	NA	NA	NA	NA	NA	NA	NA	NA	NA
NA	NA	NA	NA	NA	NA	NA	NA	NA	NA	NA	NA	NA	NA	NA	NA
NA	NA	NA	NA	NA	NA	NA	NA	NA	NA	NA	NA	NA	NA	NA	NA
NA	NA	NA	NA	NA	NA	NA	NA	NA	NA	NA	NA	NA	NA	NA	NA
NA	NA	NA	NA	NA	NA	NA	NA	NA	NA	NA	NA	NA	NA	NA	NA
NA	NA	NA	NA	NA	NA	NA	NA	NA	NA	NA	NA	NA	NA	NA	NA
NA	NA	NA	NA	NA	NA	NA	NA	NA	NA	NA	NA	NA	NA	NA	NA
NA	NA	NA	NA	NA	NA	NA	NA	NA	NA	NA	NA	NA	NA	NA	NA
NA	NA	NA	NA	NA	NA	NA	NA	NA	NA	NA	NA	NA	NA	NA	NA
NA	NA	NA	NA	NA	NA	NA	NA	NA	NA	NA	NA	NA	NA	NA	NA
NA	NA	NA	NA	NA	NA	NA	NA	NA	NA	NA	NA	NA	NA	NA	NA
NA	NA	NA	NA	NA	NA	NA	NA	NA	NA	NA	NA	NA	NA	NA	NA
NA	NA	NA	NA	NA	NA	NA	NA	NA	NA	NA	NA	NA	NA	NA	NA
NA	NA	NA	NA	NA	NA	NA	NA	NA	NA	NA	NA	NA	NA	NA	NA
NA	NA	NA	NA	NA	NA	NA	NA	NA	NA	NA	NA	NA	NA	NA	NA
NA	NA	NA	NA	NA	NA	NA	NA	NA	NA	NA	NA	NA	NA	NA	NA
NA	NA	NA	NA	NA	NA	NA	NA	NA	NA	NA	NA	NA	NA	NA	NA
NA	NA	NA	NA	NA	NA	NA	NA	NA	NA	NA	NA	NA	NA	NA	NA
NA	NA	NA	NA	NA	NA	NA	NA	NA	NA	NA	NA	NA	NA	NA	NA
NA	NA	NA	NA	NA	NA	NA	NA	NA	NA	NA	NA	NA	NA	NA	NA
NA	NA	NA	NA	NA	NA	NA	NA	NA	NA	NA	NA	NA	NA	NA	NA
NA	NA	NA	NA	NA	NA	NA	NA	NA	NA	NA	NA	NA	NA	NA	NA
NA	NA	NA	NA	NA	NA	NA	NA	NA	NA	NA	NA	NA	NA	NA	NA
NA	NA	NA	NA	NA	NA	NA	NA	NA	NA	NA	NA	NA	NA	NA	NA
NA	NA	NA	NA	NA	NA	NA	NA	NA	NA	NA	NA	NA	NA	NA	NA
NA	NA	NA	NA	NA	NA	NA	NA	NA	NA	NA	NA	NA	NA	NA	NA
NA	NA	NA	NA	NA	NA	NA	NA	NA	NA	NA	NA	NA	NA	NA	NA
NA	NA	NA	NA	NA	NA	NA	NA	NA	NA	NA	NA	NA	NA	NA	NA
NA	NA	NA	NA	NA	NA	NA	NA	NA	NA	NA	NA	NA	NA	NA	NA
NA	NA	NA	NA	NA	NA	NA	NA	NA	NA	NA	NA	NA	NA	NA	NA
NA	NA	NA	NA	NA	NA	NA	NA	NA	NA	NA	NA	NA	NA	NA	NA
NA	NA	NA	NA	NA	NA	NA	NA	NA	NA	NA	NA	NA	NA	NA	NA
NA	NA	NA	NA	NA	NA	NA	NA	NA	NA	NA	NA	NA	NA	NA	NA
NA	NA	NA	NA	NA	NA	NA	NA	NA	NA	NA	NA	NA	NA	NA	NA
NA	NA	NA	NA	NA	NA	NA	NA	NA	NA	NA	NA	NA	NA	NA	NA
NA	NA	NA	NA	NA	NA	NA	NA	NA	NA	NA	NA	NA	NA	NA	NA
NA	NA	NA	NA	NA	NA	NA	NA	NA	NA	NA	NA	NA	NA	NA	NA
NA	NA	NA	NA	NA	NA	NA	NA	NA	NA	NA	NA	NA	NA	NA	NA
NA	NA	NA	NA	NA	NA	NA	NA	NA	NA	NA	NA	NA	NA	NA	NA
NA	NA	NA	NA	NA	NA	NA	NA	NA	NA	NA	NA	NA	NA	NA	NA
NA	NA	NA	NA	NA	NA	NA	NA	NA	NA	NA	NA	NA	NA	NA	NA
NA	NA	NA	NA	NA	NA	NA	NA	NA	NA	NA	NA	NA	NA	NA	NA
NA	NA	NA	NA	NA	NA	NA	NA	NA	NA	NA	NA	NA	NA	NA	NA
NA	NA	NA	NA	NA	NA	NA	NA	NA	NA	NA	NA	NA	NA	NA	NA
NA	NA	NA	NA	NA	NA	NA	NA	NA	NA	NA	NA	NA	NA	NA	NA
NA	NA	NA	NA	NA	NA	NA	NA	NA	NA	NA	NA	NA	NA	NA	NA
NA	NA	NA	NA	NA	NA	NA	NA	NA	NA	NA	NA	NA	NA	NA	NA
NA	NA	NA	NA	NA	NA	NA	NA	NA	NA	NA	NA	NA	NA	NA	NA
NA	NA	NA	NA	NA	NA	NA	NA	NA	NA	NA	NA	NA	NA	NA	NA
NA	NA	NA	NA	NA	NA	NA	NA	NA	NA	NA	NA	NA	NA	NA	NA
NA	NA	NA	NA	NA	NA	NA	NA	NA	NA	NA	NA	NA	NA	NA	NA
NA	NA	NA	NA	NA	NA	NA	NA	NA	NA	NA	NA	NA	NA	NA	NA
NA	NA	NA	NA	NA	NA	NA	NA	NA	NA	NA	NA	NA	NA	NA	NA
NA	NA	NA	NA	NA	NA	NA	NA	NA	NA	NA	NA	NA	NA	NA	NA
NA	NA	NA	NA	NA	NA	NA	NA	NA	NA	NA	NA	NA	NA	NA	NA
NA	NA	NA	NA	NA	NA	NA	NA	NA	NA	NA	NA	NA	NA	NA	NA
NA	NA	NA	NA	NA	NA	NA	NA	NA	NA	NA	NA	NA	NA	NA	NA
NA	NA	NA	NA	NA	NA	NA	NA	NA	NA	NA	NA	NA	NA	NA	NA
NA	NA	NA	NA	NA	NA	NA	NA	NA	NA	NA	NA	NA	NA	NA	NA
NA	NA	NA	NA	NA	NA	NA	NA	NA	NA	NA	NA	NA	NA	NA	NA
NA	NA	NA	NA	NA	NA	NA	NA	NA	NA	NA	NA	NA	NA	NA	NA
NA	NA	NA	NA	NA	NA	NA	NA	NA	NA	NA	NA	NA	NA	NA	NA
NA	NA	NA	NA	NA	NA	NA	NA	NA	NA	NA	NA	NA	NA	NA	NA
NA	NA	NA	NA	NA	NA	NA	NA	NA	NA	NA	NA	NA	NA	NA	NA
NA	NA	NA	NA	NA	NA	NA	NA	NA	NA	NA	NA	NA	NA	NA	NA
NA	NA	NA	NA	NA	NA	NA	NA	NA	NA	NA	NA	NA	NA	NA	NA
NA	NA	NA	NA	NA	NA	NA	NA	NA	NA	NA	NA	NA	NA	NA	NA
NA	NA	NA	NA	NA	NA	NA	NA	NA	NA	NA	NA	NA	NA	NA	NA
NA	NA	NA	NA	NA	NA	NA	NA	NA	NA	NA	NA	NA	NA	NA	NA
NA	NA	NA	NA	NA	NA	NA	NA	NA	NA	NA	NA	NA	NA	NA	NA
NA	NA	NA	NA	NA	NA	NA	NA	NA	NA	NA	NA	NA	NA	NA	NA
NA	NA	NA	NA	NA	NA	NA	NA	NA	NA	NA	NA	NA	NA	NA	NA
NA	NA	NA	NA	NA	NA	NA	NA	NA	NA	NA	NA	NA	NA	NA	NA
NA	NA	NA	NA	NA	NA	NA	NA	NA	NA	NA	NA	NA	NA	NA	NA
NA	NA	NA	NA	NA	NA	NA	NA	NA	NA	NA	NA	NA	NA	NA	NA
NA	NA	NA	NA	NA	NA	NA	NA	NA	NA	NA	NA	NA	NA	NA	NA
NA	NA	NA	NA	NA	NA	NA	NA	NA	NA	NA	NA	NA	NA	NA	NA
NA	NA	NA	NA	NA	NA	NA	NA	NA	NA	NA	NA	NA	NA	NA	NA
NA	NA	NA	NA	NA	NA	NA	NA	NA	NA	NA	NA	NA	NA	NA	NA
NA	NA	NA	NA	NA	NA	NA	NA	NA	NA	NA	NA	NA	NA	NA	NA
NA	NA	NA	NA	NA	NA	NA	NA	NA	NA	NA	NA	NA	NA	NA	NA
NA	NA	NA	NA	NA	NA	NA	NA	NA	NA	NA	NA	NA	NA	NA	NA
NA	NA	NA	NA	NA	NA	NA	NA	NA	NA	NA	NA	NA	NA	NA	NA
NA	NA	NA	NA	NA	NA	NA	NA	NA	NA	NA	NA	NA	NA	NA	NA
NA	NA	NA	NA	NA	NA	NA	NA	NA	NA	NA	NA	NA	NA	NA	NA
NA	NA	NA	NA	NA	NA	NA	NA	NA	NA	NA	NA	NA	NA	NA	NA
NA	NA	NA	NA	NA	NA	NA	NA	NA	NA	NA	NA	NA	NA	NA	NA
NA	NA	NA	NA	NA	NA	NA	NA	NA	NA	NA	NA	NA	NA	NA	NA
NA	NA	NA	NA	NA	NA	NA	NA	NA	NA	NA	NA	NA	NA	NA	NA
NA	NA	NA	NA	NA	NA	NA	NA	NA	NA	NA	NA	NA	NA	NA	NA
NA	NA	NA	NA	NA	NA	NA	NA	NA	NA	NA	NA	NA	NA	NA	NA
NA	NA	NA	NA	NA	NA	NA	NA	NA	NA	NA	NA	NA	NA	NA	NA
NA	NA	NA	NA	NA	NA	NA	NA	NA	NA	NA	NA	NA	NA	NA	NA
2.23643012201691	0.0807875089150729	2.07808660454336	2.39477363949045	2.18024381677815	0.107589327498028	1.96936873488202	2.39111889867429	2.18024381677815	0.0807875089150729	2.022952030221	2.34140872333185	2.17887924289226	0.076722084144424	2.02842486571686	2.32933362006766
2.00100622610984	0.0974250842594405	1.81005306096134	2.19195939125834	2.00854459917476	0.127161491338463	1.75930807615137	2.25778112219815	2.00854459917476	0.0974250842594405	1.81390837656127	2.18851280550357	2.01060626838255	0.0922272878213685	1.8297238209662	2.19148871579891
1.87825263501173	0.0721715656842128	1.73679636627067	2.01970890375279	1.92852327223493	0.095546320264663	1.74125248451619	2.11579405995367	1.92852327223493	0.0721715656842128	1.79107420225998	2.07535440687675	1.92626838791123	0.0664393998623578	1.79600144333736	2.05653533248511
2.02735933540701	0.085546879147801	1.85968745227732	2.1950312185367	2.03061780753874	0.115220222002942	1.80478617241297	2.2564494426645	2.03061780753874	0.085546879147801	1.87196483396742	2.20547187867855	2.03027408064363	0.0760205548412453	1.88120659856038	2.17934156272687
1.855876804174	0.0811187365767261	1.69688408048362	2.01486952786438	1.84313628659818	0.108412517238181	1.63064775281134	2.05562482038501	1.84313628659818	0.0811187365767261	1.68691285341895	2.00682154398546	1.84332020219144	0.0723556468127224	1.70143646059049	1.9852039437924
2.12443262915716	0.0888417931503202	1.95030271458253	2.29856254373179	2.10084993486738	0.115308064585023	1.87484612828074	2.32685374145403	2.10084993486738	0.0888417931503202	1.9259160124777	2.27092970449986	2.10003211272708	0.0818352277084066	1.93954886823318	2.26051535722099
1.95099839599223	0.0893796774304535	1.77581422822854	2.12618256375592	1.99783393780512	0.119247519997873	1.76410879860928	2.23155907700095	1.99783393780512	0.0893796774304535	1.82404548339197	2.16536995935978	1.99688584123477	0.0823257673384052	1.83543403638225	2.1583376460873
2.11866658122384	0.094417307724694	1.93360865808344	2.30372450436424	2.07658555515394	0.124990979727431	1.83160323488817	2.3215678754197	2.07658555515394	0.094417307724694	1.89215691380805	2.25309288363727	2.07380818296447	0.0874951861324044	1.9022109659122	2.24540540001674
2.07669661052512	0.0902929721445207	1.89972238512186	2.25367083592838	2.10608138381896	0.120289222869824	1.8703145069941	2.34184826064381	2.10608138381896	0.0902929721445207	1.92652438933147	2.28648571687795	2.10525033754873	0.0848866808344625	1.93876823877734	2.27173243632013
1.83957385644168	0.0830829355145657	1.67673130283313	2.00241641005023	1.79505807548737	0.108997955441706	1.58142208282163	2.00869406815311	1.79505807548737	0.0830829355145657	1.62942807895208	1.95004242124492	1.79743194083707	0.0739696658298495	1.65238735117867	1.94247653049546
1.99412277762347	0.0747015473033698	1.84770774490887	2.14053781033808	2.03636047934427	0.0972787261610968	1.84569417606852	2.22702678262002	2.03636047934427	0.0747015473033698	1.88996042659051	2.17631642810461	2.03365605331815	0.0703349166348651	1.89574521317968	2.17156689345663
1.89257844226881	0.0784843772792628	1.73874906280146	2.04640782173617	1.95750986044828	0.101761865227453	1.75805660460247	2.15696311629409	1.95750986044828	0.0784843772792628	1.79865884494229	2.1036529270679	1.95569092233109	0.0721011507317585	1.81431193172984	2.09706991293234
1.970823441769	0.0705823512820842	1.83248203325612	2.10916485028189	2.03458354769468	0.090931479129192	1.85635784860146	2.2128092467879	2.03458354769468	0.0705823512820842	1.89524651305645	2.17267614545869	2.0334191732409	0.0656038855726891	1.90478643257593	2.16205191390587
2.00194797303418	0.0783153216994435	1.84844994250327	2.15544600356509	1.96855616726734	0.106664832398004	1.75949309576725	2.17761923876742	1.96855616726734	0.0783153216994435	1.80687937542757	2.12146533606293	1.96653545211826	0.0717716560157718	1.82580808056062	2.10726282367589
1.8535813751824	0.0830274225582329	1.69084762696827	2.01631512339654	1.91633507337388	0.106687821057663	1.70722694410086	2.1254432026469	1.91633507337388	0.0830274225582329	1.75546783069361	2.0680133839521	1.9147933822146	0.0777483263839049	1.76232676457094	2.06725999985826
2.05683062121753	0.081774916807005	1.8965517842758	2.21710945815926	2.07818470735855	0.106600721173161	1.86924729385915	2.28712212085794	2.07818470735855	0.081774916807005	1.92110702219241	2.24810308298247	2.0771144039951	0.0746270154115491	1.93077715197232	2.22345165601789
2.03654479001794	0.0835018116053193	1.87288123927152	2.20020834076437	2.03316925350588	0.109115765887942	1.81930235236552	2.24703615464625	2.03316925350588	0.0835018116053193	1.86583699920034	2.19400171485969	2.03242549110694	0.0784303319274881	1.87861843554038	2.1862325466735
2.04442249903797	0.0883606660469445	1.87123559358595	2.21760940448998	2.00663226639692	0.11787149121739	1.77560414361084	2.23766038918301	2.00663226639692	0.0883606660469445	1.8187421557596	2.17470858756967	2.00617634365534	0.0810275982149017	1.84727611131611	2.16507657599456
1.8611034299526	0.0768796684975083	1.71041927969748	2.01178758020772	1.8723755922814	0.100877485268005	1.67465572115611	2.07009546340669	1.8723755922814	0.0768796684975083	1.71697270643484	2.01881847210085	1.87414401103294	0.0724527142102789	1.73207403089535	2.01621399117053
1.97098921561388	0.0830542922005336	1.80820280290083	2.13377562832692	1.96295578021535	0.109581523445057	1.74817599426304	2.17773556616766	1.96295578021535	0.0830542922005336	1.79911000156005	2.12097024454823	1.96303960496323	0.0747465305248852	1.81647284922106	2.1096063607054
2.04507473174714	0.0808657963599395	1.88657777088166	2.20357169261263	2.04135951447001	0.108528498997073	1.82864365643575	2.25407537250427	2.04135951447001	0.0808657963599395	1.87827560561037	2.20434012272795	2.03910778441	0.0734414229449506	1.89509936896418	2.18311619985582
2.00993905145661	0.0732599548564189	1.86634953993803	2.15352856297519	2.00060574265996	0.097089582322354	1.81031016130815	2.19090132401177	2.00060574265996	0.0732599548564189	1.85482652428763	2.14486725651185	1.9972659365603	0.0673376909226695	1.86523292089989	2.1292989522207
2.03105959032882	0.0817330346057976	1.87086284250146	2.19125633815618	2.03390531112409	0.106201479880014	1.82575041055926	2.24206021168892	2.03390531112409	0.0817330346057976	1.87147294974833	2.18872063004165	2.03216127050179	0.0769196147666205	1.88132129315332	2.18300124785026
1.91095891422796	0.0969599728599298	1.7209173674225	2.10100046103342	1.86847359947264	0.127736391532132	1.61811027206966	2.11883692687562	1.86847359947264	0.0969599728599298	1.67054908918912	2.04252066090142	1.86732518503664	0.0910885694923455	1.688672522507	2.04597784756628
2.0091882897145	0.0681582167844015	1.87559818481707	2.14277839461192	1.99216670079279	0.0897651779358314	1.81622695203856	2.16810644954702	1.99216670079279	0.0681582167844015	1.85234346773031	2.12154373595061	1.99185906230987	0.0635417499661632	1.86727272929107	2.11644539532867
1.99871590655777	0.0794635932412639	1.8429672638049	2.15446454931065	2.03992041665746	0.104383253795781	1.83532923921772	2.24451159409719	2.03992041665746	0.0794635932412639	1.88618090075125	2.19842316678286	2.03726778658289	0.0706239004652855	1.89878552235708	2.1757500508087
2.09370323638472	0.0832705378450685	1.93049298220838	2.25691349056105	2.10113805283042	0.106294911030801	1.89280002721005	2.30947607845079	2.10113805283042	0.0832705378450685	1.94188314874416	2.26529651214087	2.09864518699384	0.0781446789961588	1.94539819205123	2.25189218193646
1.88043564772501	0.0742836848280398	1.73483962546205	2.02603166998797	1.93138516260133	0.095013709397074	1.74515829218306	2.11761203301959	1.93138516260133	0.0742836848280398	1.79300247361558	2.07775704427071	1.93105921060382	0.0690196108958597	1.79572994510972	2.06638847609791
1.93586546922835	0.0774327733644941	1.78409723343394	2.08763370502276	1.96292194653859	0.100748252497756	1.76545537164299	2.16038852143419	1.96292194653859	0.0774327733644941	1.81479899593593	2.10662828065077	1.96044310163428	0.0741058357855393	1.81512900533324	2.10575719793533
2.0519369127807	0.0858584797094584	1.88365429255016	2.22021953301124	2.03969871849543	0.114528465648098	1.81522292582516	2.2641745111657	2.03969871849543	0.0858584797094584	1.86470548404964	2.19906666337278	2.03937288861678	0.0755920096077248	1.89114057769039	2.18760519954317
2.0190875318657	0.0779872422620989	1.86623253703199	2.17194252669941	2.04570336772544	0.105235142820058	1.83944248779813	2.25196424765275	2.04570336772544	0.0779872422620989	1.88764302737941	2.20564311666794	2.04345142175114	0.0716510945954113	1.90295579480287	2.1839470486994
2.04622383593969	0.0788504905791055	1.89167687440464	2.20077079747474	2.03300005438283	0.104259593278321	1.82865125155732	2.23734885720834	2.03300005438283	0.0788504905791055	1.88603570221769	2.20635037202209	2.03237335555457	0.0719367000156173	1.89131123741187	2.17343547369728
1.91173478692263	0.0834768054848191	1.74812024817238	2.07534932567287	1.98527578390177	0.108804288072074	1.77201937928051	2.19853218852304	1.98527578390177	0.0834768054848191	1.82514144984724	2.14468988540454	1.98340880452178	0.0785132085266468	1.82943880613163	2.13737880291193
2.04926125575956	0.077419116192651	1.89751978802196	2.20100272349715	2.04772439829594	0.100475264934958	1.85079287902342	2.24465591756845	2.04772439829594	0.077419116192651	1.8983171304668	2.20542103951847	2.04786375109339	0.0708501940337498	1.90893943825359	2.18678806393318
1.81670583294557	0.0980127988905186	1.62460074712016	2.00881091877099	1.83189226837445	0.127409649733216	1.58216935489735	2.08161518185155	1.83189226837445	0.0980127988905186	1.62722024664059	2.00216593929778	1.83141106340523	0.095171913379348	1.64473834797019	2.01808377884026
1.86852712433982	0.0811482425776382	1.70947656888765	2.02757767979199	1.92745491697636	0.10507444248993	1.72150900969609	2.13340082425662	1.92745491697636	0.0811482425776382	1.75456223720659	2.09460535638229	1.9247266401243	0.0730214561697967	1.78154447255604	2.06790880769257
1.96198656514114	0.08647646133173	1.79249270093095	2.13148042935133	1.93662123590137	0.113283904064453	1.71458478393504	2.15865768786769	1.93662123590137	0.08647646133173	1.75792194143237	2.09973688357931	1.93264612482689	0.0806759908888212	1.77443733557863	2.09085491407515
2.05986046831849	0.079846405935712	1.90336151268449	2.21635942395248	2.03453438240785	0.103681614710478	1.83131841757532	2.23775034724039	2.03453438240785	0.079846405935712	1.88237715348718	2.18241533547178	2.03327523033771	0.0728108617195668	1.89050420895794	2.17604625171748
2.05151304397808	0.0783077227500512	1.89802990738798	2.20499618056818	2.0502811892448	0.103509893657873	1.84740179767537	2.25316058081423	2.0502811892448	0.0783077227500512	1.9043232900468	2.20140692331057	2.04919347980495	0.0703643563001858	1.91121930798491	2.187167651625
2.04281710447457	0.0876942858569093	1.87093630419503	2.21469790475411	1.97052455309346	0.115812620090247	1.74353181771658	2.19751728847035	1.97052455309346	0.0876942858569093	1.79335242893961	2.14614928103172	1.96856957002466	0.0805839532535614	1.81053650086543	2.12660263918388
1.98237507227292	0.0841149593715471	1.81750975190469	2.14724039264115	1.99366742480515	0.106761785839851	1.78441432455905	2.20292052505126	1.99366742480515	0.0841149593715471	1.82540621227786	2.15989393138637	1.9917757577182	0.0775000128358284	1.83979383355784	2.14375768187857
1.98036725947213	0.0780967963353242	1.8272975386549	2.13343698028937	2.0002939123497	0.0989551568140243	1.80634180499421	2.19424601970519	2.0002939123497	0.0780967963353242	1.84754640947192	2.16307702967594	1.99968849966038	0.073104739357494	1.85633329484366	2.1430437044771
1.93704313015433	0.0915061156366452	1.75769114350651	2.11639511680215	1.91379630101279	0.120639013012067	1.67734383550914	2.15024876651644	1.91379630101279	0.0915061156366452	1.73433598707958	2.10285743467039	1.91195584300128	0.0861416949879091	1.74300946239126	2.0809022236113
2.01719024473063	0.0775042188126097	1.86528197585791	2.16909851360334	2.04428685632687	0.104010838670475	1.84042561253273	2.248148100121	2.04428685632687	0.0775042188126097	1.88461573928629	2.19111385793993	2.04121835832652	0.0700571546022939	1.90384943327634	2.1785872833767
1.87186660157449	0.0826265699274541	1.70991852451668	2.0338146786323	1.91393621218773	0.109013338887481	1.70027006796826	2.12760235640719	1.91393621218773	0.0826265699274541	1.75765478069432	2.0819480838857	1.9140421136802	0.0753702468370082	1.76624414082703	2.06184008653337
2.03674018185983	0.0753249020039376	1.88910337393212	2.18437698978755	2.00299599723439	0.0980600246056994	1.81079834900722	2.19519364546156	2.00299599723439	0.0753249020039376	1.85672612846613	2.1502596807148	2.00131121420243	0.0692004981328411	1.8656222456791	2.13700018272577
2.0643149847031	0.0908322160137755	1.8862838413161	2.2423461280901	2.04632121042017	0.12030946080885	1.81051466723483	2.28212775360552	2.04632121042017	0.0908322160137755	1.86794757679543	2.22243813969169	2.04333963457854	0.0840176026500581	1.878568487975	2.20811078118207
2.01005010174933	0.0860365961480872	1.84141837329907	2.17868183019958	2.03583470939508	0.111879800641596	1.81655030013755	2.25511911865261	2.03583470939508	0.0860365961480872	1.88442056912018	2.21473960262313	2.03524937967015	0.0771842706811208	1.88388800888551	2.1866107504548
1.96623829199116	0.0831857744939788	1.80319417398296	2.12928240999935	1.93790624757375	0.10699716580451	1.72819180259691	2.14762069255059	1.93790624757375	0.0831857744939788	1.77157090485955	2.09148096598934	1.93901910441163	0.078756185978103	1.78457343087683	2.09346477794642
1.96757243320048	0.087382513154199	1.79630270741825	2.13884215898271	1.97682427475875	0.110644530414883	1.75996099514558	2.19368755437192	1.97682427475875	0.087382513154199	1.81300396938698	2.1638378227037	1.97605197188803	0.0823395628429297	1.81456944622214	2.13753449755393
1.85554832798428	0.0923231406386675	1.6745949723325	2.03650168363607	1.87420747812795	0.122376886172975	1.63434878122892	2.11406617502698	1.87420747812795	0.0923231406386675	1.68895885973512	2.05378683033391	1.87460387864345	0.0851620669750091	1.70758111333172	2.04162664395519
2.03254873552745	0.0852496756776989	1.86545937119916	2.19963809985574	2.05499910396808	0.111854151013067	1.83576496798247	2.27423323995369	2.05499910396808	0.0852496756776989	1.88403290575896	2.20663562460414	2.05180866108645	0.0778545768720395	1.89913591438683	2.20448140778608
1.80895799950824	0.0931381805955101	1.62640716554104	1.99150883347544	1.87950741519994	0.121880873270259	1.64062090359023	2.11839392680965	1.87950741519994	0.0931381805955101	1.70695197016743	2.06010798628149	1.88202227514557	0.0899539663062708	1.70559358260149	2.05845096768966
2.11088278534523	0.0798025307134262	1.95446982514692	2.26729574554355	2.11492237669525	0.106103795773205	1.90695893697977	2.32288581641073	2.11492237669525	0.0798025307134262	1.95503156262172	2.27526939479772	2.11418165564922	0.0696532055138046	1.97760644720922	2.25075686408921
2.06679859087777	0.0851426900294479	1.89991891842005	2.23367826333549	2.00074284395295	0.111612202233215	1.78198292757585	2.21950276033005	2.00074284395295	0.0851426900294479	1.8276119434019	2.16642066237224	2.00035676524513	0.078460798064622	1.84649178277552	2.15422174771473
1.96199056559372	0.0833089595071366	1.79870500495973	2.12527612622771	2.00299863316806	0.110598385262939	1.7862257980527	2.21977146828342	2.00299863316806	0.0833089595071366	1.83523115966252	2.16389634589426	2.00216991872157	0.0750850722411935	1.85492986007923	2.14940997736392
1.97742560708106	0.0913501205824801	1.7983793707394	2.15647184342272	1.98933197137338	0.119179251698053	1.7557406380452	2.22292330470157	1.98933197137338	0.0913501205824801	1.8121048220563	2.15875791875978	1.98912606117815	0.0866337344299657	1.81922071689734	2.15903140545895
2.01279597876257	0.0746988601217324	1.86638621292397	2.15920574460117	2.04150013798445	0.09994690043744	1.84560421312707	2.23739606284183	2.04150013798445	0.0746988601217324	1.89257865483444	2.18931463838786	2.0394908480311	0.0696935705571008	1.90283691306345	2.17614478299876
1.9621990028905	0.0825747047856745	1.80035258151058	2.12404542427042	1.93388234470153	0.108087086216345	1.7220316557175	2.14573303368557	1.93388234470153	0.0825747047856745	1.77115592673655	2.08895590651654	1.93172655218229	0.0758202304332957	1.78304905869311	2.08040404567146
1.95550729030439	0.0775428279664235	1.8035233474902	2.10749123311858	1.9330035260988	0.10699943001414	1.72328464327109	2.14272240892652	1.9330035260988	0.0775428279664235	1.7887913489118	2.08471834603129	1.9339518866288	0.0677080118150941	1.80119100304498	2.06671277021263
2.01746960674572	0.0848306002624125	1.85120163023139	2.18373758326005	2.04921554167277	0.111031429891822	1.8315939390848	2.26683714426075	2.04921554167277	0.0848306002624125	1.88733222510747	2.23859333328177	2.04966771940882	0.0792800829342247	1.8941968879977	2.20513855081994
2.0144750804962	0.0765421456641792	1.86445247499441	2.16449768599799	2.01383479434702	0.100492715705331	1.81686907156457	2.21080051712947	2.01383479434702	0.0765421456641792	1.87353866852565	2.16253910663602	2.01062823902687	0.0697838324751289	1.87379604251034	2.1474604355434
1.86878796862901	0.0759845664043289	1.71985821847653	2.0177177187815	1.87812875438175	0.0996527639566354	1.68280933702675	2.07344817173676	1.87812875438175	0.0759845664043289	1.73536600289236	2.02926044875135	1.87633164491804	0.0697142757712452	1.73963971964369	2.01302357019239
2.00678070767217	0.0773137949126629	1.85524566964335	2.15831574570099	2.01049569327775	0.100922906447448	1.81268679664075	2.20830458991475	2.01049569327775	0.0773137949126629	1.8650285871064	2.16223374524768	2.01083041602224	0.0723825249453371	1.86889796733116	2.15276286471332
1.93225497110214	0.0807696421883719	1.77394647241294	2.09056346979135	1.95463497362513	0.107403724099719	1.74412367438968	2.16514627286058	1.95463497362513	0.0807696421883719	1.79703048228682	2.11603453990458	1.95495068218756	0.0742066350385567	1.8094347111677	2.10046665320742
2.01524046081604	0.0764447756980253	1.86540870044791	2.16507222118417	2.00554029407923	0.101874188054907	1.80586688549162	2.20521370266685	2.00554029407923	0.0764447756980253	1.85065570741385	2.15405885797086	2.00599998578112	0.0700638580349763	1.8686136425709	2.14338632899134
1.985288857647	0.0748754425627696	1.83853299022397	2.13204472507003	1.9882951853708	0.0989805403909994	1.79429332620444	2.18229704453716	1.9882951853708	0.0748754425627696	1.84018285229481	2.12923299567715	1.98346097937023	0.068573811385535	1.8489987220319	2.11792323670856
1.87676397730047	0.0792196692698512	1.72149342553157	2.03203452906938	1.93062681955757	0.10548876050113	1.72386884897535	2.13738479013978	1.93062681955757	0.0792196692698512	1.770900478505	2.07854090894833	1.93161843487066	0.0746638361354355	1.78520957010557	2.07802729963574
1.98165581068129	0.0894837744096474	1.80626761283838	2.1570440085242	1.91305615418139	0.116151027672084	1.6854001399441	2.14071216841867	1.91305615418139	0.0894837744096474	1.73641632744322	2.08659343254819	1.91174959044598	0.0838794202748654	1.74725171857088	2.07624746232109
2.08620740047188	0.0783695316785987	1.93260311838183	2.23981168256193	2.08983313712776	0.100576790887429	1.8927026269884	2.28696364726712	2.08983313712776	0.0783695316785987	1.93696700003615	2.24442596834901	2.0923499466231	0.0705697021628705	1.95397530245188	2.23072459079433
2.05789491546098	0.0734953213662514	1.91384408558312	2.20194574533883	2.06233113682556	0.094573376663841	1.87696731856443	2.24769495508669	2.06233113682556	0.0734953213662514	1.9269700835801	2.20251343831124	2.06269862331129	0.0690429196202398	1.92731725191504	2.19807999470755
1.98767285694176	0.0770469867685974	1.83666076287531	2.13868495100821	1.96281999403684	0.102614710567546	1.76169516132445	2.16394482674923	1.96281999403684	0.0770469867685974	1.80017699644404	2.11098891353801	1.96345688711037	0.0697095730342078	1.82677036565081	2.10014340856993
1.97690691901246	0.0831273031272707	1.81397740488301	2.13983643314191	2.03960534439138	0.108940385480184	1.82608218885022	2.25312849993254	2.03960534439138	0.0831273031272707	1.88329643723593	2.20353030546529	2.03906042468603	0.0792562144168457	1.88363950106792	2.19448134830415
1.84191539058999	0.0745458379790637	1.69580554815102	1.98802523302895	1.81278208711612	0.098318766468143	1.62007730483856	2.00548686939368	1.81278208711612	0.0745458379790637	1.66126073246545	1.95717743375336	1.81151455108121	0.0693052907456279	1.67562707417622	1.9474020279862
1.98915613203936	0.0772828936366862	1.83768166051145	2.14063060356726	1.94228345007062	0.103367977541564	1.73968221408915	2.14488468605208	1.94228345007062	0.0772828936366862	1.79037407435841	2.09542826626585	1.94191810978812	0.0724912816292288	1.7997713167252	2.08406490285103
1.97569031928939	0.0808781096378681	1.81716922439917	2.13421141417962	1.96471249820285	0.106181341303038	1.75659706924889	2.1728279271568	1.96471249820285	0.0808781096378681	1.80229248403947	2.11918245467447	1.9653949295259	0.07545052661407	1.81744290480673	2.11334695424508
2.0648036124679	0.0815766106989949	1.90491345549787	2.22469376943793	2.10022239550702	0.108045270844031	1.88845366465272	2.31199112636132	2.10022239550702	0.0815766106989949	1.95467193520494	2.27709147044682	2.09896621258797	0.0755588039205931	1.95079344601704	2.24713897915891
2.12387618777476	0.088721528549483	1.94998199181777	2.29777038373175	2.0978335377024	0.117672510702625	1.86719541672526	2.32847165867955	2.0978335377024	0.088721528549483	1.9115227358851	2.26533598647669	2.09745824366498	0.081063066474469	1.93848391880036	2.2564325685296
1.97911738669154	0.0720834677000993	1.83783378999934	2.12040098338373	1.99060089924875	0.0944203363370307	1.80553704002817	2.17566475846933	1.99060089924875	0.0720834677000993	1.84797794965442	2.13299576616391	1.99050368839484	0.0665544195240704	1.8600079854345	2.12099939135517
1.93629722521683	0.0803427260468623	1.77882548216498	2.09376896826868	1.88490015618747	0.105864864777762	1.67740502122306	2.09239529115189	1.88490015618747	0.0803427260468623	1.71844446375365	2.03003379652219	1.88479976320908	0.0736225543441386	1.74043356396127	2.02916596245689
1.98248107283965	0.0768783258608568	1.83179955415237	2.13316259152693	1.99415688432334	0.100184863303378	1.79779455224872	2.19051921639796	1.99415688432334	0.0768783258608568	1.8475468002795	2.14890051223904	1.99193245902674	0.0718586398850059	1.85102916780127	2.13283575025221
2.00351507799327	0.0800655395000959	1.84658662057308	2.16044353541346	1.97080154970517	0.105690013115925	1.76364912399796	2.17795397541239	1.97080154970517	0.0800655395000959	1.81693684543462	2.13740703728763	1.97032259707122	0.0746034112792838	1.82403213029827	2.11661306384417
2.1544033997931	0.0809689280241223	1.99570430086582	2.31310249872038	2.10075296130963	0.111239548509716	1.88272344623059	2.31878247638867	2.10075296130963	0.0809689280241223	1.94520139371025	2.26114674706822	2.09686221978838	0.0725738845805227	1.95455545298773	2.23916898658903
2.07538825813246	0.0870701828384526	1.90473069976909	2.24604581649583	2.05184188553607	0.114996571984958	1.82644860444555	2.27723516662659	2.05184188553607	0.0870701828384526	1.88072791987262	2.21638800935743	2.05085546919823	0.0786167116047022	1.89668576040508	2.20502517799138
2.02893084801547	0.0896504487920632	1.85321596838303	2.20464572764792	2.10830019483899	0.117562638714258	1.87787742295904	2.33872296671894	2.10830019483899	0.0896504487920632	1.94011155168219	2.28896693494259	2.10667171535422	0.0812779986388539	1.94727896233536	2.26606446837308
1.95749790541685	0.0804886221131818	1.79974020607501	2.11525560475869	2.01878963608242	0.10562400734666	1.81176658168297	2.22581269048188	2.01878963608242	0.0804886221131818	1.86064370166466	2.16931780622023	2.01932678456715	0.0750861037132064	1.87208216620611	2.16657140292819
2.06699947740733	0.0837150384040513	1.90291800213539	2.23108095267927	2.00033139834013	0.110232378305529	1.78427593686129	2.21638685981897	2.00033139834013	0.0837150384040513	1.83240079051384	2.16892055068626	1.99993726507868	0.0769822448380498	1.84897279910591	2.15090173105146
1.82851065127971	0.0747207726222181	1.68205793694016	1.97496336561926	1.83785232666234	0.0979850772118192	1.64580157532717	2.0299030779975	1.83785232666234	0.0747207726222181	1.69528415054254	1.98678323260577	1.83769608407237	0.0706719235274678	1.69911590137276	1.97627626677198
2.02040354063425	0.0834786051904892	1.85678547446089	2.18402160680761	2.03704778574311	0.110159198940295	1.82113575582013	2.25295981566609	2.03704778574311	0.0834786051904892	1.86063776051896	2.18771087125381	2.03746825885943	0.077424236923373	1.88563804207046	2.18929847564841
2.00704234237155	0.0801363359698342	1.84997512387067	2.16410956087242	1.97443820735607	0.103885162333181	1.77082328918303	2.1780531255291	1.97443820735607	0.0801363359698342	1.8158885387237	2.12798730392912	1.97449227394442	0.0745625981614315	1.82827683462441	2.12070771326443
2.05631754392236	0.0923448331183159	1.87532167101046	2.23731341683426	2.07153233957612	0.124440943846884	1.82762808963623	2.31543658951601	2.07153233957612	0.0923448331183159	1.9076060942505	2.25823051948243	2.06776572571957	0.0854404702620112	1.90019587580254	2.2353355756366
1.97873672814341	0.073332635791158	1.83500476199274	2.12246869429408	1.95493040051312	0.094039956622089	1.77061208553383	2.13924871549241	1.95493040051312	0.073332635791158	1.81425191619744	2.09623206875343	1.956426451837	0.0694957331084984	1.82016420946207	2.09268869421193
2.07325242267623	0.0706473696622525	1.93478357813822	2.21172126721425	2.10305470379117	0.0902725441682035	1.92612051722149	2.27998889036084	2.10305470379117	0.0706473696622525	1.96385443403386	2.23842485528777	2.10236603553681	0.0664510850467129	1.9720711127804	2.23266095829322
2.01574222267272	0.0761737235199295	1.86644172457366	2.16504272077178	1.99963395969173	0.101512627106636	1.80066921056272	2.19859870882074	1.99963395969173	0.0761737235199295	1.85462418390839	2.15337979581928	1.99705799508072	0.0694315966020476	1.86091441545522	2.13320157470621
2.01772039695781	0.0829336794509411	1.85517038523396	2.18027040868165	1.98115695446542	0.106646465395925	1.77212988228941	2.19018402664143	1.98115695446542	0.0829336794509411	1.81757466251563	2.13758791528199	1.98193279977054	0.0727746294056308	1.83922665003402	2.12463894950706
2.04306486433881	0.0827506144080659	1.88087366009901	2.20525606857862	2.06273911142418	0.108493096209061	1.85009264285442	2.27538557999394	2.06273911142418	0.0827506144080659	1.9049788030274	2.22817294033033	2.06089622884761	0.0784315453830408	1.90709025229978	2.21470220539543
2.09373926316221	0.0787180350699238	1.93945191442516	2.24802661189927	2.05528359552405	0.100577297468709	1.85815209248538	2.25241509856272	2.05528359552405	0.0787180350699238	1.89371129890858	2.2160076975943	2.05585096359496	0.0754970383237635	1.90780501116655	2.20389691602337
1.95888794785507	0.0930961664784524	1.7764194615573	2.14135643415284	1.89476032470828	0.123176333712503	1.65333471063177	2.13618593878478	1.89476032470828	0.0930961664784524	1.70977703774064	2.06734030888687	1.89439467584625	0.0837365771823668	1.73016918587004	2.05862016582247
2.00655987301252	0.074521410933541	1.86049790758278	2.15262183844226	1.98741331925625	0.10013295917712	1.79115271926909	2.18367391924341	1.98741331925625	0.074521410933541	1.84008229747698	2.12230150099948	1.98681639392966	0.0674423216894188	1.85457733636983	2.1190554514895
2.04927293540428	0.0909880210295975	1.87093641418627	2.22760945662229	1.99364602596042	0.119230011079093	1.7599552042454	2.22733684767545	1.99364602596042	0.0909880210295975	1.80205415564536	2.16416600087376	1.99210354068963	0.0859615451076225	1.82350814719656	2.16069893418271
NA	NA	NA	NA	NA	NA	NA	NA	NA	NA	NA	NA	NA	NA	NA	NA
NA	NA	NA	NA	NA	NA	NA	NA	NA	NA	NA	NA	NA	NA	NA	NA
NA	NA	NA	NA	NA	NA	NA	NA	NA	NA	NA	NA	NA	NA	NA	NA
NA	NA	NA	NA	NA	NA	NA	NA	NA	NA	NA	NA	NA	NA	NA	NA
NA	NA	NA	NA	NA	NA	NA	NA	NA	NA	NA	NA	NA	NA	NA	NA
NA	NA	NA	NA	NA	NA	NA	NA	NA	NA	NA	NA	NA	NA	NA	NA
NA	NA	NA	NA	NA	NA	NA	NA	NA	NA	NA	NA	NA	NA	NA	NA
NA	NA	NA	NA	NA	NA	NA	NA	NA	NA	NA	NA	NA	NA	NA	NA
NA	NA	NA	NA	NA	NA	NA	NA	NA	NA	NA	NA	NA	NA	NA	NA
NA	NA	NA	NA	NA	NA	NA	NA	NA	NA	NA	NA	NA	NA	NA	NA
NA	NA	NA	NA	NA	NA	NA	NA	NA	NA	NA	NA	NA	NA	NA	NA
NA	NA	NA	NA	NA	NA	NA	NA	NA	NA	NA	NA	NA	NA	NA	NA
NA	NA	NA	NA	NA	NA	NA	NA	NA	NA	NA	NA	NA	NA	NA	NA
NA	NA	NA	NA	NA	NA	NA	NA	NA	NA	NA	NA	NA	NA	NA	NA
NA	NA	NA	NA	NA	NA	NA	NA	NA	NA	NA	NA	NA	NA	NA	NA
NA	NA	NA	NA	NA	NA	NA	NA	NA	NA	NA	NA	NA	NA	NA	NA
NA	NA	NA	NA	NA	NA	NA	NA	NA	NA	NA	NA	NA	NA	NA	NA
NA	NA	NA	NA	NA	NA	NA	NA	NA	NA	NA	NA	NA	NA	NA	NA
NA	NA	NA	NA	NA	NA	NA	NA	NA	NA	NA	NA	NA	NA	NA	NA
NA	NA	NA	NA	NA	NA	NA	NA	NA	NA	NA	NA	NA	NA	NA	NA
NA	NA	NA	NA	NA	NA	NA	NA	NA	NA	NA	NA	NA	NA	NA	NA
NA	NA	NA	NA	NA	NA	NA	NA	NA	NA	NA	NA	NA	NA	NA	NA
NA	NA	NA	NA	NA	NA	NA	NA	NA	NA	NA	NA	NA	NA	NA	NA
NA	NA	NA	NA	NA	NA	NA	NA	NA	NA	NA	NA	NA	NA	NA	NA
NA	NA	NA	NA	NA	NA	NA	NA	NA	NA	NA	NA	NA	NA	NA	NA
NA	NA	NA	NA	NA	NA	NA	NA	NA	NA	NA	NA	NA	NA	NA	NA
NA	NA	NA	NA	NA	NA	NA	NA	NA	NA	NA	NA	NA	NA	NA	NA
NA	NA	NA	NA	NA	NA	NA	NA	NA	NA	NA	NA	NA	NA	NA	NA
NA	NA	NA	NA	NA	NA	NA	NA	NA	NA	NA	NA	NA	NA	NA	NA
NA	NA	NA	NA	NA	NA	NA	NA	NA	NA	NA	NA	NA	NA	NA	NA
NA	NA	NA	NA	NA	NA	NA	NA	NA	NA	NA	NA	NA	NA	NA	NA
NA	NA	NA	NA	NA	NA	NA	NA	NA	NA	NA	NA	NA	NA	NA	NA
NA	NA	NA	NA	NA	NA	NA	NA	NA	NA	NA	NA	NA	NA	NA	NA
NA	NA	NA	NA	NA	NA	NA	NA	NA	NA	NA	NA	NA	NA	NA	NA
NA	NA	NA	NA	NA	NA	NA	NA	NA	NA	NA	NA	NA	NA	NA	NA
NA	NA	NA	NA	NA	NA	NA	NA	NA	NA	NA	NA	NA	NA	NA	NA
NA	NA	NA	NA	NA	NA	NA	NA	NA	NA	NA	NA	NA	NA	NA	NA
NA	NA	NA	NA	NA	NA	NA	NA	NA	NA	NA	NA	NA	NA	NA	NA
NA	NA	NA	NA	NA	NA	NA	NA	NA	NA	NA	NA	NA	NA	NA	NA
NA	NA	NA	NA	NA	NA	NA	NA	NA	NA	NA	NA	NA	NA	NA	NA
NA	NA	NA	NA	NA	NA	NA	NA	NA	NA	NA	NA	NA	NA	NA	NA
NA	NA	NA	NA	NA	NA	NA	NA	NA	NA	NA	NA	NA	NA	NA	NA
NA	NA	NA	NA	NA	NA	NA	NA	NA	NA	NA	NA	NA	NA	NA	NA
NA	NA	NA	NA	NA	NA	NA	NA	NA	NA	NA	NA	NA	NA	NA	NA
NA	NA	NA	NA	NA	NA	NA	NA	NA	NA	NA	NA	NA	NA	NA	NA
NA	NA	NA	NA	NA	NA	NA	NA	NA	NA	NA	NA	NA	NA	NA	NA
NA	NA	NA	NA	NA	NA	NA	NA	NA	NA	NA	NA	NA	NA	NA	NA
NA	NA	NA	NA	NA	NA	NA	NA	NA	NA	NA	NA	NA	NA	NA	NA
NA	NA	NA	NA	NA	NA	NA	NA	NA	NA	NA	NA	NA	NA	NA	NA
NA	NA	NA	NA	NA	NA	NA	NA	NA	NA	NA	NA	NA	NA	NA	NA
NA	NA	NA	NA	NA	NA	NA	NA	NA	NA	NA	NA	NA	NA	NA	NA
NA	NA	NA	NA	NA	NA	NA	NA	NA	NA	NA	NA	NA	NA	NA	NA
NA	NA	NA	NA	NA	NA	NA	NA	NA	NA	NA	NA	NA	NA	NA	NA
NA	NA	NA	NA	NA	NA	NA	NA	NA	NA	NA	NA	NA	NA	NA	NA
NA	NA	NA	NA	NA	NA	NA	NA	NA	NA	NA	NA	NA	NA	NA	NA
NA	NA	NA	NA	NA	NA	NA	NA	NA	NA	NA	NA	NA	NA	NA	NA
NA	NA	NA	NA	NA	NA	NA	NA	NA	NA	NA	NA	NA	NA	NA	NA
NA	NA	NA	NA	NA	NA	NA	NA	NA	NA	NA	NA	NA	NA	NA	NA
NA	NA	NA	NA	NA	NA	NA	NA	NA	NA	NA	NA	NA	NA	NA	NA
NA	NA	NA	NA	NA	NA	NA	NA	NA	NA	NA	NA	NA	NA	NA	NA
NA	NA	NA	NA	NA	NA	NA	NA	NA	NA	NA	NA	NA	NA	NA	NA
NA	NA	NA	NA	NA	NA	NA	NA	NA	NA	NA	NA	NA	NA	NA	NA
NA	NA	NA	NA	NA	NA	NA	NA	NA	NA	NA	NA	NA	NA	NA	NA
NA	NA	NA	NA	NA	NA	NA	NA	NA	NA	NA	NA	NA	NA	NA	NA
NA	NA	NA	NA	NA	NA	NA	NA	NA	NA	NA	NA	NA	NA	NA	NA
NA	NA	NA	NA	NA	NA	NA	NA	NA	NA	NA	NA	NA	NA	NA	NA
NA	NA	NA	NA	NA	NA	NA	NA	NA	NA	NA	NA	NA	NA	NA	NA
NA	NA	NA	NA	NA	NA	NA	NA	NA	NA	NA	NA	NA	NA	NA	NA
NA	NA	NA	NA	NA	NA	NA	NA	NA	NA	NA	NA	NA	NA	NA	NA
NA	NA	NA	NA	NA	NA	NA	NA	NA	NA	NA	NA	NA	NA	NA	NA
NA	NA	NA	NA	NA	NA	NA	NA	NA	NA	NA	NA	NA	NA	NA	NA
NA	NA	NA	NA	NA	NA	NA	NA	NA	NA	NA	NA	NA	NA	NA	NA
NA	NA	NA	NA	NA	NA	NA	NA	NA	NA	NA	NA	NA	NA	NA	NA
NA	NA	NA	NA	NA	NA	NA	NA	NA	NA	NA	NA	NA	NA	NA	NA
NA	NA	NA	NA	NA	NA	NA	NA	NA	NA	NA	NA	NA	NA	NA	NA
NA	NA	NA	NA	NA	NA	NA	NA	NA	NA	NA	NA	NA	NA	NA	NA
NA	NA	NA	NA	NA	NA	NA	NA	NA	NA	NA	NA	NA	NA	NA	NA
NA	NA	NA	NA	NA	NA	NA	NA	NA	NA	NA	NA	NA	NA	NA	NA
NA	NA	NA	NA	NA	NA	NA	NA	NA	NA	NA	NA	NA	NA	NA	NA
NA	NA	NA	NA	NA	NA	NA	NA	NA	NA	NA	NA	NA	NA	NA	NA
NA	NA	NA	NA	NA	NA	NA	NA	NA	NA	NA	NA	NA	NA	NA	NA
NA	NA	NA	NA	NA	NA	NA	NA	NA	NA	NA	NA	NA	NA	NA	NA
NA	NA	NA	NA	NA	NA	NA	NA	NA	NA	NA	NA	NA	NA	NA	NA
NA	NA	NA	NA	NA	NA	NA	NA	NA	NA	NA	NA	NA	NA	NA	NA
NA	NA	NA	NA	NA	NA	NA	NA	NA	NA	NA	NA	NA	NA	NA	NA
NA	NA	NA	NA	NA	NA	NA	NA	NA	NA	NA	NA	NA	NA	NA	NA
NA	NA	NA	NA	NA	NA	NA	NA	NA	NA	NA	NA	NA	NA	NA	NA
NA	NA	NA	NA	NA	NA	NA	NA	NA	NA	NA	NA	NA	NA	NA	NA
NA	NA	NA	NA	NA	NA	NA	NA	NA	NA	NA	NA	NA	NA	NA	NA
NA	NA	NA	NA	NA	NA	NA	NA	NA	NA	NA	NA	NA	NA	NA	NA
NA	NA	NA	NA	NA	NA	NA	NA	NA	NA	NA	NA	NA	NA	NA	NA
NA	NA	NA	NA	NA	NA	NA	NA	NA	NA	NA	NA	NA	NA	NA	NA
NA	NA	NA	NA	NA	NA	NA	NA	NA	NA	NA	NA	NA	NA	NA	NA
NA	NA	NA	NA	NA	NA	NA	NA	NA	NA	NA	NA	NA	NA	NA	NA
NA	NA	NA	NA	NA	NA	NA	NA	NA	NA	NA	NA	NA	NA	NA	NA
NA	NA	NA	NA	NA	NA	NA	NA	NA	NA	NA	NA	NA	NA	NA	NA
NA	NA	NA	NA	NA	NA	NA	NA	NA	NA	NA	NA	NA	NA	NA	NA
NA	NA	NA	NA	NA	NA	NA	NA	NA	NA	NA	NA	NA	NA	NA	NA
NA	NA	NA	NA	NA	NA	NA	NA	NA	NA	NA	NA	NA	NA	NA	NA
NA	NA	NA	NA	NA	NA	NA	NA	NA	NA	NA	NA	NA	NA	NA	NA
