X1	X2	X3	X4	X1.1	X2.1	X3.1	X4.1	X1.2	X2.2	X3.2	X4.2	X1.3	X2.3	X3.3	X4.3
NA	NA	NA	NA	NA	NA	NA	NA	NA	NA	NA	NA	NA	NA	NA	NA
NA	NA	NA	NA	NA	NA	NA	NA	NA	NA	NA	NA	NA	NA	NA	NA
NA	NA	NA	NA	NA	NA	NA	NA	NA	NA	NA	NA	NA	NA	NA	NA
NA	NA	NA	NA	NA	NA	NA	NA	NA	NA	NA	NA	NA	NA	NA	NA
NA	NA	NA	NA	NA	NA	NA	NA	NA	NA	NA	NA	NA	NA	NA	NA
NA	NA	NA	NA	NA	NA	NA	NA	NA	NA	NA	NA	NA	NA	NA	NA
NA	NA	NA	NA	NA	NA	NA	NA	NA	NA	NA	NA	NA	NA	NA	NA
NA	NA	NA	NA	NA	NA	NA	NA	NA	NA	NA	NA	NA	NA	NA	NA
NA	NA	NA	NA	NA	NA	NA	NA	NA	NA	NA	NA	NA	NA	NA	NA
NA	NA	NA	NA	NA	NA	NA	NA	NA	NA	NA	NA	NA	NA	NA	NA
NA	NA	NA	NA	NA	NA	NA	NA	NA	NA	NA	NA	NA	NA	NA	NA
NA	NA	NA	NA	NA	NA	NA	NA	NA	NA	NA	NA	NA	NA	NA	NA
NA	NA	NA	NA	NA	NA	NA	NA	NA	NA	NA	NA	NA	NA	NA	NA
NA	NA	NA	NA	NA	NA	NA	NA	NA	NA	NA	NA	NA	NA	NA	NA
NA	NA	NA	NA	NA	NA	NA	NA	NA	NA	NA	NA	NA	NA	NA	NA
NA	NA	NA	NA	NA	NA	NA	NA	NA	NA	NA	NA	NA	NA	NA	NA
NA	NA	NA	NA	NA	NA	NA	NA	NA	NA	NA	NA	NA	NA	NA	NA
NA	NA	NA	NA	NA	NA	NA	NA	NA	NA	NA	NA	NA	NA	NA	NA
NA	NA	NA	NA	NA	NA	NA	NA	NA	NA	NA	NA	NA	NA	NA	NA
NA	NA	NA	NA	NA	NA	NA	NA	NA	NA	NA	NA	NA	NA	NA	NA
NA	NA	NA	NA	NA	NA	NA	NA	NA	NA	NA	NA	NA	NA	NA	NA
NA	NA	NA	NA	NA	NA	NA	NA	NA	NA	NA	NA	NA	NA	NA	NA
NA	NA	NA	NA	NA	NA	NA	NA	NA	NA	NA	NA	NA	NA	NA	NA
NA	NA	NA	NA	NA	NA	NA	NA	NA	NA	NA	NA	NA	NA	NA	NA
NA	NA	NA	NA	NA	NA	NA	NA	NA	NA	NA	NA	NA	NA	NA	NA
NA	NA	NA	NA	NA	NA	NA	NA	NA	NA	NA	NA	NA	NA	NA	NA
NA	NA	NA	NA	NA	NA	NA	NA	NA	NA	NA	NA	NA	NA	NA	NA
NA	NA	NA	NA	NA	NA	NA	NA	NA	NA	NA	NA	NA	NA	NA	NA
NA	NA	NA	NA	NA	NA	NA	NA	NA	NA	NA	NA	NA	NA	NA	NA
NA	NA	NA	NA	NA	NA	NA	NA	NA	NA	NA	NA	NA	NA	NA	NA
NA	NA	NA	NA	NA	NA	NA	NA	NA	NA	NA	NA	NA	NA	NA	NA
NA	NA	NA	NA	NA	NA	NA	NA	NA	NA	NA	NA	NA	NA	NA	NA
NA	NA	NA	NA	NA	NA	NA	NA	NA	NA	NA	NA	NA	NA	NA	NA
NA	NA	NA	NA	NA	NA	NA	NA	NA	NA	NA	NA	NA	NA	NA	NA
NA	NA	NA	NA	NA	NA	NA	NA	NA	NA	NA	NA	NA	NA	NA	NA
NA	NA	NA	NA	NA	NA	NA	NA	NA	NA	NA	NA	NA	NA	NA	NA
NA	NA	NA	NA	NA	NA	NA	NA	NA	NA	NA	NA	NA	NA	NA	NA
NA	NA	NA	NA	NA	NA	NA	NA	NA	NA	NA	NA	NA	NA	NA	NA
NA	NA	NA	NA	NA	NA	NA	NA	NA	NA	NA	NA	NA	NA	NA	NA
NA	NA	NA	NA	NA	NA	NA	NA	NA	NA	NA	NA	NA	NA	NA	NA
NA	NA	NA	NA	NA	NA	NA	NA	NA	NA	NA	NA	NA	NA	NA	NA
NA	NA	NA	NA	NA	NA	NA	NA	NA	NA	NA	NA	NA	NA	NA	NA
NA	NA	NA	NA	NA	NA	NA	NA	NA	NA	NA	NA	NA	NA	NA	NA
NA	NA	NA	NA	NA	NA	NA	NA	NA	NA	NA	NA	NA	NA	NA	NA
NA	NA	NA	NA	NA	NA	NA	NA	NA	NA	NA	NA	NA	NA	NA	NA
NA	NA	NA	NA	NA	NA	NA	NA	NA	NA	NA	NA	NA	NA	NA	NA
NA	NA	NA	NA	NA	NA	NA	NA	NA	NA	NA	NA	NA	NA	NA	NA
NA	NA	NA	NA	NA	NA	NA	NA	NA	NA	NA	NA	NA	NA	NA	NA
NA	NA	NA	NA	NA	NA	NA	NA	NA	NA	NA	NA	NA	NA	NA	NA
NA	NA	NA	NA	NA	NA	NA	NA	NA	NA	NA	NA	NA	NA	NA	NA
NA	NA	NA	NA	NA	NA	NA	NA	NA	NA	NA	NA	NA	NA	NA	NA
NA	NA	NA	NA	NA	NA	NA	NA	NA	NA	NA	NA	NA	NA	NA	NA
NA	NA	NA	NA	NA	NA	NA	NA	NA	NA	NA	NA	NA	NA	NA	NA
NA	NA	NA	NA	NA	NA	NA	NA	NA	NA	NA	NA	NA	NA	NA	NA
NA	NA	NA	NA	NA	NA	NA	NA	NA	NA	NA	NA	NA	NA	NA	NA
NA	NA	NA	NA	NA	NA	NA	NA	NA	NA	NA	NA	NA	NA	NA	NA
NA	NA	NA	NA	NA	NA	NA	NA	NA	NA	NA	NA	NA	NA	NA	NA
NA	NA	NA	NA	NA	NA	NA	NA	NA	NA	NA	NA	NA	NA	NA	NA
NA	NA	NA	NA	NA	NA	NA	NA	NA	NA	NA	NA	NA	NA	NA	NA
NA	NA	NA	NA	NA	NA	NA	NA	NA	NA	NA	NA	NA	NA	NA	NA
NA	NA	NA	NA	NA	NA	NA	NA	NA	NA	NA	NA	NA	NA	NA	NA
NA	NA	NA	NA	NA	NA	NA	NA	NA	NA	NA	NA	NA	NA	NA	NA
NA	NA	NA	NA	NA	NA	NA	NA	NA	NA	NA	NA	NA	NA	NA	NA
NA	NA	NA	NA	NA	NA	NA	NA	NA	NA	NA	NA	NA	NA	NA	NA
NA	NA	NA	NA	NA	NA	NA	NA	NA	NA	NA	NA	NA	NA	NA	NA
NA	NA	NA	NA	NA	NA	NA	NA	NA	NA	NA	NA	NA	NA	NA	NA
NA	NA	NA	NA	NA	NA	NA	NA	NA	NA	NA	NA	NA	NA	NA	NA
NA	NA	NA	NA	NA	NA	NA	NA	NA	NA	NA	NA	NA	NA	NA	NA
NA	NA	NA	NA	NA	NA	NA	NA	NA	NA	NA	NA	NA	NA	NA	NA
NA	NA	NA	NA	NA	NA	NA	NA	NA	NA	NA	NA	NA	NA	NA	NA
NA	NA	NA	NA	NA	NA	NA	NA	NA	NA	NA	NA	NA	NA	NA	NA
NA	NA	NA	NA	NA	NA	NA	NA	NA	NA	NA	NA	NA	NA	NA	NA
NA	NA	NA	NA	NA	NA	NA	NA	NA	NA	NA	NA	NA	NA	NA	NA
NA	NA	NA	NA	NA	NA	NA	NA	NA	NA	NA	NA	NA	NA	NA	NA
NA	NA	NA	NA	NA	NA	NA	NA	NA	NA	NA	NA	NA	NA	NA	NA
NA	NA	NA	NA	NA	NA	NA	NA	NA	NA	NA	NA	NA	NA	NA	NA
NA	NA	NA	NA	NA	NA	NA	NA	NA	NA	NA	NA	NA	NA	NA	NA
NA	NA	NA	NA	NA	NA	NA	NA	NA	NA	NA	NA	NA	NA	NA	NA
NA	NA	NA	NA	NA	NA	NA	NA	NA	NA	NA	NA	NA	NA	NA	NA
NA	NA	NA	NA	NA	NA	NA	NA	NA	NA	NA	NA	NA	NA	NA	NA
NA	NA	NA	NA	NA	NA	NA	NA	NA	NA	NA	NA	NA	NA	NA	NA
NA	NA	NA	NA	NA	NA	NA	NA	NA	NA	NA	NA	NA	NA	NA	NA
NA	NA	NA	NA	NA	NA	NA	NA	NA	NA	NA	NA	NA	NA	NA	NA
NA	NA	NA	NA	NA	NA	NA	NA	NA	NA	NA	NA	NA	NA	NA	NA
NA	NA	NA	NA	NA	NA	NA	NA	NA	NA	NA	NA	NA	NA	NA	NA
NA	NA	NA	NA	NA	NA	NA	NA	NA	NA	NA	NA	NA	NA	NA	NA
NA	NA	NA	NA	NA	NA	NA	NA	NA	NA	NA	NA	NA	NA	NA	NA
NA	NA	NA	NA	NA	NA	NA	NA	NA	NA	NA	NA	NA	NA	NA	NA
NA	NA	NA	NA	NA	NA	NA	NA	NA	NA	NA	NA	NA	NA	NA	NA
NA	NA	NA	NA	NA	NA	NA	NA	NA	NA	NA	NA	NA	NA	NA	NA
NA	NA	NA	NA	NA	NA	NA	NA	NA	NA	NA	NA	NA	NA	NA	NA
NA	NA	NA	NA	NA	NA	NA	NA	NA	NA	NA	NA	NA	NA	NA	NA
NA	NA	NA	NA	NA	NA	NA	NA	NA	NA	NA	NA	NA	NA	NA	NA
NA	NA	NA	NA	NA	NA	NA	NA	NA	NA	NA	NA	NA	NA	NA	NA
NA	NA	NA	NA	NA	NA	NA	NA	NA	NA	NA	NA	NA	NA	NA	NA
NA	NA	NA	NA	NA	NA	NA	NA	NA	NA	NA	NA	NA	NA	NA	NA
NA	NA	NA	NA	NA	NA	NA	NA	NA	NA	NA	NA	NA	NA	NA	NA
NA	NA	NA	NA	NA	NA	NA	NA	NA	NA	NA	NA	NA	NA	NA	NA
NA	NA	NA	NA	NA	NA	NA	NA	NA	NA	NA	NA	NA	NA	NA	NA
NA	NA	NA	NA	NA	NA	NA	NA	NA	NA	NA	NA	NA	NA	NA	NA
NA	NA	NA	NA	NA	NA	NA	NA	NA	NA	NA	NA	NA	NA	NA	NA
NA	NA	NA	NA	NA	NA	NA	NA	NA	NA	NA	NA	NA	NA	NA	NA
NA	NA	NA	NA	NA	NA	NA	NA	NA	NA	NA	NA	NA	NA	NA	NA
NA	NA	NA	NA	NA	NA	NA	NA	NA	NA	NA	NA	NA	NA	NA	NA
NA	NA	NA	NA	NA	NA	NA	NA	NA	NA	NA	NA	NA	NA	NA	NA
NA	NA	NA	NA	NA	NA	NA	NA	NA	NA	NA	NA	NA	NA	NA	NA
NA	NA	NA	NA	NA	NA	NA	NA	NA	NA	NA	NA	NA	NA	NA	NA
NA	NA	NA	NA	NA	NA	NA	NA	NA	NA	NA	NA	NA	NA	NA	NA
NA	NA	NA	NA	NA	NA	NA	NA	NA	NA	NA	NA	NA	NA	NA	NA
NA	NA	NA	NA	NA	NA	NA	NA	NA	NA	NA	NA	NA	NA	NA	NA
NA	NA	NA	NA	NA	NA	NA	NA	NA	NA	NA	NA	NA	NA	NA	NA
NA	NA	NA	NA	NA	NA	NA	NA	NA	NA	NA	NA	NA	NA	NA	NA
NA	NA	NA	NA	NA	NA	NA	NA	NA	NA	NA	NA	NA	NA	NA	NA
NA	NA	NA	NA	NA	NA	NA	NA	NA	NA	NA	NA	NA	NA	NA	NA
NA	NA	NA	NA	NA	NA	NA	NA	NA	NA	NA	NA	NA	NA	NA	NA
NA	NA	NA	NA	NA	NA	NA	NA	NA	NA	NA	NA	NA	NA	NA	NA
NA	NA	NA	NA	NA	NA	NA	NA	NA	NA	NA	NA	NA	NA	NA	NA
NA	NA	NA	NA	NA	NA	NA	NA	NA	NA	NA	NA	NA	NA	NA	NA
NA	NA	NA	NA	NA	NA	NA	NA	NA	NA	NA	NA	NA	NA	NA	NA
NA	NA	NA	NA	NA	NA	NA	NA	NA	NA	NA	NA	NA	NA	NA	NA
NA	NA	NA	NA	NA	NA	NA	NA	NA	NA	NA	NA	NA	NA	NA	NA
NA	NA	NA	NA	NA	NA	NA	NA	NA	NA	NA	NA	NA	NA	NA	NA
NA	NA	NA	NA	NA	NA	NA	NA	NA	NA	NA	NA	NA	NA	NA	NA
NA	NA	NA	NA	NA	NA	NA	NA	NA	NA	NA	NA	NA	NA	NA	NA
NA	NA	NA	NA	NA	NA	NA	NA	NA	NA	NA	NA	NA	NA	NA	NA
NA	NA	NA	NA	NA	NA	NA	NA	NA	NA	NA	NA	NA	NA	NA	NA
NA	NA	NA	NA	NA	NA	NA	NA	NA	NA	NA	NA	NA	NA	NA	NA
NA	NA	NA	NA	NA	NA	NA	NA	NA	NA	NA	NA	NA	NA	NA	NA
NA	NA	NA	NA	NA	NA	NA	NA	NA	NA	NA	NA	NA	NA	NA	NA
NA	NA	NA	NA	NA	NA	NA	NA	NA	NA	NA	NA	NA	NA	NA	NA
NA	NA	NA	NA	NA	NA	NA	NA	NA	NA	NA	NA	NA	NA	NA	NA
NA	NA	NA	NA	NA	NA	NA	NA	NA	NA	NA	NA	NA	NA	NA	NA
NA	NA	NA	NA	NA	NA	NA	NA	NA	NA	NA	NA	NA	NA	NA	NA
NA	NA	NA	NA	NA	NA	NA	NA	NA	NA	NA	NA	NA	NA	NA	NA
NA	NA	NA	NA	NA	NA	NA	NA	NA	NA	NA	NA	NA	NA	NA	NA
NA	NA	NA	NA	NA	NA	NA	NA	NA	NA	NA	NA	NA	NA	NA	NA
NA	NA	NA	NA	NA	NA	NA	NA	NA	NA	NA	NA	NA	NA	NA	NA
NA	NA	NA	NA	NA	NA	NA	NA	NA	NA	NA	NA	NA	NA	NA	NA
NA	NA	NA	NA	NA	NA	NA	NA	NA	NA	NA	NA	NA	NA	NA	NA
NA	NA	NA	NA	NA	NA	NA	NA	NA	NA	NA	NA	NA	NA	NA	NA
NA	NA	NA	NA	NA	NA	NA	NA	NA	NA	NA	NA	NA	NA	NA	NA
NA	NA	NA	NA	NA	NA	NA	NA	NA	NA	NA	NA	NA	NA	NA	NA
NA	NA	NA	NA	NA	NA	NA	NA	NA	NA	NA	NA	NA	NA	NA	NA
NA	NA	NA	NA	NA	NA	NA	NA	NA	NA	NA	NA	NA	NA	NA	NA
NA	NA	NA	NA	NA	NA	NA	NA	NA	NA	NA	NA	NA	NA	NA	NA
NA	NA	NA	NA	NA	NA	NA	NA	NA	NA	NA	NA	NA	NA	NA	NA
NA	NA	NA	NA	NA	NA	NA	NA	NA	NA	NA	NA	NA	NA	NA	NA
NA	NA	NA	NA	NA	NA	NA	NA	NA	NA	NA	NA	NA	NA	NA	NA
NA	NA	NA	NA	NA	NA	NA	NA	NA	NA	NA	NA	NA	NA	NA	NA
NA	NA	NA	NA	NA	NA	NA	NA	NA	NA	NA	NA	NA	NA	NA	NA
NA	NA	NA	NA	NA	NA	NA	NA	NA	NA	NA	NA	NA	NA	NA	NA
NA	NA	NA	NA	NA	NA	NA	NA	NA	NA	NA	NA	NA	NA	NA	NA
NA	NA	NA	NA	NA	NA	NA	NA	NA	NA	NA	NA	NA	NA	NA	NA
NA	NA	NA	NA	NA	NA	NA	NA	NA	NA	NA	NA	NA	NA	NA	NA
NA	NA	NA	NA	NA	NA	NA	NA	NA	NA	NA	NA	NA	NA	NA	NA
NA	NA	NA	NA	NA	NA	NA	NA	NA	NA	NA	NA	NA	NA	NA	NA
NA	NA	NA	NA	NA	NA	NA	NA	NA	NA	NA	NA	NA	NA	NA	NA
NA	NA	NA	NA	NA	NA	NA	NA	NA	NA	NA	NA	NA	NA	NA	NA
NA	NA	NA	NA	NA	NA	NA	NA	NA	NA	NA	NA	NA	NA	NA	NA
NA	NA	NA	NA	NA	NA	NA	NA	NA	NA	NA	NA	NA	NA	NA	NA
NA	NA	NA	NA	NA	NA	NA	NA	NA	NA	NA	NA	NA	NA	NA	NA
NA	NA	NA	NA	NA	NA	NA	NA	NA	NA	NA	NA	NA	NA	NA	NA
NA	NA	NA	NA	NA	NA	NA	NA	NA	NA	NA	NA	NA	NA	NA	NA
NA	NA	NA	NA	NA	NA	NA	NA	NA	NA	NA	NA	NA	NA	NA	NA
NA	NA	NA	NA	NA	NA	NA	NA	NA	NA	NA	NA	NA	NA	NA	NA
NA	NA	NA	NA	NA	NA	NA	NA	NA	NA	NA	NA	NA	NA	NA	NA
NA	NA	NA	NA	NA	NA	NA	NA	NA	NA	NA	NA	NA	NA	NA	NA
NA	NA	NA	NA	NA	NA	NA	NA	NA	NA	NA	NA	NA	NA	NA	NA
NA	NA	NA	NA	NA	NA	NA	NA	NA	NA	NA	NA	NA	NA	NA	NA
NA	NA	NA	NA	NA	NA	NA	NA	NA	NA	NA	NA	NA	NA	NA	NA
NA	NA	NA	NA	NA	NA	NA	NA	NA	NA	NA	NA	NA	NA	NA	NA
NA	NA	NA	NA	NA	NA	NA	NA	NA	NA	NA	NA	NA	NA	NA	NA
NA	NA	NA	NA	NA	NA	NA	NA	NA	NA	NA	NA	NA	NA	NA	NA
NA	NA	NA	NA	NA	NA	NA	NA	NA	NA	NA	NA	NA	NA	NA	NA
NA	NA	NA	NA	NA	NA	NA	NA	NA	NA	NA	NA	NA	NA	NA	NA
NA	NA	NA	NA	NA	NA	NA	NA	NA	NA	NA	NA	NA	NA	NA	NA
NA	NA	NA	NA	NA	NA	NA	NA	NA	NA	NA	NA	NA	NA	NA	NA
NA	NA	NA	NA	NA	NA	NA	NA	NA	NA	NA	NA	NA	NA	NA	NA
NA	NA	NA	NA	NA	NA	NA	NA	NA	NA	NA	NA	NA	NA	NA	NA
NA	NA	NA	NA	NA	NA	NA	NA	NA	NA	NA	NA	NA	NA	NA	NA
NA	NA	NA	NA	NA	NA	NA	NA	NA	NA	NA	NA	NA	NA	NA	NA
NA	NA	NA	NA	NA	NA	NA	NA	NA	NA	NA	NA	NA	NA	NA	NA
NA	NA	NA	NA	NA	NA	NA	NA	NA	NA	NA	NA	NA	NA	NA	NA
NA	NA	NA	NA	NA	NA	NA	NA	NA	NA	NA	NA	NA	NA	NA	NA
NA	NA	NA	NA	NA	NA	NA	NA	NA	NA	NA	NA	NA	NA	NA	NA
NA	NA	NA	NA	NA	NA	NA	NA	NA	NA	NA	NA	NA	NA	NA	NA
NA	NA	NA	NA	NA	NA	NA	NA	NA	NA	NA	NA	NA	NA	NA	NA
NA	NA	NA	NA	NA	NA	NA	NA	NA	NA	NA	NA	NA	NA	NA	NA
NA	NA	NA	NA	NA	NA	NA	NA	NA	NA	NA	NA	NA	NA	NA	NA
NA	NA	NA	NA	NA	NA	NA	NA	NA	NA	NA	NA	NA	NA	NA	NA
NA	NA	NA	NA	NA	NA	NA	NA	NA	NA	NA	NA	NA	NA	NA	NA
NA	NA	NA	NA	NA	NA	NA	NA	NA	NA	NA	NA	NA	NA	NA	NA
NA	NA	NA	NA	NA	NA	NA	NA	NA	NA	NA	NA	NA	NA	NA	NA
NA	NA	NA	NA	NA	NA	NA	NA	NA	NA	NA	NA	NA	NA	NA	NA
NA	NA	NA	NA	NA	NA	NA	NA	NA	NA	NA	NA	NA	NA	NA	NA
NA	NA	NA	NA	NA	NA	NA	NA	NA	NA	NA	NA	NA	NA	NA	NA
NA	NA	NA	NA	NA	NA	NA	NA	NA	NA	NA	NA	NA	NA	NA	NA
NA	NA	NA	NA	NA	NA	NA	NA	NA	NA	NA	NA	NA	NA	NA	NA
NA	NA	NA	NA	NA	NA	NA	NA	NA	NA	NA	NA	NA	NA	NA	NA
NA	NA	NA	NA	NA	NA	NA	NA	NA	NA	NA	NA	NA	NA	NA	NA
NA	NA	NA	NA	NA	NA	NA	NA	NA	NA	NA	NA	NA	NA	NA	NA
NA	NA	NA	NA	NA	NA	NA	NA	NA	NA	NA	NA	NA	NA	NA	NA
NA	NA	NA	NA	NA	NA	NA	NA	NA	NA	NA	NA	NA	NA	NA	NA
NA	NA	NA	NA	NA	NA	NA	NA	NA	NA	NA	NA	NA	NA	NA	NA
NA	NA	NA	NA	NA	NA	NA	NA	NA	NA	NA	NA	NA	NA	NA	NA
NA	NA	NA	NA	NA	NA	NA	NA	NA	NA	NA	NA	NA	NA	NA	NA
NA	NA	NA	NA	NA	NA	NA	NA	NA	NA	NA	NA	NA	NA	NA	NA
NA	NA	NA	NA	NA	NA	NA	NA	NA	NA	NA	NA	NA	NA	NA	NA
NA	NA	NA	NA	NA	NA	NA	NA	NA	NA	NA	NA	NA	NA	NA	NA
NA	NA	NA	NA	NA	NA	NA	NA	NA	NA	NA	NA	NA	NA	NA	NA
NA	NA	NA	NA	NA	NA	NA	NA	NA	NA	NA	NA	NA	NA	NA	NA
NA	NA	NA	NA	NA	NA	NA	NA	NA	NA	NA	NA	NA	NA	NA	NA
NA	NA	NA	NA	NA	NA	NA	NA	NA	NA	NA	NA	NA	NA	NA	NA
NA	NA	NA	NA	NA	NA	NA	NA	NA	NA	NA	NA	NA	NA	NA	NA
NA	NA	NA	NA	NA	NA	NA	NA	NA	NA	NA	NA	NA	NA	NA	NA
NA	NA	NA	NA	NA	NA	NA	NA	NA	NA	NA	NA	NA	NA	NA	NA
NA	NA	NA	NA	NA	NA	NA	NA	NA	NA	NA	NA	NA	NA	NA	NA
NA	NA	NA	NA	NA	NA	NA	NA	NA	NA	NA	NA	NA	NA	NA	NA
NA	NA	NA	NA	NA	NA	NA	NA	NA	NA	NA	NA	NA	NA	NA	NA
NA	NA	NA	NA	NA	NA	NA	NA	NA	NA	NA	NA	NA	NA	NA	NA
NA	NA	NA	NA	NA	NA	NA	NA	NA	NA	NA	NA	NA	NA	NA	NA
NA	NA	NA	NA	NA	NA	NA	NA	NA	NA	NA	NA	NA	NA	NA	NA
NA	NA	NA	NA	NA	NA	NA	NA	NA	NA	NA	NA	NA	NA	NA	NA
NA	NA	NA	NA	NA	NA	NA	NA	NA	NA	NA	NA	NA	NA	NA	NA
NA	NA	NA	NA	NA	NA	NA	NA	NA	NA	NA	NA	NA	NA	NA	NA
NA	NA	NA	NA	NA	NA	NA	NA	NA	NA	NA	NA	NA	NA	NA	NA
NA	NA	NA	NA	NA	NA	NA	NA	NA	NA	NA	NA	NA	NA	NA	NA
NA	NA	NA	NA	NA	NA	NA	NA	NA	NA	NA	NA	NA	NA	NA	NA
NA	NA	NA	NA	NA	NA	NA	NA	NA	NA	NA	NA	NA	NA	NA	NA
NA	NA	NA	NA	NA	NA	NA	NA	NA	NA	NA	NA	NA	NA	NA	NA
NA	NA	NA	NA	NA	NA	NA	NA	NA	NA	NA	NA	NA	NA	NA	NA
NA	NA	NA	NA	NA	NA	NA	NA	NA	NA	NA	NA	NA	NA	NA	NA
NA	NA	NA	NA	NA	NA	NA	NA	NA	NA	NA	NA	NA	NA	NA	NA
NA	NA	NA	NA	NA	NA	NA	NA	NA	NA	NA	NA	NA	NA	NA	NA
NA	NA	NA	NA	NA	NA	NA	NA	NA	NA	NA	NA	NA	NA	NA	NA
NA	NA	NA	NA	NA	NA	NA	NA	NA	NA	NA	NA	NA	NA	NA	NA
NA	NA	NA	NA	NA	NA	NA	NA	NA	NA	NA	NA	NA	NA	NA	NA
NA	NA	NA	NA	NA	NA	NA	NA	NA	NA	NA	NA	NA	NA	NA	NA
NA	NA	NA	NA	NA	NA	NA	NA	NA	NA	NA	NA	NA	NA	NA	NA
NA	NA	NA	NA	NA	NA	NA	NA	NA	NA	NA	NA	NA	NA	NA	NA
NA	NA	NA	NA	NA	NA	NA	NA	NA	NA	NA	NA	NA	NA	NA	NA
NA	NA	NA	NA	NA	NA	NA	NA	NA	NA	NA	NA	NA	NA	NA	NA
NA	NA	NA	NA	NA	NA	NA	NA	NA	NA	NA	NA	NA	NA	NA	NA
NA	NA	NA	NA	NA	NA	NA	NA	NA	NA	NA	NA	NA	NA	NA	NA
NA	NA	NA	NA	NA	NA	NA	NA	NA	NA	NA	NA	NA	NA	NA	NA
NA	NA	NA	NA	NA	NA	NA	NA	NA	NA	NA	NA	NA	NA	NA	NA
NA	NA	NA	NA	NA	NA	NA	NA	NA	NA	NA	NA	NA	NA	NA	NA
NA	NA	NA	NA	NA	NA	NA	NA	NA	NA	NA	NA	NA	NA	NA	NA
NA	NA	NA	NA	NA	NA	NA	NA	NA	NA	NA	NA	NA	NA	NA	NA
NA	NA	NA	NA	NA	NA	NA	NA	NA	NA	NA	NA	NA	NA	NA	NA
NA	NA	NA	NA	NA	NA	NA	NA	NA	NA	NA	NA	NA	NA	NA	NA
NA	NA	NA	NA	NA	NA	NA	NA	NA	NA	NA	NA	NA	NA	NA	NA
NA	NA	NA	NA	NA	NA	NA	NA	NA	NA	NA	NA	NA	NA	NA	NA
NA	NA	NA	NA	NA	NA	NA	NA	NA	NA	NA	NA	NA	NA	NA	NA
NA	NA	NA	NA	NA	NA	NA	NA	NA	NA	NA	NA	NA	NA	NA	NA
NA	NA	NA	NA	NA	NA	NA	NA	NA	NA	NA	NA	NA	NA	NA	NA
NA	NA	NA	NA	NA	NA	NA	NA	NA	NA	NA	NA	NA	NA	NA	NA
NA	NA	NA	NA	NA	NA	NA	NA	NA	NA	NA	NA	NA	NA	NA	NA
NA	NA	NA	NA	NA	NA	NA	NA	NA	NA	NA	NA	NA	NA	NA	NA
NA	NA	NA	NA	NA	NA	NA	NA	NA	NA	NA	NA	NA	NA	NA	NA
NA	NA	NA	NA	NA	NA	NA	NA	NA	NA	NA	NA	NA	NA	NA	NA
NA	NA	NA	NA	NA	NA	NA	NA	NA	NA	NA	NA	NA	NA	NA	NA
NA	NA	NA	NA	NA	NA	NA	NA	NA	NA	NA	NA	NA	NA	NA	NA
NA	NA	NA	NA	NA	NA	NA	NA	NA	NA	NA	NA	NA	NA	NA	NA
NA	NA	NA	NA	NA	NA	NA	NA	NA	NA	NA	NA	NA	NA	NA	NA
NA	NA	NA	NA	NA	NA	NA	NA	NA	NA	NA	NA	NA	NA	NA	NA
NA	NA	NA	NA	NA	NA	NA	NA	NA	NA	NA	NA	NA	NA	NA	NA
NA	NA	NA	NA	NA	NA	NA	NA	NA	NA	NA	NA	NA	NA	NA	NA
NA	NA	NA	NA	NA	NA	NA	NA	NA	NA	NA	NA	NA	NA	NA	NA
NA	NA	NA	NA	NA	NA	NA	NA	NA	NA	NA	NA	NA	NA	NA	NA
NA	NA	NA	NA	NA	NA	NA	NA	NA	NA	NA	NA	NA	NA	NA	NA
NA	NA	NA	NA	NA	NA	NA	NA	NA	NA	NA	NA	NA	NA	NA	NA
NA	NA	NA	NA	NA	NA	NA	NA	NA	NA	NA	NA	NA	NA	NA	NA
NA	NA	NA	NA	NA	NA	NA	NA	NA	NA	NA	NA	NA	NA	NA	NA
NA	NA	NA	NA	NA	NA	NA	NA	NA	NA	NA	NA	NA	NA	NA	NA
NA	NA	NA	NA	NA	NA	NA	NA	NA	NA	NA	NA	NA	NA	NA	NA
NA	NA	NA	NA	NA	NA	NA	NA	NA	NA	NA	NA	NA	NA	NA	NA
NA	NA	NA	NA	NA	NA	NA	NA	NA	NA	NA	NA	NA	NA	NA	NA
NA	NA	NA	NA	NA	NA	NA	NA	NA	NA	NA	NA	NA	NA	NA	NA
NA	NA	NA	NA	NA	NA	NA	NA	NA	NA	NA	NA	NA	NA	NA	NA
NA	NA	NA	NA	NA	NA	NA	NA	NA	NA	NA	NA	NA	NA	NA	NA
NA	NA	NA	NA	NA	NA	NA	NA	NA	NA	NA	NA	NA	NA	NA	NA
NA	NA	NA	NA	NA	NA	NA	NA	NA	NA	NA	NA	NA	NA	NA	NA
NA	NA	NA	NA	NA	NA	NA	NA	NA	NA	NA	NA	NA	NA	NA	NA
NA	NA	NA	NA	NA	NA	NA	NA	NA	NA	NA	NA	NA	NA	NA	NA
NA	NA	NA	NA	NA	NA	NA	NA	NA	NA	NA	NA	NA	NA	NA	NA
NA	NA	NA	NA	NA	NA	NA	NA	NA	NA	NA	NA	NA	NA	NA	NA
NA	NA	NA	NA	NA	NA	NA	NA	NA	NA	NA	NA	NA	NA	NA	NA
NA	NA	NA	NA	NA	NA	NA	NA	NA	NA	NA	NA	NA	NA	NA	NA
NA	NA	NA	NA	NA	NA	NA	NA	NA	NA	NA	NA	NA	NA	NA	NA
NA	NA	NA	NA	NA	NA	NA	NA	NA	NA	NA	NA	NA	NA	NA	NA
NA	NA	NA	NA	NA	NA	NA	NA	NA	NA	NA	NA	NA	NA	NA	NA
NA	NA	NA	NA	NA	NA	NA	NA	NA	NA	NA	NA	NA	NA	NA	NA
NA	NA	NA	NA	NA	NA	NA	NA	NA	NA	NA	NA	NA	NA	NA	NA
NA	NA	NA	NA	NA	NA	NA	NA	NA	NA	NA	NA	NA	NA	NA	NA
NA	NA	NA	NA	NA	NA	NA	NA	NA	NA	NA	NA	NA	NA	NA	NA
NA	NA	NA	NA	NA	NA	NA	NA	NA	NA	NA	NA	NA	NA	NA	NA
NA	NA	NA	NA	NA	NA	NA	NA	NA	NA	NA	NA	NA	NA	NA	NA
NA	NA	NA	NA	NA	NA	NA	NA	NA	NA	NA	NA	NA	NA	NA	NA
NA	NA	NA	NA	NA	NA	NA	NA	NA	NA	NA	NA	NA	NA	NA	NA
NA	NA	NA	NA	NA	NA	NA	NA	NA	NA	NA	NA	NA	NA	NA	NA
NA	NA	NA	NA	NA	NA	NA	NA	NA	NA	NA	NA	NA	NA	NA	NA
NA	NA	NA	NA	NA	NA	NA	NA	NA	NA	NA	NA	NA	NA	NA	NA
NA	NA	NA	NA	NA	NA	NA	NA	NA	NA	NA	NA	NA	NA	NA	NA
NA	NA	NA	NA	NA	NA	NA	NA	NA	NA	NA	NA	NA	NA	NA	NA
NA	NA	NA	NA	NA	NA	NA	NA	NA	NA	NA	NA	NA	NA	NA	NA
NA	NA	NA	NA	NA	NA	NA	NA	NA	NA	NA	NA	NA	NA	NA	NA
NA	NA	NA	NA	NA	NA	NA	NA	NA	NA	NA	NA	NA	NA	NA	NA
NA	NA	NA	NA	NA	NA	NA	NA	NA	NA	NA	NA	NA	NA	NA	NA
NA	NA	NA	NA	NA	NA	NA	NA	NA	NA	NA	NA	NA	NA	NA	NA
NA	NA	NA	NA	NA	NA	NA	NA	NA	NA	NA	NA	NA	NA	NA	NA
NA	NA	NA	NA	NA	NA	NA	NA	NA	NA	NA	NA	NA	NA	NA	NA
NA	NA	NA	NA	NA	NA	NA	NA	NA	NA	NA	NA	NA	NA	NA	NA
NA	NA	NA	NA	NA	NA	NA	NA	NA	NA	NA	NA	NA	NA	NA	NA
NA	NA	NA	NA	NA	NA	NA	NA	NA	NA	NA	NA	NA	NA	NA	NA
NA	NA	NA	NA	NA	NA	NA	NA	NA	NA	NA	NA	NA	NA	NA	NA
NA	NA	NA	NA	NA	NA	NA	NA	NA	NA	NA	NA	NA	NA	NA	NA
NA	NA	NA	NA	NA	NA	NA	NA	NA	NA	NA	NA	NA	NA	NA	NA
NA	NA	NA	NA	NA	NA	NA	NA	NA	NA	NA	NA	NA	NA	NA	NA
NA	NA	NA	NA	NA	NA	NA	NA	NA	NA	NA	NA	NA	NA	NA	NA
NA	NA	NA	NA	NA	NA	NA	NA	NA	NA	NA	NA	NA	NA	NA	NA
NA	NA	NA	NA	NA	NA	NA	NA	NA	NA	NA	NA	NA	NA	NA	NA
NA	NA	NA	NA	NA	NA	NA	NA	NA	NA	NA	NA	NA	NA	NA	NA
NA	NA	NA	NA	NA	NA	NA	NA	NA	NA	NA	NA	NA	NA	NA	NA
NA	NA	NA	NA	NA	NA	NA	NA	NA	NA	NA	NA	NA	NA	NA	NA
NA	NA	NA	NA	NA	NA	NA	NA	NA	NA	NA	NA	NA	NA	NA	NA
NA	NA	NA	NA	NA	NA	NA	NA	NA	NA	NA	NA	NA	NA	NA	NA
NA	NA	NA	NA	NA	NA	NA	NA	NA	NA	NA	NA	NA	NA	NA	NA
NA	NA	NA	NA	NA	NA	NA	NA	NA	NA	NA	NA	NA	NA	NA	NA
NA	NA	NA	NA	NA	NA	NA	NA	NA	NA	NA	NA	NA	NA	NA	NA
NA	NA	NA	NA	NA	NA	NA	NA	NA	NA	NA	NA	NA	NA	NA	NA
NA	NA	NA	NA	NA	NA	NA	NA	NA	NA	NA	NA	NA	NA	NA	NA
NA	NA	NA	NA	NA	NA	NA	NA	NA	NA	NA	NA	NA	NA	NA	NA
NA	NA	NA	NA	NA	NA	NA	NA	NA	NA	NA	NA	NA	NA	NA	NA
NA	NA	NA	NA	NA	NA	NA	NA	NA	NA	NA	NA	NA	NA	NA	NA
NA	NA	NA	NA	NA	NA	NA	NA	NA	NA	NA	NA	NA	NA	NA	NA
NA	NA	NA	NA	NA	NA	NA	NA	NA	NA	NA	NA	NA	NA	NA	NA
NA	NA	NA	NA	NA	NA	NA	NA	NA	NA	NA	NA	NA	NA	NA	NA
NA	NA	NA	NA	NA	NA	NA	NA	NA	NA	NA	NA	NA	NA	NA	NA
NA	NA	NA	NA	NA	NA	NA	NA	NA	NA	NA	NA	NA	NA	NA	NA
NA	NA	NA	NA	NA	NA	NA	NA	NA	NA	NA	NA	NA	NA	NA	NA
NA	NA	NA	NA	NA	NA	NA	NA	NA	NA	NA	NA	NA	NA	NA	NA
NA	NA	NA	NA	NA	NA	NA	NA	NA	NA	NA	NA	NA	NA	NA	NA
NA	NA	NA	NA	NA	NA	NA	NA	NA	NA	NA	NA	NA	NA	NA	NA
NA	NA	NA	NA	NA	NA	NA	NA	NA	NA	NA	NA	NA	NA	NA	NA
NA	NA	NA	NA	NA	NA	NA	NA	NA	NA	NA	NA	NA	NA	NA	NA
NA	NA	NA	NA	NA	NA	NA	NA	NA	NA	NA	NA	NA	NA	NA	NA
NA	NA	NA	NA	NA	NA	NA	NA	NA	NA	NA	NA	NA	NA	NA	NA
NA	NA	NA	NA	NA	NA	NA	NA	NA	NA	NA	NA	NA	NA	NA	NA
NA	NA	NA	NA	NA	NA	NA	NA	NA	NA	NA	NA	NA	NA	NA	NA
NA	NA	NA	NA	NA	NA	NA	NA	NA	NA	NA	NA	NA	NA	NA	NA
NA	NA	NA	NA	NA	NA	NA	NA	NA	NA	NA	NA	NA	NA	NA	NA
NA	NA	NA	NA	NA	NA	NA	NA	NA	NA	NA	NA	NA	NA	NA	NA
NA	NA	NA	NA	NA	NA	NA	NA	NA	NA	NA	NA	NA	NA	NA	NA
NA	NA	NA	NA	NA	NA	NA	NA	NA	NA	NA	NA	NA	NA	NA	NA
NA	NA	NA	NA	NA	NA	NA	NA	NA	NA	NA	NA	NA	NA	NA	NA
NA	NA	NA	NA	NA	NA	NA	NA	NA	NA	NA	NA	NA	NA	NA	NA
NA	NA	NA	NA	NA	NA	NA	NA	NA	NA	NA	NA	NA	NA	NA	NA
NA	NA	NA	NA	NA	NA	NA	NA	NA	NA	NA	NA	NA	NA	NA	NA
NA	NA	NA	NA	NA	NA	NA	NA	NA	NA	NA	NA	NA	NA	NA	NA
NA	NA	NA	NA	NA	NA	NA	NA	NA	NA	NA	NA	NA	NA	NA	NA
NA	NA	NA	NA	NA	NA	NA	NA	NA	NA	NA	NA	NA	NA	NA	NA
NA	NA	NA	NA	NA	NA	NA	NA	NA	NA	NA	NA	NA	NA	NA	NA
NA	NA	NA	NA	NA	NA	NA	NA	NA	NA	NA	NA	NA	NA	NA	NA
NA	NA	NA	NA	NA	NA	NA	NA	NA	NA	NA	NA	NA	NA	NA	NA
NA	NA	NA	NA	NA	NA	NA	NA	NA	NA	NA	NA	NA	NA	NA	NA
NA	NA	NA	NA	NA	NA	NA	NA	NA	NA	NA	NA	NA	NA	NA	NA
NA	NA	NA	NA	NA	NA	NA	NA	NA	NA	NA	NA	NA	NA	NA	NA
NA	NA	NA	NA	NA	NA	NA	NA	NA	NA	NA	NA	NA	NA	NA	NA
NA	NA	NA	NA	NA	NA	NA	NA	NA	NA	NA	NA	NA	NA	NA	NA
NA	NA	NA	NA	NA	NA	NA	NA	NA	NA	NA	NA	NA	NA	NA	NA
NA	NA	NA	NA	NA	NA	NA	NA	NA	NA	NA	NA	NA	NA	NA	NA
NA	NA	NA	NA	NA	NA	NA	NA	NA	NA	NA	NA	NA	NA	NA	NA
NA	NA	NA	NA	NA	NA	NA	NA	NA	NA	NA	NA	NA	NA	NA	NA
NA	NA	NA	NA	NA	NA	NA	NA	NA	NA	NA	NA	NA	NA	NA	NA
NA	NA	NA	NA	NA	NA	NA	NA	NA	NA	NA	NA	NA	NA	NA	NA
NA	NA	NA	NA	NA	NA	NA	NA	NA	NA	NA	NA	NA	NA	NA	NA
NA	NA	NA	NA	NA	NA	NA	NA	NA	NA	NA	NA	NA	NA	NA	NA
NA	NA	NA	NA	NA	NA	NA	NA	NA	NA	NA	NA	NA	NA	NA	NA
NA	NA	NA	NA	NA	NA	NA	NA	NA	NA	NA	NA	NA	NA	NA	NA
NA	NA	NA	NA	NA	NA	NA	NA	NA	NA	NA	NA	NA	NA	NA	NA
NA	NA	NA	NA	NA	NA	NA	NA	NA	NA	NA	NA	NA	NA	NA	NA
NA	NA	NA	NA	NA	NA	NA	NA	NA	NA	NA	NA	NA	NA	NA	NA
NA	NA	NA	NA	NA	NA	NA	NA	NA	NA	NA	NA	NA	NA	NA	NA
NA	NA	NA	NA	NA	NA	NA	NA	NA	NA	NA	NA	NA	NA	NA	NA
NA	NA	NA	NA	NA	NA	NA	NA	NA	NA	NA	NA	NA	NA	NA	NA
NA	NA	NA	NA	NA	NA	NA	NA	NA	NA	NA	NA	NA	NA	NA	NA
NA	NA	NA	NA	NA	NA	NA	NA	NA	NA	NA	NA	NA	NA	NA	NA
NA	NA	NA	NA	NA	NA	NA	NA	NA	NA	NA	NA	NA	NA	NA	NA
NA	NA	NA	NA	NA	NA	NA	NA	NA	NA	NA	NA	NA	NA	NA	NA
NA	NA	NA	NA	NA	NA	NA	NA	NA	NA	NA	NA	NA	NA	NA	NA
NA	NA	NA	NA	NA	NA	NA	NA	NA	NA	NA	NA	NA	NA	NA	NA
NA	NA	NA	NA	NA	NA	NA	NA	NA	NA	NA	NA	NA	NA	NA	NA
NA	NA	NA	NA	NA	NA	NA	NA	NA	NA	NA	NA	NA	NA	NA	NA
NA	NA	NA	NA	NA	NA	NA	NA	NA	NA	NA	NA	NA	NA	NA	NA
NA	NA	NA	NA	NA	NA	NA	NA	NA	NA	NA	NA	NA	NA	NA	NA
NA	NA	NA	NA	NA	NA	NA	NA	NA	NA	NA	NA	NA	NA	NA	NA
NA	NA	NA	NA	NA	NA	NA	NA	NA	NA	NA	NA	NA	NA	NA	NA
NA	NA	NA	NA	NA	NA	NA	NA	NA	NA	NA	NA	NA	NA	NA	NA
NA	NA	NA	NA	NA	NA	NA	NA	NA	NA	NA	NA	NA	NA	NA	NA
2.01597943466533	0.109768925785614	1.80083234012553	2.23112652920514	1.91275626504616	0.146916143493367	1.62480062379917	2.20071190629316	1.91275626504616	0.109768925785614	1.68769345214798	2.12180791959269	1.91135711546272	0.103350948317822	1.70863309493155	2.11408113599389
2.06002784869041	0.108200981446523	1.84795392505523	2.2721017723256	2.03290188818388	0.144516209320992	1.74965011791474	2.31615365845303	2.03290188818388	0.108200981446523	1.81471058456178	2.24656121295873	2.03349295562307	0.103329738527446	1.83081205647988	2.23617385476627
1.74683791410177	0.093258937714167	1.564050396182	1.92962543202153	1.72945631669203	0.121156411518377	1.49198975011601	1.96692288326805	1.72945631669203	0.093258937714167	1.55184792395795	1.9063888229206	1.73002256738889	0.0904217942761616	1.5526744250229	1.90737070975488
2.05333344974295	0.0963785304107359	1.8644315301379	2.24223536934799	2.01371082053747	0.124204534687719	1.77026993254954	2.2571517085254	2.01371082053747	0.0963785304107359	1.83022108349246	2.2023541637448	2.01234207539651	0.0914575831833108	1.83296169380507	2.19172245698795
1.99633935168913	0.125499508137094	1.75036031574043	2.24231838763784	2.03075941346964	0.167176932455275	1.7030926258573	2.35842620108198	2.03075941346964	0.125499508137094	1.77503237381277	2.26083749627727	2.03114976409886	0.120756568073525	1.79426078584817	2.26803874234955
1.89420550603647	0.0971671280641222	1.70375793503079	2.08465307704215	1.86108770516244	0.124225490058034	1.61760574464869	2.10456966567618	1.86108770516244	0.0971671280641222	1.66693461189127	2.05890121090233	1.86158629565832	0.0936432309910406	1.67791423887904	2.0452583524376
2.03350101984874	0.117618650095141	1.80296846566226	2.26403357403521	2.00453909033849	0.153723580795719	1.70324087197888	2.30583730869809	2.00453909033849	0.117618650095141	1.75763195638081	2.21901442842566	2.00311653034539	0.111713652171571	1.78398076136326	2.22225229932752
2.02971135770242	0.108208287070518	1.8176231150442	2.24179960036063	1.96402440878644	0.142809221815455	1.68411833402815	2.24393048354473	1.96402440878644	0.108208287070518	1.75207772873033	2.17520856237701	1.96481971485284	0.102817153194034	1.76314696829275	2.16649246141292
1.87371341025625	0.165456032187729	1.54941958716831	2.1980072333442	1.94189255249703	0.206029707538249	1.53807432572206	2.345710779272	1.94189255249703	0.165456032187729	1.58031244029633	2.23648490378398	1.94243793197916	0.164777572820428	1.61914906226938	2.26572680168894
2.14643690346815	0.084632254185708	1.98055768526416	2.31231612167214	2.13391239179261	0.114733233902866	1.90903525334299	2.35878953024223	2.13391239179261	0.084632254185708	1.96471686604872	2.29917661028983	2.13204713358391	0.0794918460035047	1.97615429588275	2.28793997128506
1.91495020233728	0.106057684811097	1.70707714010753	2.12282326456703	1.87188890355946	0.132399758440974	1.61238537701515	2.13139243010377	1.87188890355946	0.106057684811097	1.65361796145169	2.09122836231191	1.87267515026162	0.100080708186736	1.67637434646592	2.06897595405732
2.05982789019535	0.105545086220733	1.85295952120272	2.26669625918799	1.95433303915592	0.133525227687744	1.69262359288794	2.2160424854239	1.95433303915592	0.105545086220733	1.73181464101685	2.14427413265	1.95417862726257	0.101829857499848	1.75443482493325	2.1539224295919
1.92593227606766	0.105307466597646	1.71952964153627	2.13233491059905	1.92541911976151	0.135806242512605	1.6592388844368	2.19159935508621	1.92541911976151	0.105307466597646	1.71203187258124	2.13635137002178	1.92583920801531	0.0994848650162229	1.73070637292262	2.12097204310799
2.09689087450846	0.107286036114448	1.88661024372414	2.30717150529278	2.11728385743794	0.137920399363487	1.84695987468551	2.38760784019038	2.11728385743794	0.107286036114448	1.89359862779378	2.32342322887958	2.11645824350706	0.102745889842193	1.91492210982104	2.31799437719307
2.06067198500858	0.0929385722888154	1.8785123833225	2.24283158669466	2.04951234721778	0.120600438627097	1.81313548750867	2.28588920692689	2.04951234721778	0.0929385722888154	1.86726619360376	2.22812936186891	2.04807320115441	0.0891525177189103	1.87321989225125	2.22292651005757
1.99066465679444	0.0991473676964815	1.79633581610934	2.18499349747955	1.98008103374465	0.129797727156202	1.7256774885185	2.23448457897081	1.98008103374465	0.0991473676964815	1.79116273990806	2.18751669797955	1.97971523164557	0.0921932623254073	1.79888662677835	2.16054383651279
2.02377869708546	0.110195841100638	1.80779484852821	2.23976254564272	2.04471214083264	0.149263207164367	1.75215625479048	2.3372680268748	2.04471214083264	0.110195841100638	1.83521609829945	2.25781113776878	2.04075258827975	0.103052974187614	1.83860790452106	2.24289727203845
2.02532934821261	0.096098683537375	1.83697592847935	2.21368276794586	1.99677691056943	0.123140233218788	1.75542205346061	2.23813176767826	1.99677691056943	0.096098683537375	1.81026584655932	2.19059948822172	1.99404495470512	0.0913667767154186	1.81484571748779	2.17324419192244
2.00679266108142	0.0922621596979366	1.82595882807347	2.18762649408938	1.9774718968932	0.123971286447452	1.73448817545619	2.22045561833021	1.9774718968932	0.0922621596979366	1.79493409320388	2.15488096544973	1.97580198972764	0.0881571406535312	1.8028995084935	2.14870447096177
2.01411024818406	0.127352993564793	1.76449838079706	2.26372211557105	2.02042257395308	0.165498775716949	1.69604497354786	2.3448001743583	2.02042257395308	0.127352993564793	1.77750244453372	2.28581750802738	2.0181310464459	0.120598380566486	1.78155553375648	2.25470655913533
2.0505929685908	0.0996197784410519	1.85533820284634	2.24584773433526	1.99922353803015	0.129495040250483	1.7454132591392	2.2530338169211	1.99922353803015	0.0996197784410519	1.80917163078069	2.19471811620945	1.99920917743921	0.0932910358366592	1.81623243151429	2.18218592336414
1.89540133857067	0.107409335175233	1.68487904162721	2.10592363551412	1.90938411336399	0.136304520948931	1.64222725230409	2.1765409744239	1.90938411336399	0.107409335175233	1.69852554841998	2.11658070641449	1.91002816429677	0.10443881002109	1.70516549221087	2.11489083638266
2.10317632370222	0.100103108085786	1.90697423185408	2.29937841555036	2.10500144020423	0.135412246842293	1.83959343639333	2.37040944401512	2.10500144020423	0.100103108085786	1.91324524441849	2.29388671328844	2.10196479701979	0.0964857559852618	1.91271398294683	2.29121561109275
2.07346719827315	0.119031987172809	1.84016450341444	2.30676989313186	2.08988089661285	0.148253050142596	1.79930491833336	2.38045687489233	2.08988089661285	0.119031987172809	1.85071872647972	2.30890400376643	2.08621432567678	0.113636370294739	1.8632993856669	2.30912926568667
2.00841757156859	0.0919379195118767	1.82821924932531	2.18861589381186	1.99134813190621	0.11722245477221	1.76159212055268	2.22110414325974	1.99134813190621	0.0919379195118767	1.80349595899344	2.1783824712298	1.99175464333207	0.08766861959188	1.81980885405661	2.16370043260754
2.08514880275695	0.0896933023772151	1.90934993009761	2.26094767541629	2.04775673504288	0.117417920942293	1.81761760999599	2.27789586008978	2.04775673504288	0.0896933023772151	1.87184774772534	2.21655956826821	2.04575121704358	0.0859369362300533	1.87721706784769	2.21428536623946
2.03205813545948	0.122791462671565	1.79138686862321	2.27272940229575	1.9873481611338	0.159727539996387	1.67428218274088	2.30041413952672	1.9873481611338	0.122791462671565	1.73108049232512	2.20200539691939	1.98740412373517	0.118965511516722	1.75402825047967	2.22077999699066
1.98094509471766	0.0936916528601326	1.7973094551118	2.16458073432352	2.06861459283656	0.120300794487563	1.83282503564094	2.30440415003219	2.06861459283656	0.0936916528601326	1.89005337706829	2.25266908225309	2.06873676218499	0.08820699866675	1.89573893076639	2.24173459360359
1.94799016748498	0.11092924292722	1.73056885134763	2.16541148362233	1.87187366741532	0.144394833407127	1.58885979393735	2.15488754089329	1.87187366741532	0.11092924292722	1.64514476615877	2.07161329389157	1.87136058697763	0.107092318264112	1.66129475843333	2.08142641552193
2.0854153332252	0.105382195514504	1.87886623001677	2.29196443643362	2.03937142225692	0.132557348712459	1.7795590187805	2.29918382573334	2.03937142225692	0.105382195514504	1.81285766414232	2.22269846638909	2.03789810970651	0.104676266373121	1.83257114696661	2.24322507244641
2.02696524800195	0.0994299989024084	1.83208245015323	2.22184804585067	2.06606162449532	0.132707606414434	1.80595471592303	2.32616853306761	2.06606162449532	0.0994299989024084	1.87299200063492	2.26875496454305	2.06463877410916	0.0950911082566828	1.87812654036075	2.25115100785757
1.93229391894828	0.0877036917686299	1.76039468308177	2.1041931548148	1.93857670607701	0.115655612278866	1.71189170601043	2.16526170614359	1.93857670607701	0.0877036917686299	1.77470611294938	2.11733998156622	1.93748665082178	0.0835424085948144	1.77364184576906	2.1013314558745
1.99210634278539	0.114728308286458	1.76723885854394	2.21697382702685	2.04903998737775	0.148593851145803	1.75779603913198	2.34028393562352	2.04903998737775	0.114728308286458	1.82317113881444	2.26386969973294	2.04766163124391	0.110492390333429	1.83092136595753	2.26440189653029
1.99578117367175	0.0900207999129483	1.81934040584237	2.17222194150113	1.98030644560251	0.118875612884717	1.74731024434846	2.21330264685655	1.98030644560251	0.0900207999129483	1.80986868391134	2.15191670599584	1.98006871124367	0.0838525891370148	1.81561420289517	2.14452321959216
2.11668119522668	0.108169396562913	1.90466917796337	2.32869321248999	2.10974092941705	0.137434670691466	1.84036897486177	2.37911288397232	2.10974092941705	0.108169396562913	1.89523968307416	2.31523384451204	2.10780221162836	0.102770008095237	1.9062153706554	2.30938905260132
1.96301827063926	0.0997665213094873	1.76747588887266	2.15856065240585	1.9217526436106	0.132074627591031	1.66288637353218	2.18061891368902	1.9217526436106	0.0997665213094873	1.72612648325734	2.11424918163251	1.91780476887398	0.0954823472106244	1.73052107916948	2.10508845857848
1.93575929957023	0.122511461281166	1.69563683545914	2.17588176368131	1.96585389719353	0.160029067124174	1.65219692563015	2.27951086875691	1.96585389719353	0.122511461281166	1.71059181858898	2.18172120476809	1.96349722019011	0.117190524309782	1.73361031385537	2.19338412652485
2.19964723126196	0.121747654583103	1.96102182827908	2.43827263424485	2.22194390706496	0.160940031415022	1.90650144549151	2.5373863686384	2.22194390706496	0.121747654583103	1.99024112282609	2.48620722618819	2.22040855728694	0.119379231451324	1.98622222194217	2.45459489263171
2.07539044443522	0.102859766772414	1.87378530156129	2.27699558730915	2.07083579852854	0.132153522852877	1.8118148937369	2.32985670332017	2.07083579852854	0.102859766772414	1.8710534149435	2.28081734764253	2.06958525617334	0.100651900446998	1.87216141521386	2.26700909713282
1.95473958763135	0.083111294901741	1.79184144962393	2.11763772563876	1.94760983173602	0.110646810596518	1.73074208296685	2.1644775805052	1.94760983173602	0.083111294901741	1.78270999482826	2.1092758720468	1.9459846964434	0.0784699075074459	1.79210225015607	2.09986714273072
2.02175103813307	0.101872543669448	1.82208085254095	2.22142122372519	2.03441711223967	0.134347757181765	1.77109550816341	2.29773871631593	2.03441711223967	0.101872543669448	1.84234638236461	2.25110607807393	2.03133871300147	0.0978123578246188	1.83947889855601	2.22319852744694
1.86929827701772	0.0945264371137494	1.68402646027477	2.05457009376067	1.9145146849496	0.121055570853164	1.6772457660774	2.1517836038218	1.9145146849496	0.0945264371137494	1.71985805421979	2.09688652733277	1.9144221506766	0.0899709859081132	1.7379566732232	2.09088762813
2.0212718201087	0.114624973113126	1.79660687280697	2.24593676741043	2.10886071337161	0.148242442710308	1.8183055256594	2.39941590108381	2.10886071337161	0.114624973113126	1.89945905179471	2.34212521366478	2.10746248159854	0.107604752613608	1.8963870118966	2.31853795130047
1.90077412962416	0.107940192047385	1.68921135321128	2.11233690603703	1.87232175315881	0.133036915660371	1.61156939846448	2.13307410785313	1.87232175315881	0.107940192047385	1.66799592858927	2.07787026519278	1.87054732863038	0.104967164298292	1.6646546866499	2.07643997061086
2.08904750067433	0.0968459275612351	1.89922948265431	2.27886551869435	2.05327224387162	0.127551795159943	1.80327072535814	2.30327376238511	2.05327224387162	0.0968459275612351	1.86933213612404	2.25087039815455	2.05013294675078	0.0927288320416933	1.86825506738968	2.23201082611189
1.8933273434284	0.0843329551919263	1.72803475125223	2.05861993560458	1.95134736379675	0.11147584013405	1.73285471713401	2.16984001045949	1.95134736379675	0.0843329551919263	1.78754612555419	2.10914038151205	1.94963018950472	0.0784527525715056	1.79577162366605	2.1034887553434
1.92156513993186	0.113709440133255	1.69869463727068	2.14443564259304	1.90712703216628	0.145307679370536	1.62232398060003	2.19193008373254	1.90712703216628	0.113709440133255	1.70766412524678	2.12536202071427	1.90558025221345	0.109011022581009	1.69174432914054	2.11941617528636
2.15634228875867	0.0992271876185291	1.96185700102636	2.35082757649099	2.05197509725692	0.128874453360839	1.79938116866968	2.30456902584416	2.05197509725692	0.0992271876185291	1.85341196288869	2.2367061629288	2.05060808328082	0.093314818678865	1.8675832099523	2.23363295660933
1.97248088990604	0.101024310626303	1.77447324107849	2.17048853873359	1.97899051377104	0.128821104352438	1.72650114924026	2.23147987830182	1.97899051377104	0.101024310626303	1.76944824002364	2.17557024514581	1.97890466905981	0.0954373814795539	1.79170841527464	2.16610092284498
2.0603984959977	0.107388351830729	1.84991732640947	2.27087966558592	2.04042823619043	0.143134079117005	1.7598854411211	2.32097103125977	2.04042823619043	0.107388351830729	1.83422849305712	2.26224723560689	2.038175277761	0.103725528551842	1.83471656021466	2.24163399530735
1.99855967340089	0.121256570182619	1.76089679584296	2.23622255095882	1.95871202952936	0.147026416429452	1.67054025332763	2.24688380573108	1.95871202952936	0.121256570182619	1.70518203155976	2.1766824693266	1.95736526662301	0.119618439234096	1.72271439833506	2.19201613491097
2.05973630527871	0.103810160602853	1.85626839049711	2.2632042200603	2.05953390658636	0.137070273738362	1.79087617005917	2.32819164311355	2.05953390658636	0.103810160602853	1.86653545652753	2.28414696211843	2.0563511116257	0.101292971983881	1.8576750181865	2.2550272050649
1.70601034735733	0.109929267551382	1.49054898295662	1.92147171175804	1.75286235840313	0.143494001294042	1.47161411586681	2.03411060093946	1.75286235840313	0.109929267551382	1.53091497272351	1.95761183468856	1.75053023078333	0.106313762941096	1.54198773416857	1.95907272739808
1.97037899654224	0.110994854289753	1.75282908213432	2.18792891095015	1.97192537022047	0.148724109428264	1.68042611574107	2.26342462469987	1.97192537022047	0.110994854289753	1.75274159894464	2.18282418989983	1.97117738956614	0.105303212249912	1.76462120041622	2.17773357871606
2.00105367419147	0.115315681671674	1.77503493811499	2.22707241026796	1.98268882705662	0.147653162268011	1.69328862901132	2.27208902510192	1.98268882705662	0.115315681671674	1.74121058104123	2.20617815867502	1.98198896052602	0.109815435112878	1.76657850886122	2.19739941219083
1.94175583810886	0.100788156921893	1.74421105054195	2.13930062567577	1.95903631637593	0.134477984808776	1.69545946615073	2.22261316660113	1.95903631637593	0.100788156921893	1.76015437018526	2.14771701939571	1.96051528380834	0.0943961264079645	1.77536723841722	2.14566332919946
1.85048489467976	0.0935048641038707	1.66721536103618	2.03375442832335	1.87409500093448	0.117897586236806	1.64301573191034	2.10517426995861	1.87409500093448	0.0935048641038707	1.68717104500972	2.06069995224507	1.87430643860212	0.0900686935697244	1.69765782142045	2.05095505578379
1.8874389075354	0.0888910263366927	1.71321249591548	2.06166531915531	1.90075324097018	0.115540422163524	1.67429401352968	2.12721246841069	1.90075324097018	0.0888910263366927	1.72526945815382	2.07353385068081	1.90160806356397	0.0838288781582114	1.73720004847035	2.06601607865759
1.99058267655236	0.110715923364327	1.77357946675828	2.20758588634644	1.88715355362382	0.142967863550682	1.60693654106448	2.16737056618316	1.88715355362382	0.110715923364327	1.67275000937413	2.10870445514681	1.88681231961057	0.110549818035021	1.6699607750662	2.10366386415494
1.96677416481636	0.109454387296676	1.75224356571488	2.18130476391784	1.956735982766	0.151810832851228	1.65918675037759	2.25428521515441	1.956735982766	0.109454387296676	1.73428616724889	2.16458949395993	1.95809706406007	0.103851673939795	1.75439457022705	2.16179955789309
1.94846581817681	0.112614523383335	1.72774135234547	2.16919028400814	1.94393361701368	0.152773334042919	1.64449788228956	2.24336935173781	1.94393361701368	0.112614523383335	1.71976298334082	2.16550254135738	1.9425519614808	0.10777999758114	1.73113377574026	2.15397014722134
2.00245877255571	0.097812478422477	1.81074631484765	2.19417123026376	1.96939234472572	0.125710445699109	1.72299987115546	2.21578481829597	1.96939234472572	0.097812478422477	1.77849773878906	2.15670469148736	1.96938115335611	0.0956082299986208	1.78185431792675	2.15690798878547
1.92864942324396	0.107576403492776	1.71779967239812	2.1394991740898	1.98687505882729	0.136981024036802	1.71839225171516	2.25535786593942	1.98687505882729	0.107576403492776	1.80225692213088	2.23528833665935	1.98751925203524	0.103598068185805	1.78430839266747	2.19073011140302
1.96992960200264	0.127162716632514	1.72069067740291	2.21916852660237	1.99873075095303	0.157432271576163	1.69016349866375	2.30729800324231	1.99873075095303	0.127162716632514	1.76619063788829	2.2647791001151	1.99835302752239	0.121617532172298	1.75977607497582	2.23692998006895
1.91401199305281	0.101733350457639	1.71461462615584	2.11340935994978	1.97291656139432	0.133267879345015	1.71171151787809	2.23412160491055	1.97291656139432	0.101733350457639	1.78454052326133	2.18218724209368	1.97302649994285	0.0976064304109099	1.78157797992155	2.16447501996415
1.97878748325339	0.0904619627015844	1.80148203635828	2.15609293014849	1.97755011273382	0.117960775331505	1.74634699308407	2.20875323238357	1.97755011273382	0.0904619627015844	1.79968547866974	2.15721455733905	1.97715215379344	0.0865717938405725	1.80736910335423	2.14693520423266
2.06321929293857	0.0883141626360735	1.89012353417187	2.23631505170528	2.08175972904615	0.115052184704868	1.85625744702461	2.3072620110677	2.08175972904615	0.0883141626360735	1.9061394755621	2.2633496341344	2.08116030731404	0.0834443895983808	1.91750858543036	2.24481202919773
2.21773953140333	0.123386378478493	1.97590222958548	2.45957683322118	2.2111511376781	0.161838384333488	1.89394790438447	2.52835437097174	2.2111511376781	0.123386378478493	1.99208953988522	2.47772116502864	2.20863066190326	0.121302492911575	1.97066691274999	2.44659441105653
1.96195146772642	0.0930602168156814	1.77955344276768	2.14434949268515	2.00326706229391	0.122971583431772	1.76224275876764	2.24429136582018	2.00326706229391	0.0930602168156814	1.82875962798661	2.18403981506841	2.00207782033368	0.0894571721510376	1.82662502287392	2.17753061779343
1.98760157185662	0.11684829594922	1.75857891179614	2.21662423191709	2.03807418391065	0.146737288758131	1.75046909794472	2.32567926987659	2.03807418391065	0.11684829594922	1.83280042045464	2.27878047049438	2.03933520155839	0.112123826714925	1.81939261161633	2.25927779150045
1.98432680879182	0.120809511545382	1.74754016616287	2.22111345142077	2.03140373959628	0.158019544281118	1.72168543280529	2.34112204638727	2.03140373959628	0.120809511545382	1.80484979539488	2.29706201211388	2.02868705241817	0.117157617413943	1.79886669570296	2.25850740913338
1.91446050355167	0.094318293997264	1.72959664731703	2.0993243597863	1.93353116775567	0.125878914218029	1.68680849588833	2.18025383962301	1.93353116775567	0.094318293997264	1.75311087573528	2.12478563634807	1.9332163144459	0.0905684116389631	1.75557563358406	2.11085699530774
1.91176903710848	0.0996669368057435	1.71642184096922	2.10711623324774	1.90567298023363	0.131607449519886	1.64772237917465	2.16362358129261	1.90567298023363	0.0996669368057435	1.71233521477009	2.11055448973885	1.90449270836624	0.0921885055586118	1.7236807488977	2.08530466783479
1.91332257767765	0.103545376273656	1.71037364018128	2.11627151517402	1.90669774888463	0.13620031688682	1.63974512778646	2.1736503699828	1.90669774888463	0.103545376273656	1.69180005545037	2.12093171169856	1.90277914570696	0.0957623412905574	1.71495592278154	2.09060236863238
1.90807142166296	0.103452028833471	1.70530544514935	2.11083739817656	1.88854375177949	0.138673512355223	1.61674366756326	2.16034383599573	1.88854375177949	0.103452028833471	1.68536591436304	2.08897833159575	1.88904139601508	0.096217983432093	1.70031451251568	2.07776827951447
2.27489153099636	0.120613213105809	2.03848963330897	2.51129342868374	2.29159314444016	0.155779333469352	1.98626565084023	2.59692063804009	2.29159314444016	0.120613213105809	2.05661786681525	2.509940591799	2.28708133476103	0.116934439087842	2.05769799174755	2.51646467777451
2.05700014894044	0.117075167019501	1.82753282158222	2.28646747629867	2.10544665036387	0.147728363501444	1.81589905790104	2.3949942428267	2.10544665036387	0.117075167019501	1.88713576414987	2.33287673441396	2.10642958417054	0.115135570219414	1.88056756119995	2.33229160714113
1.97386248078372	0.096574116603696	1.78457721224047	2.16314774932696	1.97704892944703	0.125027601729	1.73199483005819	2.22210302883587	1.97704892944703	0.096574116603696	1.79512935764347	2.17359833977592	1.97578980950634	0.093608598282558	1.79219362889342	2.15938599011926
1.94813749624598	0.10114281276768	1.74989758322133	2.14637740927063	1.93157980570425	0.132120667641485	1.67262329712694	2.19053631428156	1.93157980570425	0.10114281276768	1.74917565197012	2.12513056587611	1.92878231691427	0.0941510543039157	1.74411724307007	2.11344739075848
1.98302298224072	0.101986359943557	1.78312971675134	2.18291624773009	1.96159722486453	0.132595299044568	1.70171043873718	2.22148401099189	1.96159722486453	0.101986359943557	1.75188781796674	2.15023984566481	1.96086398838751	0.0979809393359378	1.76867749967543	2.1530504770996
1.98308089235886	0.121612824556847	1.74471975622744	2.22144202849029	1.96468924765313	0.160266722646855	1.6505664712653	2.27881202404097	1.96468924765313	0.121612824556847	1.70943253792361	2.17637293565898	1.96126350227569	0.117045054594376	1.73166022326156	2.19086678128982
1.87005838517791	0.0994464034347678	1.67514343444577	2.06497333591006	1.83709804497265	0.126923015717693	1.58832893416597	2.08586715577933	1.83709804497265	0.0994464034347678	1.63456411862113	2.02822993672225	1.83526970975666	0.0955698915731529	1.64782509662089	2.02271432289243
1.93872624458009	0.102126194049079	1.7385589042439	2.13889358491629	1.95633191510592	0.132884846688412	1.69587761559663	2.2167862146152	1.95633191510592	0.102126194049079	1.75078993252057	2.14173173235522	1.95866052752919	0.0972118188209485	1.76798812492804	2.14933293013034
1.98565047579354	0.158519312798985	1.67495262270753	2.29634832887955	2.10289247169598	0.219077841655245	1.6734999020517	2.53228504134026	2.10289247169598	0.158519312798985	1.80692270850071	2.43279797116236	2.09931930458518	0.151380191736724	1.802330394577	2.39630821459336
2.03650349439039	0.105380291910279	1.82995812224625	2.24304886653454	1.92733430710259	0.135954086813578	1.66086429694797	2.1938043172572	1.92733430710259	0.105380291910279	1.7103614974131	2.12703952653341	1.92626513299562	0.102240624135629	1.72571999727273	2.1268102687185
2.04126214474084	0.138667658523433	1.76947353403491	2.31305075544677	2.02737498700846	0.174782854899041	1.68480059140634	2.36994938261058	2.02737498700846	0.138667658523433	1.74444037795556	2.31141687501786	2.02699039357568	0.134280496214568	1.7635544870561	2.29042630009525
2.07893550587923	0.124667237232352	1.83458772090382	2.32328329085464	2.02945249850102	0.163702208701566	1.70859616944596	2.35030882755609	2.02945249850102	0.124667237232352	1.77063732489857	2.27589146417626	2.02926909577128	0.11988654849924	1.79409019972914	2.26444799181343
1.8745231000394	0.106576447905953	1.66563326214373	2.08341293793507	1.86723527084582	0.13879661489983	1.59519390564215	2.13927663604948	1.86723527084582	0.106576447905953	1.66751639164387	2.09351366010618	1.86460798811636	0.101260466477712	1.66598577383274	2.06323020239997
2.09818445551416	0.0926736093278294	1.91654418123162	2.27982472979671	2.14590532710287	0.12127313553229	1.90820998145958	2.38360067274616	2.14590532710287	0.0926736093278294	1.96971287656789	2.32342581484758	2.14248354158771	0.0892865325125513	1.96736503103171	2.3176020521437
1.9144933627838	0.116876812063062	1.6854148111402	2.1435719144274	1.91213942697398	0.151417366864563	1.61536138791944	2.20891746602852	1.91213942697398	0.116876812063062	1.66443574048589	2.1364896257817	1.91096061718518	0.112965633130434	1.68936584360951	2.13255539076085
1.92602231194198	0.101930650404602	1.72623823714896	2.125806386735	1.92862806844474	0.134101362135786	1.6657893986586	2.19146673823088	1.92862806844474	0.101930650404602	1.74416046342486	2.14250387700683	1.92655974376356	0.0966392390456996	1.73701112609627	2.11610836143084
1.84184389120763	0.100163866014322	1.64552271381956	2.0381650685957	1.88107977338538	0.134636255309963	1.61719271297785	2.1449668337929	1.88107977338538	0.100163866014322	1.68869005035883	2.06722859959198	1.87983847531769	0.0955242373460389	1.69247523164947	2.0672017189859
2.04706893553403	0.103644152991187	1.84392639567131	2.25021147539676	2.06283208855547	0.134091444385898	1.80001285755911	2.32565131955183	2.06283208855547	0.103644152991187	1.86499658686565	2.27197154857551	2.06291780764659	0.0991552081843855	1.86842779005894	2.25740782523424
2.07062751562755	0.150855511393239	1.7749507132968	2.3663043179583	2.0840846525324	0.190970977815761	1.70978153601351	2.45838776905129	2.0840846525324	0.150855511393239	1.72758507447356	2.32950724107229	2.08538432716446	0.142369909124854	1.80607508897938	2.36469356534954
1.99412260117444	0.107615022964771	1.78319715616349	2.20504804618539	1.97329760352559	0.140151856155365	1.69859996546108	2.24799524159011	1.97329760352559	0.107615022964771	1.75145814195969	2.18235497206555	1.97212125524279	0.102366634116778	1.7713331227034	2.17290938778218
1.95216959896381	0.0923659333450683	1.77113236960748	2.13320682832015	1.97205275762019	0.122572425310153	1.73181080401229	2.21229471122809	1.97205275762019	0.0923659333450683	1.7836420111645	2.14636163948479	1.96890051420135	0.0866374659446716	1.79897995420275	2.13882107419996
2.09338163471743	0.112453325996854	1.87297311576359	2.31379015367126	2.11207066206685	0.144758307079574	1.82834438019088	2.39579694394281	2.11207066206685	0.112453325996854	1.89542151446809	2.33551785273984	2.11167052712628	0.107661807156524	1.90047978380231	2.32286127045024
2.04049900032209	0.120157884238567	1.8049895472145	2.27600845342969	2.08089573216199	0.154671890098552	1.77773882756883	2.38405263675515	2.08089573216199	0.120157884238567	1.87121571096064	2.34735426270503	2.07971261417109	0.115636888074644	1.85287265935652	2.30655256898565
2.02440525187304	0.11409143939789	1.80078603065317	2.2480244730929	1.9927605138231	0.142587947311005	1.71328813709353	2.27223289055267	1.9927605138231	0.11409143939789	1.74641277222172	2.20351836616096	1.99147089600229	0.111419765683994	1.7729077937878	2.21003399821679
2.00057720961886	0.0942531058812405	1.81584112209163	2.18531329714609	2.04691792458923	0.124061514653843	1.80375735586769	2.29007849331076	2.04691792458923	0.0942531058812405	1.86134068145242	2.2231677687202	2.04486795440088	0.0897594979914435	1.86882378395574	2.22091212484602
