X1	X2	X3	X4	X1.1	X2.1	X3.1	X4.1	X1.2	X2.2	X3.2	X4.2	X1.3	X2.3	X3.3	X4.3
NA	NA	NA	NA	NA	NA	NA	NA	NA	NA	NA	NA	NA	NA	NA	NA
NA	NA	NA	NA	NA	NA	NA	NA	NA	NA	NA	NA	NA	NA	NA	NA
NA	NA	NA	NA	NA	NA	NA	NA	NA	NA	NA	NA	NA	NA	NA	NA
NA	NA	NA	NA	NA	NA	NA	NA	NA	NA	NA	NA	NA	NA	NA	NA
NA	NA	NA	NA	NA	NA	NA	NA	NA	NA	NA	NA	NA	NA	NA	NA
NA	NA	NA	NA	NA	NA	NA	NA	NA	NA	NA	NA	NA	NA	NA	NA
NA	NA	NA	NA	NA	NA	NA	NA	NA	NA	NA	NA	NA	NA	NA	NA
NA	NA	NA	NA	NA	NA	NA	NA	NA	NA	NA	NA	NA	NA	NA	NA
NA	NA	NA	NA	NA	NA	NA	NA	NA	NA	NA	NA	NA	NA	NA	NA
NA	NA	NA	NA	NA	NA	NA	NA	NA	NA	NA	NA	NA	NA	NA	NA
NA	NA	NA	NA	NA	NA	NA	NA	NA	NA	NA	NA	NA	NA	NA	NA
NA	NA	NA	NA	NA	NA	NA	NA	NA	NA	NA	NA	NA	NA	NA	NA
NA	NA	NA	NA	NA	NA	NA	NA	NA	NA	NA	NA	NA	NA	NA	NA
NA	NA	NA	NA	NA	NA	NA	NA	NA	NA	NA	NA	NA	NA	NA	NA
NA	NA	NA	NA	NA	NA	NA	NA	NA	NA	NA	NA	NA	NA	NA	NA
NA	NA	NA	NA	NA	NA	NA	NA	NA	NA	NA	NA	NA	NA	NA	NA
NA	NA	NA	NA	NA	NA	NA	NA	NA	NA	NA	NA	NA	NA	NA	NA
NA	NA	NA	NA	NA	NA	NA	NA	NA	NA	NA	NA	NA	NA	NA	NA
NA	NA	NA	NA	NA	NA	NA	NA	NA	NA	NA	NA	NA	NA	NA	NA
NA	NA	NA	NA	NA	NA	NA	NA	NA	NA	NA	NA	NA	NA	NA	NA
NA	NA	NA	NA	NA	NA	NA	NA	NA	NA	NA	NA	NA	NA	NA	NA
NA	NA	NA	NA	NA	NA	NA	NA	NA	NA	NA	NA	NA	NA	NA	NA
NA	NA	NA	NA	NA	NA	NA	NA	NA	NA	NA	NA	NA	NA	NA	NA
NA	NA	NA	NA	NA	NA	NA	NA	NA	NA	NA	NA	NA	NA	NA	NA
NA	NA	NA	NA	NA	NA	NA	NA	NA	NA	NA	NA	NA	NA	NA	NA
NA	NA	NA	NA	NA	NA	NA	NA	NA	NA	NA	NA	NA	NA	NA	NA
NA	NA	NA	NA	NA	NA	NA	NA	NA	NA	NA	NA	NA	NA	NA	NA
NA	NA	NA	NA	NA	NA	NA	NA	NA	NA	NA	NA	NA	NA	NA	NA
NA	NA	NA	NA	NA	NA	NA	NA	NA	NA	NA	NA	NA	NA	NA	NA
NA	NA	NA	NA	NA	NA	NA	NA	NA	NA	NA	NA	NA	NA	NA	NA
NA	NA	NA	NA	NA	NA	NA	NA	NA	NA	NA	NA	NA	NA	NA	NA
NA	NA	NA	NA	NA	NA	NA	NA	NA	NA	NA	NA	NA	NA	NA	NA
NA	NA	NA	NA	NA	NA	NA	NA	NA	NA	NA	NA	NA	NA	NA	NA
NA	NA	NA	NA	NA	NA	NA	NA	NA	NA	NA	NA	NA	NA	NA	NA
NA	NA	NA	NA	NA	NA	NA	NA	NA	NA	NA	NA	NA	NA	NA	NA
NA	NA	NA	NA	NA	NA	NA	NA	NA	NA	NA	NA	NA	NA	NA	NA
NA	NA	NA	NA	NA	NA	NA	NA	NA	NA	NA	NA	NA	NA	NA	NA
NA	NA	NA	NA	NA	NA	NA	NA	NA	NA	NA	NA	NA	NA	NA	NA
NA	NA	NA	NA	NA	NA	NA	NA	NA	NA	NA	NA	NA	NA	NA	NA
NA	NA	NA	NA	NA	NA	NA	NA	NA	NA	NA	NA	NA	NA	NA	NA
NA	NA	NA	NA	NA	NA	NA	NA	NA	NA	NA	NA	NA	NA	NA	NA
NA	NA	NA	NA	NA	NA	NA	NA	NA	NA	NA	NA	NA	NA	NA	NA
NA	NA	NA	NA	NA	NA	NA	NA	NA	NA	NA	NA	NA	NA	NA	NA
NA	NA	NA	NA	NA	NA	NA	NA	NA	NA	NA	NA	NA	NA	NA	NA
NA	NA	NA	NA	NA	NA	NA	NA	NA	NA	NA	NA	NA	NA	NA	NA
NA	NA	NA	NA	NA	NA	NA	NA	NA	NA	NA	NA	NA	NA	NA	NA
NA	NA	NA	NA	NA	NA	NA	NA	NA	NA	NA	NA	NA	NA	NA	NA
NA	NA	NA	NA	NA	NA	NA	NA	NA	NA	NA	NA	NA	NA	NA	NA
NA	NA	NA	NA	NA	NA	NA	NA	NA	NA	NA	NA	NA	NA	NA	NA
NA	NA	NA	NA	NA	NA	NA	NA	NA	NA	NA	NA	NA	NA	NA	NA
NA	NA	NA	NA	NA	NA	NA	NA	NA	NA	NA	NA	NA	NA	NA	NA
NA	NA	NA	NA	NA	NA	NA	NA	NA	NA	NA	NA	NA	NA	NA	NA
NA	NA	NA	NA	NA	NA	NA	NA	NA	NA	NA	NA	NA	NA	NA	NA
NA	NA	NA	NA	NA	NA	NA	NA	NA	NA	NA	NA	NA	NA	NA	NA
NA	NA	NA	NA	NA	NA	NA	NA	NA	NA	NA	NA	NA	NA	NA	NA
NA	NA	NA	NA	NA	NA	NA	NA	NA	NA	NA	NA	NA	NA	NA	NA
NA	NA	NA	NA	NA	NA	NA	NA	NA	NA	NA	NA	NA	NA	NA	NA
NA	NA	NA	NA	NA	NA	NA	NA	NA	NA	NA	NA	NA	NA	NA	NA
NA	NA	NA	NA	NA	NA	NA	NA	NA	NA	NA	NA	NA	NA	NA	NA
NA	NA	NA	NA	NA	NA	NA	NA	NA	NA	NA	NA	NA	NA	NA	NA
NA	NA	NA	NA	NA	NA	NA	NA	NA	NA	NA	NA	NA	NA	NA	NA
NA	NA	NA	NA	NA	NA	NA	NA	NA	NA	NA	NA	NA	NA	NA	NA
NA	NA	NA	NA	NA	NA	NA	NA	NA	NA	NA	NA	NA	NA	NA	NA
NA	NA	NA	NA	NA	NA	NA	NA	NA	NA	NA	NA	NA	NA	NA	NA
NA	NA	NA	NA	NA	NA	NA	NA	NA	NA	NA	NA	NA	NA	NA	NA
NA	NA	NA	NA	NA	NA	NA	NA	NA	NA	NA	NA	NA	NA	NA	NA
NA	NA	NA	NA	NA	NA	NA	NA	NA	NA	NA	NA	NA	NA	NA	NA
NA	NA	NA	NA	NA	NA	NA	NA	NA	NA	NA	NA	NA	NA	NA	NA
NA	NA	NA	NA	NA	NA	NA	NA	NA	NA	NA	NA	NA	NA	NA	NA
NA	NA	NA	NA	NA	NA	NA	NA	NA	NA	NA	NA	NA	NA	NA	NA
NA	NA	NA	NA	NA	NA	NA	NA	NA	NA	NA	NA	NA	NA	NA	NA
NA	NA	NA	NA	NA	NA	NA	NA	NA	NA	NA	NA	NA	NA	NA	NA
NA	NA	NA	NA	NA	NA	NA	NA	NA	NA	NA	NA	NA	NA	NA	NA
NA	NA	NA	NA	NA	NA	NA	NA	NA	NA	NA	NA	NA	NA	NA	NA
NA	NA	NA	NA	NA	NA	NA	NA	NA	NA	NA	NA	NA	NA	NA	NA
NA	NA	NA	NA	NA	NA	NA	NA	NA	NA	NA	NA	NA	NA	NA	NA
NA	NA	NA	NA	NA	NA	NA	NA	NA	NA	NA	NA	NA	NA	NA	NA
NA	NA	NA	NA	NA	NA	NA	NA	NA	NA	NA	NA	NA	NA	NA	NA
NA	NA	NA	NA	NA	NA	NA	NA	NA	NA	NA	NA	NA	NA	NA	NA
NA	NA	NA	NA	NA	NA	NA	NA	NA	NA	NA	NA	NA	NA	NA	NA
NA	NA	NA	NA	NA	NA	NA	NA	NA	NA	NA	NA	NA	NA	NA	NA
NA	NA	NA	NA	NA	NA	NA	NA	NA	NA	NA	NA	NA	NA	NA	NA
NA	NA	NA	NA	NA	NA	NA	NA	NA	NA	NA	NA	NA	NA	NA	NA
NA	NA	NA	NA	NA	NA	NA	NA	NA	NA	NA	NA	NA	NA	NA	NA
NA	NA	NA	NA	NA	NA	NA	NA	NA	NA	NA	NA	NA	NA	NA	NA
NA	NA	NA	NA	NA	NA	NA	NA	NA	NA	NA	NA	NA	NA	NA	NA
NA	NA	NA	NA	NA	NA	NA	NA	NA	NA	NA	NA	NA	NA	NA	NA
NA	NA	NA	NA	NA	NA	NA	NA	NA	NA	NA	NA	NA	NA	NA	NA
NA	NA	NA	NA	NA	NA	NA	NA	NA	NA	NA	NA	NA	NA	NA	NA
NA	NA	NA	NA	NA	NA	NA	NA	NA	NA	NA	NA	NA	NA	NA	NA
NA	NA	NA	NA	NA	NA	NA	NA	NA	NA	NA	NA	NA	NA	NA	NA
NA	NA	NA	NA	NA	NA	NA	NA	NA	NA	NA	NA	NA	NA	NA	NA
NA	NA	NA	NA	NA	NA	NA	NA	NA	NA	NA	NA	NA	NA	NA	NA
NA	NA	NA	NA	NA	NA	NA	NA	NA	NA	NA	NA	NA	NA	NA	NA
NA	NA	NA	NA	NA	NA	NA	NA	NA	NA	NA	NA	NA	NA	NA	NA
NA	NA	NA	NA	NA	NA	NA	NA	NA	NA	NA	NA	NA	NA	NA	NA
NA	NA	NA	NA	NA	NA	NA	NA	NA	NA	NA	NA	NA	NA	NA	NA
NA	NA	NA	NA	NA	NA	NA	NA	NA	NA	NA	NA	NA	NA	NA	NA
NA	NA	NA	NA	NA	NA	NA	NA	NA	NA	NA	NA	NA	NA	NA	NA
NA	NA	NA	NA	NA	NA	NA	NA	NA	NA	NA	NA	NA	NA	NA	NA
NA	NA	NA	NA	NA	NA	NA	NA	NA	NA	NA	NA	NA	NA	NA	NA
NA	NA	NA	NA	NA	NA	NA	NA	NA	NA	NA	NA	NA	NA	NA	NA
NA	NA	NA	NA	NA	NA	NA	NA	NA	NA	NA	NA	NA	NA	NA	NA
NA	NA	NA	NA	NA	NA	NA	NA	NA	NA	NA	NA	NA	NA	NA	NA
NA	NA	NA	NA	NA	NA	NA	NA	NA	NA	NA	NA	NA	NA	NA	NA
NA	NA	NA	NA	NA	NA	NA	NA	NA	NA	NA	NA	NA	NA	NA	NA
NA	NA	NA	NA	NA	NA	NA	NA	NA	NA	NA	NA	NA	NA	NA	NA
NA	NA	NA	NA	NA	NA	NA	NA	NA	NA	NA	NA	NA	NA	NA	NA
NA	NA	NA	NA	NA	NA	NA	NA	NA	NA	NA	NA	NA	NA	NA	NA
NA	NA	NA	NA	NA	NA	NA	NA	NA	NA	NA	NA	NA	NA	NA	NA
NA	NA	NA	NA	NA	NA	NA	NA	NA	NA	NA	NA	NA	NA	NA	NA
NA	NA	NA	NA	NA	NA	NA	NA	NA	NA	NA	NA	NA	NA	NA	NA
NA	NA	NA	NA	NA	NA	NA	NA	NA	NA	NA	NA	NA	NA	NA	NA
NA	NA	NA	NA	NA	NA	NA	NA	NA	NA	NA	NA	NA	NA	NA	NA
NA	NA	NA	NA	NA	NA	NA	NA	NA	NA	NA	NA	NA	NA	NA	NA
NA	NA	NA	NA	NA	NA	NA	NA	NA	NA	NA	NA	NA	NA	NA	NA
NA	NA	NA	NA	NA	NA	NA	NA	NA	NA	NA	NA	NA	NA	NA	NA
NA	NA	NA	NA	NA	NA	NA	NA	NA	NA	NA	NA	NA	NA	NA	NA
NA	NA	NA	NA	NA	NA	NA	NA	NA	NA	NA	NA	NA	NA	NA	NA
NA	NA	NA	NA	NA	NA	NA	NA	NA	NA	NA	NA	NA	NA	NA	NA
NA	NA	NA	NA	NA	NA	NA	NA	NA	NA	NA	NA	NA	NA	NA	NA
NA	NA	NA	NA	NA	NA	NA	NA	NA	NA	NA	NA	NA	NA	NA	NA
NA	NA	NA	NA	NA	NA	NA	NA	NA	NA	NA	NA	NA	NA	NA	NA
NA	NA	NA	NA	NA	NA	NA	NA	NA	NA	NA	NA	NA	NA	NA	NA
NA	NA	NA	NA	NA	NA	NA	NA	NA	NA	NA	NA	NA	NA	NA	NA
NA	NA	NA	NA	NA	NA	NA	NA	NA	NA	NA	NA	NA	NA	NA	NA
NA	NA	NA	NA	NA	NA	NA	NA	NA	NA	NA	NA	NA	NA	NA	NA
NA	NA	NA	NA	NA	NA	NA	NA	NA	NA	NA	NA	NA	NA	NA	NA
NA	NA	NA	NA	NA	NA	NA	NA	NA	NA	NA	NA	NA	NA	NA	NA
NA	NA	NA	NA	NA	NA	NA	NA	NA	NA	NA	NA	NA	NA	NA	NA
NA	NA	NA	NA	NA	NA	NA	NA	NA	NA	NA	NA	NA	NA	NA	NA
NA	NA	NA	NA	NA	NA	NA	NA	NA	NA	NA	NA	NA	NA	NA	NA
NA	NA	NA	NA	NA	NA	NA	NA	NA	NA	NA	NA	NA	NA	NA	NA
NA	NA	NA	NA	NA	NA	NA	NA	NA	NA	NA	NA	NA	NA	NA	NA
NA	NA	NA	NA	NA	NA	NA	NA	NA	NA	NA	NA	NA	NA	NA	NA
NA	NA	NA	NA	NA	NA	NA	NA	NA	NA	NA	NA	NA	NA	NA	NA
NA	NA	NA	NA	NA	NA	NA	NA	NA	NA	NA	NA	NA	NA	NA	NA
NA	NA	NA	NA	NA	NA	NA	NA	NA	NA	NA	NA	NA	NA	NA	NA
NA	NA	NA	NA	NA	NA	NA	NA	NA	NA	NA	NA	NA	NA	NA	NA
NA	NA	NA	NA	NA	NA	NA	NA	NA	NA	NA	NA	NA	NA	NA	NA
NA	NA	NA	NA	NA	NA	NA	NA	NA	NA	NA	NA	NA	NA	NA	NA
NA	NA	NA	NA	NA	NA	NA	NA	NA	NA	NA	NA	NA	NA	NA	NA
NA	NA	NA	NA	NA	NA	NA	NA	NA	NA	NA	NA	NA	NA	NA	NA
NA	NA	NA	NA	NA	NA	NA	NA	NA	NA	NA	NA	NA	NA	NA	NA
NA	NA	NA	NA	NA	NA	NA	NA	NA	NA	NA	NA	NA	NA	NA	NA
NA	NA	NA	NA	NA	NA	NA	NA	NA	NA	NA	NA	NA	NA	NA	NA
NA	NA	NA	NA	NA	NA	NA	NA	NA	NA	NA	NA	NA	NA	NA	NA
NA	NA	NA	NA	NA	NA	NA	NA	NA	NA	NA	NA	NA	NA	NA	NA
NA	NA	NA	NA	NA	NA	NA	NA	NA	NA	NA	NA	NA	NA	NA	NA
NA	NA	NA	NA	NA	NA	NA	NA	NA	NA	NA	NA	NA	NA	NA	NA
NA	NA	NA	NA	NA	NA	NA	NA	NA	NA	NA	NA	NA	NA	NA	NA
NA	NA	NA	NA	NA	NA	NA	NA	NA	NA	NA	NA	NA	NA	NA	NA
NA	NA	NA	NA	NA	NA	NA	NA	NA	NA	NA	NA	NA	NA	NA	NA
NA	NA	NA	NA	NA	NA	NA	NA	NA	NA	NA	NA	NA	NA	NA	NA
NA	NA	NA	NA	NA	NA	NA	NA	NA	NA	NA	NA	NA	NA	NA	NA
NA	NA	NA	NA	NA	NA	NA	NA	NA	NA	NA	NA	NA	NA	NA	NA
NA	NA	NA	NA	NA	NA	NA	NA	NA	NA	NA	NA	NA	NA	NA	NA
NA	NA	NA	NA	NA	NA	NA	NA	NA	NA	NA	NA	NA	NA	NA	NA
NA	NA	NA	NA	NA	NA	NA	NA	NA	NA	NA	NA	NA	NA	NA	NA
NA	NA	NA	NA	NA	NA	NA	NA	NA	NA	NA	NA	NA	NA	NA	NA
NA	NA	NA	NA	NA	NA	NA	NA	NA	NA	NA	NA	NA	NA	NA	NA
NA	NA	NA	NA	NA	NA	NA	NA	NA	NA	NA	NA	NA	NA	NA	NA
NA	NA	NA	NA	NA	NA	NA	NA	NA	NA	NA	NA	NA	NA	NA	NA
NA	NA	NA	NA	NA	NA	NA	NA	NA	NA	NA	NA	NA	NA	NA	NA
NA	NA	NA	NA	NA	NA	NA	NA	NA	NA	NA	NA	NA	NA	NA	NA
NA	NA	NA	NA	NA	NA	NA	NA	NA	NA	NA	NA	NA	NA	NA	NA
NA	NA	NA	NA	NA	NA	NA	NA	NA	NA	NA	NA	NA	NA	NA	NA
NA	NA	NA	NA	NA	NA	NA	NA	NA	NA	NA	NA	NA	NA	NA	NA
NA	NA	NA	NA	NA	NA	NA	NA	NA	NA	NA	NA	NA	NA	NA	NA
NA	NA	NA	NA	NA	NA	NA	NA	NA	NA	NA	NA	NA	NA	NA	NA
NA	NA	NA	NA	NA	NA	NA	NA	NA	NA	NA	NA	NA	NA	NA	NA
NA	NA	NA	NA	NA	NA	NA	NA	NA	NA	NA	NA	NA	NA	NA	NA
NA	NA	NA	NA	NA	NA	NA	NA	NA	NA	NA	NA	NA	NA	NA	NA
NA	NA	NA	NA	NA	NA	NA	NA	NA	NA	NA	NA	NA	NA	NA	NA
NA	NA	NA	NA	NA	NA	NA	NA	NA	NA	NA	NA	NA	NA	NA	NA
NA	NA	NA	NA	NA	NA	NA	NA	NA	NA	NA	NA	NA	NA	NA	NA
NA	NA	NA	NA	NA	NA	NA	NA	NA	NA	NA	NA	NA	NA	NA	NA
NA	NA	NA	NA	NA	NA	NA	NA	NA	NA	NA	NA	NA	NA	NA	NA
NA	NA	NA	NA	NA	NA	NA	NA	NA	NA	NA	NA	NA	NA	NA	NA
NA	NA	NA	NA	NA	NA	NA	NA	NA	NA	NA	NA	NA	NA	NA	NA
NA	NA	NA	NA	NA	NA	NA	NA	NA	NA	NA	NA	NA	NA	NA	NA
NA	NA	NA	NA	NA	NA	NA	NA	NA	NA	NA	NA	NA	NA	NA	NA
NA	NA	NA	NA	NA	NA	NA	NA	NA	NA	NA	NA	NA	NA	NA	NA
NA	NA	NA	NA	NA	NA	NA	NA	NA	NA	NA	NA	NA	NA	NA	NA
NA	NA	NA	NA	NA	NA	NA	NA	NA	NA	NA	NA	NA	NA	NA	NA
NA	NA	NA	NA	NA	NA	NA	NA	NA	NA	NA	NA	NA	NA	NA	NA
NA	NA	NA	NA	NA	NA	NA	NA	NA	NA	NA	NA	NA	NA	NA	NA
NA	NA	NA	NA	NA	NA	NA	NA	NA	NA	NA	NA	NA	NA	NA	NA
NA	NA	NA	NA	NA	NA	NA	NA	NA	NA	NA	NA	NA	NA	NA	NA
NA	NA	NA	NA	NA	NA	NA	NA	NA	NA	NA	NA	NA	NA	NA	NA
NA	NA	NA	NA	NA	NA	NA	NA	NA	NA	NA	NA	NA	NA	NA	NA
NA	NA	NA	NA	NA	NA	NA	NA	NA	NA	NA	NA	NA	NA	NA	NA
NA	NA	NA	NA	NA	NA	NA	NA	NA	NA	NA	NA	NA	NA	NA	NA
NA	NA	NA	NA	NA	NA	NA	NA	NA	NA	NA	NA	NA	NA	NA	NA
NA	NA	NA	NA	NA	NA	NA	NA	NA	NA	NA	NA	NA	NA	NA	NA
NA	NA	NA	NA	NA	NA	NA	NA	NA	NA	NA	NA	NA	NA	NA	NA
NA	NA	NA	NA	NA	NA	NA	NA	NA	NA	NA	NA	NA	NA	NA	NA
NA	NA	NA	NA	NA	NA	NA	NA	NA	NA	NA	NA	NA	NA	NA	NA
NA	NA	NA	NA	NA	NA	NA	NA	NA	NA	NA	NA	NA	NA	NA	NA
NA	NA	NA	NA	NA	NA	NA	NA	NA	NA	NA	NA	NA	NA	NA	NA
NA	NA	NA	NA	NA	NA	NA	NA	NA	NA	NA	NA	NA	NA	NA	NA
NA	NA	NA	NA	NA	NA	NA	NA	NA	NA	NA	NA	NA	NA	NA	NA
NA	NA	NA	NA	NA	NA	NA	NA	NA	NA	NA	NA	NA	NA	NA	NA
NA	NA	NA	NA	NA	NA	NA	NA	NA	NA	NA	NA	NA	NA	NA	NA
NA	NA	NA	NA	NA	NA	NA	NA	NA	NA	NA	NA	NA	NA	NA	NA
NA	NA	NA	NA	NA	NA	NA	NA	NA	NA	NA	NA	NA	NA	NA	NA
NA	NA	NA	NA	NA	NA	NA	NA	NA	NA	NA	NA	NA	NA	NA	NA
NA	NA	NA	NA	NA	NA	NA	NA	NA	NA	NA	NA	NA	NA	NA	NA
NA	NA	NA	NA	NA	NA	NA	NA	NA	NA	NA	NA	NA	NA	NA	NA
NA	NA	NA	NA	NA	NA	NA	NA	NA	NA	NA	NA	NA	NA	NA	NA
NA	NA	NA	NA	NA	NA	NA	NA	NA	NA	NA	NA	NA	NA	NA	NA
NA	NA	NA	NA	NA	NA	NA	NA	NA	NA	NA	NA	NA	NA	NA	NA
NA	NA	NA	NA	NA	NA	NA	NA	NA	NA	NA	NA	NA	NA	NA	NA
NA	NA	NA	NA	NA	NA	NA	NA	NA	NA	NA	NA	NA	NA	NA	NA
NA	NA	NA	NA	NA	NA	NA	NA	NA	NA	NA	NA	NA	NA	NA	NA
NA	NA	NA	NA	NA	NA	NA	NA	NA	NA	NA	NA	NA	NA	NA	NA
NA	NA	NA	NA	NA	NA	NA	NA	NA	NA	NA	NA	NA	NA	NA	NA
NA	NA	NA	NA	NA	NA	NA	NA	NA	NA	NA	NA	NA	NA	NA	NA
NA	NA	NA	NA	NA	NA	NA	NA	NA	NA	NA	NA	NA	NA	NA	NA
NA	NA	NA	NA	NA	NA	NA	NA	NA	NA	NA	NA	NA	NA	NA	NA
NA	NA	NA	NA	NA	NA	NA	NA	NA	NA	NA	NA	NA	NA	NA	NA
NA	NA	NA	NA	NA	NA	NA	NA	NA	NA	NA	NA	NA	NA	NA	NA
NA	NA	NA	NA	NA	NA	NA	NA	NA	NA	NA	NA	NA	NA	NA	NA
NA	NA	NA	NA	NA	NA	NA	NA	NA	NA	NA	NA	NA	NA	NA	NA
NA	NA	NA	NA	NA	NA	NA	NA	NA	NA	NA	NA	NA	NA	NA	NA
NA	NA	NA	NA	NA	NA	NA	NA	NA	NA	NA	NA	NA	NA	NA	NA
NA	NA	NA	NA	NA	NA	NA	NA	NA	NA	NA	NA	NA	NA	NA	NA
NA	NA	NA	NA	NA	NA	NA	NA	NA	NA	NA	NA	NA	NA	NA	NA
NA	NA	NA	NA	NA	NA	NA	NA	NA	NA	NA	NA	NA	NA	NA	NA
NA	NA	NA	NA	NA	NA	NA	NA	NA	NA	NA	NA	NA	NA	NA	NA
NA	NA	NA	NA	NA	NA	NA	NA	NA	NA	NA	NA	NA	NA	NA	NA
NA	NA	NA	NA	NA	NA	NA	NA	NA	NA	NA	NA	NA	NA	NA	NA
NA	NA	NA	NA	NA	NA	NA	NA	NA	NA	NA	NA	NA	NA	NA	NA
NA	NA	NA	NA	NA	NA	NA	NA	NA	NA	NA	NA	NA	NA	NA	NA
NA	NA	NA	NA	NA	NA	NA	NA	NA	NA	NA	NA	NA	NA	NA	NA
NA	NA	NA	NA	NA	NA	NA	NA	NA	NA	NA	NA	NA	NA	NA	NA
NA	NA	NA	NA	NA	NA	NA	NA	NA	NA	NA	NA	NA	NA	NA	NA
NA	NA	NA	NA	NA	NA	NA	NA	NA	NA	NA	NA	NA	NA	NA	NA
NA	NA	NA	NA	NA	NA	NA	NA	NA	NA	NA	NA	NA	NA	NA	NA
NA	NA	NA	NA	NA	NA	NA	NA	NA	NA	NA	NA	NA	NA	NA	NA
NA	NA	NA	NA	NA	NA	NA	NA	NA	NA	NA	NA	NA	NA	NA	NA
NA	NA	NA	NA	NA	NA	NA	NA	NA	NA	NA	NA	NA	NA	NA	NA
NA	NA	NA	NA	NA	NA	NA	NA	NA	NA	NA	NA	NA	NA	NA	NA
NA	NA	NA	NA	NA	NA	NA	NA	NA	NA	NA	NA	NA	NA	NA	NA
NA	NA	NA	NA	NA	NA	NA	NA	NA	NA	NA	NA	NA	NA	NA	NA
NA	NA	NA	NA	NA	NA	NA	NA	NA	NA	NA	NA	NA	NA	NA	NA
NA	NA	NA	NA	NA	NA	NA	NA	NA	NA	NA	NA	NA	NA	NA	NA
NA	NA	NA	NA	NA	NA	NA	NA	NA	NA	NA	NA	NA	NA	NA	NA
NA	NA	NA	NA	NA	NA	NA	NA	NA	NA	NA	NA	NA	NA	NA	NA
NA	NA	NA	NA	NA	NA	NA	NA	NA	NA	NA	NA	NA	NA	NA	NA
NA	NA	NA	NA	NA	NA	NA	NA	NA	NA	NA	NA	NA	NA	NA	NA
NA	NA	NA	NA	NA	NA	NA	NA	NA	NA	NA	NA	NA	NA	NA	NA
NA	NA	NA	NA	NA	NA	NA	NA	NA	NA	NA	NA	NA	NA	NA	NA
NA	NA	NA	NA	NA	NA	NA	NA	NA	NA	NA	NA	NA	NA	NA	NA
NA	NA	NA	NA	NA	NA	NA	NA	NA	NA	NA	NA	NA	NA	NA	NA
NA	NA	NA	NA	NA	NA	NA	NA	NA	NA	NA	NA	NA	NA	NA	NA
NA	NA	NA	NA	NA	NA	NA	NA	NA	NA	NA	NA	NA	NA	NA	NA
NA	NA	NA	NA	NA	NA	NA	NA	NA	NA	NA	NA	NA	NA	NA	NA
NA	NA	NA	NA	NA	NA	NA	NA	NA	NA	NA	NA	NA	NA	NA	NA
NA	NA	NA	NA	NA	NA	NA	NA	NA	NA	NA	NA	NA	NA	NA	NA
NA	NA	NA	NA	NA	NA	NA	NA	NA	NA	NA	NA	NA	NA	NA	NA
NA	NA	NA	NA	NA	NA	NA	NA	NA	NA	NA	NA	NA	NA	NA	NA
NA	NA	NA	NA	NA	NA	NA	NA	NA	NA	NA	NA	NA	NA	NA	NA
NA	NA	NA	NA	NA	NA	NA	NA	NA	NA	NA	NA	NA	NA	NA	NA
NA	NA	NA	NA	NA	NA	NA	NA	NA	NA	NA	NA	NA	NA	NA	NA
NA	NA	NA	NA	NA	NA	NA	NA	NA	NA	NA	NA	NA	NA	NA	NA
NA	NA	NA	NA	NA	NA	NA	NA	NA	NA	NA	NA	NA	NA	NA	NA
NA	NA	NA	NA	NA	NA	NA	NA	NA	NA	NA	NA	NA	NA	NA	NA
NA	NA	NA	NA	NA	NA	NA	NA	NA	NA	NA	NA	NA	NA	NA	NA
NA	NA	NA	NA	NA	NA	NA	NA	NA	NA	NA	NA	NA	NA	NA	NA
NA	NA	NA	NA	NA	NA	NA	NA	NA	NA	NA	NA	NA	NA	NA	NA
NA	NA	NA	NA	NA	NA	NA	NA	NA	NA	NA	NA	NA	NA	NA	NA
NA	NA	NA	NA	NA	NA	NA	NA	NA	NA	NA	NA	NA	NA	NA	NA
NA	NA	NA	NA	NA	NA	NA	NA	NA	NA	NA	NA	NA	NA	NA	NA
NA	NA	NA	NA	NA	NA	NA	NA	NA	NA	NA	NA	NA	NA	NA	NA
NA	NA	NA	NA	NA	NA	NA	NA	NA	NA	NA	NA	NA	NA	NA	NA
NA	NA	NA	NA	NA	NA	NA	NA	NA	NA	NA	NA	NA	NA	NA	NA
NA	NA	NA	NA	NA	NA	NA	NA	NA	NA	NA	NA	NA	NA	NA	NA
NA	NA	NA	NA	NA	NA	NA	NA	NA	NA	NA	NA	NA	NA	NA	NA
NA	NA	NA	NA	NA	NA	NA	NA	NA	NA	NA	NA	NA	NA	NA	NA
NA	NA	NA	NA	NA	NA	NA	NA	NA	NA	NA	NA	NA	NA	NA	NA
NA	NA	NA	NA	NA	NA	NA	NA	NA	NA	NA	NA	NA	NA	NA	NA
NA	NA	NA	NA	NA	NA	NA	NA	NA	NA	NA	NA	NA	NA	NA	NA
NA	NA	NA	NA	NA	NA	NA	NA	NA	NA	NA	NA	NA	NA	NA	NA
NA	NA	NA	NA	NA	NA	NA	NA	NA	NA	NA	NA	NA	NA	NA	NA
NA	NA	NA	NA	NA	NA	NA	NA	NA	NA	NA	NA	NA	NA	NA	NA
NA	NA	NA	NA	NA	NA	NA	NA	NA	NA	NA	NA	NA	NA	NA	NA
NA	NA	NA	NA	NA	NA	NA	NA	NA	NA	NA	NA	NA	NA	NA	NA
NA	NA	NA	NA	NA	NA	NA	NA	NA	NA	NA	NA	NA	NA	NA	NA
NA	NA	NA	NA	NA	NA	NA	NA	NA	NA	NA	NA	NA	NA	NA	NA
NA	NA	NA	NA	NA	NA	NA	NA	NA	NA	NA	NA	NA	NA	NA	NA
NA	NA	NA	NA	NA	NA	NA	NA	NA	NA	NA	NA	NA	NA	NA	NA
NA	NA	NA	NA	NA	NA	NA	NA	NA	NA	NA	NA	NA	NA	NA	NA
NA	NA	NA	NA	NA	NA	NA	NA	NA	NA	NA	NA	NA	NA	NA	NA
NA	NA	NA	NA	NA	NA	NA	NA	NA	NA	NA	NA	NA	NA	NA	NA
NA	NA	NA	NA	NA	NA	NA	NA	NA	NA	NA	NA	NA	NA	NA	NA
NA	NA	NA	NA	NA	NA	NA	NA	NA	NA	NA	NA	NA	NA	NA	NA
NA	NA	NA	NA	NA	NA	NA	NA	NA	NA	NA	NA	NA	NA	NA	NA
NA	NA	NA	NA	NA	NA	NA	NA	NA	NA	NA	NA	NA	NA	NA	NA
NA	NA	NA	NA	NA	NA	NA	NA	NA	NA	NA	NA	NA	NA	NA	NA
2.03611858458789	0.0842257964922103	1.87103602346315	2.20120114571262	2.02966414226754	0.113317001286862	1.80756281974529	2.25176546478979	2.02966414226754	0.0842257964922103	1.86255327775838	2.20005789770098	2.03108641241701	0.0771827349195828	1.8797299687452	2.18244285608882
2.1518945185607	0.0789011395691287	1.99724828500521	2.30654075211619	2.11719622091796	0.104882571846388	1.91162638009904	2.32276606173688	2.11719622091796	0.0789011395691287	1.96620269182863	2.26958581813204	2.11899420560465	0.072581874918434	1.97667732393954	2.26131108726976
1.84663998110266	0.0746651258445291	1.70029633444738	1.99298362775793	1.88989719080501	0.0985057165382219	1.6968259863901	2.08296839521993	1.88989719080501	0.0746651258445291	1.74584510975296	2.03239118139147	1.88949303900639	0.0692489660236952	1.75371157820882	2.02527449980396
1.95540024590831	0.0840692139529017	1.79062458656063	2.120175905256	1.95686580485119	0.116746833365578	1.72804201145466	2.18568959824772	1.95686580485119	0.0840692139529017	1.78101013618963	2.11743588664042	1.95808946737939	0.0761101625055801	1.80884636316583	2.10733257159295
1.82498118154716	0.0779028335842296	1.67229162772207	1.97767073537225	1.8124276308568	0.103319443793409	1.60992152102172	2.01493374069188	1.8124276308568	0.0779028335842296	1.65499017796027	1.96806370764172	1.81234063085582	0.0713227196511537	1.67248524009674	1.9521960216149
2.06126011969828	0.0857271780781805	1.89323485066505	2.22928538873152	2.06213176953866	0.115892905225653	1.83498167529638	2.28928186378094	2.06213176953866	0.0857271780781805	1.8810352691384	2.23309033358817	2.06511458802106	0.0771273099400913	1.91387481559699	2.21635436044512
2.01886668869801	0.0887864397464481	1.84484526679497	2.19288811060105	2.00097907183846	0.115214512468637	1.77515862739993	2.22679951627698	2.00097907183846	0.0887864397464481	1.83334851410242	2.19876585442402	2.00253086053055	0.0829407570371646	1.83987190344197	2.16518981761913
1.9558454574592	0.084489281751953	1.79024646522537	2.12144444969303	1.98271381260842	0.112350370348353	1.76250708672565	2.20292053849119	1.98271381260842	0.084489281751953	1.82633548312418	2.14432758333333	1.98111167777913	0.0775249414216997	1.8290874230263	2.13313593253196
2.0817996501553	0.0934833551928618	1.89857227397729	2.26502702633331	2.05344469239292	0.120518715411228	1.81722801018691	2.28966137459892	2.05344469239292	0.0934833551928618	1.87273912789462	2.23880724458105	2.05277546648603	0.0855455956036775	1.88500019749239	2.22055073547968
1.8651177536813	0.0806546846794312	1.70703457170961	2.02320093565298	1.86104317128405	0.111440759896898	1.64261928188613	2.07946706068197	1.86104317128405	0.0806546846794312	1.69497715197067	2.0226659009877	1.86441990707373	0.073725195515871	1.71985562296479	2.00898419118266
2.12479928643925	0.0844098301797488	1.95935601928695	2.29024255359156	2.11014477860466	0.111180245962474	1.89223149651821	2.32805806069111	2.11014477860466	0.0844098301797488	1.93805656557772	2.27867086727201	2.1093936556468	0.0815283454506897	1.94951094509373	2.26927636619987
1.94467993036327	0.0797233234712026	1.78842221635971	2.10093764436683	1.90982573595554	0.10620074683733	1.70167227215438	2.11797919975671	1.90982573595554	0.0797233234712026	1.75297734064521	2.06629841787108	1.91116752714484	0.0730584033056219	1.76790919016973	2.05442586411995
2.01752398873421	0.0837232248790192	1.85342646797134	2.18162150949709	2.00414974187433	0.113404810640682	1.7818763130186	2.22642317073007	2.00414974187433	0.0837232248790192	1.85547979995314	2.16994804867212	2.00382654638808	0.0775598665733508	1.85172322857845	2.15592986419772
1.97087119946117	0.0813669831159911	1.81139191255383	2.13035048636851	1.99915614399742	0.109506703374009	1.78452300538436	2.21378928261048	1.99915614399742	0.0813669831159911	1.83697502052538	2.1587118724348	1.99807100527634	0.0726307883129668	1.85565836803765	2.14048364251503
2.09030762557642	0.0783232349244924	1.93679408512441	2.24382116602842	2.04279304042797	0.106068010398848	1.83489974004623	2.25068634080971	2.04279304042797	0.0783232349244924	1.88577846681956	2.1982615801948	2.04208589792465	0.0722786515516835	1.90035709068791	2.1838147051614
1.95897823970808	0.0800654060401139	1.80205004386946	2.1159064355467	1.99949287521161	0.106802874477913	1.7901592412349	2.20882650918832	1.99949287521161	0.0800654060401139	1.8394918102013	2.15493945961154	2.00041768182952	0.0723408655545845	1.8585683307584	2.14226703290065
2.00601263733635	0.0783184657765302	1.85250844441435	2.15951683025835	1.96594575022198	0.105685587529449	1.75880199866426	2.1730895017797	1.96594575022198	0.0783184657765302	1.80872971436827	2.12479020029542	1.96791927616307	0.0709076639837108	1.82888004268746	2.10695850963867
1.92922954621328	0.0886606771351801	1.75545461902832	2.10300447339823	1.93334437199154	0.121792983976261	1.69463012339807	2.17205862058502	1.93334437199154	0.0886606771351801	1.75557013492535	2.11487077040315	1.93625955313829	0.0786917746066789	1.78194462101224	2.09057448526434
1.87910402385008	0.076791194468626	1.72859328269157	2.02961476500858	1.94507768705802	0.104733187800403	1.73980063896923	2.15035473514681	1.94507768705802	0.076791194468626	1.8027164547368	2.09327048066096	1.94648730640213	0.0695874283658918	1.81004260585001	2.08293200695425
2.10111855874339	0.091015180631607	1.92272880470544	2.27950831278134	2.05326074290569	0.125382129137357	1.80751176979647	2.29900971601491	2.05326074290569	0.091015180631607	1.87837538633546	2.23666412471171	2.05462458460968	0.081167300722104	1.89545427652544	2.21379489269392
1.96922180281584	0.0779328014383907	1.81647351199659	2.12197009363508	2.03451841887959	0.103501384597352	1.83165570506878	2.2373811326904	2.03451841887959	0.0779328014383907	1.8899315165473	2.19756430072309	2.03575633357335	0.0715680289897662	1.8954260925156	2.17608657463111
1.98015743351596	0.0768643470999673	1.82950331320002	2.13081155383189	2.03399097039875	0.102663709522232	1.83277009973518	2.23521184106233	2.03399097039875	0.0768643470999673	1.88099872241283	2.17785070556329	2.03015524698479	0.0701478265473345	1.89260575450847	2.16770473946111
2.0389630769894	0.0751491578011445	1.89167072769916	2.18625542627965	1.98378491379802	0.0975660228859811	1.7925555089415	2.17501431865455	1.98378491379802	0.0751491578011445	1.83746257967173	2.12885707929719	1.98393096030957	0.0710398138330393	1.84463470391353	2.12322721670562
1.98203967498314	0.091290620441724	1.80311005891736	2.16096929104892	1.97527310410336	0.122317384416627	1.73553103064677	2.21501517755995	1.97527310410336	0.091290620441724	1.79009758579996	2.14742235333309	1.97732109840079	0.0813149648563148	1.81785594064526	2.13678625615632
1.98646847877362	0.0782728216537921	1.83305374833218	2.13988320921505	1.97093076297473	0.100555167236643	1.77384263519091	2.16801889075855	1.97093076297473	0.0782728216537921	1.80833545382162	2.12381805618728	1.97062519165725	0.0743604632152422	1.82480142723851	2.116448956076
1.9771440132558	0.0804680506002343	1.81942663407934	2.13486139243226	2.00760714582003	0.10898424931735	1.79399801715803	2.22121627448204	2.00760714582003	0.0804680506002343	1.85011135014111	2.17077719886604	2.00748979422448	0.0708009013152152	1.86865977608623	2.14631981236273
2.00849537306004	0.0763218632614047	1.85890452106769	2.1580862250524	2.06113736993317	0.102664754915796	1.85991445029822	2.26236028956813	2.06113736993317	0.0763218632614047	1.91287404564841	2.21017370324299	2.06158330560231	0.0700697841725702	1.92418750940868	2.19897910179594
2.05579160863137	0.0770114821232413	1.90484910366982	2.20673411359292	2.03621914532129	0.101419507527908	1.8374369105666	2.23500138007599	2.03621914532129	0.0770114821232413	1.87977299759386	2.19596040517816	2.03530712724932	0.0729453023896498	1.89227115799019	2.17834309650845
2.06353080331126	0.0795762340974291	1.9075613844803	2.21950022214222	2.03024346402791	0.109514012537646	1.81559599945412	2.24489092860169	2.03024346402791	0.0795762340974291	1.87708801341696	2.18829134530023	2.03069658726734	0.0715912326211993	1.89031872162412	2.17107445291057
1.96580138910012	0.0775892233961745	1.81372651124362	2.11787626695662	1.96170635370132	0.10561698006585	1.75469707277225	2.16871563463038	1.96170635370132	0.0775892233961745	1.81108412483497	2.11746251997392	1.96304164915702	0.0702181637585554	1.82535962382174	2.1007236744923
1.9563158299814	0.0859529771435033	1.78784799478014	2.12478366518267	1.94449971859501	0.12031804651339	1.70867634742877	2.18032308976126	1.94449971859501	0.0859529771435033	1.7703549749136	2.11209464088841	1.94302331342093	0.0783680553301277	1.78934167703944	2.09670494980243
1.93426846584097	0.0757954515975584	1.78570938070976	2.08282755097219	1.96947317122824	0.102936402523312	1.76771782228254	2.17122852017393	1.96947317122824	0.0757954515975584	1.81654976615863	2.11775382091173	1.97109509717049	0.0691838775504908	1.83543739064251	2.10675280369847
1.88236285425665	0.0766738729100298	1.73208206335299	2.03264364516031	1.87234521175099	0.100994263098333	1.67439645607826	2.07029396742373	1.87234521175099	0.0766738729100298	1.73374649986085	2.01499800805367	1.87279163532095	0.0708444354574551	1.73387630207909	2.01170696856281
2.04303035963283	0.0781255570085305	1.88990426789611	2.19615645136955	1.99972224914842	0.103095790878716	1.79765449902613	2.2017899992707	1.99972224914842	0.0781255570085305	1.84113040132878	2.14997487991719	1.99919565677276	0.0722882704263461	1.85744829178903	2.1409430217565
1.9890770622471	0.0757849632245046	1.84053853432707	2.13761559016713	1.98515706149157	0.101387842179382	1.78643689081998	2.18387723216316	1.98515706149157	0.0757849632245046	1.82828203979752	2.13324505869037	1.98587748446861	0.0682242159499825	1.85210531671026	2.11964965222696
1.91035622941491	0.0850767352656213	1.74360582829429	2.07710663053552	1.90858194647864	0.113864687251293	1.68540715946611	2.13175673349117	1.90858194647864	0.0850767352656213	1.73653010169883	2.08595668693415	1.90974994253712	0.0766417052902001	1.75946133543662	2.06003854963761
1.88451835496055	0.0860230570607332	1.71591316312152	2.05312354679959	1.89406172411781	0.11520235722797	1.66826510395099	2.11985834428463	1.89406172411781	0.0860230570607332	1.73682237779401	2.07350299877094	1.89237792843824	0.0787655656518987	1.73792072267567	2.04683513420082
1.98328977283806	0.0761961597347927	1.83394529975786	2.13263424591825	1.99778418155534	0.0989458486177767	1.8038503182645	2.19171804484619	1.99778418155534	0.0761961597347927	1.85639863469937	2.15006269891023	1.99896258298263	0.0722167256823998	1.85735802228984	2.14056714367542
2.02122850783808	0.0818224861090581	1.86085643506433	2.18160058061183	2.11244797947989	0.109473624289995	1.8978796758715	2.32701628308828	2.11244797947989	0.0818224861090581	1.95002068734881	2.27975955076103	2.11279992344022	0.0722754267348421	1.97107462864142	2.25452521823902
2.02159043359849	0.0927101265818717	1.83987858549802	2.20330228169896	2.04791534441173	0.116482655833438	1.81960933897819	2.27622134984526	2.04791534441173	0.0927101265818717	1.87210003832926	2.23787302020538	2.04748286365351	0.0845519690972998	1.88166122785511	2.2133044994519
1.95945977477541	0.078881524332511	1.80485198708369	2.11406756246713	1.9990209790906	0.101885040741275	1.7993262992377	2.1987156589435	1.9990209790906	0.078881524332511	1.8419362159522	2.16173055891639	2.00010206360269	0.0731847313369006	1.85659202997055	2.14361209723483
2.00476336431857	0.0720063086057977	1.8636309994512	2.14589572918593	2.03248779618378	0.0929866742285476	1.85023391469582	2.21474167767173	2.03248779618378	0.0720063086057977	1.88388577159688	2.17059282801692	2.03285334655778	0.0665982260474735	1.9022710366709	2.16343565644466
1.95982767768351	0.0875459947281337	1.78823752801637	2.13141782735065	1.96164239062366	0.11559049853845	1.7350850134883	2.18819976775902	1.96164239062366	0.0875459947281337	1.79153931459561	2.15548156050384	1.96178569297406	0.0808746393873879	1.80317905372332	2.12039233222479
2.08553432016297	0.0789045387251406	1.9308814242617	2.24018721606425	2.08250850993591	0.107264309382754	1.87227046354571	2.29274655632611	2.08250850993591	0.0789045387251406	1.92541942577071	2.23360621123139	2.08297340806292	0.0706588530823538	1.94442363920879	2.22152317691705
1.8367796019504	0.080559473039289	1.6788830347934	1.99467616910741	1.85027470278565	0.108203539257483	1.63819576584098	2.06235363973031	1.85027470278565	0.080559473039289	1.70231602518392	2.01103243167339	1.85087174659411	0.0732007762248383	1.70733263742653	1.99441085576169
1.9169367957472	0.0837777645733536	1.75273237718343	2.08114121431097	1.92077811558378	0.11518097117333	1.69502341208405	2.14653281908351	1.92077811558378	0.0837777645733536	1.7611945672754	2.08668915085645	1.92008541142702	0.0766618888199994	1.7697493245372	2.07042149831684
2.00222422411216	0.086768665447212	1.83215763983563	2.1722908083887	2.05867470428094	0.11405658384811	1.83512379993864	2.28222560862323	2.05867470428094	0.086768665447212	1.88218295070136	2.22184865882746	2.05745854324474	0.079698402048502	1.90116665596929	2.21375043052019
1.92043117639381	0.0793007847497522	1.7650016382843	2.07586071450332	1.93075853927626	0.107218963374507	1.72060937106222	2.14090770749029	1.93075853927626	0.0793007847497522	1.76771769415572	2.07624720962881	1.93340987720767	0.071602179201624	1.79300672147117	2.07381303294416
1.91451450756607	0.0780420360665608	1.76155211687561	2.06747689825653	1.93172842756081	0.101031506810965	1.73370667421132	2.12975018091031	1.93172842756081	0.0780420360665608	1.76595348770551	2.07982637477814	1.93339616958747	0.0717204096277115	1.79276247754769	2.07402986162725
1.9437636291511	0.0779878313452572	1.7909074797144	2.09661977858781	1.92924574622565	0.103610613064149	1.72616894461992	2.13232254783138	1.92924574622565	0.0779878313452572	1.78051493147953	2.0782592514873	1.93061242689543	0.0717083750724808	1.79000000973442	2.07122484405643
1.93854330461926	0.0925440126753515	1.75715703977557	2.11992956946295	1.897855863633	0.125470790358839	1.65193311452967	2.14377861273632	1.897855863633	0.0925440126753515	1.70941164974769	2.07306444784918	1.89785116564127	0.0870552837230937	1.72711259812033	2.0685897331622
2.03618218151543	0.0847165067934628	1.87013782820025	2.20222653483062	2.06156426772385	0.113845150315252	1.83842777310596	2.28470076234175	2.06156426772385	0.0847165067934628	1.89456418054883	2.22180431428681	2.0619601153342	0.08137323106042	1.90237998962826	2.22154024104015
1.95607538543106	0.109835944955001	1.74079693331926	2.17135383754287	1.90674014722918	0.138041394134593	1.63617901472538	2.17730127973298	1.90674014722918	0.109835944955001	1.65060089496123	2.09177986166176	1.9092294786474	0.104694336053322	1.70386548395374	2.11459347334105
2.06619218488584	0.0787026555720083	1.91193497996471	2.22044938980698	2.07853227939324	0.103027893813556	1.87659760751867	2.28046695126781	2.07853227939324	0.0787026555720083	1.93214842752401	2.24153453725363	2.07888647362148	0.073559040057844	1.93464464374228	2.22312830350069
1.97687295366756	0.0874980762984531	1.80537672412259	2.14836918321253	2.01353954756442	0.117837288568721	1.78257846196973	2.24450063315911	2.01353954756442	0.0874980762984531	1.84262251350651	2.17693194339262	2.01323948154266	0.0811699634959623	1.85405764510712	2.17242131797819
2.04194046141836	0.0821072296040401	1.88101029139445	2.20287063144228	2.06126816386274	0.110214040540594	1.84524864440318	2.27728768332231	2.06126816386274	0.0821072296040401	1.89441156211255	2.22453237945114	2.06186775413447	0.0754842938056082	1.91384440098707	2.20989110728186
1.9125501201812	0.0806821522717376	1.7544131017286	2.07068713863381	1.92249433102158	0.10607124500424	1.71459469081327	2.13039397122989	1.92249433102158	0.0806821522717376	1.77336874929079	2.09175712555746	1.92517952827468	0.075371542412046	1.77738330464677	2.07297575190259
1.94777385830649	0.0801257734218773	1.79072734239962	2.10482037421337	1.95854875396329	0.110141449181843	1.74267151356688	2.1744259943597	1.95854875396329	0.0801257734218773	1.79991138937578	2.12111157745117	1.95879196846395	0.0713169735950373	1.81895153609452	2.09863240083338
1.9618089028417	0.0734544493885233	1.81783818204019	2.1057796236432	2.02559669066009	0.0998292766568088	1.82993130841275	2.22126207290744	2.02559669066009	0.0734544493885233	1.87846475700081	2.16726686620891	2.02243977339557	0.068835114800745	1.88747516306003	2.1574043837311
1.96043516026694	0.0770665412641686	1.80938473938917	2.11148558114471	1.98083855664444	0.106721531623768	1.77166435466186	2.19001275862703	1.98083855664444	0.0770665412641686	1.83699466709388	2.12916933852928	1.98061031209555	0.0717133183217502	1.83998746709723	2.12123315709387
2.10427582104855	0.0774693100189782	1.95243597341135	2.25611566868575	2.07189279790725	0.104771941545946	1.8665397924772	2.27724580333731	2.07189279790725	0.0774693100189782	1.91636661776343	2.22320997115617	2.07441154628081	0.0752436123708841	1.92686456134982	2.22195853121181
1.98561670187926	0.0739304104354846	1.84071309742571	2.13052030633281	1.99981804543675	0.0974754906787633	1.80876608370637	2.19087000716712	1.99981804543675	0.0739304104354846	1.85060336607709	2.1519766271953	1.99782676563592	0.0674791452119725	1.86551987625784	2.130133655014
1.9738379202582	0.0815836915721809	1.81393388477673	2.13374195573968	1.9479231866082	0.10870420102031	1.73486295260839	2.160983420608	1.9479231866082	0.0815836915721809	1.77749092169078	2.10296768899964	1.94783922218843	0.0750576171902116	1.80065748441413	2.09502095996273
2.06837471441963	0.085187870224041	1.90140648878051	2.23534294005876	2.04907832490196	0.113001036142389	1.82759629406288	2.27056035574104	2.04907832490196	0.085187870224041	1.88621074028834	2.20708672964503	2.04944998193492	0.0773939541430139	1.89768123569318	2.20121872817666
1.86756252527508	0.0818643965999016	1.70710830793927	2.02801674261088	1.94935092539638	0.10793314343513	1.73780196426353	2.16089988652924	1.94935092539638	0.0818643965999016	1.79084480376236	2.10623122013983	1.94964370815215	0.0745673549722402	1.80341923150196	2.09586818480233
2.04025145348403	0.0777526925167003	1.8878561761513	2.19264673081676	2.04675216144795	0.103554378221501	1.84378558013381	2.24971874276209	2.04675216144795	0.0777526925167003	1.89487434391778	2.20189986982306	2.04597374884621	0.0682656869449117	1.91211919833666	2.17982829935576
1.96215700900049	0.0740259928302526	1.8170660630532	2.10724795494779	2.03629749227056	0.0981567507170401	1.84391026086516	2.22868472367596	2.03629749227056	0.0740259928302526	1.89301864487422	2.18172130605964	2.03479437717611	0.0698042604106704	1.89791727574328	2.17167147860893
1.94379155696564	0.0729507711565842	1.80080804549874	2.08677506843255	1.93576679198883	0.0977103676263176	1.74425447144125	2.12727911253641	1.93576679198883	0.0729507711565842	1.80219107748083	2.08066377265098	1.93620804499699	0.069591980363905	1.79975596659033	2.07266012340366
1.87472765036012	0.079830870521753	1.71825914413748	2.03119615658275	1.86566064343749	0.104530795336158	1.66078028457862	2.07054100229636	1.86566064343749	0.079830870521753	1.70436386675359	2.02364984100409	1.86398547198229	0.074474124717071	1.71795103951963	2.01001990444496
2.12265870254246	0.0793393949920041	1.96715348835813	2.27816391672679	2.14998105026041	0.105109364697297	1.94396669545371	2.35599540506711	2.14998105026041	0.0793393949920041	2.00090931683644	2.31090212650149	2.15042219048501	0.0726300232898107	2.00800284674442	2.2928415342256
2.04608286408586	0.0771118095618728	1.89494371734458	2.19722201082713	1.99874434825368	0.101238893539479	1.8003161169163	2.19717257959106	1.99874434825368	0.0771118095618728	1.8510960624126	2.15068653995196	1.99998904517211	0.0704319715688384	1.86188218257472	2.13809590776951
2.12068993074759	0.0774406560790391	1.96890624483268	2.27247361666251	2.08965728128559	0.104699496034769	1.88444626905744	2.29486829351373	2.08965728128559	0.0774406560790391	1.943639825004	2.2412135807835	2.09079483199449	0.0697907474181535	1.95394889540955	2.22764076857943
1.9437769232379	0.0785964562238445	1.78972786903917	2.09782597743664	1.96650684338075	0.1048338370489	1.7610325227649	2.17198116399659	1.96650684338075	0.0785964562238445	1.81507406887386	2.12491945326236	1.96636884049501	0.0729696642130077	1.82328995411578	2.10944772687423
1.97212550760883	0.0778943050436636	1.81945266972325	2.12479834549441	1.94834558592601	0.106167500047152	1.74025728583359	2.15643388601843	1.94834558592601	0.0778943050436636	1.79644258439922	2.10877200800946	1.94910828357688	0.0710964830550828	1.80970510209784	2.08851146505591
2.07343000481048	0.0736324915684408	1.92911032133634	2.21774968828462	2.08440413148982	0.0960007605128866	1.89624264088456	2.27256562209508	2.08440413148982	0.0736324915684408	1.93445729171869	2.22641342331821	2.08672280305177	0.0699370416287291	1.94959031762583	2.22385528847771
1.9860722738484	0.103295018063705	1.78361403844354	2.18853050925326	1.98948628745845	0.134128626824056	1.7265941788833	2.2523783960336	1.98948628745845	0.103295018063705	1.80512891811527	2.19270939242564	1.98866189269284	0.0964060279559044	1.79957408450288	2.1777497008828
2.01497970893951	0.0758561292956667	1.86630169552	2.16365772235902	2.0371741391061	0.10112309079923	1.83897288113961	2.23537539707259	2.0371741391061	0.0758561292956667	1.89480027477974	2.19252129229774	2.0363586628588	0.0712083408999412	1.89672686766235	2.17599045805526
2.10408292053165	0.084211235069017	1.93902889979637	2.26913694126692	2.12121077563397	0.11505975352115	1.89569365873251	2.34672789253542	2.12121077563397	0.084211235069017	1.95423409870385	2.28107188451265	2.1228815916778	0.0784762998646016	1.96898639147451	2.2767767918811
1.92207171609574	0.0734219456470473	1.77816470262753	2.06597872956395	1.95114439232169	0.0973101769231756	1.76041644555227	2.14187233909112	1.95114439232169	0.0734219456470473	1.81276984701842	2.09539568503426	1.95062495025771	0.0686623934849477	1.81599118478327	2.08525871573215
1.89096257535804	0.0817854763885929	1.73066304163639	2.05126210907968	1.87988072715836	0.109770792454452	1.66472997394764	2.09503148036909	1.87988072715836	0.0817854763885929	1.71320757522337	2.03983111933908	1.88153828583597	0.0746346541216633	1.73518559489868	2.02789097677326
1.97174930312413	0.0773575250295384	1.82012855406624	2.12337005218203	1.92656112089772	0.105615476382155	1.71955478718869	2.13356745460674	1.92656112089772	0.0773575250295384	1.77971139710237	2.07333518101041	1.92749631062069	0.0726950998557702	1.78495052310324	2.07004209813815
1.842945245664	0.0798662381480854	1.68640741889375	1.99948307243425	1.86360895462606	0.106178211549729	1.65549965998859	2.07171824926353	1.86360895462606	0.0798662381480854	1.70135779953423	2.02573324652062	1.86498352658326	0.0727296300310293	1.72237185207103	2.00759520109548
2.1039029553027	0.0751553140392991	1.95659853978567	2.25120737081973	2.08860016005705	0.0999709759894756	1.89265704711768	2.28454327299642	2.08860016005705	0.0751553140392991	1.94160856098616	2.23926138834922	2.08949878111152	0.0706337882647076	1.95100201695486	2.22799554526819
1.97827568402106	0.0837362279350977	1.81415267726826	2.14239869077385	1.98799685020134	0.111690080709786	1.76908429201016	2.20690940839252	1.98799685020134	0.0837362279350977	1.8277744111232	2.1502629172211	1.98923976975064	0.0774483810876952	1.83736411671932	2.14111542278197
1.93876536116478	0.0894818857497243	1.76338086509532	2.11414985723423	1.99327546825904	0.115763672356661	1.76637867043999	2.2201722660781	1.99327546825904	0.0894818857497243	1.82697471809036	2.17974259555224	1.99427096065243	0.0843873004574092	1.82877530165293	2.15976661965193
2.0622076591976	0.0756760633350014	1.913882575061	2.21053274333421	2.03045346835458	0.0989216854523006	1.83656696486807	2.22433997184109	2.03045346835458	0.0756760633350014	1.88225941882421	2.1814366213158	2.03054359352589	0.0693621131906521	1.8945357541168	2.16655143293498
1.96561346133983	0.0778323203124508	1.81306211352742	2.11816480915223	1.92990673482514	0.10154672687658	1.73087515014705	2.12893831950324	1.92990673482514	0.0778323203124508	1.7830308226905	2.07556684035	1.9298352514666	0.0748100438973332	1.78313463166321	2.07653587126999
1.88370859353252	0.0780302962083291	1.73076921296419	2.03664797410084	1.84257167334574	0.102769814184379	1.64114283754435	2.04400050914712	1.84257167334574	0.0780302962083291	1.6852977166238	1.99153727100028	1.84304381048274	0.072488422845359	1.7008994580597	1.98518816290578
2.07565534714624	0.0777048802470628	1.923353781862	2.22795691243048	2.10560758910363	0.100127779272845	1.90935714172886	2.30185803647841	2.10560758910363	0.0777048802470628	1.94584304818395	2.25178718902871	2.10515031640139	0.0729590239049562	1.9620857147017	2.24821491810108
2.08009309289932	0.0782287416764191	1.92676475921354	2.2334214265851	2.08402578788096	0.106152786824529	1.87596632570488	2.29208525005703	2.08402578788096	0.0782287416764191	1.92298011749895	2.23396406422997	2.08473234059721	0.0727771544118234	1.9420217218942	2.22744295930022
2.10466284545235	0.0722201673526677	1.96311131744113	2.24621437346358	2.04547352872665	0.0957629581360999	1.85777813077989	2.2331689266734	2.04547352872665	0.0722201673526677	1.90567250857919	2.18670007571659	2.04396498230955	0.0664267464633708	1.91372102149594	2.17420894312317
1.98806829128018	0.0755004672392236	1.8400873754913	2.13604920706905	2.00052682346859	0.100265893044038	1.80400567310227	2.1970479738349	2.00052682346859	0.0755004672392236	1.8544316417981	2.14735511536779	2.00361078667445	0.0701237944171518	1.86611542211404	2.14110615123487
1.98407585885117	0.0805561289008955	1.82618584620542	2.14196587149693	1.97262407683517	0.109601317239927	1.75780549504491	2.18744265862543	1.97262407683517	0.0805561289008955	1.81914310705034	2.12703843260104	1.97275995179514	0.0740703462797705	1.82750793599402	2.11801196759627
1.96297020788306	0.0812160710178978	1.80378670868798	2.12215370707814	1.92113286163525	0.109305724094767	1.7068936424095	2.13537208086099	1.92113286163525	0.0812160710178978	1.75980030530091	2.07847479340998	1.92423624100968	0.0725158254404733	1.7820395640085	2.06643291801087
1.90731542428907	0.0828029534512388	1.74502163552464	2.06960921305349	1.95099018042374	0.112578458572222	1.73033640162218	2.17164395922529	1.95099018042374	0.0828029534512388	1.79380967869675	2.12400166439521	1.95205122150603	0.0755717454536958	1.80385373846496	2.10024870454709
2.04744902894258	0.0769136472429945	1.89669828034631	2.19819977753885	2.02279075173138	0.101158036247873	1.82452100068555	2.22106050277721	2.02279075173138	0.0769136472429945	1.87365614932951	2.17146921783478	2.02385049124534	0.0713767570342326	1.88389569790483	2.16380528458586
2.01051040683764	0.0804388289486361	1.85285030209831	2.16817051157697	2.00682234263883	0.104483536457512	1.8020346111821	2.21161007409555	2.00682234263883	0.0804388289486361	1.85022864159231	2.16800172384434	2.00940415720088	0.074585594760171	1.86314808911929	2.15566022528247
2.09292551191612	0.0764204189216055	1.94314149082977	2.24270953300247	2.10406744879381	0.103950591038095	1.90032429035915	2.30781060722848	2.10406744879381	0.0764204189216055	1.95114776703607	2.25261197212243	2.10361692060376	0.0689002232602828	1.96851677159906	2.23871706960846
1.9951693758889	0.0787951396431478	1.84073090218833	2.14960784958947	2.01390806773967	0.107680314529244	1.80285465126236	2.22496148421699	2.01390806773967	0.0787951396431478	1.86738568499018	2.17207688354111	2.01378802244623	0.0720925400183102	1.87242097179122	2.15515507310125
2.01689914165458	0.0774492948362217	1.86509852377558	2.16869975953357	2.05904171404045	0.104183596440197	1.85484186501767	2.26324156306324	2.05904171404045	0.0774492948362217	1.9041234982273	2.20391828846527	2.05899587444031	0.0705275885022108	1.9206990681129	2.19729268076771
NA	NA	NA	NA	NA	NA	NA	NA	NA	NA	NA	NA	NA	NA	NA	NA
NA	NA	NA	NA	NA	NA	NA	NA	NA	NA	NA	NA	NA	NA	NA	NA
NA	NA	NA	NA	NA	NA	NA	NA	NA	NA	NA	NA	NA	NA	NA	NA
NA	NA	NA	NA	NA	NA	NA	NA	NA	NA	NA	NA	NA	NA	NA	NA
NA	NA	NA	NA	NA	NA	NA	NA	NA	NA	NA	NA	NA	NA	NA	NA
NA	NA	NA	NA	NA	NA	NA	NA	NA	NA	NA	NA	NA	NA	NA	NA
NA	NA	NA	NA	NA	NA	NA	NA	NA	NA	NA	NA	NA	NA	NA	NA
NA	NA	NA	NA	NA	NA	NA	NA	NA	NA	NA	NA	NA	NA	NA	NA
NA	NA	NA	NA	NA	NA	NA	NA	NA	NA	NA	NA	NA	NA	NA	NA
NA	NA	NA	NA	NA	NA	NA	NA	NA	NA	NA	NA	NA	NA	NA	NA
NA	NA	NA	NA	NA	NA	NA	NA	NA	NA	NA	NA	NA	NA	NA	NA
NA	NA	NA	NA	NA	NA	NA	NA	NA	NA	NA	NA	NA	NA	NA	NA
NA	NA	NA	NA	NA	NA	NA	NA	NA	NA	NA	NA	NA	NA	NA	NA
NA	NA	NA	NA	NA	NA	NA	NA	NA	NA	NA	NA	NA	NA	NA	NA
NA	NA	NA	NA	NA	NA	NA	NA	NA	NA	NA	NA	NA	NA	NA	NA
NA	NA	NA	NA	NA	NA	NA	NA	NA	NA	NA	NA	NA	NA	NA	NA
NA	NA	NA	NA	NA	NA	NA	NA	NA	NA	NA	NA	NA	NA	NA	NA
NA	NA	NA	NA	NA	NA	NA	NA	NA	NA	NA	NA	NA	NA	NA	NA
NA	NA	NA	NA	NA	NA	NA	NA	NA	NA	NA	NA	NA	NA	NA	NA
NA	NA	NA	NA	NA	NA	NA	NA	NA	NA	NA	NA	NA	NA	NA	NA
NA	NA	NA	NA	NA	NA	NA	NA	NA	NA	NA	NA	NA	NA	NA	NA
NA	NA	NA	NA	NA	NA	NA	NA	NA	NA	NA	NA	NA	NA	NA	NA
NA	NA	NA	NA	NA	NA	NA	NA	NA	NA	NA	NA	NA	NA	NA	NA
NA	NA	NA	NA	NA	NA	NA	NA	NA	NA	NA	NA	NA	NA	NA	NA
NA	NA	NA	NA	NA	NA	NA	NA	NA	NA	NA	NA	NA	NA	NA	NA
NA	NA	NA	NA	NA	NA	NA	NA	NA	NA	NA	NA	NA	NA	NA	NA
NA	NA	NA	NA	NA	NA	NA	NA	NA	NA	NA	NA	NA	NA	NA	NA
NA	NA	NA	NA	NA	NA	NA	NA	NA	NA	NA	NA	NA	NA	NA	NA
NA	NA	NA	NA	NA	NA	NA	NA	NA	NA	NA	NA	NA	NA	NA	NA
NA	NA	NA	NA	NA	NA	NA	NA	NA	NA	NA	NA	NA	NA	NA	NA
NA	NA	NA	NA	NA	NA	NA	NA	NA	NA	NA	NA	NA	NA	NA	NA
NA	NA	NA	NA	NA	NA	NA	NA	NA	NA	NA	NA	NA	NA	NA	NA
NA	NA	NA	NA	NA	NA	NA	NA	NA	NA	NA	NA	NA	NA	NA	NA
NA	NA	NA	NA	NA	NA	NA	NA	NA	NA	NA	NA	NA	NA	NA	NA
NA	NA	NA	NA	NA	NA	NA	NA	NA	NA	NA	NA	NA	NA	NA	NA
NA	NA	NA	NA	NA	NA	NA	NA	NA	NA	NA	NA	NA	NA	NA	NA
NA	NA	NA	NA	NA	NA	NA	NA	NA	NA	NA	NA	NA	NA	NA	NA
NA	NA	NA	NA	NA	NA	NA	NA	NA	NA	NA	NA	NA	NA	NA	NA
NA	NA	NA	NA	NA	NA	NA	NA	NA	NA	NA	NA	NA	NA	NA	NA
NA	NA	NA	NA	NA	NA	NA	NA	NA	NA	NA	NA	NA	NA	NA	NA
NA	NA	NA	NA	NA	NA	NA	NA	NA	NA	NA	NA	NA	NA	NA	NA
NA	NA	NA	NA	NA	NA	NA	NA	NA	NA	NA	NA	NA	NA	NA	NA
NA	NA	NA	NA	NA	NA	NA	NA	NA	NA	NA	NA	NA	NA	NA	NA
NA	NA	NA	NA	NA	NA	NA	NA	NA	NA	NA	NA	NA	NA	NA	NA
NA	NA	NA	NA	NA	NA	NA	NA	NA	NA	NA	NA	NA	NA	NA	NA
NA	NA	NA	NA	NA	NA	NA	NA	NA	NA	NA	NA	NA	NA	NA	NA
NA	NA	NA	NA	NA	NA	NA	NA	NA	NA	NA	NA	NA	NA	NA	NA
NA	NA	NA	NA	NA	NA	NA	NA	NA	NA	NA	NA	NA	NA	NA	NA
NA	NA	NA	NA	NA	NA	NA	NA	NA	NA	NA	NA	NA	NA	NA	NA
NA	NA	NA	NA	NA	NA	NA	NA	NA	NA	NA	NA	NA	NA	NA	NA
NA	NA	NA	NA	NA	NA	NA	NA	NA	NA	NA	NA	NA	NA	NA	NA
NA	NA	NA	NA	NA	NA	NA	NA	NA	NA	NA	NA	NA	NA	NA	NA
NA	NA	NA	NA	NA	NA	NA	NA	NA	NA	NA	NA	NA	NA	NA	NA
NA	NA	NA	NA	NA	NA	NA	NA	NA	NA	NA	NA	NA	NA	NA	NA
NA	NA	NA	NA	NA	NA	NA	NA	NA	NA	NA	NA	NA	NA	NA	NA
NA	NA	NA	NA	NA	NA	NA	NA	NA	NA	NA	NA	NA	NA	NA	NA
NA	NA	NA	NA	NA	NA	NA	NA	NA	NA	NA	NA	NA	NA	NA	NA
NA	NA	NA	NA	NA	NA	NA	NA	NA	NA	NA	NA	NA	NA	NA	NA
NA	NA	NA	NA	NA	NA	NA	NA	NA	NA	NA	NA	NA	NA	NA	NA
NA	NA	NA	NA	NA	NA	NA	NA	NA	NA	NA	NA	NA	NA	NA	NA
NA	NA	NA	NA	NA	NA	NA	NA	NA	NA	NA	NA	NA	NA	NA	NA
NA	NA	NA	NA	NA	NA	NA	NA	NA	NA	NA	NA	NA	NA	NA	NA
NA	NA	NA	NA	NA	NA	NA	NA	NA	NA	NA	NA	NA	NA	NA	NA
NA	NA	NA	NA	NA	NA	NA	NA	NA	NA	NA	NA	NA	NA	NA	NA
NA	NA	NA	NA	NA	NA	NA	NA	NA	NA	NA	NA	NA	NA	NA	NA
NA	NA	NA	NA	NA	NA	NA	NA	NA	NA	NA	NA	NA	NA	NA	NA
NA	NA	NA	NA	NA	NA	NA	NA	NA	NA	NA	NA	NA	NA	NA	NA
NA	NA	NA	NA	NA	NA	NA	NA	NA	NA	NA	NA	NA	NA	NA	NA
NA	NA	NA	NA	NA	NA	NA	NA	NA	NA	NA	NA	NA	NA	NA	NA
NA	NA	NA	NA	NA	NA	NA	NA	NA	NA	NA	NA	NA	NA	NA	NA
NA	NA	NA	NA	NA	NA	NA	NA	NA	NA	NA	NA	NA	NA	NA	NA
NA	NA	NA	NA	NA	NA	NA	NA	NA	NA	NA	NA	NA	NA	NA	NA
NA	NA	NA	NA	NA	NA	NA	NA	NA	NA	NA	NA	NA	NA	NA	NA
NA	NA	NA	NA	NA	NA	NA	NA	NA	NA	NA	NA	NA	NA	NA	NA
NA	NA	NA	NA	NA	NA	NA	NA	NA	NA	NA	NA	NA	NA	NA	NA
NA	NA	NA	NA	NA	NA	NA	NA	NA	NA	NA	NA	NA	NA	NA	NA
NA	NA	NA	NA	NA	NA	NA	NA	NA	NA	NA	NA	NA	NA	NA	NA
NA	NA	NA	NA	NA	NA	NA	NA	NA	NA	NA	NA	NA	NA	NA	NA
NA	NA	NA	NA	NA	NA	NA	NA	NA	NA	NA	NA	NA	NA	NA	NA
NA	NA	NA	NA	NA	NA	NA	NA	NA	NA	NA	NA	NA	NA	NA	NA
NA	NA	NA	NA	NA	NA	NA	NA	NA	NA	NA	NA	NA	NA	NA	NA
NA	NA	NA	NA	NA	NA	NA	NA	NA	NA	NA	NA	NA	NA	NA	NA
NA	NA	NA	NA	NA	NA	NA	NA	NA	NA	NA	NA	NA	NA	NA	NA
NA	NA	NA	NA	NA	NA	NA	NA	NA	NA	NA	NA	NA	NA	NA	NA
NA	NA	NA	NA	NA	NA	NA	NA	NA	NA	NA	NA	NA	NA	NA	NA
NA	NA	NA	NA	NA	NA	NA	NA	NA	NA	NA	NA	NA	NA	NA	NA
NA	NA	NA	NA	NA	NA	NA	NA	NA	NA	NA	NA	NA	NA	NA	NA
NA	NA	NA	NA	NA	NA	NA	NA	NA	NA	NA	NA	NA	NA	NA	NA
NA	NA	NA	NA	NA	NA	NA	NA	NA	NA	NA	NA	NA	NA	NA	NA
NA	NA	NA	NA	NA	NA	NA	NA	NA	NA	NA	NA	NA	NA	NA	NA
NA	NA	NA	NA	NA	NA	NA	NA	NA	NA	NA	NA	NA	NA	NA	NA
NA	NA	NA	NA	NA	NA	NA	NA	NA	NA	NA	NA	NA	NA	NA	NA
NA	NA	NA	NA	NA	NA	NA	NA	NA	NA	NA	NA	NA	NA	NA	NA
NA	NA	NA	NA	NA	NA	NA	NA	NA	NA	NA	NA	NA	NA	NA	NA
NA	NA	NA	NA	NA	NA	NA	NA	NA	NA	NA	NA	NA	NA	NA	NA
NA	NA	NA	NA	NA	NA	NA	NA	NA	NA	NA	NA	NA	NA	NA	NA
NA	NA	NA	NA	NA	NA	NA	NA	NA	NA	NA	NA	NA	NA	NA	NA
NA	NA	NA	NA	NA	NA	NA	NA	NA	NA	NA	NA	NA	NA	NA	NA
NA	NA	NA	NA	NA	NA	NA	NA	NA	NA	NA	NA	NA	NA	NA	NA
NA	NA	NA	NA	NA	NA	NA	NA	NA	NA	NA	NA	NA	NA	NA	NA
