X1	X2	X3	X4	X1.1	X2.1	X3.1	X4.1	X1.2	X2.2	X3.2	X4.2	X1.3	X2.3	X3.3	X4.3
NA	NA	NA	NA	NA	NA	NA	NA	NA	NA	NA	NA	NA	NA	NA	NA
NA	NA	NA	NA	NA	NA	NA	NA	NA	NA	NA	NA	NA	NA	NA	NA
NA	NA	NA	NA	NA	NA	NA	NA	NA	NA	NA	NA	NA	NA	NA	NA
NA	NA	NA	NA	NA	NA	NA	NA	NA	NA	NA	NA	NA	NA	NA	NA
NA	NA	NA	NA	NA	NA	NA	NA	NA	NA	NA	NA	NA	NA	NA	NA
NA	NA	NA	NA	NA	NA	NA	NA	NA	NA	NA	NA	NA	NA	NA	NA
NA	NA	NA	NA	NA	NA	NA	NA	NA	NA	NA	NA	NA	NA	NA	NA
NA	NA	NA	NA	NA	NA	NA	NA	NA	NA	NA	NA	NA	NA	NA	NA
NA	NA	NA	NA	NA	NA	NA	NA	NA	NA	NA	NA	NA	NA	NA	NA
NA	NA	NA	NA	NA	NA	NA	NA	NA	NA	NA	NA	NA	NA	NA	NA
NA	NA	NA	NA	NA	NA	NA	NA	NA	NA	NA	NA	NA	NA	NA	NA
NA	NA	NA	NA	NA	NA	NA	NA	NA	NA	NA	NA	NA	NA	NA	NA
NA	NA	NA	NA	NA	NA	NA	NA	NA	NA	NA	NA	NA	NA	NA	NA
NA	NA	NA	NA	NA	NA	NA	NA	NA	NA	NA	NA	NA	NA	NA	NA
NA	NA	NA	NA	NA	NA	NA	NA	NA	NA	NA	NA	NA	NA	NA	NA
NA	NA	NA	NA	NA	NA	NA	NA	NA	NA	NA	NA	NA	NA	NA	NA
NA	NA	NA	NA	NA	NA	NA	NA	NA	NA	NA	NA	NA	NA	NA	NA
NA	NA	NA	NA	NA	NA	NA	NA	NA	NA	NA	NA	NA	NA	NA	NA
NA	NA	NA	NA	NA	NA	NA	NA	NA	NA	NA	NA	NA	NA	NA	NA
NA	NA	NA	NA	NA	NA	NA	NA	NA	NA	NA	NA	NA	NA	NA	NA
NA	NA	NA	NA	NA	NA	NA	NA	NA	NA	NA	NA	NA	NA	NA	NA
NA	NA	NA	NA	NA	NA	NA	NA	NA	NA	NA	NA	NA	NA	NA	NA
NA	NA	NA	NA	NA	NA	NA	NA	NA	NA	NA	NA	NA	NA	NA	NA
NA	NA	NA	NA	NA	NA	NA	NA	NA	NA	NA	NA	NA	NA	NA	NA
NA	NA	NA	NA	NA	NA	NA	NA	NA	NA	NA	NA	NA	NA	NA	NA
NA	NA	NA	NA	NA	NA	NA	NA	NA	NA	NA	NA	NA	NA	NA	NA
NA	NA	NA	NA	NA	NA	NA	NA	NA	NA	NA	NA	NA	NA	NA	NA
NA	NA	NA	NA	NA	NA	NA	NA	NA	NA	NA	NA	NA	NA	NA	NA
NA	NA	NA	NA	NA	NA	NA	NA	NA	NA	NA	NA	NA	NA	NA	NA
NA	NA	NA	NA	NA	NA	NA	NA	NA	NA	NA	NA	NA	NA	NA	NA
NA	NA	NA	NA	NA	NA	NA	NA	NA	NA	NA	NA	NA	NA	NA	NA
NA	NA	NA	NA	NA	NA	NA	NA	NA	NA	NA	NA	NA	NA	NA	NA
NA	NA	NA	NA	NA	NA	NA	NA	NA	NA	NA	NA	NA	NA	NA	NA
NA	NA	NA	NA	NA	NA	NA	NA	NA	NA	NA	NA	NA	NA	NA	NA
NA	NA	NA	NA	NA	NA	NA	NA	NA	NA	NA	NA	NA	NA	NA	NA
NA	NA	NA	NA	NA	NA	NA	NA	NA	NA	NA	NA	NA	NA	NA	NA
NA	NA	NA	NA	NA	NA	NA	NA	NA	NA	NA	NA	NA	NA	NA	NA
NA	NA	NA	NA	NA	NA	NA	NA	NA	NA	NA	NA	NA	NA	NA	NA
NA	NA	NA	NA	NA	NA	NA	NA	NA	NA	NA	NA	NA	NA	NA	NA
NA	NA	NA	NA	NA	NA	NA	NA	NA	NA	NA	NA	NA	NA	NA	NA
NA	NA	NA	NA	NA	NA	NA	NA	NA	NA	NA	NA	NA	NA	NA	NA
NA	NA	NA	NA	NA	NA	NA	NA	NA	NA	NA	NA	NA	NA	NA	NA
NA	NA	NA	NA	NA	NA	NA	NA	NA	NA	NA	NA	NA	NA	NA	NA
NA	NA	NA	NA	NA	NA	NA	NA	NA	NA	NA	NA	NA	NA	NA	NA
NA	NA	NA	NA	NA	NA	NA	NA	NA	NA	NA	NA	NA	NA	NA	NA
NA	NA	NA	NA	NA	NA	NA	NA	NA	NA	NA	NA	NA	NA	NA	NA
NA	NA	NA	NA	NA	NA	NA	NA	NA	NA	NA	NA	NA	NA	NA	NA
NA	NA	NA	NA	NA	NA	NA	NA	NA	NA	NA	NA	NA	NA	NA	NA
NA	NA	NA	NA	NA	NA	NA	NA	NA	NA	NA	NA	NA	NA	NA	NA
NA	NA	NA	NA	NA	NA	NA	NA	NA	NA	NA	NA	NA	NA	NA	NA
NA	NA	NA	NA	NA	NA	NA	NA	NA	NA	NA	NA	NA	NA	NA	NA
NA	NA	NA	NA	NA	NA	NA	NA	NA	NA	NA	NA	NA	NA	NA	NA
NA	NA	NA	NA	NA	NA	NA	NA	NA	NA	NA	NA	NA	NA	NA	NA
NA	NA	NA	NA	NA	NA	NA	NA	NA	NA	NA	NA	NA	NA	NA	NA
NA	NA	NA	NA	NA	NA	NA	NA	NA	NA	NA	NA	NA	NA	NA	NA
NA	NA	NA	NA	NA	NA	NA	NA	NA	NA	NA	NA	NA	NA	NA	NA
NA	NA	NA	NA	NA	NA	NA	NA	NA	NA	NA	NA	NA	NA	NA	NA
NA	NA	NA	NA	NA	NA	NA	NA	NA	NA	NA	NA	NA	NA	NA	NA
NA	NA	NA	NA	NA	NA	NA	NA	NA	NA	NA	NA	NA	NA	NA	NA
NA	NA	NA	NA	NA	NA	NA	NA	NA	NA	NA	NA	NA	NA	NA	NA
NA	NA	NA	NA	NA	NA	NA	NA	NA	NA	NA	NA	NA	NA	NA	NA
NA	NA	NA	NA	NA	NA	NA	NA	NA	NA	NA	NA	NA	NA	NA	NA
NA	NA	NA	NA	NA	NA	NA	NA	NA	NA	NA	NA	NA	NA	NA	NA
NA	NA	NA	NA	NA	NA	NA	NA	NA	NA	NA	NA	NA	NA	NA	NA
NA	NA	NA	NA	NA	NA	NA	NA	NA	NA	NA	NA	NA	NA	NA	NA
NA	NA	NA	NA	NA	NA	NA	NA	NA	NA	NA	NA	NA	NA	NA	NA
NA	NA	NA	NA	NA	NA	NA	NA	NA	NA	NA	NA	NA	NA	NA	NA
NA	NA	NA	NA	NA	NA	NA	NA	NA	NA	NA	NA	NA	NA	NA	NA
NA	NA	NA	NA	NA	NA	NA	NA	NA	NA	NA	NA	NA	NA	NA	NA
NA	NA	NA	NA	NA	NA	NA	NA	NA	NA	NA	NA	NA	NA	NA	NA
NA	NA	NA	NA	NA	NA	NA	NA	NA	NA	NA	NA	NA	NA	NA	NA
NA	NA	NA	NA	NA	NA	NA	NA	NA	NA	NA	NA	NA	NA	NA	NA
NA	NA	NA	NA	NA	NA	NA	NA	NA	NA	NA	NA	NA	NA	NA	NA
NA	NA	NA	NA	NA	NA	NA	NA	NA	NA	NA	NA	NA	NA	NA	NA
NA	NA	NA	NA	NA	NA	NA	NA	NA	NA	NA	NA	NA	NA	NA	NA
NA	NA	NA	NA	NA	NA	NA	NA	NA	NA	NA	NA	NA	NA	NA	NA
NA	NA	NA	NA	NA	NA	NA	NA	NA	NA	NA	NA	NA	NA	NA	NA
NA	NA	NA	NA	NA	NA	NA	NA	NA	NA	NA	NA	NA	NA	NA	NA
NA	NA	NA	NA	NA	NA	NA	NA	NA	NA	NA	NA	NA	NA	NA	NA
NA	NA	NA	NA	NA	NA	NA	NA	NA	NA	NA	NA	NA	NA	NA	NA
NA	NA	NA	NA	NA	NA	NA	NA	NA	NA	NA	NA	NA	NA	NA	NA
NA	NA	NA	NA	NA	NA	NA	NA	NA	NA	NA	NA	NA	NA	NA	NA
NA	NA	NA	NA	NA	NA	NA	NA	NA	NA	NA	NA	NA	NA	NA	NA
NA	NA	NA	NA	NA	NA	NA	NA	NA	NA	NA	NA	NA	NA	NA	NA
NA	NA	NA	NA	NA	NA	NA	NA	NA	NA	NA	NA	NA	NA	NA	NA
NA	NA	NA	NA	NA	NA	NA	NA	NA	NA	NA	NA	NA	NA	NA	NA
NA	NA	NA	NA	NA	NA	NA	NA	NA	NA	NA	NA	NA	NA	NA	NA
NA	NA	NA	NA	NA	NA	NA	NA	NA	NA	NA	NA	NA	NA	NA	NA
NA	NA	NA	NA	NA	NA	NA	NA	NA	NA	NA	NA	NA	NA	NA	NA
NA	NA	NA	NA	NA	NA	NA	NA	NA	NA	NA	NA	NA	NA	NA	NA
NA	NA	NA	NA	NA	NA	NA	NA	NA	NA	NA	NA	NA	NA	NA	NA
NA	NA	NA	NA	NA	NA	NA	NA	NA	NA	NA	NA	NA	NA	NA	NA
NA	NA	NA	NA	NA	NA	NA	NA	NA	NA	NA	NA	NA	NA	NA	NA
NA	NA	NA	NA	NA	NA	NA	NA	NA	NA	NA	NA	NA	NA	NA	NA
NA	NA	NA	NA	NA	NA	NA	NA	NA	NA	NA	NA	NA	NA	NA	NA
NA	NA	NA	NA	NA	NA	NA	NA	NA	NA	NA	NA	NA	NA	NA	NA
NA	NA	NA	NA	NA	NA	NA	NA	NA	NA	NA	NA	NA	NA	NA	NA
NA	NA	NA	NA	NA	NA	NA	NA	NA	NA	NA	NA	NA	NA	NA	NA
NA	NA	NA	NA	NA	NA	NA	NA	NA	NA	NA	NA	NA	NA	NA	NA
NA	NA	NA	NA	NA	NA	NA	NA	NA	NA	NA	NA	NA	NA	NA	NA
NA	NA	NA	NA	NA	NA	NA	NA	NA	NA	NA	NA	NA	NA	NA	NA
NA	NA	NA	NA	NA	NA	NA	NA	NA	NA	NA	NA	NA	NA	NA	NA
NA	NA	NA	NA	NA	NA	NA	NA	NA	NA	NA	NA	NA	NA	NA	NA
NA	NA	NA	NA	NA	NA	NA	NA	NA	NA	NA	NA	NA	NA	NA	NA
NA	NA	NA	NA	NA	NA	NA	NA	NA	NA	NA	NA	NA	NA	NA	NA
NA	NA	NA	NA	NA	NA	NA	NA	NA	NA	NA	NA	NA	NA	NA	NA
NA	NA	NA	NA	NA	NA	NA	NA	NA	NA	NA	NA	NA	NA	NA	NA
NA	NA	NA	NA	NA	NA	NA	NA	NA	NA	NA	NA	NA	NA	NA	NA
NA	NA	NA	NA	NA	NA	NA	NA	NA	NA	NA	NA	NA	NA	NA	NA
NA	NA	NA	NA	NA	NA	NA	NA	NA	NA	NA	NA	NA	NA	NA	NA
NA	NA	NA	NA	NA	NA	NA	NA	NA	NA	NA	NA	NA	NA	NA	NA
NA	NA	NA	NA	NA	NA	NA	NA	NA	NA	NA	NA	NA	NA	NA	NA
NA	NA	NA	NA	NA	NA	NA	NA	NA	NA	NA	NA	NA	NA	NA	NA
NA	NA	NA	NA	NA	NA	NA	NA	NA	NA	NA	NA	NA	NA	NA	NA
NA	NA	NA	NA	NA	NA	NA	NA	NA	NA	NA	NA	NA	NA	NA	NA
NA	NA	NA	NA	NA	NA	NA	NA	NA	NA	NA	NA	NA	NA	NA	NA
NA	NA	NA	NA	NA	NA	NA	NA	NA	NA	NA	NA	NA	NA	NA	NA
NA	NA	NA	NA	NA	NA	NA	NA	NA	NA	NA	NA	NA	NA	NA	NA
NA	NA	NA	NA	NA	NA	NA	NA	NA	NA	NA	NA	NA	NA	NA	NA
NA	NA	NA	NA	NA	NA	NA	NA	NA	NA	NA	NA	NA	NA	NA	NA
NA	NA	NA	NA	NA	NA	NA	NA	NA	NA	NA	NA	NA	NA	NA	NA
NA	NA	NA	NA	NA	NA	NA	NA	NA	NA	NA	NA	NA	NA	NA	NA
NA	NA	NA	NA	NA	NA	NA	NA	NA	NA	NA	NA	NA	NA	NA	NA
NA	NA	NA	NA	NA	NA	NA	NA	NA	NA	NA	NA	NA	NA	NA	NA
NA	NA	NA	NA	NA	NA	NA	NA	NA	NA	NA	NA	NA	NA	NA	NA
NA	NA	NA	NA	NA	NA	NA	NA	NA	NA	NA	NA	NA	NA	NA	NA
NA	NA	NA	NA	NA	NA	NA	NA	NA	NA	NA	NA	NA	NA	NA	NA
NA	NA	NA	NA	NA	NA	NA	NA	NA	NA	NA	NA	NA	NA	NA	NA
NA	NA	NA	NA	NA	NA	NA	NA	NA	NA	NA	NA	NA	NA	NA	NA
NA	NA	NA	NA	NA	NA	NA	NA	NA	NA	NA	NA	NA	NA	NA	NA
NA	NA	NA	NA	NA	NA	NA	NA	NA	NA	NA	NA	NA	NA	NA	NA
NA	NA	NA	NA	NA	NA	NA	NA	NA	NA	NA	NA	NA	NA	NA	NA
NA	NA	NA	NA	NA	NA	NA	NA	NA	NA	NA	NA	NA	NA	NA	NA
NA	NA	NA	NA	NA	NA	NA	NA	NA	NA	NA	NA	NA	NA	NA	NA
NA	NA	NA	NA	NA	NA	NA	NA	NA	NA	NA	NA	NA	NA	NA	NA
NA	NA	NA	NA	NA	NA	NA	NA	NA	NA	NA	NA	NA	NA	NA	NA
NA	NA	NA	NA	NA	NA	NA	NA	NA	NA	NA	NA	NA	NA	NA	NA
NA	NA	NA	NA	NA	NA	NA	NA	NA	NA	NA	NA	NA	NA	NA	NA
NA	NA	NA	NA	NA	NA	NA	NA	NA	NA	NA	NA	NA	NA	NA	NA
NA	NA	NA	NA	NA	NA	NA	NA	NA	NA	NA	NA	NA	NA	NA	NA
NA	NA	NA	NA	NA	NA	NA	NA	NA	NA	NA	NA	NA	NA	NA	NA
NA	NA	NA	NA	NA	NA	NA	NA	NA	NA	NA	NA	NA	NA	NA	NA
NA	NA	NA	NA	NA	NA	NA	NA	NA	NA	NA	NA	NA	NA	NA	NA
NA	NA	NA	NA	NA	NA	NA	NA	NA	NA	NA	NA	NA	NA	NA	NA
NA	NA	NA	NA	NA	NA	NA	NA	NA	NA	NA	NA	NA	NA	NA	NA
NA	NA	NA	NA	NA	NA	NA	NA	NA	NA	NA	NA	NA	NA	NA	NA
NA	NA	NA	NA	NA	NA	NA	NA	NA	NA	NA	NA	NA	NA	NA	NA
NA	NA	NA	NA	NA	NA	NA	NA	NA	NA	NA	NA	NA	NA	NA	NA
NA	NA	NA	NA	NA	NA	NA	NA	NA	NA	NA	NA	NA	NA	NA	NA
NA	NA	NA	NA	NA	NA	NA	NA	NA	NA	NA	NA	NA	NA	NA	NA
NA	NA	NA	NA	NA	NA	NA	NA	NA	NA	NA	NA	NA	NA	NA	NA
NA	NA	NA	NA	NA	NA	NA	NA	NA	NA	NA	NA	NA	NA	NA	NA
NA	NA	NA	NA	NA	NA	NA	NA	NA	NA	NA	NA	NA	NA	NA	NA
NA	NA	NA	NA	NA	NA	NA	NA	NA	NA	NA	NA	NA	NA	NA	NA
NA	NA	NA	NA	NA	NA	NA	NA	NA	NA	NA	NA	NA	NA	NA	NA
NA	NA	NA	NA	NA	NA	NA	NA	NA	NA	NA	NA	NA	NA	NA	NA
NA	NA	NA	NA	NA	NA	NA	NA	NA	NA	NA	NA	NA	NA	NA	NA
NA	NA	NA	NA	NA	NA	NA	NA	NA	NA	NA	NA	NA	NA	NA	NA
NA	NA	NA	NA	NA	NA	NA	NA	NA	NA	NA	NA	NA	NA	NA	NA
NA	NA	NA	NA	NA	NA	NA	NA	NA	NA	NA	NA	NA	NA	NA	NA
NA	NA	NA	NA	NA	NA	NA	NA	NA	NA	NA	NA	NA	NA	NA	NA
NA	NA	NA	NA	NA	NA	NA	NA	NA	NA	NA	NA	NA	NA	NA	NA
NA	NA	NA	NA	NA	NA	NA	NA	NA	NA	NA	NA	NA	NA	NA	NA
NA	NA	NA	NA	NA	NA	NA	NA	NA	NA	NA	NA	NA	NA	NA	NA
NA	NA	NA	NA	NA	NA	NA	NA	NA	NA	NA	NA	NA	NA	NA	NA
NA	NA	NA	NA	NA	NA	NA	NA	NA	NA	NA	NA	NA	NA	NA	NA
NA	NA	NA	NA	NA	NA	NA	NA	NA	NA	NA	NA	NA	NA	NA	NA
NA	NA	NA	NA	NA	NA	NA	NA	NA	NA	NA	NA	NA	NA	NA	NA
NA	NA	NA	NA	NA	NA	NA	NA	NA	NA	NA	NA	NA	NA	NA	NA
NA	NA	NA	NA	NA	NA	NA	NA	NA	NA	NA	NA	NA	NA	NA	NA
NA	NA	NA	NA	NA	NA	NA	NA	NA	NA	NA	NA	NA	NA	NA	NA
NA	NA	NA	NA	NA	NA	NA	NA	NA	NA	NA	NA	NA	NA	NA	NA
NA	NA	NA	NA	NA	NA	NA	NA	NA	NA	NA	NA	NA	NA	NA	NA
NA	NA	NA	NA	NA	NA	NA	NA	NA	NA	NA	NA	NA	NA	NA	NA
NA	NA	NA	NA	NA	NA	NA	NA	NA	NA	NA	NA	NA	NA	NA	NA
NA	NA	NA	NA	NA	NA	NA	NA	NA	NA	NA	NA	NA	NA	NA	NA
NA	NA	NA	NA	NA	NA	NA	NA	NA	NA	NA	NA	NA	NA	NA	NA
NA	NA	NA	NA	NA	NA	NA	NA	NA	NA	NA	NA	NA	NA	NA	NA
NA	NA	NA	NA	NA	NA	NA	NA	NA	NA	NA	NA	NA	NA	NA	NA
NA	NA	NA	NA	NA	NA	NA	NA	NA	NA	NA	NA	NA	NA	NA	NA
NA	NA	NA	NA	NA	NA	NA	NA	NA	NA	NA	NA	NA	NA	NA	NA
NA	NA	NA	NA	NA	NA	NA	NA	NA	NA	NA	NA	NA	NA	NA	NA
NA	NA	NA	NA	NA	NA	NA	NA	NA	NA	NA	NA	NA	NA	NA	NA
NA	NA	NA	NA	NA	NA	NA	NA	NA	NA	NA	NA	NA	NA	NA	NA
NA	NA	NA	NA	NA	NA	NA	NA	NA	NA	NA	NA	NA	NA	NA	NA
NA	NA	NA	NA	NA	NA	NA	NA	NA	NA	NA	NA	NA	NA	NA	NA
NA	NA	NA	NA	NA	NA	NA	NA	NA	NA	NA	NA	NA	NA	NA	NA
NA	NA	NA	NA	NA	NA	NA	NA	NA	NA	NA	NA	NA	NA	NA	NA
NA	NA	NA	NA	NA	NA	NA	NA	NA	NA	NA	NA	NA	NA	NA	NA
NA	NA	NA	NA	NA	NA	NA	NA	NA	NA	NA	NA	NA	NA	NA	NA
NA	NA	NA	NA	NA	NA	NA	NA	NA	NA	NA	NA	NA	NA	NA	NA
NA	NA	NA	NA	NA	NA	NA	NA	NA	NA	NA	NA	NA	NA	NA	NA
NA	NA	NA	NA	NA	NA	NA	NA	NA	NA	NA	NA	NA	NA	NA	NA
NA	NA	NA	NA	NA	NA	NA	NA	NA	NA	NA	NA	NA	NA	NA	NA
NA	NA	NA	NA	NA	NA	NA	NA	NA	NA	NA	NA	NA	NA	NA	NA
NA	NA	NA	NA	NA	NA	NA	NA	NA	NA	NA	NA	NA	NA	NA	NA
NA	NA	NA	NA	NA	NA	NA	NA	NA	NA	NA	NA	NA	NA	NA	NA
NA	NA	NA	NA	NA	NA	NA	NA	NA	NA	NA	NA	NA	NA	NA	NA
NA	NA	NA	NA	NA	NA	NA	NA	NA	NA	NA	NA	NA	NA	NA	NA
NA	NA	NA	NA	NA	NA	NA	NA	NA	NA	NA	NA	NA	NA	NA	NA
2.01642447411147	0.0891554481659092	1.84167979570628	2.19116915251665	2.00175824480311	0.119467498698356	1.76760194735433	2.23591454225189	2.00175824480311	0.0891554481659092	1.83141142591336	2.17518922283187	1.99859704634326	0.0832981025564383	1.8352334579142	2.16196063477233
2.01501223562058	0.0795229640305256	1.85914722612075	2.17087724512041	1.94190667664188	0.100642989301849	1.74464641761026	2.1391669356735	1.94190667664188	0.0795229640305256	1.79398050124021	2.10103431248085	1.94080773464223	0.0724896217021665	1.79866342146742	2.08295204781704
2.02928544785335	0.081928114983051	1.86870634248657	2.18986455322013	2.03104427659491	0.109444236726139	1.81653357261168	2.24555498057815	2.03104427659491	0.081928114983051	1.87359678861147	2.18727767276519	2.03106018302771	0.0735198009903547	1.8868982762402	2.17522208981522
2.10087273037341	0.0756886471859638	1.95252298188892	2.2492224788579	2.06624754675725	0.0967716783027296	1.8765750572839	2.2559200362306	2.06624754675725	0.0756886471859638	1.9233454753673	2.22102296086365	2.06792901098861	0.0700811929696964	1.93051306387224	2.20534495810498
1.92418604804256	0.0890748489962746	1.74959934400986	2.09877275207526	1.95484560036266	0.118318881033091	1.72294059353781	2.18675060718752	1.95484560036266	0.0890748489962746	1.78922787531021	2.14668492577696	1.95548995681732	0.0784694547705325	1.80160582776672	2.10937408586791
1.98446552649518	0.0772946073738964	1.83296809604234	2.13596295694802	1.99337502956279	0.10061213842131	1.79617523825702	2.19057482086856	1.99337502956279	0.0772946073738964	1.83390372308394	2.14892277648262	1.99337241425044	0.0730313291867343	1.85016903457481	2.13657579392607
2.06558960448127	0.0853878104011002	1.89822949609512	2.23294971286743	2.01057746037255	0.10664248202003	1.80155819561329	2.21959672513181	2.01057746037255	0.0853878104011002	1.86103812015788	2.19360707478074	2.0101007460031	0.0797632932006117	1.853675460253	2.1665260317532
2.0288469175946	0.0828086253430297	1.86654201192227	2.19115182326694	1.98107054679846	0.110056612227898	1.76535958683177	2.19678150676514	1.98107054679846	0.0828086253430297	1.81153207974136	2.1440758235147	1.98024719728981	0.0744591816426368	1.83423837037414	2.12625602420548
1.94527787697328	0.0810673482975548	1.78638587431008	2.10416987963649	1.93844116152978	0.102877069968896	1.73680210439074	2.14008021866881	1.93844116152978	0.0810673482975548	1.78070607025065	2.09164589561504	1.9376773680448	0.0749753801621147	1.79065270461178	2.08470203147782
1.88785204643879	0.0793759670603806	1.73227515100045	2.04342894187714	1.89995816458561	0.103123145348232	1.69783679970308	2.10207952946815	1.89995816458561	0.0793759670603806	1.72946530072461	2.04063034292964	1.89936932444076	0.0723511977376416	1.7574968428428	2.04124180603872
1.99088639687449	0.0781970879663529	1.83762010446044	2.14415268928855	2.02803457021469	0.100648989954869	1.83076254990314	2.22530659052623	2.02803457021469	0.0781970879663529	1.88093270080546	2.1842127995422	2.02629640859079	0.0708826507269873	1.88731284436463	2.16527997281695
1.87602762792334	0.0954009364299721	1.6890417925206	2.06301346332609	1.90412152594482	0.125511751964774	1.65811849209386	2.15012455979578	1.90412152594482	0.0954009364299721	1.70943413549295	2.08852975770613	1.90412505831046	0.0848452313067926	1.73772831335802	2.07052180326289
2.0744350631042	0.0820950483688344	1.91352876830129	2.23534135790712	2.15934437193578	0.106260701414482	1.9510733971634	2.36761534670816	2.15934437193578	0.0820950483688344	2.00007693892533	2.32268101292153	2.15783848155343	0.0773336967254324	2.0061865684165	2.30949039469035
2.02352095951554	0.0844512187305651	1.85799657080363	2.18904534822745	2.03565018414958	0.110492688197749	1.81908451528199	2.25221585301717	2.03565018414958	0.0844512187305651	1.865026981396	2.19479274838133	2.03360089791161	0.0765851958806175	1.88342236134424	2.18377943447899
2.04345859030557	0.0730928136894886	1.90019667547417	2.18672050513696	2.02240031570937	0.0923137960667477	1.84146527541855	2.2033353560002	2.02240031570937	0.0730928136894886	1.87893873729458	2.15873730221879	2.02248632287664	0.067602937881856	1.88993656149478	2.15503608425849
2.0128296519075	0.0766353114150147	1.86262444153407	2.16303486228093	1.99223199517695	0.0991341317389959	1.79792909696852	2.18653489338538	1.99223199517695	0.0766353114150147	1.84408036125044	2.13845634942955	1.99078510969124	0.0701477512082017	1.85323766852503	2.12833255085746
1.96602040468286	0.0799879583295514	1.80924400635694	2.12279680300878	2.03210273610499	0.106465599177516	1.82343016171706	2.24077531049292	2.03210273610499	0.0799879583295514	1.87819426265222	2.18041032002209	2.03245182488738	0.0717260986155389	1.89180964838272	2.17309400139203
2.07470518439978	0.0846044873392113	1.90888038921493	2.24052997958463	2.00832913267982	0.108503592242619	1.79566209188429	2.22099617347536	2.00832913267982	0.0846044873392113	1.84303986435572	2.17753524870618	2.00887724189111	0.0762993161032734	1.85925498211083	2.15849950167139
1.97690682420984	0.0805291221193151	1.81906974485598	2.1347439035637	1.93982214957129	0.102951517641574	1.73803717499381	2.14160712414878	1.93982214957129	0.0805291221193151	1.76956809813219	2.08227237871209	1.93769463826456	0.0757951984109611	1.78905624147129	2.08633303505782
1.97747552892757	0.0837143139624108	1.81339547356125	2.1415555842939	1.98834040650092	0.108344898931219	1.77598440459573	2.20069640840611	1.98834040650092	0.0837143139624108	1.83296752573092	2.16303713941413	1.98760304273706	0.0770198213729713	1.83656258334615	2.13864350212797
2.01340832421245	0.0866573456078003	1.84355992682116	2.18325672160374	1.99831407514636	0.113730280006263	1.77540272633409	2.22122542395864	1.99831407514636	0.0866573456078003	1.8367713826325	2.16906548652501	1.99416195464778	0.0837990073728802	1.82981517995323	2.15850872934232
2.00184110055805	0.072820258724074	1.85911339345886	2.14456880765723	2.01539770382262	0.0927412617375273	1.83362483081707	2.19717057682818	2.01539770382262	0.072820258724074	1.87292229867164	2.15572765455918	2.01428725467896	0.0716269012415622	1.87383164370268	2.15474286565525
2.09816441383906	0.0816070095143911	1.93821467519086	2.25811415248727	2.10895922515933	0.106726226576783	1.89977582106883	2.31814262924982	2.10895922515933	0.0816070095143911	1.94292104979851	2.27447686929074	2.10831340029588	0.0758185939178392	1.95963483733258	2.25699196325917
1.91538801198003	0.0772645087191406	1.76394957489051	2.06682644906954	1.9860147123322	0.105255913836707	1.77971312121226	2.19231630345215	1.9860147123322	0.0772645087191406	1.83483315716437	2.1388635327925	1.98467434138523	0.0702550335814805	1.84691516200001	2.12243352077045
2.01710454738844	0.0782715906652225	1.86369222968461	2.17051686509228	2.01408440345481	0.101928475098472	1.81430459226181	2.21386421464782	2.01408440345481	0.0782715906652225	1.85865692358997	2.16727258217504	2.01286677101277	0.0747721041706936	1.86624848054361	2.15948506148193
2.07312139501669	0.0871035938813283	1.90239835100928	2.24384443902409	2.06646954572694	0.112351546219885	1.84626051513597	2.28667857631792	2.06646954572694	0.0871035938813283	1.88606728829222	2.23617752451543	2.06550809212007	0.0811720231352194	1.90632351711267	2.22469266712746
1.99793276752732	0.09076251237913	1.82003824326423	2.17582729179042	1.97298456952121	0.117583122645846	1.74252164913535	2.20344748990707	1.97298456952121	0.09076251237913	1.77770053061206	2.14167368786864	1.97018920927799	0.0857952183410848	1.80192531898976	2.13845309956623
1.92963258667672	0.0865043279754054	1.76008410384492	2.09918106950851	1.93406514248022	0.110403120072344	1.71767502713843	2.15045525782202	1.93406514248022	0.0865043279754054	1.77217196036289	2.10676324958777	1.93059392241397	0.0780067006038904	1.77762415066893	2.08356369415902
2.04324986370324	0.0891746275521925	1.86846759370095	2.21803213370554	2.02979826439846	0.114983563792661	1.80443047936485	2.25516604943208	2.02979826439846	0.0891746275521925	1.83594899325018	2.19465190380913	2.02835637945405	0.0799087136241931	1.87165532533362	2.18505743357447
2.10753027185123	0.0812022109718497	1.94837393834641	2.26668660535606	2.05088155973736	0.104630192909188	1.84580638163535	2.25595673783937	2.05088155973736	0.0812022109718497	1.89205076196708	2.20902872406876	2.04803688153971	0.0768099575692469	1.89741270942141	2.198661053658
1.99262171454659	0.0877672847826039	1.82059783637269	2.1646455927205	2.05211366644032	0.11623739467376	1.82428837287975	2.27993896000089	2.05211366644032	0.0877672847826039	1.87548497672676	2.22896641772742	2.05104732051663	0.0789987050818073	1.89612807446412	2.20596656656914
2.00172651645711	0.0832080301090056	1.83863877744346	2.16481425547076	2.0379140263234	0.108785805378315	1.8246938477819	2.25113420486489	2.0379140263234	0.0832080301090056	1.87026197557403	2.20836739312929	2.035795374848	0.0792786625000244	1.8803278560278	2.1912628936682
1.97789491443715	0.0868617723271827	1.80764584067587	2.14814398819843	1.99803665090687	0.112938777246994	1.77667664750277	2.21939665431098	1.99803665090687	0.0868617723271827	1.83580000625941	2.17324033450358	1.9969404214539	0.0820308357267887	1.83607586944799	2.15780497345981
2.12068093385267	0.0945920767219611	1.93528046347762	2.30608140422771	2.10148044540554	0.122334483419828	1.86170485790268	2.3412560329084	2.10148044540554	0.0945920767219611	1.92054668406076	2.29452960505193	2.09885285335764	0.0898357404876066	1.9226530912435	2.27505261547177
1.93942854300155	0.0888651828335931	1.7652527846477	2.11360430135539	1.93396865453639	0.112328442194059	1.71380490783603	2.15413240123675	1.93396865453639	0.0888651828335931	1.77386151954685	2.11716291901277	1.93093613188066	0.0795026874655686	1.77502574557731	2.08684651818402
1.9848791149526	0.0870008782451476	1.81435739359211	2.15540083631309	1.98551799213891	0.114187732998408	1.76171003546203	2.20932594881579	1.98551799213891	0.0870008782451476	1.82978443228856	2.17376461979245	1.98401303902539	0.0762309332983969	1.83453026905239	2.1334958089984
1.9308915326852	0.0885860732268764	1.75726282916052	2.10452023620988	1.94421527281377	0.113494577632209	1.72176590065464	2.1666646449729	1.94421527281377	0.0885860732268764	1.77563479726841	2.12191793935609	1.94144838655079	0.0821861064050279	1.78027204920807	2.10262472389352
1.95109309180396	0.0869778950501031	1.78061641750576	2.12156976610217	1.97015012172657	0.110354985112534	1.75385435090601	2.18644589254714	1.97015012172657	0.0869778950501031	1.7973254259688	2.14298626594257	1.96878398684512	0.0792498613638366	1.81338162791451	2.12418634577572
2.05785542089269	0.0780642135271173	1.90484956237954	2.21086127940584	2.07616021646777	0.101116738975165	1.87797140807644	2.27434902485909	2.07616021646777	0.0780642135271173	1.92207207492383	2.23047551441005	2.0763272626692	0.0733827446639125	1.93242833881184	2.22022618652656
2.06408791582774	0.0761633422371507	1.91480776504292	2.21336806661255	2.03200222634571	0.0994305305381352	1.83711838649097	2.22688606620046	2.03200222634571	0.0761633422371507	1.88264801821027	2.18340253360596	2.03286867128789	0.0690390183770591	1.8974992285375	2.16823811403828
2.05943463660063	0.080707452737047	1.90124802923602	2.21762124396524	2.01046164918799	0.107117398939908	1.80051154726577	2.22041175111021	2.01046164918799	0.080707452737047	1.85073284403155	2.17330736416396	2.00868526970612	0.0730236725874381	1.86549715098617	2.15187338842607
1.93529046841058	0.0800421169128621	1.77840791926137	2.09217301755979	1.98809142716044	0.103202368215215	1.78581478545862	2.19036806886226	1.98809142716044	0.0800421169128621	1.83445624134883	2.15224207625962	1.98680273471168	0.0754979210316935	1.83875180177053	2.13485366765283
1.93799708216269	0.0963899118585549	1.74907285491992	2.12692130940546	1.95626239917421	0.127541981959416	1.70628011453375	2.20624468381466	1.95626239917421	0.0963899118585549	1.7494269907452	2.12425080677376	1.95697317325881	0.0919351416917891	1.7766551431828	2.13729120333481
1.9738569798184	0.0875005103856742	1.80235597946248	2.14535798017432	1.99837695708306	0.109731533315643	1.7833031517844	2.21345076238172	1.99837695708306	0.0875005103856742	1.8178714287332	2.17102199315311	1.99771677855556	0.0801151887935531	1.8406048202879	2.15482873682323
1.91776993965344	0.083781250938249	1.75355868781448	2.08198119149241	2.04575266606627	0.110334003162869	1.82949801986704	2.26200731226549	2.04575266606627	0.083781250938249	1.88445581000001	2.20320563016235	2.04478270835141	0.0805018591160809	1.88691078985425	2.20265462684856
1.9659770758455	0.0760326060266767	1.81695316803321	2.11500098365779	2.0205019053432	0.101017216068286	1.82250816184936	2.21849564883704	2.0205019053432	0.0760326060266767	1.87311348528197	2.17475996807837	2.01985868130271	0.0704478580338982	1.88172182883186	2.15799553377356
1.9383546734502	0.0789874881381373	1.78353919669946	2.09317015020095	1.92576360832927	0.100430361010236	1.72892010074921	2.12260711590933	1.92576360832927	0.0789874881381373	1.77476488755601	2.08432884929337	1.9240476304951	0.074306697679461	1.77833932663786	2.06975593435234
2.06881501464247	0.0839867082199866	1.90420106653129	2.23342896275364	2.1238558655382	0.110549596346771	1.90717865669852	2.34053307437787	2.1238558655382	0.0839867082199866	1.95978746735044	2.29228984432988	2.12500220447871	0.0773221145415282	1.97337504444336	2.27662936451405
2.15125820704424	0.0888987906757388	1.97701657731979	2.32549983676869	2.19661700976806	0.113529735054634	1.97409872906097	2.41913529047514	2.19661700976806	0.0888987906757388	2.03114263773183	2.36924836383279	2.19312667466447	0.0847830240192537	2.02684871871813	2.35940463061081
1.98945242056455	0.0781823762537111	1.83621496310728	2.14268987802183	1.97464859302363	0.103045186506351	1.77268002747118	2.17661715857608	1.97464859302363	0.0781823762537111	1.82932378889025	2.1417123474177	1.97337086783657	0.0744786321142177	1.82732274598604	2.11941898968709
1.98942548814781	0.0891976788719679	1.81459803755875	2.16425293873686	2.01037786037225	0.116722988293338	1.78160080331731	2.23915491742719	2.01037786037225	0.0891976788719679	1.83245126795852	2.19048453435263	2.0098255358598	0.08323615498294	1.84659022775012	2.17306084396947
2.09541447851008	0.0854882335919316	1.9278575406699	2.26297141635027	2.10478315060397	0.110012379918216	1.88915888596426	2.32040741524367	2.10478315060397	0.0854882335919316	1.94280992915023	2.27973689446188	2.105508199185	0.0789973323618563	1.95058666425744	2.26042973411257
2.07235537669123	0.088075425536425	1.89972754263983	2.24498321074262	2.0299966122862	0.115927344909229	1.80277901626412	2.25721420830829	2.0299966122862	0.088075425536425	1.86065719959656	2.19814127281923	2.02897397800034	0.0822304579530193	1.86771503985608	2.1902329161446
1.95512593848479	0.0781339246974595	1.80198344607777	2.10826843089181	1.95531934512968	0.103431110226907	1.75259436908494	2.15804432117441	1.95531934512968	0.0781339246974595	1.80726851879703	2.1106087154626	1.95327248946608	0.071514033254751	1.81304940430353	2.09349557462864
2.06791195153136	0.075892820294734	1.91916202375368	2.21666187930904	2.02270843734393	0.0979090174372959	1.83080676316683	2.21461011152103	2.02270843734393	0.075892820294734	1.87932070768987	2.17294374799264	2.01959606860357	0.0723607410791501	1.87770566181448	2.16148647539266
1.93853002276726	0.0771670500273146	1.78728260471372	2.0897774408208	1.98071722857232	0.103130011981097	1.77858240508937	2.18285205205527	1.98071722857232	0.0771670500273146	1.83964457583355	2.14138238088973	1.97844947636377	0.0722650936798911	1.83674138327351	2.12015756945403
1.99817284552367	0.0776849506797614	1.84591034219133	2.150435348856	1.9874537008456	0.101514609502702	1.7884850662203	2.18642233547089	1.9874537008456	0.0776849506797614	1.83221271851103	2.14566825462601	1.98744532366156	0.0700935668722664	1.85000748323681	2.1248831640863
1.93507168369865	0.0771241806716591	1.7839082895822	2.0862350778151	1.89784372050648	0.0997227336380612	1.70238716257588	2.09330027843708	1.89784372050648	0.0771241806716591	1.74573142754432	2.05361731738438	1.89688676256892	0.0735812100016826	1.75260505997967	2.04116846515817
1.95614487949957	0.0805500460813046	1.79826678918021	2.11402296981893	1.9829228190987	0.108315646044643	1.7706241528512	2.1952214853462	1.9829228190987	0.0805500460813046	1.8322030179696	2.14536754567123	1.98314690341893	0.074145842076095	1.83774463345414	2.12854917338372
1.96413756052417	0.092522567261013	1.78279332869258	2.14548179235576	1.95063146833305	0.122708673969944	1.71012246735196	2.19114046931414	1.95063146833305	0.092522567261013	1.76200238837984	2.12392585742379	1.9524746344468	0.0866796726916043	1.7824810370746	2.12246823181901
2.03303445377892	0.080816306016184	1.8746344939872	2.19143441357064	1.99151571634021	0.106469571852407	1.78283535550949	2.20019607717093	1.99151571634021	0.080816306016184	1.81909152397078	2.13739134472952	1.9914269014629	0.0742774721109643	1.84577367068321	2.13708013224258
2.11145694879238	0.087818386787403	1.93933291068907	2.28358098689569	2.05190724512594	0.115326062584522	1.82586816246028	2.27794632779161	2.05190724512594	0.087818386787403	1.8647116198025	2.21169274502205	2.05099640996248	0.080059701184785	1.8939949968944	2.20799782303056
1.92931448808732	0.0923776044451181	1.74825438337489	2.11037459279975	1.87372698263498	0.119059179590451	1.6403709906377	2.10708297463227	1.87372698263498	0.0923776044451181	1.68573144371222	2.04467846607154	1.87625752892607	0.0883915725232991	1.70290155298163	2.0496135048705
1.97818079941529	0.0834017961960868	1.81471327887096	2.14164831995962	1.97640087944963	0.107755088833478	1.76520090533601	2.18760085356325	1.97640087944963	0.0834017961960868	1.80737850341145	2.13453413547971	1.97527533588914	0.0774346485878578	1.82343054713191	2.12712012464637
2.13098422602916	0.0853614361573344	1.96367581116078	2.29829264089753	2.10096498652509	0.112564117163692	1.88033931688425	2.32159065616592	2.10096498652509	0.0853614361573344	1.92517144885837	2.26138965876174	2.09930510055764	0.0801251504274448	1.94217103614093	2.25643916497435
1.95851890970079	0.0802284391885468	1.80127116889123	2.11576665051034	1.91493358640696	0.102393574317687	1.71424218074429	2.11562499206962	1.91493358640696	0.0802284391885468	1.7642095384272	2.07653967299242	1.91116328269765	0.0745330250041458	1.76501536443785	2.05731120095744
1.94282328119282	0.0730319484296732	1.79968066227066	2.08596590011498	1.95901042304802	0.0935293430416404	1.77569291068641	2.14232793540964	1.95901042304802	0.0730319484296732	1.82084518644317	2.10949396100983	1.9586418608266	0.0690403672378632	1.8232641837374	2.09401953791579
2.0319251320996	0.0845553444588822	1.86619665696019	2.197653607239	2.00026244237454	0.11094161127997	1.7828168842658	2.21770800048328	2.00026244237454	0.0845553444588822	1.83316310343262	2.16500037951312	2.00140885443311	0.077501410765627	1.84943056586091	2.15338714300532
2.03870729303706	0.0763878724135523	1.8889870631065	2.18842752296762	2.10529003511371	0.0976065316165536	1.91398123314527	2.29659883708216	2.10529003511371	0.0763878724135523	1.95402289379331	2.26173585409718	2.10557845860521	0.0693861347821781	1.96952527337446	2.24163164383597
2.00900478665922	0.0803383482200213	1.85154162414798	2.16646794917046	2.02901996389175	0.102441718455533	1.8282341957189	2.22980573206459	2.02901996389175	0.0803383482200213	1.87156628075035	2.19111727462417	2.02966212933812	0.0740049610179264	1.88454485427178	2.17477940440445
2.02278393879625	0.0941861671973851	1.83817905108937	2.20738882650312	1.94398671439024	0.125416629680387	1.69817012021669	2.1898033085638	1.94398671439024	0.0941861671973851	1.77560886819121	2.12682615796395	1.94269717128624	0.087028013503655	1.77201316243202	2.11338118014046
2.03994477790511	0.0842543445260619	1.87480626263402	2.20508329317619	1.97820209530136	0.106711051079152	1.76904843518622	2.18735575541649	1.97820209530136	0.0842543445260619	1.81328795700715	2.14414899547748	1.97891344045689	0.0774444562620222	1.82704083407782	2.13078604683595
1.98482007976548	0.084657106185041	1.8188921516428	2.15074800788816	1.9924521767126	0.109513252852065	1.77780620112255	2.20709815230264	1.9924521767126	0.084657106185041	1.80821643931764	2.15114063040717	1.98956742747665	0.0808825279640163	1.83095035384897	2.14818450110434
1.94038970702708	0.0827457479635512	1.77820804101852	2.10257137303564	1.94332394852049	0.103686378014969	1.74009864761115	2.14654924942983	1.94332394852049	0.0827457479635512	1.7661323882776	2.09388320507787	1.94148373297306	0.0776360640111431	1.78924459443989	2.09372287150623
2.00852897212445	0.0739168500546916	1.86365194601725	2.15340599823165	1.99497622696941	0.0953450963012133	1.80809983821903	2.18185261571979	1.99497622696941	0.0739168500546916	1.85021397070935	2.14516139987596	1.99374699953662	0.0688123460159626	1.85882390919123	2.12867008988201
1.93704708865402	0.0877121597720865	1.76513125550073	2.10896292180731	1.95624637601447	0.114840585206302	1.73115882901011	2.18133392301882	1.95624637601447	0.0877121597720865	1.78450258045079	2.12145279739554	1.95696249369867	0.0823385868121955	1.7954893976534	2.11843558974394
1.94800748331761	0.0739987437809563	1.80296994550694	2.09304502112829	1.97806893458897	0.0942179934236094	1.7934016674787	2.16273620169925	1.97806893458897	0.0739987437809563	1.83204333060556	2.12506317749554	1.9749715802338	0.0695282854786108	1.83863819743069	2.11130496303692
2.03632753235166	0.0813358254739134	1.87690931442279	2.19574575028053	2.08395197900661	0.106694719932691	1.87483032793854	2.29307363007468	2.08395197900661	0.0813358254739134	1.9225303555106	2.24057650208483	2.0834286951709	0.0735374282300621	1.93922804547302	2.22762934486879
1.86655348167893	0.0816720619299434	1.70647624029624	2.02663072306162	1.8906956838677	0.110691838852399	1.673739679717	2.1076516880184	1.8906956838677	0.0816720619299434	1.72863657810693	2.04181268027668	1.88556075134893	0.0734596829406669	1.74151609333438	2.02960540936348
1.94094746043673	0.104257159236943	1.73660342833232	2.14529149254114	1.95235944876922	0.131705488920058	1.6942166904859	2.21050220705253	1.95235944876922	0.104257159236943	1.7339760266974	2.14023675294081	1.95107133380512	0.0957731745531872	1.76322357389337	2.13891909371688
1.94640280436366	0.0915169557524195	1.76702957108891	2.1257760376384	1.96183824750227	0.120857702387777	1.72495715082223	2.19871934418231	1.96183824750227	0.0915169557524195	1.77334299144925	2.13210414333	1.96332213078073	0.0875970309889055	1.79152467310289	2.13511958845856
1.97848639705846	0.0773735450563872	1.82683424874794	2.13013854536898	1.99611520264029	0.101327983952675	1.79751235409304	2.19471805118753	1.99611520264029	0.0773735450563872	1.84020904491975	2.15052642521544	1.99441615107505	0.0720492978297663	1.85313528526602	2.13569701688408
2.00776956306897	0.0745199200292023	1.86171051981173	2.1538286063262	1.98815809578599	0.0973902990933769	1.79727310956297	2.17904308200901	1.98815809578599	0.0745199200292023	1.84632106091	2.12671648471156	1.98747864464604	0.0680305447316441	1.85408742057798	2.1208698687141
1.95619533223767	0.0788711213452366	1.801607934401	2.11078273007433	1.96470107269908	0.105732176568827	1.75746600662418	2.17193613877398	1.96470107269908	0.0788711213452366	1.81695214748926	2.13167229622395	1.96541858386585	0.0709157368328376	1.82636236455267	2.10447480317904
1.94180343527054	0.0812347827258982	1.78258326112778	2.1010236094133	1.92644693679147	0.108355185757661	1.71407077270646	2.13882310087649	1.92644693679147	0.0812347827258982	1.76762494988108	2.07719591309948	1.92397027602265	0.0756612319434831	1.77559293638805	2.07234761565725
1.88897645170981	0.0785502515627504	1.73501795864682	2.0429349447728	1.94830233693453	0.102096290302292	1.74819360794204	2.14841106592702	1.94830233693453	0.0785502515627504	1.78394199114064	2.09655154857586	1.94696329292391	0.0711331630637859	1.80747853326067	2.08644805258716
2.03795044309248	0.09011908320101	1.8613170400185	2.21458384616646	1.97992615115936	0.118046552847808	1.74855490757766	2.21129739474106	1.97992615115936	0.09011908320101	1.80684382261183	2.15846995840296	1.97918716761786	0.0836193577989859	1.8151966530924	2.14317768214331
1.94706326193079	0.0782700644215103	1.79365393566463	2.10047258819695	2.01057842793956	0.102603510946901	1.80947554648363	2.21168130939549	2.01057842793956	0.0782700644215103	1.85704022429342	2.16936732184572	2.00749076943371	0.0709733103210229	1.86832352795701	2.14665801091041
2.15748786961917	0.0907629518686005	1.97959248395671	2.33538325528162	2.06356541832143	0.113842714490154	1.84043369792072	2.28669713872213	2.06356541832143	0.0907629518686005	1.87243791623921	2.22422368110732	2.06391633637508	0.0860740392268157	1.89511170431961	2.23272096843054
1.98514119132651	0.0833333286445788	1.82180786718313	2.14847451546988	2.01141677030775	0.116163757555391	1.78373580549919	2.23909773511632	2.01141677030775	0.0833333286445788	1.8505335795774	2.17973399748959	2.01011069818548	0.0741466398824343	1.86471138770325	2.15551000866771
2.05539414007142	0.0867100739290009	1.88544239517058	2.22534588497226	2.06368691435288	0.113365557741232	1.84149042118006	2.28588340752569	2.06368691435288	0.0867100739290009	1.89080600103801	2.22094733976133	2.06420654088024	0.0817533715681543	1.90387654184387	2.22453653991661
1.95410086269496	0.0938655996628762	1.77012428735572	2.1380774380342	1.96059056722884	0.118621197342204	1.72809302043812	2.19308811401956	1.96059056722884	0.0938655996628762	1.78145105939538	2.14700430257248	1.9586865789604	0.0882526584910055	1.78559676547869	2.13177639244211
1.90506421450496	0.0829874443304429	1.74240882361729	2.06771960539263	1.88916440065554	0.11153262104384	1.67056046340961	2.10776833790146	1.88916440065554	0.0829874443304429	1.71189069147733	2.02663273709177	1.88976528598494	0.0744458012567198	1.74377902083291	2.03575155113697
2.0353522542203	0.0761463728435996	1.88610536344685	2.18459914499376	2.04012835635019	0.0985959546656273	1.84688028520556	2.23337642749482	2.04012835635019	0.0761463728435996	1.90113809280581	2.19465720638155	2.04186011060214	0.0707577404460782	1.90311789962817	2.1806023215761
2.01302712779605	0.0869148557067659	1.84267401061079	2.18338024498131	2.06126287562852	0.116413523577542	1.83309236941654	2.2894333818405	2.06126287562852	0.0869148557067659	1.90020626771784	2.23930110950352	2.05909930906742	0.0791765712571125	1.90382827689544	2.21437034123939
2.05082534416836	0.0764687011280065	1.90094668995747	2.20070399837925	2.06740294728489	0.0974085454688572	1.87648219816593	2.25832369640385	2.06740294728489	0.0764687011280065	1.91864438965599	2.20447907480435	2.06761944999008	0.0702839355628066	1.92980242445249	2.20543647552766
1.94874167417531	0.0806537053847176	1.79066041162126	2.10682293672936	1.98524087678	0.104965725643257	1.77950805451922	2.19097369904079	1.98524087678	0.0806537053847176	1.83408198171286	2.14598070240804	1.98559102122805	0.0757769409051819	1.83699797244231	2.13418407001379
2.11042192840878	0.0852093232191673	1.94341165489921	2.27743220191835	1.99689991915393	0.112330220382902	1.77673268720344	2.21706715110442	1.99689991915393	0.0852093232191673	1.83267754537387	2.15527274503018	1.99430340499313	0.0785603565205205	1.84024456288993	2.14836224709634
1.97277063586251	0.0786772036727965	1.81856331666383	2.1269779550612	1.98314855951424	0.104749068554959	1.77784038514652	2.18845673388196	1.98314855951424	0.0786772036727965	1.82749688457005	2.13869703330518	1.98310573094842	0.069448199146844	1.84693240639511	2.11927905550172
1.87066458964706	0.0796506778930367	1.71454926097671	2.02677991831741	1.84329385327748	0.108720171136189	1.63020231785055	2.05638538870441	1.84329385327748	0.0796506778930367	1.68680437606499	2.00090386262236	1.84468630869209	0.0717888644307736	1.70392337390471	1.98544924347947
NA	NA	NA	NA	NA	NA	NA	NA	NA	NA	NA	NA	NA	NA	NA	NA
NA	NA	NA	NA	NA	NA	NA	NA	NA	NA	NA	NA	NA	NA	NA	NA
NA	NA	NA	NA	NA	NA	NA	NA	NA	NA	NA	NA	NA	NA	NA	NA
NA	NA	NA	NA	NA	NA	NA	NA	NA	NA	NA	NA	NA	NA	NA	NA
NA	NA	NA	NA	NA	NA	NA	NA	NA	NA	NA	NA	NA	NA	NA	NA
NA	NA	NA	NA	NA	NA	NA	NA	NA	NA	NA	NA	NA	NA	NA	NA
NA	NA	NA	NA	NA	NA	NA	NA	NA	NA	NA	NA	NA	NA	NA	NA
NA	NA	NA	NA	NA	NA	NA	NA	NA	NA	NA	NA	NA	NA	NA	NA
NA	NA	NA	NA	NA	NA	NA	NA	NA	NA	NA	NA	NA	NA	NA	NA
NA	NA	NA	NA	NA	NA	NA	NA	NA	NA	NA	NA	NA	NA	NA	NA
NA	NA	NA	NA	NA	NA	NA	NA	NA	NA	NA	NA	NA	NA	NA	NA
NA	NA	NA	NA	NA	NA	NA	NA	NA	NA	NA	NA	NA	NA	NA	NA
NA	NA	NA	NA	NA	NA	NA	NA	NA	NA	NA	NA	NA	NA	NA	NA
NA	NA	NA	NA	NA	NA	NA	NA	NA	NA	NA	NA	NA	NA	NA	NA
NA	NA	NA	NA	NA	NA	NA	NA	NA	NA	NA	NA	NA	NA	NA	NA
NA	NA	NA	NA	NA	NA	NA	NA	NA	NA	NA	NA	NA	NA	NA	NA
NA	NA	NA	NA	NA	NA	NA	NA	NA	NA	NA	NA	NA	NA	NA	NA
NA	NA	NA	NA	NA	NA	NA	NA	NA	NA	NA	NA	NA	NA	NA	NA
NA	NA	NA	NA	NA	NA	NA	NA	NA	NA	NA	NA	NA	NA	NA	NA
NA	NA	NA	NA	NA	NA	NA	NA	NA	NA	NA	NA	NA	NA	NA	NA
NA	NA	NA	NA	NA	NA	NA	NA	NA	NA	NA	NA	NA	NA	NA	NA
NA	NA	NA	NA	NA	NA	NA	NA	NA	NA	NA	NA	NA	NA	NA	NA
NA	NA	NA	NA	NA	NA	NA	NA	NA	NA	NA	NA	NA	NA	NA	NA
NA	NA	NA	NA	NA	NA	NA	NA	NA	NA	NA	NA	NA	NA	NA	NA
NA	NA	NA	NA	NA	NA	NA	NA	NA	NA	NA	NA	NA	NA	NA	NA
NA	NA	NA	NA	NA	NA	NA	NA	NA	NA	NA	NA	NA	NA	NA	NA
NA	NA	NA	NA	NA	NA	NA	NA	NA	NA	NA	NA	NA	NA	NA	NA
NA	NA	NA	NA	NA	NA	NA	NA	NA	NA	NA	NA	NA	NA	NA	NA
NA	NA	NA	NA	NA	NA	NA	NA	NA	NA	NA	NA	NA	NA	NA	NA
NA	NA	NA	NA	NA	NA	NA	NA	NA	NA	NA	NA	NA	NA	NA	NA
NA	NA	NA	NA	NA	NA	NA	NA	NA	NA	NA	NA	NA	NA	NA	NA
NA	NA	NA	NA	NA	NA	NA	NA	NA	NA	NA	NA	NA	NA	NA	NA
NA	NA	NA	NA	NA	NA	NA	NA	NA	NA	NA	NA	NA	NA	NA	NA
NA	NA	NA	NA	NA	NA	NA	NA	NA	NA	NA	NA	NA	NA	NA	NA
NA	NA	NA	NA	NA	NA	NA	NA	NA	NA	NA	NA	NA	NA	NA	NA
NA	NA	NA	NA	NA	NA	NA	NA	NA	NA	NA	NA	NA	NA	NA	NA
NA	NA	NA	NA	NA	NA	NA	NA	NA	NA	NA	NA	NA	NA	NA	NA
NA	NA	NA	NA	NA	NA	NA	NA	NA	NA	NA	NA	NA	NA	NA	NA
NA	NA	NA	NA	NA	NA	NA	NA	NA	NA	NA	NA	NA	NA	NA	NA
NA	NA	NA	NA	NA	NA	NA	NA	NA	NA	NA	NA	NA	NA	NA	NA
NA	NA	NA	NA	NA	NA	NA	NA	NA	NA	NA	NA	NA	NA	NA	NA
NA	NA	NA	NA	NA	NA	NA	NA	NA	NA	NA	NA	NA	NA	NA	NA
NA	NA	NA	NA	NA	NA	NA	NA	NA	NA	NA	NA	NA	NA	NA	NA
NA	NA	NA	NA	NA	NA	NA	NA	NA	NA	NA	NA	NA	NA	NA	NA
NA	NA	NA	NA	NA	NA	NA	NA	NA	NA	NA	NA	NA	NA	NA	NA
NA	NA	NA	NA	NA	NA	NA	NA	NA	NA	NA	NA	NA	NA	NA	NA
NA	NA	NA	NA	NA	NA	NA	NA	NA	NA	NA	NA	NA	NA	NA	NA
NA	NA	NA	NA	NA	NA	NA	NA	NA	NA	NA	NA	NA	NA	NA	NA
NA	NA	NA	NA	NA	NA	NA	NA	NA	NA	NA	NA	NA	NA	NA	NA
NA	NA	NA	NA	NA	NA	NA	NA	NA	NA	NA	NA	NA	NA	NA	NA
NA	NA	NA	NA	NA	NA	NA	NA	NA	NA	NA	NA	NA	NA	NA	NA
NA	NA	NA	NA	NA	NA	NA	NA	NA	NA	NA	NA	NA	NA	NA	NA
NA	NA	NA	NA	NA	NA	NA	NA	NA	NA	NA	NA	NA	NA	NA	NA
NA	NA	NA	NA	NA	NA	NA	NA	NA	NA	NA	NA	NA	NA	NA	NA
NA	NA	NA	NA	NA	NA	NA	NA	NA	NA	NA	NA	NA	NA	NA	NA
NA	NA	NA	NA	NA	NA	NA	NA	NA	NA	NA	NA	NA	NA	NA	NA
NA	NA	NA	NA	NA	NA	NA	NA	NA	NA	NA	NA	NA	NA	NA	NA
NA	NA	NA	NA	NA	NA	NA	NA	NA	NA	NA	NA	NA	NA	NA	NA
NA	NA	NA	NA	NA	NA	NA	NA	NA	NA	NA	NA	NA	NA	NA	NA
NA	NA	NA	NA	NA	NA	NA	NA	NA	NA	NA	NA	NA	NA	NA	NA
NA	NA	NA	NA	NA	NA	NA	NA	NA	NA	NA	NA	NA	NA	NA	NA
NA	NA	NA	NA	NA	NA	NA	NA	NA	NA	NA	NA	NA	NA	NA	NA
NA	NA	NA	NA	NA	NA	NA	NA	NA	NA	NA	NA	NA	NA	NA	NA
NA	NA	NA	NA	NA	NA	NA	NA	NA	NA	NA	NA	NA	NA	NA	NA
NA	NA	NA	NA	NA	NA	NA	NA	NA	NA	NA	NA	NA	NA	NA	NA
NA	NA	NA	NA	NA	NA	NA	NA	NA	NA	NA	NA	NA	NA	NA	NA
NA	NA	NA	NA	NA	NA	NA	NA	NA	NA	NA	NA	NA	NA	NA	NA
NA	NA	NA	NA	NA	NA	NA	NA	NA	NA	NA	NA	NA	NA	NA	NA
NA	NA	NA	NA	NA	NA	NA	NA	NA	NA	NA	NA	NA	NA	NA	NA
NA	NA	NA	NA	NA	NA	NA	NA	NA	NA	NA	NA	NA	NA	NA	NA
NA	NA	NA	NA	NA	NA	NA	NA	NA	NA	NA	NA	NA	NA	NA	NA
NA	NA	NA	NA	NA	NA	NA	NA	NA	NA	NA	NA	NA	NA	NA	NA
NA	NA	NA	NA	NA	NA	NA	NA	NA	NA	NA	NA	NA	NA	NA	NA
NA	NA	NA	NA	NA	NA	NA	NA	NA	NA	NA	NA	NA	NA	NA	NA
NA	NA	NA	NA	NA	NA	NA	NA	NA	NA	NA	NA	NA	NA	NA	NA
NA	NA	NA	NA	NA	NA	NA	NA	NA	NA	NA	NA	NA	NA	NA	NA
NA	NA	NA	NA	NA	NA	NA	NA	NA	NA	NA	NA	NA	NA	NA	NA
NA	NA	NA	NA	NA	NA	NA	NA	NA	NA	NA	NA	NA	NA	NA	NA
NA	NA	NA	NA	NA	NA	NA	NA	NA	NA	NA	NA	NA	NA	NA	NA
NA	NA	NA	NA	NA	NA	NA	NA	NA	NA	NA	NA	NA	NA	NA	NA
NA	NA	NA	NA	NA	NA	NA	NA	NA	NA	NA	NA	NA	NA	NA	NA
NA	NA	NA	NA	NA	NA	NA	NA	NA	NA	NA	NA	NA	NA	NA	NA
NA	NA	NA	NA	NA	NA	NA	NA	NA	NA	NA	NA	NA	NA	NA	NA
NA	NA	NA	NA	NA	NA	NA	NA	NA	NA	NA	NA	NA	NA	NA	NA
NA	NA	NA	NA	NA	NA	NA	NA	NA	NA	NA	NA	NA	NA	NA	NA
NA	NA	NA	NA	NA	NA	NA	NA	NA	NA	NA	NA	NA	NA	NA	NA
NA	NA	NA	NA	NA	NA	NA	NA	NA	NA	NA	NA	NA	NA	NA	NA
NA	NA	NA	NA	NA	NA	NA	NA	NA	NA	NA	NA	NA	NA	NA	NA
NA	NA	NA	NA	NA	NA	NA	NA	NA	NA	NA	NA	NA	NA	NA	NA
NA	NA	NA	NA	NA	NA	NA	NA	NA	NA	NA	NA	NA	NA	NA	NA
NA	NA	NA	NA	NA	NA	NA	NA	NA	NA	NA	NA	NA	NA	NA	NA
NA	NA	NA	NA	NA	NA	NA	NA	NA	NA	NA	NA	NA	NA	NA	NA
NA	NA	NA	NA	NA	NA	NA	NA	NA	NA	NA	NA	NA	NA	NA	NA
NA	NA	NA	NA	NA	NA	NA	NA	NA	NA	NA	NA	NA	NA	NA	NA
NA	NA	NA	NA	NA	NA	NA	NA	NA	NA	NA	NA	NA	NA	NA	NA
NA	NA	NA	NA	NA	NA	NA	NA	NA	NA	NA	NA	NA	NA	NA	NA
NA	NA	NA	NA	NA	NA	NA	NA	NA	NA	NA	NA	NA	NA	NA	NA
NA	NA	NA	NA	NA	NA	NA	NA	NA	NA	NA	NA	NA	NA	NA	NA
NA	NA	NA	NA	NA	NA	NA	NA	NA	NA	NA	NA	NA	NA	NA	NA
NA	NA	NA	NA	NA	NA	NA	NA	NA	NA	NA	NA	NA	NA	NA	NA
NA	NA	NA	NA	NA	NA	NA	NA	NA	NA	NA	NA	NA	NA	NA	NA
NA	NA	NA	NA	NA	NA	NA	NA	NA	NA	NA	NA	NA	NA	NA	NA
NA	NA	NA	NA	NA	NA	NA	NA	NA	NA	NA	NA	NA	NA	NA	NA
NA	NA	NA	NA	NA	NA	NA	NA	NA	NA	NA	NA	NA	NA	NA	NA
NA	NA	NA	NA	NA	NA	NA	NA	NA	NA	NA	NA	NA	NA	NA	NA
NA	NA	NA	NA	NA	NA	NA	NA	NA	NA	NA	NA	NA	NA	NA	NA
NA	NA	NA	NA	NA	NA	NA	NA	NA	NA	NA	NA	NA	NA	NA	NA
NA	NA	NA	NA	NA	NA	NA	NA	NA	NA	NA	NA	NA	NA	NA	NA
NA	NA	NA	NA	NA	NA	NA	NA	NA	NA	NA	NA	NA	NA	NA	NA
NA	NA	NA	NA	NA	NA	NA	NA	NA	NA	NA	NA	NA	NA	NA	NA
NA	NA	NA	NA	NA	NA	NA	NA	NA	NA	NA	NA	NA	NA	NA	NA
NA	NA	NA	NA	NA	NA	NA	NA	NA	NA	NA	NA	NA	NA	NA	NA
NA	NA	NA	NA	NA	NA	NA	NA	NA	NA	NA	NA	NA	NA	NA	NA
NA	NA	NA	NA	NA	NA	NA	NA	NA	NA	NA	NA	NA	NA	NA	NA
NA	NA	NA	NA	NA	NA	NA	NA	NA	NA	NA	NA	NA	NA	NA	NA
NA	NA	NA	NA	NA	NA	NA	NA	NA	NA	NA	NA	NA	NA	NA	NA
NA	NA	NA	NA	NA	NA	NA	NA	NA	NA	NA	NA	NA	NA	NA	NA
NA	NA	NA	NA	NA	NA	NA	NA	NA	NA	NA	NA	NA	NA	NA	NA
NA	NA	NA	NA	NA	NA	NA	NA	NA	NA	NA	NA	NA	NA	NA	NA
NA	NA	NA	NA	NA	NA	NA	NA	NA	NA	NA	NA	NA	NA	NA	NA
NA	NA	NA	NA	NA	NA	NA	NA	NA	NA	NA	NA	NA	NA	NA	NA
NA	NA	NA	NA	NA	NA	NA	NA	NA	NA	NA	NA	NA	NA	NA	NA
NA	NA	NA	NA	NA	NA	NA	NA	NA	NA	NA	NA	NA	NA	NA	NA
NA	NA	NA	NA	NA	NA	NA	NA	NA	NA	NA	NA	NA	NA	NA	NA
NA	NA	NA	NA	NA	NA	NA	NA	NA	NA	NA	NA	NA	NA	NA	NA
NA	NA	NA	NA	NA	NA	NA	NA	NA	NA	NA	NA	NA	NA	NA	NA
NA	NA	NA	NA	NA	NA	NA	NA	NA	NA	NA	NA	NA	NA	NA	NA
NA	NA	NA	NA	NA	NA	NA	NA	NA	NA	NA	NA	NA	NA	NA	NA
NA	NA	NA	NA	NA	NA	NA	NA	NA	NA	NA	NA	NA	NA	NA	NA
NA	NA	NA	NA	NA	NA	NA	NA	NA	NA	NA	NA	NA	NA	NA	NA
NA	NA	NA	NA	NA	NA	NA	NA	NA	NA	NA	NA	NA	NA	NA	NA
NA	NA	NA	NA	NA	NA	NA	NA	NA	NA	NA	NA	NA	NA	NA	NA
NA	NA	NA	NA	NA	NA	NA	NA	NA	NA	NA	NA	NA	NA	NA	NA
NA	NA	NA	NA	NA	NA	NA	NA	NA	NA	NA	NA	NA	NA	NA	NA
NA	NA	NA	NA	NA	NA	NA	NA	NA	NA	NA	NA	NA	NA	NA	NA
NA	NA	NA	NA	NA	NA	NA	NA	NA	NA	NA	NA	NA	NA	NA	NA
NA	NA	NA	NA	NA	NA	NA	NA	NA	NA	NA	NA	NA	NA	NA	NA
NA	NA	NA	NA	NA	NA	NA	NA	NA	NA	NA	NA	NA	NA	NA	NA
NA	NA	NA	NA	NA	NA	NA	NA	NA	NA	NA	NA	NA	NA	NA	NA
NA	NA	NA	NA	NA	NA	NA	NA	NA	NA	NA	NA	NA	NA	NA	NA
NA	NA	NA	NA	NA	NA	NA	NA	NA	NA	NA	NA	NA	NA	NA	NA
NA	NA	NA	NA	NA	NA	NA	NA	NA	NA	NA	NA	NA	NA	NA	NA
NA	NA	NA	NA	NA	NA	NA	NA	NA	NA	NA	NA	NA	NA	NA	NA
NA	NA	NA	NA	NA	NA	NA	NA	NA	NA	NA	NA	NA	NA	NA	NA
NA	NA	NA	NA	NA	NA	NA	NA	NA	NA	NA	NA	NA	NA	NA	NA
NA	NA	NA	NA	NA	NA	NA	NA	NA	NA	NA	NA	NA	NA	NA	NA
NA	NA	NA	NA	NA	NA	NA	NA	NA	NA	NA	NA	NA	NA	NA	NA
NA	NA	NA	NA	NA	NA	NA	NA	NA	NA	NA	NA	NA	NA	NA	NA
NA	NA	NA	NA	NA	NA	NA	NA	NA	NA	NA	NA	NA	NA	NA	NA
NA	NA	NA	NA	NA	NA	NA	NA	NA	NA	NA	NA	NA	NA	NA	NA
NA	NA	NA	NA	NA	NA	NA	NA	NA	NA	NA	NA	NA	NA	NA	NA
NA	NA	NA	NA	NA	NA	NA	NA	NA	NA	NA	NA	NA	NA	NA	NA
NA	NA	NA	NA	NA	NA	NA	NA	NA	NA	NA	NA	NA	NA	NA	NA
NA	NA	NA	NA	NA	NA	NA	NA	NA	NA	NA	NA	NA	NA	NA	NA
NA	NA	NA	NA	NA	NA	NA	NA	NA	NA	NA	NA	NA	NA	NA	NA
NA	NA	NA	NA	NA	NA	NA	NA	NA	NA	NA	NA	NA	NA	NA	NA
NA	NA	NA	NA	NA	NA	NA	NA	NA	NA	NA	NA	NA	NA	NA	NA
NA	NA	NA	NA	NA	NA	NA	NA	NA	NA	NA	NA	NA	NA	NA	NA
NA	NA	NA	NA	NA	NA	NA	NA	NA	NA	NA	NA	NA	NA	NA	NA
NA	NA	NA	NA	NA	NA	NA	NA	NA	NA	NA	NA	NA	NA	NA	NA
NA	NA	NA	NA	NA	NA	NA	NA	NA	NA	NA	NA	NA	NA	NA	NA
NA	NA	NA	NA	NA	NA	NA	NA	NA	NA	NA	NA	NA	NA	NA	NA
NA	NA	NA	NA	NA	NA	NA	NA	NA	NA	NA	NA	NA	NA	NA	NA
NA	NA	NA	NA	NA	NA	NA	NA	NA	NA	NA	NA	NA	NA	NA	NA
NA	NA	NA	NA	NA	NA	NA	NA	NA	NA	NA	NA	NA	NA	NA	NA
NA	NA	NA	NA	NA	NA	NA	NA	NA	NA	NA	NA	NA	NA	NA	NA
NA	NA	NA	NA	NA	NA	NA	NA	NA	NA	NA	NA	NA	NA	NA	NA
NA	NA	NA	NA	NA	NA	NA	NA	NA	NA	NA	NA	NA	NA	NA	NA
NA	NA	NA	NA	NA	NA	NA	NA	NA	NA	NA	NA	NA	NA	NA	NA
NA	NA	NA	NA	NA	NA	NA	NA	NA	NA	NA	NA	NA	NA	NA	NA
NA	NA	NA	NA	NA	NA	NA	NA	NA	NA	NA	NA	NA	NA	NA	NA
NA	NA	NA	NA	NA	NA	NA	NA	NA	NA	NA	NA	NA	NA	NA	NA
NA	NA	NA	NA	NA	NA	NA	NA	NA	NA	NA	NA	NA	NA	NA	NA
NA	NA	NA	NA	NA	NA	NA	NA	NA	NA	NA	NA	NA	NA	NA	NA
NA	NA	NA	NA	NA	NA	NA	NA	NA	NA	NA	NA	NA	NA	NA	NA
NA	NA	NA	NA	NA	NA	NA	NA	NA	NA	NA	NA	NA	NA	NA	NA
NA	NA	NA	NA	NA	NA	NA	NA	NA	NA	NA	NA	NA	NA	NA	NA
NA	NA	NA	NA	NA	NA	NA	NA	NA	NA	NA	NA	NA	NA	NA	NA
NA	NA	NA	NA	NA	NA	NA	NA	NA	NA	NA	NA	NA	NA	NA	NA
NA	NA	NA	NA	NA	NA	NA	NA	NA	NA	NA	NA	NA	NA	NA	NA
NA	NA	NA	NA	NA	NA	NA	NA	NA	NA	NA	NA	NA	NA	NA	NA
NA	NA	NA	NA	NA	NA	NA	NA	NA	NA	NA	NA	NA	NA	NA	NA
NA	NA	NA	NA	NA	NA	NA	NA	NA	NA	NA	NA	NA	NA	NA	NA
NA	NA	NA	NA	NA	NA	NA	NA	NA	NA	NA	NA	NA	NA	NA	NA
NA	NA	NA	NA	NA	NA	NA	NA	NA	NA	NA	NA	NA	NA	NA	NA
NA	NA	NA	NA	NA	NA	NA	NA	NA	NA	NA	NA	NA	NA	NA	NA
NA	NA	NA	NA	NA	NA	NA	NA	NA	NA	NA	NA	NA	NA	NA	NA
NA	NA	NA	NA	NA	NA	NA	NA	NA	NA	NA	NA	NA	NA	NA	NA
NA	NA	NA	NA	NA	NA	NA	NA	NA	NA	NA	NA	NA	NA	NA	NA
NA	NA	NA	NA	NA	NA	NA	NA	NA	NA	NA	NA	NA	NA	NA	NA
NA	NA	NA	NA	NA	NA	NA	NA	NA	NA	NA	NA	NA	NA	NA	NA
NA	NA	NA	NA	NA	NA	NA	NA	NA	NA	NA	NA	NA	NA	NA	NA
NA	NA	NA	NA	NA	NA	NA	NA	NA	NA	NA	NA	NA	NA	NA	NA
NA	NA	NA	NA	NA	NA	NA	NA	NA	NA	NA	NA	NA	NA	NA	NA
NA	NA	NA	NA	NA	NA	NA	NA	NA	NA	NA	NA	NA	NA	NA	NA
NA	NA	NA	NA	NA	NA	NA	NA	NA	NA	NA	NA	NA	NA	NA	NA
NA	NA	NA	NA	NA	NA	NA	NA	NA	NA	NA	NA	NA	NA	NA	NA
NA	NA	NA	NA	NA	NA	NA	NA	NA	NA	NA	NA	NA	NA	NA	NA
NA	NA	NA	NA	NA	NA	NA	NA	NA	NA	NA	NA	NA	NA	NA	NA
NA	NA	NA	NA	NA	NA	NA	NA	NA	NA	NA	NA	NA	NA	NA	NA
