X1	X2	X3	X4	X1.1	X2.1	X3.1	X4.1	X1.2	X2.2	X3.2	X4.2	X1.3	X2.3	X3.3	X4.3
NA	NA	NA	NA	NA	NA	NA	NA	NA	NA	NA	NA	NA	NA	NA	NA
NA	NA	NA	NA	NA	NA	NA	NA	NA	NA	NA	NA	NA	NA	NA	NA
NA	NA	NA	NA	NA	NA	NA	NA	NA	NA	NA	NA	NA	NA	NA	NA
NA	NA	NA	NA	NA	NA	NA	NA	NA	NA	NA	NA	NA	NA	NA	NA
NA	NA	NA	NA	NA	NA	NA	NA	NA	NA	NA	NA	NA	NA	NA	NA
NA	NA	NA	NA	NA	NA	NA	NA	NA	NA	NA	NA	NA	NA	NA	NA
NA	NA	NA	NA	NA	NA	NA	NA	NA	NA	NA	NA	NA	NA	NA	NA
NA	NA	NA	NA	NA	NA	NA	NA	NA	NA	NA	NA	NA	NA	NA	NA
NA	NA	NA	NA	NA	NA	NA	NA	NA	NA	NA	NA	NA	NA	NA	NA
NA	NA	NA	NA	NA	NA	NA	NA	NA	NA	NA	NA	NA	NA	NA	NA
NA	NA	NA	NA	NA	NA	NA	NA	NA	NA	NA	NA	NA	NA	NA	NA
NA	NA	NA	NA	NA	NA	NA	NA	NA	NA	NA	NA	NA	NA	NA	NA
NA	NA	NA	NA	NA	NA	NA	NA	NA	NA	NA	NA	NA	NA	NA	NA
NA	NA	NA	NA	NA	NA	NA	NA	NA	NA	NA	NA	NA	NA	NA	NA
NA	NA	NA	NA	NA	NA	NA	NA	NA	NA	NA	NA	NA	NA	NA	NA
NA	NA	NA	NA	NA	NA	NA	NA	NA	NA	NA	NA	NA	NA	NA	NA
NA	NA	NA	NA	NA	NA	NA	NA	NA	NA	NA	NA	NA	NA	NA	NA
NA	NA	NA	NA	NA	NA	NA	NA	NA	NA	NA	NA	NA	NA	NA	NA
NA	NA	NA	NA	NA	NA	NA	NA	NA	NA	NA	NA	NA	NA	NA	NA
NA	NA	NA	NA	NA	NA	NA	NA	NA	NA	NA	NA	NA	NA	NA	NA
NA	NA	NA	NA	NA	NA	NA	NA	NA	NA	NA	NA	NA	NA	NA	NA
NA	NA	NA	NA	NA	NA	NA	NA	NA	NA	NA	NA	NA	NA	NA	NA
NA	NA	NA	NA	NA	NA	NA	NA	NA	NA	NA	NA	NA	NA	NA	NA
NA	NA	NA	NA	NA	NA	NA	NA	NA	NA	NA	NA	NA	NA	NA	NA
NA	NA	NA	NA	NA	NA	NA	NA	NA	NA	NA	NA	NA	NA	NA	NA
NA	NA	NA	NA	NA	NA	NA	NA	NA	NA	NA	NA	NA	NA	NA	NA
NA	NA	NA	NA	NA	NA	NA	NA	NA	NA	NA	NA	NA	NA	NA	NA
NA	NA	NA	NA	NA	NA	NA	NA	NA	NA	NA	NA	NA	NA	NA	NA
NA	NA	NA	NA	NA	NA	NA	NA	NA	NA	NA	NA	NA	NA	NA	NA
NA	NA	NA	NA	NA	NA	NA	NA	NA	NA	NA	NA	NA	NA	NA	NA
NA	NA	NA	NA	NA	NA	NA	NA	NA	NA	NA	NA	NA	NA	NA	NA
NA	NA	NA	NA	NA	NA	NA	NA	NA	NA	NA	NA	NA	NA	NA	NA
NA	NA	NA	NA	NA	NA	NA	NA	NA	NA	NA	NA	NA	NA	NA	NA
NA	NA	NA	NA	NA	NA	NA	NA	NA	NA	NA	NA	NA	NA	NA	NA
NA	NA	NA	NA	NA	NA	NA	NA	NA	NA	NA	NA	NA	NA	NA	NA
NA	NA	NA	NA	NA	NA	NA	NA	NA	NA	NA	NA	NA	NA	NA	NA
NA	NA	NA	NA	NA	NA	NA	NA	NA	NA	NA	NA	NA	NA	NA	NA
NA	NA	NA	NA	NA	NA	NA	NA	NA	NA	NA	NA	NA	NA	NA	NA
NA	NA	NA	NA	NA	NA	NA	NA	NA	NA	NA	NA	NA	NA	NA	NA
NA	NA	NA	NA	NA	NA	NA	NA	NA	NA	NA	NA	NA	NA	NA	NA
NA	NA	NA	NA	NA	NA	NA	NA	NA	NA	NA	NA	NA	NA	NA	NA
NA	NA	NA	NA	NA	NA	NA	NA	NA	NA	NA	NA	NA	NA	NA	NA
NA	NA	NA	NA	NA	NA	NA	NA	NA	NA	NA	NA	NA	NA	NA	NA
NA	NA	NA	NA	NA	NA	NA	NA	NA	NA	NA	NA	NA	NA	NA	NA
NA	NA	NA	NA	NA	NA	NA	NA	NA	NA	NA	NA	NA	NA	NA	NA
NA	NA	NA	NA	NA	NA	NA	NA	NA	NA	NA	NA	NA	NA	NA	NA
NA	NA	NA	NA	NA	NA	NA	NA	NA	NA	NA	NA	NA	NA	NA	NA
NA	NA	NA	NA	NA	NA	NA	NA	NA	NA	NA	NA	NA	NA	NA	NA
NA	NA	NA	NA	NA	NA	NA	NA	NA	NA	NA	NA	NA	NA	NA	NA
NA	NA	NA	NA	NA	NA	NA	NA	NA	NA	NA	NA	NA	NA	NA	NA
NA	NA	NA	NA	NA	NA	NA	NA	NA	NA	NA	NA	NA	NA	NA	NA
NA	NA	NA	NA	NA	NA	NA	NA	NA	NA	NA	NA	NA	NA	NA	NA
NA	NA	NA	NA	NA	NA	NA	NA	NA	NA	NA	NA	NA	NA	NA	NA
NA	NA	NA	NA	NA	NA	NA	NA	NA	NA	NA	NA	NA	NA	NA	NA
NA	NA	NA	NA	NA	NA	NA	NA	NA	NA	NA	NA	NA	NA	NA	NA
NA	NA	NA	NA	NA	NA	NA	NA	NA	NA	NA	NA	NA	NA	NA	NA
NA	NA	NA	NA	NA	NA	NA	NA	NA	NA	NA	NA	NA	NA	NA	NA
NA	NA	NA	NA	NA	NA	NA	NA	NA	NA	NA	NA	NA	NA	NA	NA
NA	NA	NA	NA	NA	NA	NA	NA	NA	NA	NA	NA	NA	NA	NA	NA
NA	NA	NA	NA	NA	NA	NA	NA	NA	NA	NA	NA	NA	NA	NA	NA
NA	NA	NA	NA	NA	NA	NA	NA	NA	NA	NA	NA	NA	NA	NA	NA
NA	NA	NA	NA	NA	NA	NA	NA	NA	NA	NA	NA	NA	NA	NA	NA
NA	NA	NA	NA	NA	NA	NA	NA	NA	NA	NA	NA	NA	NA	NA	NA
NA	NA	NA	NA	NA	NA	NA	NA	NA	NA	NA	NA	NA	NA	NA	NA
NA	NA	NA	NA	NA	NA	NA	NA	NA	NA	NA	NA	NA	NA	NA	NA
NA	NA	NA	NA	NA	NA	NA	NA	NA	NA	NA	NA	NA	NA	NA	NA
NA	NA	NA	NA	NA	NA	NA	NA	NA	NA	NA	NA	NA	NA	NA	NA
NA	NA	NA	NA	NA	NA	NA	NA	NA	NA	NA	NA	NA	NA	NA	NA
NA	NA	NA	NA	NA	NA	NA	NA	NA	NA	NA	NA	NA	NA	NA	NA
NA	NA	NA	NA	NA	NA	NA	NA	NA	NA	NA	NA	NA	NA	NA	NA
NA	NA	NA	NA	NA	NA	NA	NA	NA	NA	NA	NA	NA	NA	NA	NA
NA	NA	NA	NA	NA	NA	NA	NA	NA	NA	NA	NA	NA	NA	NA	NA
NA	NA	NA	NA	NA	NA	NA	NA	NA	NA	NA	NA	NA	NA	NA	NA
NA	NA	NA	NA	NA	NA	NA	NA	NA	NA	NA	NA	NA	NA	NA	NA
NA	NA	NA	NA	NA	NA	NA	NA	NA	NA	NA	NA	NA	NA	NA	NA
NA	NA	NA	NA	NA	NA	NA	NA	NA	NA	NA	NA	NA	NA	NA	NA
NA	NA	NA	NA	NA	NA	NA	NA	NA	NA	NA	NA	NA	NA	NA	NA
NA	NA	NA	NA	NA	NA	NA	NA	NA	NA	NA	NA	NA	NA	NA	NA
NA	NA	NA	NA	NA	NA	NA	NA	NA	NA	NA	NA	NA	NA	NA	NA
NA	NA	NA	NA	NA	NA	NA	NA	NA	NA	NA	NA	NA	NA	NA	NA
NA	NA	NA	NA	NA	NA	NA	NA	NA	NA	NA	NA	NA	NA	NA	NA
NA	NA	NA	NA	NA	NA	NA	NA	NA	NA	NA	NA	NA	NA	NA	NA
NA	NA	NA	NA	NA	NA	NA	NA	NA	NA	NA	NA	NA	NA	NA	NA
NA	NA	NA	NA	NA	NA	NA	NA	NA	NA	NA	NA	NA	NA	NA	NA
NA	NA	NA	NA	NA	NA	NA	NA	NA	NA	NA	NA	NA	NA	NA	NA
NA	NA	NA	NA	NA	NA	NA	NA	NA	NA	NA	NA	NA	NA	NA	NA
NA	NA	NA	NA	NA	NA	NA	NA	NA	NA	NA	NA	NA	NA	NA	NA
NA	NA	NA	NA	NA	NA	NA	NA	NA	NA	NA	NA	NA	NA	NA	NA
NA	NA	NA	NA	NA	NA	NA	NA	NA	NA	NA	NA	NA	NA	NA	NA
NA	NA	NA	NA	NA	NA	NA	NA	NA	NA	NA	NA	NA	NA	NA	NA
NA	NA	NA	NA	NA	NA	NA	NA	NA	NA	NA	NA	NA	NA	NA	NA
NA	NA	NA	NA	NA	NA	NA	NA	NA	NA	NA	NA	NA	NA	NA	NA
NA	NA	NA	NA	NA	NA	NA	NA	NA	NA	NA	NA	NA	NA	NA	NA
NA	NA	NA	NA	NA	NA	NA	NA	NA	NA	NA	NA	NA	NA	NA	NA
NA	NA	NA	NA	NA	NA	NA	NA	NA	NA	NA	NA	NA	NA	NA	NA
NA	NA	NA	NA	NA	NA	NA	NA	NA	NA	NA	NA	NA	NA	NA	NA
NA	NA	NA	NA	NA	NA	NA	NA	NA	NA	NA	NA	NA	NA	NA	NA
NA	NA	NA	NA	NA	NA	NA	NA	NA	NA	NA	NA	NA	NA	NA	NA
NA	NA	NA	NA	NA	NA	NA	NA	NA	NA	NA	NA	NA	NA	NA	NA
NA	NA	NA	NA	NA	NA	NA	NA	NA	NA	NA	NA	NA	NA	NA	NA
NA	NA	NA	NA	NA	NA	NA	NA	NA	NA	NA	NA	NA	NA	NA	NA
NA	NA	NA	NA	NA	NA	NA	NA	NA	NA	NA	NA	NA	NA	NA	NA
NA	NA	NA	NA	NA	NA	NA	NA	NA	NA	NA	NA	NA	NA	NA	NA
NA	NA	NA	NA	NA	NA	NA	NA	NA	NA	NA	NA	NA	NA	NA	NA
NA	NA	NA	NA	NA	NA	NA	NA	NA	NA	NA	NA	NA	NA	NA	NA
NA	NA	NA	NA	NA	NA	NA	NA	NA	NA	NA	NA	NA	NA	NA	NA
NA	NA	NA	NA	NA	NA	NA	NA	NA	NA	NA	NA	NA	NA	NA	NA
NA	NA	NA	NA	NA	NA	NA	NA	NA	NA	NA	NA	NA	NA	NA	NA
NA	NA	NA	NA	NA	NA	NA	NA	NA	NA	NA	NA	NA	NA	NA	NA
NA	NA	NA	NA	NA	NA	NA	NA	NA	NA	NA	NA	NA	NA	NA	NA
NA	NA	NA	NA	NA	NA	NA	NA	NA	NA	NA	NA	NA	NA	NA	NA
NA	NA	NA	NA	NA	NA	NA	NA	NA	NA	NA	NA	NA	NA	NA	NA
NA	NA	NA	NA	NA	NA	NA	NA	NA	NA	NA	NA	NA	NA	NA	NA
NA	NA	NA	NA	NA	NA	NA	NA	NA	NA	NA	NA	NA	NA	NA	NA
NA	NA	NA	NA	NA	NA	NA	NA	NA	NA	NA	NA	NA	NA	NA	NA
NA	NA	NA	NA	NA	NA	NA	NA	NA	NA	NA	NA	NA	NA	NA	NA
NA	NA	NA	NA	NA	NA	NA	NA	NA	NA	NA	NA	NA	NA	NA	NA
NA	NA	NA	NA	NA	NA	NA	NA	NA	NA	NA	NA	NA	NA	NA	NA
NA	NA	NA	NA	NA	NA	NA	NA	NA	NA	NA	NA	NA	NA	NA	NA
NA	NA	NA	NA	NA	NA	NA	NA	NA	NA	NA	NA	NA	NA	NA	NA
NA	NA	NA	NA	NA	NA	NA	NA	NA	NA	NA	NA	NA	NA	NA	NA
NA	NA	NA	NA	NA	NA	NA	NA	NA	NA	NA	NA	NA	NA	NA	NA
NA	NA	NA	NA	NA	NA	NA	NA	NA	NA	NA	NA	NA	NA	NA	NA
NA	NA	NA	NA	NA	NA	NA	NA	NA	NA	NA	NA	NA	NA	NA	NA
NA	NA	NA	NA	NA	NA	NA	NA	NA	NA	NA	NA	NA	NA	NA	NA
NA	NA	NA	NA	NA	NA	NA	NA	NA	NA	NA	NA	NA	NA	NA	NA
NA	NA	NA	NA	NA	NA	NA	NA	NA	NA	NA	NA	NA	NA	NA	NA
NA	NA	NA	NA	NA	NA	NA	NA	NA	NA	NA	NA	NA	NA	NA	NA
NA	NA	NA	NA	NA	NA	NA	NA	NA	NA	NA	NA	NA	NA	NA	NA
NA	NA	NA	NA	NA	NA	NA	NA	NA	NA	NA	NA	NA	NA	NA	NA
NA	NA	NA	NA	NA	NA	NA	NA	NA	NA	NA	NA	NA	NA	NA	NA
NA	NA	NA	NA	NA	NA	NA	NA	NA	NA	NA	NA	NA	NA	NA	NA
NA	NA	NA	NA	NA	NA	NA	NA	NA	NA	NA	NA	NA	NA	NA	NA
NA	NA	NA	NA	NA	NA	NA	NA	NA	NA	NA	NA	NA	NA	NA	NA
NA	NA	NA	NA	NA	NA	NA	NA	NA	NA	NA	NA	NA	NA	NA	NA
NA	NA	NA	NA	NA	NA	NA	NA	NA	NA	NA	NA	NA	NA	NA	NA
NA	NA	NA	NA	NA	NA	NA	NA	NA	NA	NA	NA	NA	NA	NA	NA
NA	NA	NA	NA	NA	NA	NA	NA	NA	NA	NA	NA	NA	NA	NA	NA
NA	NA	NA	NA	NA	NA	NA	NA	NA	NA	NA	NA	NA	NA	NA	NA
NA	NA	NA	NA	NA	NA	NA	NA	NA	NA	NA	NA	NA	NA	NA	NA
NA	NA	NA	NA	NA	NA	NA	NA	NA	NA	NA	NA	NA	NA	NA	NA
NA	NA	NA	NA	NA	NA	NA	NA	NA	NA	NA	NA	NA	NA	NA	NA
NA	NA	NA	NA	NA	NA	NA	NA	NA	NA	NA	NA	NA	NA	NA	NA
NA	NA	NA	NA	NA	NA	NA	NA	NA	NA	NA	NA	NA	NA	NA	NA
NA	NA	NA	NA	NA	NA	NA	NA	NA	NA	NA	NA	NA	NA	NA	NA
NA	NA	NA	NA	NA	NA	NA	NA	NA	NA	NA	NA	NA	NA	NA	NA
NA	NA	NA	NA	NA	NA	NA	NA	NA	NA	NA	NA	NA	NA	NA	NA
NA	NA	NA	NA	NA	NA	NA	NA	NA	NA	NA	NA	NA	NA	NA	NA
NA	NA	NA	NA	NA	NA	NA	NA	NA	NA	NA	NA	NA	NA	NA	NA
NA	NA	NA	NA	NA	NA	NA	NA	NA	NA	NA	NA	NA	NA	NA	NA
NA	NA	NA	NA	NA	NA	NA	NA	NA	NA	NA	NA	NA	NA	NA	NA
NA	NA	NA	NA	NA	NA	NA	NA	NA	NA	NA	NA	NA	NA	NA	NA
NA	NA	NA	NA	NA	NA	NA	NA	NA	NA	NA	NA	NA	NA	NA	NA
NA	NA	NA	NA	NA	NA	NA	NA	NA	NA	NA	NA	NA	NA	NA	NA
NA	NA	NA	NA	NA	NA	NA	NA	NA	NA	NA	NA	NA	NA	NA	NA
NA	NA	NA	NA	NA	NA	NA	NA	NA	NA	NA	NA	NA	NA	NA	NA
NA	NA	NA	NA	NA	NA	NA	NA	NA	NA	NA	NA	NA	NA	NA	NA
NA	NA	NA	NA	NA	NA	NA	NA	NA	NA	NA	NA	NA	NA	NA	NA
NA	NA	NA	NA	NA	NA	NA	NA	NA	NA	NA	NA	NA	NA	NA	NA
NA	NA	NA	NA	NA	NA	NA	NA	NA	NA	NA	NA	NA	NA	NA	NA
NA	NA	NA	NA	NA	NA	NA	NA	NA	NA	NA	NA	NA	NA	NA	NA
NA	NA	NA	NA	NA	NA	NA	NA	NA	NA	NA	NA	NA	NA	NA	NA
NA	NA	NA	NA	NA	NA	NA	NA	NA	NA	NA	NA	NA	NA	NA	NA
NA	NA	NA	NA	NA	NA	NA	NA	NA	NA	NA	NA	NA	NA	NA	NA
NA	NA	NA	NA	NA	NA	NA	NA	NA	NA	NA	NA	NA	NA	NA	NA
NA	NA	NA	NA	NA	NA	NA	NA	NA	NA	NA	NA	NA	NA	NA	NA
NA	NA	NA	NA	NA	NA	NA	NA	NA	NA	NA	NA	NA	NA	NA	NA
NA	NA	NA	NA	NA	NA	NA	NA	NA	NA	NA	NA	NA	NA	NA	NA
NA	NA	NA	NA	NA	NA	NA	NA	NA	NA	NA	NA	NA	NA	NA	NA
NA	NA	NA	NA	NA	NA	NA	NA	NA	NA	NA	NA	NA	NA	NA	NA
NA	NA	NA	NA	NA	NA	NA	NA	NA	NA	NA	NA	NA	NA	NA	NA
NA	NA	NA	NA	NA	NA	NA	NA	NA	NA	NA	NA	NA	NA	NA	NA
NA	NA	NA	NA	NA	NA	NA	NA	NA	NA	NA	NA	NA	NA	NA	NA
NA	NA	NA	NA	NA	NA	NA	NA	NA	NA	NA	NA	NA	NA	NA	NA
NA	NA	NA	NA	NA	NA	NA	NA	NA	NA	NA	NA	NA	NA	NA	NA
NA	NA	NA	NA	NA	NA	NA	NA	NA	NA	NA	NA	NA	NA	NA	NA
NA	NA	NA	NA	NA	NA	NA	NA	NA	NA	NA	NA	NA	NA	NA	NA
NA	NA	NA	NA	NA	NA	NA	NA	NA	NA	NA	NA	NA	NA	NA	NA
NA	NA	NA	NA	NA	NA	NA	NA	NA	NA	NA	NA	NA	NA	NA	NA
NA	NA	NA	NA	NA	NA	NA	NA	NA	NA	NA	NA	NA	NA	NA	NA
NA	NA	NA	NA	NA	NA	NA	NA	NA	NA	NA	NA	NA	NA	NA	NA
NA	NA	NA	NA	NA	NA	NA	NA	NA	NA	NA	NA	NA	NA	NA	NA
NA	NA	NA	NA	NA	NA	NA	NA	NA	NA	NA	NA	NA	NA	NA	NA
NA	NA	NA	NA	NA	NA	NA	NA	NA	NA	NA	NA	NA	NA	NA	NA
NA	NA	NA	NA	NA	NA	NA	NA	NA	NA	NA	NA	NA	NA	NA	NA
NA	NA	NA	NA	NA	NA	NA	NA	NA	NA	NA	NA	NA	NA	NA	NA
NA	NA	NA	NA	NA	NA	NA	NA	NA	NA	NA	NA	NA	NA	NA	NA
NA	NA	NA	NA	NA	NA	NA	NA	NA	NA	NA	NA	NA	NA	NA	NA
NA	NA	NA	NA	NA	NA	NA	NA	NA	NA	NA	NA	NA	NA	NA	NA
NA	NA	NA	NA	NA	NA	NA	NA	NA	NA	NA	NA	NA	NA	NA	NA
NA	NA	NA	NA	NA	NA	NA	NA	NA	NA	NA	NA	NA	NA	NA	NA
NA	NA	NA	NA	NA	NA	NA	NA	NA	NA	NA	NA	NA	NA	NA	NA
NA	NA	NA	NA	NA	NA	NA	NA	NA	NA	NA	NA	NA	NA	NA	NA
NA	NA	NA	NA	NA	NA	NA	NA	NA	NA	NA	NA	NA	NA	NA	NA
NA	NA	NA	NA	NA	NA	NA	NA	NA	NA	NA	NA	NA	NA	NA	NA
NA	NA	NA	NA	NA	NA	NA	NA	NA	NA	NA	NA	NA	NA	NA	NA
NA	NA	NA	NA	NA	NA	NA	NA	NA	NA	NA	NA	NA	NA	NA	NA
NA	NA	NA	NA	NA	NA	NA	NA	NA	NA	NA	NA	NA	NA	NA	NA
NA	NA	NA	NA	NA	NA	NA	NA	NA	NA	NA	NA	NA	NA	NA	NA
NA	NA	NA	NA	NA	NA	NA	NA	NA	NA	NA	NA	NA	NA	NA	NA
NA	NA	NA	NA	NA	NA	NA	NA	NA	NA	NA	NA	NA	NA	NA	NA
NA	NA	NA	NA	NA	NA	NA	NA	NA	NA	NA	NA	NA	NA	NA	NA
NA	NA	NA	NA	NA	NA	NA	NA	NA	NA	NA	NA	NA	NA	NA	NA
NA	NA	NA	NA	NA	NA	NA	NA	NA	NA	NA	NA	NA	NA	NA	NA
NA	NA	NA	NA	NA	NA	NA	NA	NA	NA	NA	NA	NA	NA	NA	NA
NA	NA	NA	NA	NA	NA	NA	NA	NA	NA	NA	NA	NA	NA	NA	NA
NA	NA	NA	NA	NA	NA	NA	NA	NA	NA	NA	NA	NA	NA	NA	NA
NA	NA	NA	NA	NA	NA	NA	NA	NA	NA	NA	NA	NA	NA	NA	NA
NA	NA	NA	NA	NA	NA	NA	NA	NA	NA	NA	NA	NA	NA	NA	NA
NA	NA	NA	NA	NA	NA	NA	NA	NA	NA	NA	NA	NA	NA	NA	NA
NA	NA	NA	NA	NA	NA	NA	NA	NA	NA	NA	NA	NA	NA	NA	NA
NA	NA	NA	NA	NA	NA	NA	NA	NA	NA	NA	NA	NA	NA	NA	NA
NA	NA	NA	NA	NA	NA	NA	NA	NA	NA	NA	NA	NA	NA	NA	NA
NA	NA	NA	NA	NA	NA	NA	NA	NA	NA	NA	NA	NA	NA	NA	NA
NA	NA	NA	NA	NA	NA	NA	NA	NA	NA	NA	NA	NA	NA	NA	NA
NA	NA	NA	NA	NA	NA	NA	NA	NA	NA	NA	NA	NA	NA	NA	NA
NA	NA	NA	NA	NA	NA	NA	NA	NA	NA	NA	NA	NA	NA	NA	NA
NA	NA	NA	NA	NA	NA	NA	NA	NA	NA	NA	NA	NA	NA	NA	NA
NA	NA	NA	NA	NA	NA	NA	NA	NA	NA	NA	NA	NA	NA	NA	NA
NA	NA	NA	NA	NA	NA	NA	NA	NA	NA	NA	NA	NA	NA	NA	NA
NA	NA	NA	NA	NA	NA	NA	NA	NA	NA	NA	NA	NA	NA	NA	NA
NA	NA	NA	NA	NA	NA	NA	NA	NA	NA	NA	NA	NA	NA	NA	NA
NA	NA	NA	NA	NA	NA	NA	NA	NA	NA	NA	NA	NA	NA	NA	NA
NA	NA	NA	NA	NA	NA	NA	NA	NA	NA	NA	NA	NA	NA	NA	NA
NA	NA	NA	NA	NA	NA	NA	NA	NA	NA	NA	NA	NA	NA	NA	NA
NA	NA	NA	NA	NA	NA	NA	NA	NA	NA	NA	NA	NA	NA	NA	NA
NA	NA	NA	NA	NA	NA	NA	NA	NA	NA	NA	NA	NA	NA	NA	NA
NA	NA	NA	NA	NA	NA	NA	NA	NA	NA	NA	NA	NA	NA	NA	NA
NA	NA	NA	NA	NA	NA	NA	NA	NA	NA	NA	NA	NA	NA	NA	NA
NA	NA	NA	NA	NA	NA	NA	NA	NA	NA	NA	NA	NA	NA	NA	NA
NA	NA	NA	NA	NA	NA	NA	NA	NA	NA	NA	NA	NA	NA	NA	NA
NA	NA	NA	NA	NA	NA	NA	NA	NA	NA	NA	NA	NA	NA	NA	NA
NA	NA	NA	NA	NA	NA	NA	NA	NA	NA	NA	NA	NA	NA	NA	NA
NA	NA	NA	NA	NA	NA	NA	NA	NA	NA	NA	NA	NA	NA	NA	NA
NA	NA	NA	NA	NA	NA	NA	NA	NA	NA	NA	NA	NA	NA	NA	NA
NA	NA	NA	NA	NA	NA	NA	NA	NA	NA	NA	NA	NA	NA	NA	NA
NA	NA	NA	NA	NA	NA	NA	NA	NA	NA	NA	NA	NA	NA	NA	NA
NA	NA	NA	NA	NA	NA	NA	NA	NA	NA	NA	NA	NA	NA	NA	NA
NA	NA	NA	NA	NA	NA	NA	NA	NA	NA	NA	NA	NA	NA	NA	NA
NA	NA	NA	NA	NA	NA	NA	NA	NA	NA	NA	NA	NA	NA	NA	NA
NA	NA	NA	NA	NA	NA	NA	NA	NA	NA	NA	NA	NA	NA	NA	NA
NA	NA	NA	NA	NA	NA	NA	NA	NA	NA	NA	NA	NA	NA	NA	NA
NA	NA	NA	NA	NA	NA	NA	NA	NA	NA	NA	NA	NA	NA	NA	NA
NA	NA	NA	NA	NA	NA	NA	NA	NA	NA	NA	NA	NA	NA	NA	NA
NA	NA	NA	NA	NA	NA	NA	NA	NA	NA	NA	NA	NA	NA	NA	NA
NA	NA	NA	NA	NA	NA	NA	NA	NA	NA	NA	NA	NA	NA	NA	NA
NA	NA	NA	NA	NA	NA	NA	NA	NA	NA	NA	NA	NA	NA	NA	NA
NA	NA	NA	NA	NA	NA	NA	NA	NA	NA	NA	NA	NA	NA	NA	NA
NA	NA	NA	NA	NA	NA	NA	NA	NA	NA	NA	NA	NA	NA	NA	NA
NA	NA	NA	NA	NA	NA	NA	NA	NA	NA	NA	NA	NA	NA	NA	NA
NA	NA	NA	NA	NA	NA	NA	NA	NA	NA	NA	NA	NA	NA	NA	NA
NA	NA	NA	NA	NA	NA	NA	NA	NA	NA	NA	NA	NA	NA	NA	NA
NA	NA	NA	NA	NA	NA	NA	NA	NA	NA	NA	NA	NA	NA	NA	NA
NA	NA	NA	NA	NA	NA	NA	NA	NA	NA	NA	NA	NA	NA	NA	NA
NA	NA	NA	NA	NA	NA	NA	NA	NA	NA	NA	NA	NA	NA	NA	NA
NA	NA	NA	NA	NA	NA	NA	NA	NA	NA	NA	NA	NA	NA	NA	NA
NA	NA	NA	NA	NA	NA	NA	NA	NA	NA	NA	NA	NA	NA	NA	NA
NA	NA	NA	NA	NA	NA	NA	NA	NA	NA	NA	NA	NA	NA	NA	NA
NA	NA	NA	NA	NA	NA	NA	NA	NA	NA	NA	NA	NA	NA	NA	NA
NA	NA	NA	NA	NA	NA	NA	NA	NA	NA	NA	NA	NA	NA	NA	NA
NA	NA	NA	NA	NA	NA	NA	NA	NA	NA	NA	NA	NA	NA	NA	NA
NA	NA	NA	NA	NA	NA	NA	NA	NA	NA	NA	NA	NA	NA	NA	NA
NA	NA	NA	NA	NA	NA	NA	NA	NA	NA	NA	NA	NA	NA	NA	NA
NA	NA	NA	NA	NA	NA	NA	NA	NA	NA	NA	NA	NA	NA	NA	NA
NA	NA	NA	NA	NA	NA	NA	NA	NA	NA	NA	NA	NA	NA	NA	NA
NA	NA	NA	NA	NA	NA	NA	NA	NA	NA	NA	NA	NA	NA	NA	NA
NA	NA	NA	NA	NA	NA	NA	NA	NA	NA	NA	NA	NA	NA	NA	NA
NA	NA	NA	NA	NA	NA	NA	NA	NA	NA	NA	NA	NA	NA	NA	NA
NA	NA	NA	NA	NA	NA	NA	NA	NA	NA	NA	NA	NA	NA	NA	NA
NA	NA	NA	NA	NA	NA	NA	NA	NA	NA	NA	NA	NA	NA	NA	NA
NA	NA	NA	NA	NA	NA	NA	NA	NA	NA	NA	NA	NA	NA	NA	NA
NA	NA	NA	NA	NA	NA	NA	NA	NA	NA	NA	NA	NA	NA	NA	NA
NA	NA	NA	NA	NA	NA	NA	NA	NA	NA	NA	NA	NA	NA	NA	NA
NA	NA	NA	NA	NA	NA	NA	NA	NA	NA	NA	NA	NA	NA	NA	NA
NA	NA	NA	NA	NA	NA	NA	NA	NA	NA	NA	NA	NA	NA	NA	NA
NA	NA	NA	NA	NA	NA	NA	NA	NA	NA	NA	NA	NA	NA	NA	NA
NA	NA	NA	NA	NA	NA	NA	NA	NA	NA	NA	NA	NA	NA	NA	NA
NA	NA	NA	NA	NA	NA	NA	NA	NA	NA	NA	NA	NA	NA	NA	NA
NA	NA	NA	NA	NA	NA	NA	NA	NA	NA	NA	NA	NA	NA	NA	NA
NA	NA	NA	NA	NA	NA	NA	NA	NA	NA	NA	NA	NA	NA	NA	NA
NA	NA	NA	NA	NA	NA	NA	NA	NA	NA	NA	NA	NA	NA	NA	NA
NA	NA	NA	NA	NA	NA	NA	NA	NA	NA	NA	NA	NA	NA	NA	NA
NA	NA	NA	NA	NA	NA	NA	NA	NA	NA	NA	NA	NA	NA	NA	NA
NA	NA	NA	NA	NA	NA	NA	NA	NA	NA	NA	NA	NA	NA	NA	NA
NA	NA	NA	NA	NA	NA	NA	NA	NA	NA	NA	NA	NA	NA	NA	NA
NA	NA	NA	NA	NA	NA	NA	NA	NA	NA	NA	NA	NA	NA	NA	NA
NA	NA	NA	NA	NA	NA	NA	NA	NA	NA	NA	NA	NA	NA	NA	NA
NA	NA	NA	NA	NA	NA	NA	NA	NA	NA	NA	NA	NA	NA	NA	NA
NA	NA	NA	NA	NA	NA	NA	NA	NA	NA	NA	NA	NA	NA	NA	NA
NA	NA	NA	NA	NA	NA	NA	NA	NA	NA	NA	NA	NA	NA	NA	NA
NA	NA	NA	NA	NA	NA	NA	NA	NA	NA	NA	NA	NA	NA	NA	NA
NA	NA	NA	NA	NA	NA	NA	NA	NA	NA	NA	NA	NA	NA	NA	NA
NA	NA	NA	NA	NA	NA	NA	NA	NA	NA	NA	NA	NA	NA	NA	NA
NA	NA	NA	NA	NA	NA	NA	NA	NA	NA	NA	NA	NA	NA	NA	NA
NA	NA	NA	NA	NA	NA	NA	NA	NA	NA	NA	NA	NA	NA	NA	NA
NA	NA	NA	NA	NA	NA	NA	NA	NA	NA	NA	NA	NA	NA	NA	NA
NA	NA	NA	NA	NA	NA	NA	NA	NA	NA	NA	NA	NA	NA	NA	NA
NA	NA	NA	NA	NA	NA	NA	NA	NA	NA	NA	NA	NA	NA	NA	NA
NA	NA	NA	NA	NA	NA	NA	NA	NA	NA	NA	NA	NA	NA	NA	NA
NA	NA	NA	NA	NA	NA	NA	NA	NA	NA	NA	NA	NA	NA	NA	NA
NA	NA	NA	NA	NA	NA	NA	NA	NA	NA	NA	NA	NA	NA	NA	NA
NA	NA	NA	NA	NA	NA	NA	NA	NA	NA	NA	NA	NA	NA	NA	NA
NA	NA	NA	NA	NA	NA	NA	NA	NA	NA	NA	NA	NA	NA	NA	NA
NA	NA	NA	NA	NA	NA	NA	NA	NA	NA	NA	NA	NA	NA	NA	NA
NA	NA	NA	NA	NA	NA	NA	NA	NA	NA	NA	NA	NA	NA	NA	NA
NA	NA	NA	NA	NA	NA	NA	NA	NA	NA	NA	NA	NA	NA	NA	NA
NA	NA	NA	NA	NA	NA	NA	NA	NA	NA	NA	NA	NA	NA	NA	NA
NA	NA	NA	NA	NA	NA	NA	NA	NA	NA	NA	NA	NA	NA	NA	NA
NA	NA	NA	NA	NA	NA	NA	NA	NA	NA	NA	NA	NA	NA	NA	NA
NA	NA	NA	NA	NA	NA	NA	NA	NA	NA	NA	NA	NA	NA	NA	NA
NA	NA	NA	NA	NA	NA	NA	NA	NA	NA	NA	NA	NA	NA	NA	NA
NA	NA	NA	NA	NA	NA	NA	NA	NA	NA	NA	NA	NA	NA	NA	NA
NA	NA	NA	NA	NA	NA	NA	NA	NA	NA	NA	NA	NA	NA	NA	NA
NA	NA	NA	NA	NA	NA	NA	NA	NA	NA	NA	NA	NA	NA	NA	NA
NA	NA	NA	NA	NA	NA	NA	NA	NA	NA	NA	NA	NA	NA	NA	NA
NA	NA	NA	NA	NA	NA	NA	NA	NA	NA	NA	NA	NA	NA	NA	NA
NA	NA	NA	NA	NA	NA	NA	NA	NA	NA	NA	NA	NA	NA	NA	NA
NA	NA	NA	NA	NA	NA	NA	NA	NA	NA	NA	NA	NA	NA	NA	NA
NA	NA	NA	NA	NA	NA	NA	NA	NA	NA	NA	NA	NA	NA	NA	NA
NA	NA	NA	NA	NA	NA	NA	NA	NA	NA	NA	NA	NA	NA	NA	NA
NA	NA	NA	NA	NA	NA	NA	NA	NA	NA	NA	NA	NA	NA	NA	NA
NA	NA	NA	NA	NA	NA	NA	NA	NA	NA	NA	NA	NA	NA	NA	NA
NA	NA	NA	NA	NA	NA	NA	NA	NA	NA	NA	NA	NA	NA	NA	NA
NA	NA	NA	NA	NA	NA	NA	NA	NA	NA	NA	NA	NA	NA	NA	NA
NA	NA	NA	NA	NA	NA	NA	NA	NA	NA	NA	NA	NA	NA	NA	NA
NA	NA	NA	NA	NA	NA	NA	NA	NA	NA	NA	NA	NA	NA	NA	NA
NA	NA	NA	NA	NA	NA	NA	NA	NA	NA	NA	NA	NA	NA	NA	NA
NA	NA	NA	NA	NA	NA	NA	NA	NA	NA	NA	NA	NA	NA	NA	NA
NA	NA	NA	NA	NA	NA	NA	NA	NA	NA	NA	NA	NA	NA	NA	NA
NA	NA	NA	NA	NA	NA	NA	NA	NA	NA	NA	NA	NA	NA	NA	NA
NA	NA	NA	NA	NA	NA	NA	NA	NA	NA	NA	NA	NA	NA	NA	NA
NA	NA	NA	NA	NA	NA	NA	NA	NA	NA	NA	NA	NA	NA	NA	NA
NA	NA	NA	NA	NA	NA	NA	NA	NA	NA	NA	NA	NA	NA	NA	NA
NA	NA	NA	NA	NA	NA	NA	NA	NA	NA	NA	NA	NA	NA	NA	NA
NA	NA	NA	NA	NA	NA	NA	NA	NA	NA	NA	NA	NA	NA	NA	NA
NA	NA	NA	NA	NA	NA	NA	NA	NA	NA	NA	NA	NA	NA	NA	NA
NA	NA	NA	NA	NA	NA	NA	NA	NA	NA	NA	NA	NA	NA	NA	NA
NA	NA	NA	NA	NA	NA	NA	NA	NA	NA	NA	NA	NA	NA	NA	NA
NA	NA	NA	NA	NA	NA	NA	NA	NA	NA	NA	NA	NA	NA	NA	NA
NA	NA	NA	NA	NA	NA	NA	NA	NA	NA	NA	NA	NA	NA	NA	NA
NA	NA	NA	NA	NA	NA	NA	NA	NA	NA	NA	NA	NA	NA	NA	NA
NA	NA	NA	NA	NA	NA	NA	NA	NA	NA	NA	NA	NA	NA	NA	NA
NA	NA	NA	NA	NA	NA	NA	NA	NA	NA	NA	NA	NA	NA	NA	NA
NA	NA	NA	NA	NA	NA	NA	NA	NA	NA	NA	NA	NA	NA	NA	NA
NA	NA	NA	NA	NA	NA	NA	NA	NA	NA	NA	NA	NA	NA	NA	NA
NA	NA	NA	NA	NA	NA	NA	NA	NA	NA	NA	NA	NA	NA	NA	NA
NA	NA	NA	NA	NA	NA	NA	NA	NA	NA	NA	NA	NA	NA	NA	NA
NA	NA	NA	NA	NA	NA	NA	NA	NA	NA	NA	NA	NA	NA	NA	NA
NA	NA	NA	NA	NA	NA	NA	NA	NA	NA	NA	NA	NA	NA	NA	NA
NA	NA	NA	NA	NA	NA	NA	NA	NA	NA	NA	NA	NA	NA	NA	NA
NA	NA	NA	NA	NA	NA	NA	NA	NA	NA	NA	NA	NA	NA	NA	NA
NA	NA	NA	NA	NA	NA	NA	NA	NA	NA	NA	NA	NA	NA	NA	NA
NA	NA	NA	NA	NA	NA	NA	NA	NA	NA	NA	NA	NA	NA	NA	NA
NA	NA	NA	NA	NA	NA	NA	NA	NA	NA	NA	NA	NA	NA	NA	NA
NA	NA	NA	NA	NA	NA	NA	NA	NA	NA	NA	NA	NA	NA	NA	NA
NA	NA	NA	NA	NA	NA	NA	NA	NA	NA	NA	NA	NA	NA	NA	NA
NA	NA	NA	NA	NA	NA	NA	NA	NA	NA	NA	NA	NA	NA	NA	NA
NA	NA	NA	NA	NA	NA	NA	NA	NA	NA	NA	NA	NA	NA	NA	NA
NA	NA	NA	NA	NA	NA	NA	NA	NA	NA	NA	NA	NA	NA	NA	NA
NA	NA	NA	NA	NA	NA	NA	NA	NA	NA	NA	NA	NA	NA	NA	NA
NA	NA	NA	NA	NA	NA	NA	NA	NA	NA	NA	NA	NA	NA	NA	NA
NA	NA	NA	NA	NA	NA	NA	NA	NA	NA	NA	NA	NA	NA	NA	NA
NA	NA	NA	NA	NA	NA	NA	NA	NA	NA	NA	NA	NA	NA	NA	NA
NA	NA	NA	NA	NA	NA	NA	NA	NA	NA	NA	NA	NA	NA	NA	NA
NA	NA	NA	NA	NA	NA	NA	NA	NA	NA	NA	NA	NA	NA	NA	NA
NA	NA	NA	NA	NA	NA	NA	NA	NA	NA	NA	NA	NA	NA	NA	NA
NA	NA	NA	NA	NA	NA	NA	NA	NA	NA	NA	NA	NA	NA	NA	NA
NA	NA	NA	NA	NA	NA	NA	NA	NA	NA	NA	NA	NA	NA	NA	NA
NA	NA	NA	NA	NA	NA	NA	NA	NA	NA	NA	NA	NA	NA	NA	NA
NA	NA	NA	NA	NA	NA	NA	NA	NA	NA	NA	NA	NA	NA	NA	NA
NA	NA	NA	NA	NA	NA	NA	NA	NA	NA	NA	NA	NA	NA	NA	NA
NA	NA	NA	NA	NA	NA	NA	NA	NA	NA	NA	NA	NA	NA	NA	NA
NA	NA	NA	NA	NA	NA	NA	NA	NA	NA	NA	NA	NA	NA	NA	NA
NA	NA	NA	NA	NA	NA	NA	NA	NA	NA	NA	NA	NA	NA	NA	NA
NA	NA	NA	NA	NA	NA	NA	NA	NA	NA	NA	NA	NA	NA	NA	NA
NA	NA	NA	NA	NA	NA	NA	NA	NA	NA	NA	NA	NA	NA	NA	NA
NA	NA	NA	NA	NA	NA	NA	NA	NA	NA	NA	NA	NA	NA	NA	NA
NA	NA	NA	NA	NA	NA	NA	NA	NA	NA	NA	NA	NA	NA	NA	NA
NA	NA	NA	NA	NA	NA	NA	NA	NA	NA	NA	NA	NA	NA	NA	NA
NA	NA	NA	NA	NA	NA	NA	NA	NA	NA	NA	NA	NA	NA	NA	NA
NA	NA	NA	NA	NA	NA	NA	NA	NA	NA	NA	NA	NA	NA	NA	NA
NA	NA	NA	NA	NA	NA	NA	NA	NA	NA	NA	NA	NA	NA	NA	NA
NA	NA	NA	NA	NA	NA	NA	NA	NA	NA	NA	NA	NA	NA	NA	NA
NA	NA	NA	NA	NA	NA	NA	NA	NA	NA	NA	NA	NA	NA	NA	NA
NA	NA	NA	NA	NA	NA	NA	NA	NA	NA	NA	NA	NA	NA	NA	NA
NA	NA	NA	NA	NA	NA	NA	NA	NA	NA	NA	NA	NA	NA	NA	NA
NA	NA	NA	NA	NA	NA	NA	NA	NA	NA	NA	NA	NA	NA	NA	NA
NA	NA	NA	NA	NA	NA	NA	NA	NA	NA	NA	NA	NA	NA	NA	NA
NA	NA	NA	NA	NA	NA	NA	NA	NA	NA	NA	NA	NA	NA	NA	NA
NA	NA	NA	NA	NA	NA	NA	NA	NA	NA	NA	NA	NA	NA	NA	NA
NA	NA	NA	NA	NA	NA	NA	NA	NA	NA	NA	NA	NA	NA	NA	NA
NA	NA	NA	NA	NA	NA	NA	NA	NA	NA	NA	NA	NA	NA	NA	NA
NA	NA	NA	NA	NA	NA	NA	NA	NA	NA	NA	NA	NA	NA	NA	NA
NA	NA	NA	NA	NA	NA	NA	NA	NA	NA	NA	NA	NA	NA	NA	NA
NA	NA	NA	NA	NA	NA	NA	NA	NA	NA	NA	NA	NA	NA	NA	NA
NA	NA	NA	NA	NA	NA	NA	NA	NA	NA	NA	NA	NA	NA	NA	NA
NA	NA	NA	NA	NA	NA	NA	NA	NA	NA	NA	NA	NA	NA	NA	NA
NA	NA	NA	NA	NA	NA	NA	NA	NA	NA	NA	NA	NA	NA	NA	NA
NA	NA	NA	NA	NA	NA	NA	NA	NA	NA	NA	NA	NA	NA	NA	NA
NA	NA	NA	NA	NA	NA	NA	NA	NA	NA	NA	NA	NA	NA	NA	NA
1.95332264620447	0.109310802334	1.73907347362983	2.16757181877911	1.90951484885493	0.146727084009564	1.62192976419619	2.19709993351368	1.90951484885493	0.109310802334	1.69629140037418	2.11954411320421	1.90853191782694	0.102397681499846	1.70767896565029	2.10938487000358
2.1255614606072	0.110226551372028	1.90951741991803	2.34160550129638	2.03377226740188	0.145071669729325	1.74943179473241	2.31811274007136	2.03377226740188	0.110226551372028	1.80465127315718	2.24491051351253	2.03573182628312	0.104981283711229	1.82980921992652	2.24165443263972
1.73011201135632	0.0927656012093222	1.54829143298605	1.91193258972659	1.72859011613883	0.120400174283447	1.49260577454328	1.96457445773439	1.72859011613883	0.0927656012093222	1.54243682208839	1.91375279613879	1.72948323784594	0.0883040083671669	1.55629200407719	1.90267447161469
2.00719536160754	0.0951480407651708	1.8207052017078	2.19368552150727	2.01907164978991	0.123032341992669	1.77792825948428	2.26021504009554	2.01907164978991	0.0951480407651708	1.83961208522783	2.2009830074517	2.01806838767895	0.0909435351888133	1.83969711682485	2.19643965853306
2.02318857281223	0.127068692870415	1.77413393478621	2.27224321083824	2.02339719995653	0.168195216395298	1.69373457582175	2.35305982409132	2.02339719995653	0.127068692870415	1.77115261629626	2.2577347611282	2.02435044253334	0.119091503056359	1.79072968654773	2.25797119851894
1.82060557091265	0.0976058808472649	1.62929804445201	2.01191309737329	1.85234239581977	0.123272849492157	1.61072761081514	2.0939571808244	1.85234239581977	0.0976058808472649	1.66873678943824	2.0436137143953	1.85332828107132	0.0943751891677473	1.66821947318186	2.03843708896078
2.07659720499183	0.115484714784311	1.85024716401458	2.30294724596908	2.0101989279753	0.152629303541099	1.71104549303475	2.30935236291586	2.0101989279753	0.115484714784311	1.76396052161023	2.22055537428637	2.01021270072133	0.109724278492314	1.79498210527612	2.22544329616653
1.98054393417577	0.109818130684492	1.76530039803417	2.19578747031738	1.96656752659562	0.143435069448373	1.68543479047681	2.24770026271443	1.96656752659562	0.109818130684492	1.74168074238388	2.18207231344201	1.96514398279246	0.104377327728813	1.76040832895614	2.16987963662878
1.94667683418202	0.168389177777485	1.61663404573815	2.2767196226259	1.94274089263445	0.212439491924175	1.52635948846307	2.35912229680583	1.94274089263445	0.168389177777485	1.57302845888283	2.25849944090947	1.94381268594839	0.166937288821608	1.61628524222726	2.27134012966951
2.16395275370309	0.0896834539047493	1.98817318404978	2.3397323233564	2.12715622182202	0.123373514852335	1.88534413271145	2.3689683109326	2.12715622182202	0.0896834539047493	1.9424493027134	2.30580793526408	2.12696734907746	0.0819348652938536	1.96627861227643	2.28765608587849
1.89016407802795	0.107127412252444	1.68019435001316	2.10013380604274	1.87240784720341	0.129707098982788	1.61818193319714	2.12663376120967	1.87240784720341	0.107127412252444	1.64952597782325	2.09188024675103	1.87189233204232	0.1033967309073	1.66908238244077	2.07470228164387
2.05415748318192	0.106037157875665	1.84632465374562	2.26199031261822	1.95792801447485	0.134053888289682	1.69518239342707	2.22067363552263	1.95792801447485	0.106037157875665	1.7369549792068	2.14739345060657	1.95859751831339	0.10187200373147	1.75877103807901	2.15842399854778
1.93462278042467	0.107250495456499	1.72441180932993	2.1448337515194	1.91853178927163	0.137381625399286	1.64926380348902	2.18779977505423	1.91853178927163	0.107250495456499	1.69379464871378	2.13155746126207	1.92200872771645	0.1066545025291	1.7128022339226	2.1312152215103
2.13339112730409	0.104326779407996	1.92891063966442	2.33787161494376	2.11501297087788	0.135812927683344	1.84881963261853	2.38120630913724	2.11501297087788	0.104326779407996	1.89719956745718	2.31876260191812	2.11444424011693	0.100686557020263	1.91695009346788	2.31193838676599
1.96991881322738	0.0949126785442706	1.78388996328061	2.15594766317415	2.04975248014349	0.123967351844716	1.80677647052784	2.29272848975913	2.04975248014349	0.0949126785442706	1.86569619554367	2.23654295853016	2.04746413889209	0.0867936192102621	1.87724133846826	2.21768693931592
2.03070762236389	0.10156157175386	1.83164694172633	2.22976830300146	1.98165229729482	0.134491777889027	1.71804841263233	2.24525618195731	1.98165229729482	0.10156157175386	1.80267695670659	2.19126600052708	1.98240404306275	0.0958332809520811	1.79443001600594	2.17037807011956
1.91142339219444	0.11189706845797	1.69210513801682	2.13074164637206	2.04909396062765	0.152258060278698	1.7506681624814	2.3475197587739	2.04909396062765	0.11189706845797	1.8388975901337	2.26629334139392	2.04707972378631	0.10669925016501	1.83777755498294	2.25638189258969
2.01133857876307	0.0959608330650008	1.82325534595567	2.19942181157047	1.9921420790936	0.121841733125201	1.75333228216821	2.230951876019	1.9921420790936	0.0959608330650008	1.80875504510327	2.19361735087521	1.99017455763643	0.0911920558151923	1.81131835604641	2.16903075922645
1.93625634704279	0.0920836349912484	1.75577242245995	2.11674027162564	1.97792030746216	0.123662515511133	1.73554177706034	2.22029883786398	1.97792030746216	0.0920836349912484	1.79148436092747	2.15095528966583	1.97689866192693	0.0863668661866805	1.8075095036148	2.14628782023907
2.06350903867615	0.121711320840889	1.824954849828	2.30206322752429	2.02262725696134	0.159341205970173	1.7103184932598	2.33493602066288	2.02262725696134	0.121711320840889	1.79042456549578	2.25512448741264	2.02001653578406	0.115508094383866	1.79343160364749	2.24660146792062
2.00105860595885	0.0961937032767264	1.81251894753647	2.18959826438124	1.9974022704606	0.12198689790353	1.75830795056968	2.23649659035152	1.9974022704606	0.0961937032767264	1.8203084060721	2.19037041679809	1.99870549829136	0.0916741903494139	1.81890280616618	2.17850819041653
1.93676694380658	0.10394228616699	1.73304006291928	2.14049382469388	1.90717832848512	0.131733926414692	1.64897983271232	2.16537682425791	1.90717832848512	0.10394228616699	1.70379516249926	2.10688905574495	1.90640297406015	0.101621276983297	1.70707109328827	2.10573485483203
2.08431064862184	0.104658864304151	1.8791792745857	2.28944202265798	2.09496637793961	0.140156826078733	1.8202589988253	2.36967375705393	2.09496637793961	0.104658864304151	1.87943116322127	2.2839206233384	2.09172197219647	0.0980908595393486	1.89932017987311	2.28412376451984
2.1171700791887	0.116506711591078	1.88881692447019	2.34552323390721	2.08242780714788	0.145333002360544	1.79757512252122	2.36728049177455	2.08242780714788	0.116506711591078	1.84323425196955	2.29158096386433	2.08274194073739	0.111227721705316	1.86455552788372	2.30092835359106
1.97095567489453	0.0937664139206252	1.78717350361011	2.15473784617896	1.99479518179523	0.120532729525272	1.7585510319257	2.23103933166476	1.99479518179523	0.0937664139206252	1.81302341603726	2.18069045496363	1.99507100725284	0.0879419863316502	1.82258823215765	2.16755378234803
2.10409334360179	0.0926449072115263	1.9225093254672	2.28567736173638	2.05029991224065	0.118485305097386	1.81806871424978	2.28253111023153	2.05029991224065	0.0926449072115263	1.86883749806686	2.22630018327171	2.04826513658914	0.0921235371112565	1.86758623388039	2.2289440392979
2.04579550645271	0.12971413039869	1.79155581087128	2.30003520203414	1.98624038820161	0.168966207260821	1.6550666219704	2.31741415443282	1.98624038820161	0.12971413039869	1.69642188118175	2.2080991680593	1.98821602290341	0.125933474421246	1.74116289377297	2.23526915203385
2.04287616881321	0.0912317844740937	1.86406187124398	2.22169046638243	2.07149527165264	0.117982752237588	1.84024907726697	2.30274146603831	2.07149527165264	0.0912317844740937	1.89354770370537	2.24097333433731	2.07059396656641	0.0862908849845922	1.90135730250252	2.2398306306303
1.8595938286574	0.117926110006525	1.62845865304461	2.09072900427019	1.86569436687878	0.153421817576627	1.5649876044286	2.16640112932897	1.86569436687878	0.117926110006525	1.60447146239678	2.07600190058157	1.86582250266195	0.113994963434226	1.64220788702542	2.08943711829848
2.02629199717525	0.098623653559224	1.83298963619917	2.21959435815133	2.04407895580235	0.125672530391997	1.79776079623403	2.29039711537066	2.04407895580235	0.098623653559224	1.8349951571441	2.21604176752584	2.04347574273038	0.0962774995761114	1.85463479468526	2.2323166907755
2.03632950487448	0.0989920882745754	1.84230501185631	2.23035399789264	2.0598773916243	0.130749756688669	1.80360786851451	2.31614691473409	2.0598773916243	0.0989920882745754	1.86477818355934	2.27369010714865	2.05899266130025	0.0948442341202586	1.87296493539099	2.24502038720951
1.93377224555603	0.0872258104559397	1.76280965706239	2.10473483404968	1.92084467609871	0.115466765920346	1.69452981489483	2.14715953730259	1.92084467609871	0.0872258104559397	1.74930091796003	2.0967439063891	1.9215179930691	0.0842848083715844	1.75621512356694	2.08682086257126
2.05007667876816	0.116300570290228	1.82212756099931	2.27802579653701	2.05137198221358	0.152266220287474	1.75293019045013	2.34981377397703	2.05137198221358	0.116300570290228	1.81742043637347	2.26107144658848	2.04970849257042	0.109394133937754	1.83512429698102	2.26429268815982
1.99519689322503	0.0939118307741933	1.81112970490762	2.17926408154245	1.98950351061916	0.123485999249316	1.7474709520905	2.23153606914782	1.98950351061916	0.0939118307741933	1.81434986891229	2.17179986728436	1.99091133177187	0.0868203727722286	1.8206303172329	2.16119234631085
2.0525447490924	0.10517103878837	1.84640951306719	2.2586799851176	2.10684300251091	0.134327129600589	1.84356182849376	2.37012417652807	2.10684300251091	0.10517103878837	1.90770930674785	2.30218364567603	2.10674283075167	0.102568925744536	1.90555064931493	2.30793501218841
2.01377191083341	0.102393044575261	1.8130815434659	2.21446227820092	1.92201919289324	0.137941811393283	1.65165324256241	2.19238514322408	1.92201919289324	0.102393044575261	1.70974167383765	2.11719465045679	1.92151082961925	0.0954750703492491	1.73424171353107	2.10877994570743
2.01444899450841	0.128439388850971	1.76270779236051	2.26619019665632	1.94343351542743	0.167433376268022	1.61526409794211	2.27160293291275	1.94343351542743	0.128439388850971	1.67848520953079	2.17563589155499	1.94129193689593	0.126308917346438	1.69350658850678	2.18907728528507
2.17308187255468	0.123370159161742	1.93127636059767	2.4148873845117	2.22675121270412	0.163981531675231	1.90534741062067	2.54815501478757	2.22675121270412	0.123370159161742	2.00404871590973	2.49271076206964	2.22591379995151	0.120880637029305	1.98878057838166	2.46304702152136
2.05965996523063	0.106054125975811	1.85179387831804	2.26752605214322	2.06559173586922	0.134815274488545	1.80135379787168	2.32982967386677	2.06559173586922	0.106054125975811	1.85753196188051	2.26477599156712	2.06423502345601	0.1006932542954	1.86672963426929	2.26174041264274
1.97092507269229	0.087857695828905	1.79872398886763	2.14312615651694	1.94092605217085	0.117546125714314	1.71053564577079	2.1713164585709	1.94092605217085	0.087857695828905	1.76682948996657	2.11314736736115	1.93868982460977	0.0818914405360696	1.77809050806656	2.09928914115297
1.98238293999836	0.107293226275664	1.77208821649805	2.19267766349866	2.04141274687616	0.140367861913359	1.76629173752598	2.31653375622635	2.04141274687616	0.107293226275664	1.84649755332012	2.25539072824386	2.03789255435309	0.100616709420964	1.84052820979664	2.23525689890954
1.8975061737101	0.0943814645375924	1.71251850321642	2.08249384420378	1.9099681179567	0.121012044596412	1.67278451054773	2.14715172536567	1.9099681179567	0.0943814645375924	1.72645281397017	2.09564408209714	1.90901048732465	0.0894075669372269	1.73365110425622	2.08436987039309
2.06651434031901	0.109099541564525	1.85267923885254	2.28034944178548	2.09030976081881	0.14145744707277	1.81305316455618	2.36756635708144	2.09030976081881	0.109099541564525	1.88981231141264	2.30748925972991	2.09029036611044	0.102201308061657	1.88982081204128	2.2907599201796
1.91366302740818	0.0992535483523097	1.71912607263766	2.10819998217871	1.87327804697104	0.124711229777885	1.62884403660638	2.11771205733569	1.87327804697104	0.0992535483523097	1.68296025156478	2.06620018136852	1.87104705618428	0.0970886327281532	1.68061967085733	2.06147444151122
2.05718743677715	0.10001954948275	1.86114911979096	2.25322575376334	2.05112346220314	0.130776413476195	1.7948016917898	2.30744523261648	2.05112346220314	0.10001954948275	1.85227755233549	2.25084538786642	2.04956629607579	0.096226306598535	1.86082276530506	2.23830982684652
1.94123146327469	0.0851269172065143	1.77438270554992	2.10808022099945	1.95224063207737	0.112329026546295	1.73207574004663	2.17240552410811	1.95224063207737	0.0851269172065143	1.78651383739015	2.11151620080888	1.95031255640455	0.0803952680042829	1.79264074980914	2.10798436299995
1.9272265652286	0.110711424413088	1.71023217337894	2.14422095707825	1.91269658227748	0.142558967878513	1.63328100523559	2.19211215931937	1.91269658227748	0.110711424413088	1.70285214683799	2.12484413367562	1.91126257445674	0.107217751846404	1.70094666721439	2.12157848169908
2.07151931145928	0.0969456702530185	1.88150579776336	2.2615328251552	2.05146946983085	0.125397671858477	1.80569003298824	2.29724890667347	2.05146946983085	0.0969456702530185	1.85290542837424	2.23489298024037	2.05182007851411	0.0928483230100322	1.86971066642932	2.2339294905989
1.95873958542705	0.101977031451212	1.75886460378267	2.15861456707142	1.9887099692344	0.129533418460361	1.73482446905209	2.2425954694167	1.9887099692344	0.101977031451212	1.79000365524456	2.18299625714712	1.99087419823539	0.0959358842925636	1.80269866668984	2.17904972978095
2.04112624312388	0.109295046328362	1.82690795232029	2.25534453392747	2.02871776092075	0.147345735237935	1.73992011985439	2.3175154019871	2.02871776092075	0.109295046328362	1.82535602957212	2.24569113687843	2.02585508798466	0.104185988339025	1.82149226065651	2.2302179153128
1.97082326680645	0.118848312645276	1.73788057402171	2.20376595959119	1.95888606616307	0.14506956903528	1.67454971085392	2.24322242147222	1.95888606616307	0.118848312645276	1.73422817338504	2.18335269223398	1.95834917669681	0.115722975175631	1.73134447987234	2.18535387352127
2.07333958001985	0.100681266913762	1.87600429686888	2.27067486317083	2.06380210350257	0.132094016722124	1.8048978307272	2.32270637627793	2.06380210350257	0.100681266913762	1.88736003180477	2.26589187112061	2.06209249237719	0.0969901652287419	1.87186292208132	2.25232206267305
1.74728602773574	0.112152878673094	1.52746638553648	1.96710566993501	1.75790124683341	0.148857453181549	1.46614063859758	2.04966185506925	1.75790124683341	0.112152878673094	1.5246761285609	1.969278129151	1.75634507447688	0.107128639219981	1.54620275963434	1.96648738931941
1.99839371373825	0.111222918237815	1.78039679399214	2.21639063348437	1.96326336297339	0.148533403874184	1.67213789137999	2.25438883456679	1.96326336297339	0.111222918237815	1.72721925392563	2.17371945194714	1.96276677508287	0.106598378591525	1.75366784540751	2.17186570475823
2.03484911384872	0.113187183942869	1.8130022333207	2.25669599437675	1.98871246605245	0.145084755732036	1.70434634481766	2.27307858728724	1.98871246605245	0.113187183942869	1.74322250134914	2.20763425952627	1.98892144320852	0.107149435030024	1.77874394932086	2.19909893709617
1.94276917941063	0.0996577898573451	1.74743991129024	2.13809844753103	1.95676491343545	0.133047109020014	1.69599257975622	2.21753724711468	1.95676491343545	0.0996577898573451	1.76504590746267	2.15101680279248	1.95787630376361	0.0946400086791944	1.77224971833514	2.14350288919208
1.8639080105615	0.096811078148972	1.67415829738952	2.05365772373349	1.87279260622652	0.120830587988453	1.63596465376915	2.10962055868389	1.87279260622652	0.096811078148972	1.68271051247301	2.06086914559368	1.87232492834576	0.0919205705205521	1.69204089929492	2.0526089573966
1.94009987495845	0.0881151214669451	1.76739423688324	2.11280551303366	1.89863099323646	0.112541885999311	1.67804889667781	2.11921308979511	1.89863099323646	0.0881151214669451	1.72775600575532	2.07479862005845	1.89878151659794	0.0835702626252772	1.73488111738083	2.06268191581506
1.91906996569572	0.110359218036752	1.70276589834369	2.13537403304775	1.89738240783582	0.138374621687828	1.62616814932767	2.16859666634396	1.89738240783582	0.110359218036752	1.67443333348199	2.11686083166012	1.89853303311652	0.107636098763531	1.68740094063477	2.10966512559828
1.9851381126997	0.107518054822836	1.77440272524694	2.19587350015246	1.96286267191388	0.14603487446198	1.6766343179684	2.24909102585936	1.96286267191388	0.107518054822836	1.75097312467131	2.16516928730915	1.96404416478594	0.101949833163317	1.76407496463636	2.16401336493551
1.91848745786743	0.117343482694123	1.68849423178695	2.14848068394791	1.95225491762709	0.159540980639183	1.63955459557429	2.26495523967989	1.95225491762709	0.117343482694123	1.72997357360598	2.19513928017624	1.95121590767456	0.11392843544233	1.72772907755169	2.17470273779744
2.04304899894811	0.100872754916504	1.84533839931176	2.24075959858445	1.96878872414352	0.129534993438299	1.71490013700446	2.22267731128259	1.96878872414352	0.100872754916504	1.78433495434514	2.16579792028222	1.96816918916854	0.0963357838209514	1.77921459097834	2.15712378735875
2.02507350871346	0.11644567343296	1.79683998878486	2.25330702864206	2.00097390315834	0.148359609648006	1.71018906824825	2.29175873806843	2.00097390315834	0.11644567343296	1.79565231257277	2.26669586707082	2.00145843891151	0.112868763460875	1.7800503449633	2.22286653285973
1.94591329559077	0.12270026765787	1.70542077098135	2.1864058202002	1.99301804947396	0.153591116047834	1.69197946202021	2.29405663692772	1.99301804947396	0.12270026765787	1.76625366257244	2.23516150838238	1.99361037381162	0.115427109291184	1.76718363696097	2.22003711066226
1.99719948393981	0.0995888889738233	1.80200526155112	2.19239370632851	1.9694006096072	0.130038235982663	1.71452566708118	2.22427555213322	1.9694006096072	0.0995888889738233	1.78987533033106	2.17131697111659	1.96827587445995	0.095348972385545	1.78125916040455	2.15529258851535
2.0056767050567	0.0887359202448399	1.83175430137682	2.17959910873659	1.97696521794562	0.113414574925599	1.75467265109144	2.19925778479979	1.97696521794562	0.0887359202448399	1.80907328617692	2.14700873529389	1.97691889808478	0.0868618032405696	1.8065656626482	2.14727213352137
2.08645483195461	0.0870308046609402	1.91587445481916	2.25703520909005	2.08378610742847	0.111836828423472	1.86458592371846	2.30298629113847	2.08378610742847	0.0870308046609402	1.91539066607489	2.25414619388919	2.08421282615836	0.0818653764071099	1.92366081444926	2.24476483786746
2.16201703357069	0.12967903804878	1.90784611899508	2.4161879481463	2.22027152233271	0.169931582693356	1.88720562025374	2.55333742441169	2.22027152233271	0.12967903804878	1.97194302228319	2.48004170244655	2.21826718476755	0.126624526827818	1.96985767149564	2.46667669803946
2.04284067907821	0.0952425627669105	1.85616525605506	2.22951610210135	2.01499501466963	0.1257034397876	1.76861627268594	2.26137375665333	2.01499501466963	0.0952425627669105	1.84268682821836	2.20847418576541	2.01465410649195	0.0901098449286963	1.83792030308845	2.19138790989546
1.94960702056042	0.118519131727661	1.71730952237421	2.18190451874664	2.0241585630498	0.149151455861088	1.73182170956207	2.31649541653753	2.0241585630498	0.118519131727661	1.79040458701538	2.25879117862987	2.02553029584621	0.113707719444328	1.80247839208207	2.24858219961035
1.99278097655247	0.126930640237252	1.74399692168745	2.24156503141748	2.02516700220381	0.164563761948676	1.7026220287844	2.34771197562321	2.02516700220381	0.126930640237252	1.78854914942572	2.30650424371687	2.02279098974076	0.118340238884361	1.79064937717951	2.254932602302
1.93698979126636	0.0961323155832042	1.74857045272328	2.12540912980944	1.93401599451071	0.127464673954074	1.68418523356073	2.1838467554607	1.93401599451071	0.0961323155832042	1.75615933743151	2.12993476718055	1.93340730513389	0.0892433348186409	1.75836722579861	2.10844738446918
1.91678880559553	0.0983235971500592	1.72407455518142	2.10950305600965	1.90667965779388	0.128398945010362	1.65501772557357	2.15834159001419	1.90667965779388	0.0983235971500592	1.71278369456107	2.1018698371296	1.90718298846857	0.0918232433813885	1.72708789434297	2.08727808259417
1.86638593624345	0.101229731489883	1.66797566252328	2.06479620996362	1.90362503759896	0.131521312471331	1.64584326515515	2.16140681004276	1.90362503759896	0.101229731489883	1.71425075110609	2.10737951344467	1.90265118011158	0.0974079173689485	1.71159789805906	2.09370446216409
1.92474278560278	0.101962675065697	1.72489594247401	2.12458962873154	1.89665106436627	0.134710705646112	1.63261808129989	2.16068404743265	1.89665106436627	0.101962675065697	1.68742875410983	2.10702426304429	1.89620254303977	0.0956706014835009	1.70854963424423	2.08385545183531
2.25424160397563	0.115262123749569	2.02832784142648	2.48015536652479	2.28509184877628	0.149351625265693	1.99236266325553	2.57782103429704	2.28509184877628	0.115262123749569	2.06444699266586	2.52506043693089	2.28169793140946	0.109397317601531	2.06710873974027	2.49628712307864
2.08663703898382	0.118088389980714	1.85518379462162	2.31809028334602	2.1082538135481	0.150857774658629	1.81257257521719	2.40393505187902	2.1082538135481	0.118088389980714	1.88092828066239	2.34933320104564	2.10900523340867	0.11370831841885	1.88594476159601	2.33206570522133
2.01817849659146	0.0996323363560684	1.82289911733357	2.21345787584936	1.97470909937199	0.12840766471132	1.7230300765378	2.22638812220618	1.97470909937199	0.0996323363560684	1.78749326056949	2.16493539505902	1.97595062810149	0.0954617392899756	1.78871727133846	2.16318398486453
1.93457702762732	0.10115992362171	1.73630357732877	2.13285047792588	1.92899997436566	0.132294099782448	1.66970353879206	2.18829640993926	1.92899997436566	0.10115992362171	1.73212410086536	2.11902554017412	1.92541446882103	0.0946132234632518	1.7398421404265	2.11098679721555
2.01281051813374	0.0991048481619203	1.81856501573638	2.20705602053111	1.96198122573498	0.12747531470735	1.71212960890857	2.21183284256138	1.96198122573498	0.0991048481619203	1.75486458808596	2.1379547913652	1.96400151994946	0.0964704363515923	1.77477996513223	2.1532230747667
1.97145497633346	0.127904336170263	1.72076247743974	2.22214747522718	1.95647297205532	0.169711801234295	1.6238378416361	2.28910810247454	1.95647297205532	0.127904336170263	1.68973837355266	2.17412408035773	1.95335303803844	0.122240052191002	1.71355347223386	2.19315260384303
1.88024127936697	0.105635805925813	1.67319509975238	2.08728745898157	1.82869295435673	0.136586056968477	1.56098428269851	2.09640162601494	1.82869295435673	0.105635805925813	1.59568936680464	2.01189657787346	1.82823934247456	0.0994279677032257	1.63322128421772	2.0232574007314
1.97694556401544	0.102405771779029	1.77623025132854	2.17766087670234	1.96549363420088	0.133672679300018	1.70349518277284	2.22749208562891	1.96549363420088	0.102405771779029	1.76908617319524	2.16497224456496	1.96927540900855	0.0965703314875988	1.77986207780317	2.15868874021392
2.03026045767652	0.154092155032811	1.72823983381221	2.33228108154083	2.08443520335157	0.207508393846474	1.67771875141248	2.49115165529066	2.08443520335157	0.154092155032811	1.80359942105258	2.40261788452479	2.08047994576313	0.146220788243411	1.79361435275411	2.36734553877215
2.01798027940412	0.106343296945371	1.80954741739119	2.22641314141705	1.9234868590748	0.137695747392541	1.65360319418542	2.19337052396418	1.9234868590748	0.106343296945371	1.69960973393807	2.12236125106294	1.9227303516903	0.104472293665294	1.71780440288075	2.12765630049986
2.03684229496984	0.136688434628009	1.76893296309895	2.30475162684074	2.03142148525864	0.171109077564167	1.69604769323287	2.36679527728441	2.03142148525864	0.136688434628009	1.76910311371609	2.30847730673196	2.03305594188324	0.133265777767141	1.77161146193739	2.2945004218291
2.07559091641337	0.123841906128311	1.83286078040188	2.31832105242486	2.03929702321508	0.160367075623643	1.72497755499274	2.35361649143742	2.03929702321508	0.123841906128311	1.79095494285025	2.27443662652996	2.03974969459307	0.119864734214468	1.80461327695354	2.2748861122326
1.84899526075697	0.106347889022687	1.6405533982725	2.05743712324143	1.87007524586181	0.13849923718555	1.59861674097814	2.14153375074549	1.87007524586181	0.106347889022687	1.66226024313849	2.0918895880336	1.86917042933995	0.101716655056396	1.66965296261542	2.06868789606449
2.1502736873423	0.0922214495362138	1.96951964625132	2.33102772843328	2.15189627776712	0.119573133526927	1.91753293605434	2.3862596194799	2.15189627776712	0.0922214495362138	1.97394451007747	2.3391250995525	2.14951606298653	0.0858116360738524	1.9812192107539	2.31781291521916
1.93937391023233	0.118641585638643	1.70683640238059	2.17191141808407	1.91467177477002	0.154391578883039	1.61206428015926	2.21727926938077	1.91467177477002	0.118641585638643	1.67238058407142	2.13639519638571	1.91257546261701	0.116355980616245	1.6843258896074	2.14082503562661
1.93965832280194	0.106990443643415	1.72995705326084	2.14935959234303	1.92385634658833	0.139529455730732	1.6503786133561	2.19733407982057	1.92385634658833	0.106990443643415	1.71815544561002	2.13618126299596	1.92189002477311	0.0991652503076452	1.72738257871731	2.11639747082892
1.88074891188664	0.0999677092822766	1.68481220169338	2.0766856220799	1.87966511170192	0.134570530876402	1.61590687118417	2.14342335221967	1.87966511170192	0.0999677092822766	1.68177065081514	2.07096334874339	1.87848152368169	0.0952693837888322	1.69161839541937	2.065344651944
2.11239231669734	0.103289799140486	1.90994431038198	2.31484032301269	2.06814357027237	0.133640051967127	1.8062090684168	2.33007807212794	2.06814357027237	0.103289799140486	1.87677386911122	2.2845224114765	2.06902632809673	0.0988371004042785	1.87516085217286	2.26289180402061
2.05818544175294	0.156999822767928	1.7504657891278	2.36590509437807	2.07731485175352	0.195889264293023	1.69337189373919	2.46125780976784	2.07731485175352	0.156999822767928	1.72421788891899	2.34810608858774	2.07913806912223	0.150441509989718	1.78398718173315	2.37428895651131
1.9003692693357	0.108313521879718	1.68807476645145	2.11266377221995	1.97041485365632	0.140568919231187	1.69489977196319	2.24592993534944	1.97041485365632	0.108313521879718	1.75058450240912	2.18246546281626	1.969258054792	0.103356678081036	1.76652645325301	2.17198965633099
1.97516396156239	0.0934767638461948	1.79194950442385	2.15837841870093	1.96840976611114	0.124395084894285	1.72459539971835	2.21222413250394	1.96840976611114	0.0934767638461948	1.78106713512261	2.13898628132767	1.9644907110166	0.0885143449882689	1.79088526418684	2.13809615784637
2.05066238755627	0.110540113788995	1.83400376452984	2.2673210105827	2.1007992824683	0.138233920117878	1.82986079903726	2.37173776589934	2.1007992824683	0.110540113788995	1.89148257818648	2.30846093889927	2.10266897873094	0.107394543256143	1.89200296804297	2.3133349894189
2.01070003688488	0.121482544432397	1.77259424979739	2.24880582397238	2.07733040890046	0.157614220634688	1.76840653645647	2.38625428134445	2.07733040890046	0.121482544432397	1.852616886923	2.3378039880502	2.07454684914174	0.116113871744916	1.84677013832246	2.30232355996101
2.02801362134281	0.123470723724118	1.78601100284354	2.27001623984208	1.99526981590985	0.154847063856421	1.69176957075126	2.29877006106843	1.99526981590985	0.123470723724118	1.7256990846663	2.21716272920001	1.99507212179457	0.119348077621655	1.76094695745283	2.2291972861363
2.01319379795756	0.0964786604723065	1.82409562343184	2.20229197248328	2.04856232471544	0.126845514675811	1.79994511595085	2.29717953348003	2.04856232471544	0.0964786604723065	1.86824238226568	2.22869412026128	2.04743697582749	0.0923670911591613	1.86627334173586	2.22860060991913
