X1	X2	X3	X4	X1.1	X2.1	X3.1	X4.1	X1.2	X2.2	X3.2	X4.2	X1.3	X2.3	X3.3	X4.3
NA	NA	NA	NA	NA	NA	NA	NA	NA	NA	NA	NA	NA	NA	NA	NA
NA	NA	NA	NA	NA	NA	NA	NA	NA	NA	NA	NA	NA	NA	NA	NA
NA	NA	NA	NA	NA	NA	NA	NA	NA	NA	NA	NA	NA	NA	NA	NA
NA	NA	NA	NA	NA	NA	NA	NA	NA	NA	NA	NA	NA	NA	NA	NA
NA	NA	NA	NA	NA	NA	NA	NA	NA	NA	NA	NA	NA	NA	NA	NA
NA	NA	NA	NA	NA	NA	NA	NA	NA	NA	NA	NA	NA	NA	NA	NA
NA	NA	NA	NA	NA	NA	NA	NA	NA	NA	NA	NA	NA	NA	NA	NA
NA	NA	NA	NA	NA	NA	NA	NA	NA	NA	NA	NA	NA	NA	NA	NA
NA	NA	NA	NA	NA	NA	NA	NA	NA	NA	NA	NA	NA	NA	NA	NA
NA	NA	NA	NA	NA	NA	NA	NA	NA	NA	NA	NA	NA	NA	NA	NA
NA	NA	NA	NA	NA	NA	NA	NA	NA	NA	NA	NA	NA	NA	NA	NA
NA	NA	NA	NA	NA	NA	NA	NA	NA	NA	NA	NA	NA	NA	NA	NA
NA	NA	NA	NA	NA	NA	NA	NA	NA	NA	NA	NA	NA	NA	NA	NA
NA	NA	NA	NA	NA	NA	NA	NA	NA	NA	NA	NA	NA	NA	NA	NA
NA	NA	NA	NA	NA	NA	NA	NA	NA	NA	NA	NA	NA	NA	NA	NA
NA	NA	NA	NA	NA	NA	NA	NA	NA	NA	NA	NA	NA	NA	NA	NA
NA	NA	NA	NA	NA	NA	NA	NA	NA	NA	NA	NA	NA	NA	NA	NA
NA	NA	NA	NA	NA	NA	NA	NA	NA	NA	NA	NA	NA	NA	NA	NA
NA	NA	NA	NA	NA	NA	NA	NA	NA	NA	NA	NA	NA	NA	NA	NA
NA	NA	NA	NA	NA	NA	NA	NA	NA	NA	NA	NA	NA	NA	NA	NA
NA	NA	NA	NA	NA	NA	NA	NA	NA	NA	NA	NA	NA	NA	NA	NA
NA	NA	NA	NA	NA	NA	NA	NA	NA	NA	NA	NA	NA	NA	NA	NA
NA	NA	NA	NA	NA	NA	NA	NA	NA	NA	NA	NA	NA	NA	NA	NA
NA	NA	NA	NA	NA	NA	NA	NA	NA	NA	NA	NA	NA	NA	NA	NA
NA	NA	NA	NA	NA	NA	NA	NA	NA	NA	NA	NA	NA	NA	NA	NA
NA	NA	NA	NA	NA	NA	NA	NA	NA	NA	NA	NA	NA	NA	NA	NA
NA	NA	NA	NA	NA	NA	NA	NA	NA	NA	NA	NA	NA	NA	NA	NA
NA	NA	NA	NA	NA	NA	NA	NA	NA	NA	NA	NA	NA	NA	NA	NA
NA	NA	NA	NA	NA	NA	NA	NA	NA	NA	NA	NA	NA	NA	NA	NA
NA	NA	NA	NA	NA	NA	NA	NA	NA	NA	NA	NA	NA	NA	NA	NA
NA	NA	NA	NA	NA	NA	NA	NA	NA	NA	NA	NA	NA	NA	NA	NA
NA	NA	NA	NA	NA	NA	NA	NA	NA	NA	NA	NA	NA	NA	NA	NA
NA	NA	NA	NA	NA	NA	NA	NA	NA	NA	NA	NA	NA	NA	NA	NA
NA	NA	NA	NA	NA	NA	NA	NA	NA	NA	NA	NA	NA	NA	NA	NA
NA	NA	NA	NA	NA	NA	NA	NA	NA	NA	NA	NA	NA	NA	NA	NA
NA	NA	NA	NA	NA	NA	NA	NA	NA	NA	NA	NA	NA	NA	NA	NA
NA	NA	NA	NA	NA	NA	NA	NA	NA	NA	NA	NA	NA	NA	NA	NA
NA	NA	NA	NA	NA	NA	NA	NA	NA	NA	NA	NA	NA	NA	NA	NA
NA	NA	NA	NA	NA	NA	NA	NA	NA	NA	NA	NA	NA	NA	NA	NA
NA	NA	NA	NA	NA	NA	NA	NA	NA	NA	NA	NA	NA	NA	NA	NA
NA	NA	NA	NA	NA	NA	NA	NA	NA	NA	NA	NA	NA	NA	NA	NA
NA	NA	NA	NA	NA	NA	NA	NA	NA	NA	NA	NA	NA	NA	NA	NA
NA	NA	NA	NA	NA	NA	NA	NA	NA	NA	NA	NA	NA	NA	NA	NA
NA	NA	NA	NA	NA	NA	NA	NA	NA	NA	NA	NA	NA	NA	NA	NA
NA	NA	NA	NA	NA	NA	NA	NA	NA	NA	NA	NA	NA	NA	NA	NA
NA	NA	NA	NA	NA	NA	NA	NA	NA	NA	NA	NA	NA	NA	NA	NA
NA	NA	NA	NA	NA	NA	NA	NA	NA	NA	NA	NA	NA	NA	NA	NA
NA	NA	NA	NA	NA	NA	NA	NA	NA	NA	NA	NA	NA	NA	NA	NA
NA	NA	NA	NA	NA	NA	NA	NA	NA	NA	NA	NA	NA	NA	NA	NA
NA	NA	NA	NA	NA	NA	NA	NA	NA	NA	NA	NA	NA	NA	NA	NA
NA	NA	NA	NA	NA	NA	NA	NA	NA	NA	NA	NA	NA	NA	NA	NA
NA	NA	NA	NA	NA	NA	NA	NA	NA	NA	NA	NA	NA	NA	NA	NA
NA	NA	NA	NA	NA	NA	NA	NA	NA	NA	NA	NA	NA	NA	NA	NA
NA	NA	NA	NA	NA	NA	NA	NA	NA	NA	NA	NA	NA	NA	NA	NA
NA	NA	NA	NA	NA	NA	NA	NA	NA	NA	NA	NA	NA	NA	NA	NA
NA	NA	NA	NA	NA	NA	NA	NA	NA	NA	NA	NA	NA	NA	NA	NA
NA	NA	NA	NA	NA	NA	NA	NA	NA	NA	NA	NA	NA	NA	NA	NA
NA	NA	NA	NA	NA	NA	NA	NA	NA	NA	NA	NA	NA	NA	NA	NA
NA	NA	NA	NA	NA	NA	NA	NA	NA	NA	NA	NA	NA	NA	NA	NA
NA	NA	NA	NA	NA	NA	NA	NA	NA	NA	NA	NA	NA	NA	NA	NA
NA	NA	NA	NA	NA	NA	NA	NA	NA	NA	NA	NA	NA	NA	NA	NA
NA	NA	NA	NA	NA	NA	NA	NA	NA	NA	NA	NA	NA	NA	NA	NA
NA	NA	NA	NA	NA	NA	NA	NA	NA	NA	NA	NA	NA	NA	NA	NA
NA	NA	NA	NA	NA	NA	NA	NA	NA	NA	NA	NA	NA	NA	NA	NA
NA	NA	NA	NA	NA	NA	NA	NA	NA	NA	NA	NA	NA	NA	NA	NA
NA	NA	NA	NA	NA	NA	NA	NA	NA	NA	NA	NA	NA	NA	NA	NA
NA	NA	NA	NA	NA	NA	NA	NA	NA	NA	NA	NA	NA	NA	NA	NA
NA	NA	NA	NA	NA	NA	NA	NA	NA	NA	NA	NA	NA	NA	NA	NA
NA	NA	NA	NA	NA	NA	NA	NA	NA	NA	NA	NA	NA	NA	NA	NA
NA	NA	NA	NA	NA	NA	NA	NA	NA	NA	NA	NA	NA	NA	NA	NA
NA	NA	NA	NA	NA	NA	NA	NA	NA	NA	NA	NA	NA	NA	NA	NA
NA	NA	NA	NA	NA	NA	NA	NA	NA	NA	NA	NA	NA	NA	NA	NA
NA	NA	NA	NA	NA	NA	NA	NA	NA	NA	NA	NA	NA	NA	NA	NA
NA	NA	NA	NA	NA	NA	NA	NA	NA	NA	NA	NA	NA	NA	NA	NA
NA	NA	NA	NA	NA	NA	NA	NA	NA	NA	NA	NA	NA	NA	NA	NA
NA	NA	NA	NA	NA	NA	NA	NA	NA	NA	NA	NA	NA	NA	NA	NA
NA	NA	NA	NA	NA	NA	NA	NA	NA	NA	NA	NA	NA	NA	NA	NA
NA	NA	NA	NA	NA	NA	NA	NA	NA	NA	NA	NA	NA	NA	NA	NA
NA	NA	NA	NA	NA	NA	NA	NA	NA	NA	NA	NA	NA	NA	NA	NA
NA	NA	NA	NA	NA	NA	NA	NA	NA	NA	NA	NA	NA	NA	NA	NA
NA	NA	NA	NA	NA	NA	NA	NA	NA	NA	NA	NA	NA	NA	NA	NA
NA	NA	NA	NA	NA	NA	NA	NA	NA	NA	NA	NA	NA	NA	NA	NA
NA	NA	NA	NA	NA	NA	NA	NA	NA	NA	NA	NA	NA	NA	NA	NA
NA	NA	NA	NA	NA	NA	NA	NA	NA	NA	NA	NA	NA	NA	NA	NA
NA	NA	NA	NA	NA	NA	NA	NA	NA	NA	NA	NA	NA	NA	NA	NA
NA	NA	NA	NA	NA	NA	NA	NA	NA	NA	NA	NA	NA	NA	NA	NA
NA	NA	NA	NA	NA	NA	NA	NA	NA	NA	NA	NA	NA	NA	NA	NA
NA	NA	NA	NA	NA	NA	NA	NA	NA	NA	NA	NA	NA	NA	NA	NA
NA	NA	NA	NA	NA	NA	NA	NA	NA	NA	NA	NA	NA	NA	NA	NA
NA	NA	NA	NA	NA	NA	NA	NA	NA	NA	NA	NA	NA	NA	NA	NA
NA	NA	NA	NA	NA	NA	NA	NA	NA	NA	NA	NA	NA	NA	NA	NA
NA	NA	NA	NA	NA	NA	NA	NA	NA	NA	NA	NA	NA	NA	NA	NA
NA	NA	NA	NA	NA	NA	NA	NA	NA	NA	NA	NA	NA	NA	NA	NA
NA	NA	NA	NA	NA	NA	NA	NA	NA	NA	NA	NA	NA	NA	NA	NA
NA	NA	NA	NA	NA	NA	NA	NA	NA	NA	NA	NA	NA	NA	NA	NA
NA	NA	NA	NA	NA	NA	NA	NA	NA	NA	NA	NA	NA	NA	NA	NA
NA	NA	NA	NA	NA	NA	NA	NA	NA	NA	NA	NA	NA	NA	NA	NA
NA	NA	NA	NA	NA	NA	NA	NA	NA	NA	NA	NA	NA	NA	NA	NA
NA	NA	NA	NA	NA	NA	NA	NA	NA	NA	NA	NA	NA	NA	NA	NA
NA	NA	NA	NA	NA	NA	NA	NA	NA	NA	NA	NA	NA	NA	NA	NA
NA	NA	NA	NA	NA	NA	NA	NA	NA	NA	NA	NA	NA	NA	NA	NA
NA	NA	NA	NA	NA	NA	NA	NA	NA	NA	NA	NA	NA	NA	NA	NA
NA	NA	NA	NA	NA	NA	NA	NA	NA	NA	NA	NA	NA	NA	NA	NA
NA	NA	NA	NA	NA	NA	NA	NA	NA	NA	NA	NA	NA	NA	NA	NA
NA	NA	NA	NA	NA	NA	NA	NA	NA	NA	NA	NA	NA	NA	NA	NA
NA	NA	NA	NA	NA	NA	NA	NA	NA	NA	NA	NA	NA	NA	NA	NA
NA	NA	NA	NA	NA	NA	NA	NA	NA	NA	NA	NA	NA	NA	NA	NA
NA	NA	NA	NA	NA	NA	NA	NA	NA	NA	NA	NA	NA	NA	NA	NA
NA	NA	NA	NA	NA	NA	NA	NA	NA	NA	NA	NA	NA	NA	NA	NA
NA	NA	NA	NA	NA	NA	NA	NA	NA	NA	NA	NA	NA	NA	NA	NA
NA	NA	NA	NA	NA	NA	NA	NA	NA	NA	NA	NA	NA	NA	NA	NA
NA	NA	NA	NA	NA	NA	NA	NA	NA	NA	NA	NA	NA	NA	NA	NA
NA	NA	NA	NA	NA	NA	NA	NA	NA	NA	NA	NA	NA	NA	NA	NA
NA	NA	NA	NA	NA	NA	NA	NA	NA	NA	NA	NA	NA	NA	NA	NA
NA	NA	NA	NA	NA	NA	NA	NA	NA	NA	NA	NA	NA	NA	NA	NA
NA	NA	NA	NA	NA	NA	NA	NA	NA	NA	NA	NA	NA	NA	NA	NA
NA	NA	NA	NA	NA	NA	NA	NA	NA	NA	NA	NA	NA	NA	NA	NA
NA	NA	NA	NA	NA	NA	NA	NA	NA	NA	NA	NA	NA	NA	NA	NA
NA	NA	NA	NA	NA	NA	NA	NA	NA	NA	NA	NA	NA	NA	NA	NA
NA	NA	NA	NA	NA	NA	NA	NA	NA	NA	NA	NA	NA	NA	NA	NA
NA	NA	NA	NA	NA	NA	NA	NA	NA	NA	NA	NA	NA	NA	NA	NA
NA	NA	NA	NA	NA	NA	NA	NA	NA	NA	NA	NA	NA	NA	NA	NA
NA	NA	NA	NA	NA	NA	NA	NA	NA	NA	NA	NA	NA	NA	NA	NA
NA	NA	NA	NA	NA	NA	NA	NA	NA	NA	NA	NA	NA	NA	NA	NA
NA	NA	NA	NA	NA	NA	NA	NA	NA	NA	NA	NA	NA	NA	NA	NA
NA	NA	NA	NA	NA	NA	NA	NA	NA	NA	NA	NA	NA	NA	NA	NA
NA	NA	NA	NA	NA	NA	NA	NA	NA	NA	NA	NA	NA	NA	NA	NA
NA	NA	NA	NA	NA	NA	NA	NA	NA	NA	NA	NA	NA	NA	NA	NA
NA	NA	NA	NA	NA	NA	NA	NA	NA	NA	NA	NA	NA	NA	NA	NA
NA	NA	NA	NA	NA	NA	NA	NA	NA	NA	NA	NA	NA	NA	NA	NA
NA	NA	NA	NA	NA	NA	NA	NA	NA	NA	NA	NA	NA	NA	NA	NA
NA	NA	NA	NA	NA	NA	NA	NA	NA	NA	NA	NA	NA	NA	NA	NA
NA	NA	NA	NA	NA	NA	NA	NA	NA	NA	NA	NA	NA	NA	NA	NA
NA	NA	NA	NA	NA	NA	NA	NA	NA	NA	NA	NA	NA	NA	NA	NA
NA	NA	NA	NA	NA	NA	NA	NA	NA	NA	NA	NA	NA	NA	NA	NA
NA	NA	NA	NA	NA	NA	NA	NA	NA	NA	NA	NA	NA	NA	NA	NA
NA	NA	NA	NA	NA	NA	NA	NA	NA	NA	NA	NA	NA	NA	NA	NA
NA	NA	NA	NA	NA	NA	NA	NA	NA	NA	NA	NA	NA	NA	NA	NA
NA	NA	NA	NA	NA	NA	NA	NA	NA	NA	NA	NA	NA	NA	NA	NA
NA	NA	NA	NA	NA	NA	NA	NA	NA	NA	NA	NA	NA	NA	NA	NA
NA	NA	NA	NA	NA	NA	NA	NA	NA	NA	NA	NA	NA	NA	NA	NA
NA	NA	NA	NA	NA	NA	NA	NA	NA	NA	NA	NA	NA	NA	NA	NA
NA	NA	NA	NA	NA	NA	NA	NA	NA	NA	NA	NA	NA	NA	NA	NA
NA	NA	NA	NA	NA	NA	NA	NA	NA	NA	NA	NA	NA	NA	NA	NA
NA	NA	NA	NA	NA	NA	NA	NA	NA	NA	NA	NA	NA	NA	NA	NA
NA	NA	NA	NA	NA	NA	NA	NA	NA	NA	NA	NA	NA	NA	NA	NA
NA	NA	NA	NA	NA	NA	NA	NA	NA	NA	NA	NA	NA	NA	NA	NA
NA	NA	NA	NA	NA	NA	NA	NA	NA	NA	NA	NA	NA	NA	NA	NA
NA	NA	NA	NA	NA	NA	NA	NA	NA	NA	NA	NA	NA	NA	NA	NA
NA	NA	NA	NA	NA	NA	NA	NA	NA	NA	NA	NA	NA	NA	NA	NA
NA	NA	NA	NA	NA	NA	NA	NA	NA	NA	NA	NA	NA	NA	NA	NA
NA	NA	NA	NA	NA	NA	NA	NA	NA	NA	NA	NA	NA	NA	NA	NA
NA	NA	NA	NA	NA	NA	NA	NA	NA	NA	NA	NA	NA	NA	NA	NA
NA	NA	NA	NA	NA	NA	NA	NA	NA	NA	NA	NA	NA	NA	NA	NA
NA	NA	NA	NA	NA	NA	NA	NA	NA	NA	NA	NA	NA	NA	NA	NA
NA	NA	NA	NA	NA	NA	NA	NA	NA	NA	NA	NA	NA	NA	NA	NA
NA	NA	NA	NA	NA	NA	NA	NA	NA	NA	NA	NA	NA	NA	NA	NA
NA	NA	NA	NA	NA	NA	NA	NA	NA	NA	NA	NA	NA	NA	NA	NA
NA	NA	NA	NA	NA	NA	NA	NA	NA	NA	NA	NA	NA	NA	NA	NA
NA	NA	NA	NA	NA	NA	NA	NA	NA	NA	NA	NA	NA	NA	NA	NA
NA	NA	NA	NA	NA	NA	NA	NA	NA	NA	NA	NA	NA	NA	NA	NA
NA	NA	NA	NA	NA	NA	NA	NA	NA	NA	NA	NA	NA	NA	NA	NA
NA	NA	NA	NA	NA	NA	NA	NA	NA	NA	NA	NA	NA	NA	NA	NA
NA	NA	NA	NA	NA	NA	NA	NA	NA	NA	NA	NA	NA	NA	NA	NA
NA	NA	NA	NA	NA	NA	NA	NA	NA	NA	NA	NA	NA	NA	NA	NA
NA	NA	NA	NA	NA	NA	NA	NA	NA	NA	NA	NA	NA	NA	NA	NA
NA	NA	NA	NA	NA	NA	NA	NA	NA	NA	NA	NA	NA	NA	NA	NA
NA	NA	NA	NA	NA	NA	NA	NA	NA	NA	NA	NA	NA	NA	NA	NA
NA	NA	NA	NA	NA	NA	NA	NA	NA	NA	NA	NA	NA	NA	NA	NA
NA	NA	NA	NA	NA	NA	NA	NA	NA	NA	NA	NA	NA	NA	NA	NA
NA	NA	NA	NA	NA	NA	NA	NA	NA	NA	NA	NA	NA	NA	NA	NA
NA	NA	NA	NA	NA	NA	NA	NA	NA	NA	NA	NA	NA	NA	NA	NA
NA	NA	NA	NA	NA	NA	NA	NA	NA	NA	NA	NA	NA	NA	NA	NA
NA	NA	NA	NA	NA	NA	NA	NA	NA	NA	NA	NA	NA	NA	NA	NA
NA	NA	NA	NA	NA	NA	NA	NA	NA	NA	NA	NA	NA	NA	NA	NA
NA	NA	NA	NA	NA	NA	NA	NA	NA	NA	NA	NA	NA	NA	NA	NA
NA	NA	NA	NA	NA	NA	NA	NA	NA	NA	NA	NA	NA	NA	NA	NA
NA	NA	NA	NA	NA	NA	NA	NA	NA	NA	NA	NA	NA	NA	NA	NA
NA	NA	NA	NA	NA	NA	NA	NA	NA	NA	NA	NA	NA	NA	NA	NA
NA	NA	NA	NA	NA	NA	NA	NA	NA	NA	NA	NA	NA	NA	NA	NA
NA	NA	NA	NA	NA	NA	NA	NA	NA	NA	NA	NA	NA	NA	NA	NA
NA	NA	NA	NA	NA	NA	NA	NA	NA	NA	NA	NA	NA	NA	NA	NA
NA	NA	NA	NA	NA	NA	NA	NA	NA	NA	NA	NA	NA	NA	NA	NA
NA	NA	NA	NA	NA	NA	NA	NA	NA	NA	NA	NA	NA	NA	NA	NA
NA	NA	NA	NA	NA	NA	NA	NA	NA	NA	NA	NA	NA	NA	NA	NA
NA	NA	NA	NA	NA	NA	NA	NA	NA	NA	NA	NA	NA	NA	NA	NA
NA	NA	NA	NA	NA	NA	NA	NA	NA	NA	NA	NA	NA	NA	NA	NA
NA	NA	NA	NA	NA	NA	NA	NA	NA	NA	NA	NA	NA	NA	NA	NA
NA	NA	NA	NA	NA	NA	NA	NA	NA	NA	NA	NA	NA	NA	NA	NA
NA	NA	NA	NA	NA	NA	NA	NA	NA	NA	NA	NA	NA	NA	NA	NA
NA	NA	NA	NA	NA	NA	NA	NA	NA	NA	NA	NA	NA	NA	NA	NA
NA	NA	NA	NA	NA	NA	NA	NA	NA	NA	NA	NA	NA	NA	NA	NA
NA	NA	NA	NA	NA	NA	NA	NA	NA	NA	NA	NA	NA	NA	NA	NA
NA	NA	NA	NA	NA	NA	NA	NA	NA	NA	NA	NA	NA	NA	NA	NA
NA	NA	NA	NA	NA	NA	NA	NA	NA	NA	NA	NA	NA	NA	NA	NA
NA	NA	NA	NA	NA	NA	NA	NA	NA	NA	NA	NA	NA	NA	NA	NA
NA	NA	NA	NA	NA	NA	NA	NA	NA	NA	NA	NA	NA	NA	NA	NA
NA	NA	NA	NA	NA	NA	NA	NA	NA	NA	NA	NA	NA	NA	NA	NA
NA	NA	NA	NA	NA	NA	NA	NA	NA	NA	NA	NA	NA	NA	NA	NA
NA	NA	NA	NA	NA	NA	NA	NA	NA	NA	NA	NA	NA	NA	NA	NA
NA	NA	NA	NA	NA	NA	NA	NA	NA	NA	NA	NA	NA	NA	NA	NA
NA	NA	NA	NA	NA	NA	NA	NA	NA	NA	NA	NA	NA	NA	NA	NA
NA	NA	NA	NA	NA	NA	NA	NA	NA	NA	NA	NA	NA	NA	NA	NA
NA	NA	NA	NA	NA	NA	NA	NA	NA	NA	NA	NA	NA	NA	NA	NA
NA	NA	NA	NA	NA	NA	NA	NA	NA	NA	NA	NA	NA	NA	NA	NA
NA	NA	NA	NA	NA	NA	NA	NA	NA	NA	NA	NA	NA	NA	NA	NA
NA	NA	NA	NA	NA	NA	NA	NA	NA	NA	NA	NA	NA	NA	NA	NA
NA	NA	NA	NA	NA	NA	NA	NA	NA	NA	NA	NA	NA	NA	NA	NA
NA	NA	NA	NA	NA	NA	NA	NA	NA	NA	NA	NA	NA	NA	NA	NA
NA	NA	NA	NA	NA	NA	NA	NA	NA	NA	NA	NA	NA	NA	NA	NA
NA	NA	NA	NA	NA	NA	NA	NA	NA	NA	NA	NA	NA	NA	NA	NA
NA	NA	NA	NA	NA	NA	NA	NA	NA	NA	NA	NA	NA	NA	NA	NA
NA	NA	NA	NA	NA	NA	NA	NA	NA	NA	NA	NA	NA	NA	NA	NA
NA	NA	NA	NA	NA	NA	NA	NA	NA	NA	NA	NA	NA	NA	NA	NA
NA	NA	NA	NA	NA	NA	NA	NA	NA	NA	NA	NA	NA	NA	NA	NA
NA	NA	NA	NA	NA	NA	NA	NA	NA	NA	NA	NA	NA	NA	NA	NA
NA	NA	NA	NA	NA	NA	NA	NA	NA	NA	NA	NA	NA	NA	NA	NA
NA	NA	NA	NA	NA	NA	NA	NA	NA	NA	NA	NA	NA	NA	NA	NA
NA	NA	NA	NA	NA	NA	NA	NA	NA	NA	NA	NA	NA	NA	NA	NA
NA	NA	NA	NA	NA	NA	NA	NA	NA	NA	NA	NA	NA	NA	NA	NA
NA	NA	NA	NA	NA	NA	NA	NA	NA	NA	NA	NA	NA	NA	NA	NA
NA	NA	NA	NA	NA	NA	NA	NA	NA	NA	NA	NA	NA	NA	NA	NA
NA	NA	NA	NA	NA	NA	NA	NA	NA	NA	NA	NA	NA	NA	NA	NA
NA	NA	NA	NA	NA	NA	NA	NA	NA	NA	NA	NA	NA	NA	NA	NA
NA	NA	NA	NA	NA	NA	NA	NA	NA	NA	NA	NA	NA	NA	NA	NA
NA	NA	NA	NA	NA	NA	NA	NA	NA	NA	NA	NA	NA	NA	NA	NA
NA	NA	NA	NA	NA	NA	NA	NA	NA	NA	NA	NA	NA	NA	NA	NA
NA	NA	NA	NA	NA	NA	NA	NA	NA	NA	NA	NA	NA	NA	NA	NA
NA	NA	NA	NA	NA	NA	NA	NA	NA	NA	NA	NA	NA	NA	NA	NA
NA	NA	NA	NA	NA	NA	NA	NA	NA	NA	NA	NA	NA	NA	NA	NA
NA	NA	NA	NA	NA	NA	NA	NA	NA	NA	NA	NA	NA	NA	NA	NA
NA	NA	NA	NA	NA	NA	NA	NA	NA	NA	NA	NA	NA	NA	NA	NA
NA	NA	NA	NA	NA	NA	NA	NA	NA	NA	NA	NA	NA	NA	NA	NA
NA	NA	NA	NA	NA	NA	NA	NA	NA	NA	NA	NA	NA	NA	NA	NA
NA	NA	NA	NA	NA	NA	NA	NA	NA	NA	NA	NA	NA	NA	NA	NA
NA	NA	NA	NA	NA	NA	NA	NA	NA	NA	NA	NA	NA	NA	NA	NA
NA	NA	NA	NA	NA	NA	NA	NA	NA	NA	NA	NA	NA	NA	NA	NA
NA	NA	NA	NA	NA	NA	NA	NA	NA	NA	NA	NA	NA	NA	NA	NA
NA	NA	NA	NA	NA	NA	NA	NA	NA	NA	NA	NA	NA	NA	NA	NA
NA	NA	NA	NA	NA	NA	NA	NA	NA	NA	NA	NA	NA	NA	NA	NA
NA	NA	NA	NA	NA	NA	NA	NA	NA	NA	NA	NA	NA	NA	NA	NA
NA	NA	NA	NA	NA	NA	NA	NA	NA	NA	NA	NA	NA	NA	NA	NA
NA	NA	NA	NA	NA	NA	NA	NA	NA	NA	NA	NA	NA	NA	NA	NA
NA	NA	NA	NA	NA	NA	NA	NA	NA	NA	NA	NA	NA	NA	NA	NA
NA	NA	NA	NA	NA	NA	NA	NA	NA	NA	NA	NA	NA	NA	NA	NA
NA	NA	NA	NA	NA	NA	NA	NA	NA	NA	NA	NA	NA	NA	NA	NA
NA	NA	NA	NA	NA	NA	NA	NA	NA	NA	NA	NA	NA	NA	NA	NA
NA	NA	NA	NA	NA	NA	NA	NA	NA	NA	NA	NA	NA	NA	NA	NA
NA	NA	NA	NA	NA	NA	NA	NA	NA	NA	NA	NA	NA	NA	NA	NA
NA	NA	NA	NA	NA	NA	NA	NA	NA	NA	NA	NA	NA	NA	NA	NA
NA	NA	NA	NA	NA	NA	NA	NA	NA	NA	NA	NA	NA	NA	NA	NA
NA	NA	NA	NA	NA	NA	NA	NA	NA	NA	NA	NA	NA	NA	NA	NA
NA	NA	NA	NA	NA	NA	NA	NA	NA	NA	NA	NA	NA	NA	NA	NA
NA	NA	NA	NA	NA	NA	NA	NA	NA	NA	NA	NA	NA	NA	NA	NA
NA	NA	NA	NA	NA	NA	NA	NA	NA	NA	NA	NA	NA	NA	NA	NA
NA	NA	NA	NA	NA	NA	NA	NA	NA	NA	NA	NA	NA	NA	NA	NA
NA	NA	NA	NA	NA	NA	NA	NA	NA	NA	NA	NA	NA	NA	NA	NA
NA	NA	NA	NA	NA	NA	NA	NA	NA	NA	NA	NA	NA	NA	NA	NA
NA	NA	NA	NA	NA	NA	NA	NA	NA	NA	NA	NA	NA	NA	NA	NA
NA	NA	NA	NA	NA	NA	NA	NA	NA	NA	NA	NA	NA	NA	NA	NA
NA	NA	NA	NA	NA	NA	NA	NA	NA	NA	NA	NA	NA	NA	NA	NA
NA	NA	NA	NA	NA	NA	NA	NA	NA	NA	NA	NA	NA	NA	NA	NA
NA	NA	NA	NA	NA	NA	NA	NA	NA	NA	NA	NA	NA	NA	NA	NA
NA	NA	NA	NA	NA	NA	NA	NA	NA	NA	NA	NA	NA	NA	NA	NA
NA	NA	NA	NA	NA	NA	NA	NA	NA	NA	NA	NA	NA	NA	NA	NA
NA	NA	NA	NA	NA	NA	NA	NA	NA	NA	NA	NA	NA	NA	NA	NA
NA	NA	NA	NA	NA	NA	NA	NA	NA	NA	NA	NA	NA	NA	NA	NA
NA	NA	NA	NA	NA	NA	NA	NA	NA	NA	NA	NA	NA	NA	NA	NA
NA	NA	NA	NA	NA	NA	NA	NA	NA	NA	NA	NA	NA	NA	NA	NA
NA	NA	NA	NA	NA	NA	NA	NA	NA	NA	NA	NA	NA	NA	NA	NA
NA	NA	NA	NA	NA	NA	NA	NA	NA	NA	NA	NA	NA	NA	NA	NA
NA	NA	NA	NA	NA	NA	NA	NA	NA	NA	NA	NA	NA	NA	NA	NA
NA	NA	NA	NA	NA	NA	NA	NA	NA	NA	NA	NA	NA	NA	NA	NA
NA	NA	NA	NA	NA	NA	NA	NA	NA	NA	NA	NA	NA	NA	NA	NA
NA	NA	NA	NA	NA	NA	NA	NA	NA	NA	NA	NA	NA	NA	NA	NA
NA	NA	NA	NA	NA	NA	NA	NA	NA	NA	NA	NA	NA	NA	NA	NA
NA	NA	NA	NA	NA	NA	NA	NA	NA	NA	NA	NA	NA	NA	NA	NA
NA	NA	NA	NA	NA	NA	NA	NA	NA	NA	NA	NA	NA	NA	NA	NA
NA	NA	NA	NA	NA	NA	NA	NA	NA	NA	NA	NA	NA	NA	NA	NA
NA	NA	NA	NA	NA	NA	NA	NA	NA	NA	NA	NA	NA	NA	NA	NA
NA	NA	NA	NA	NA	NA	NA	NA	NA	NA	NA	NA	NA	NA	NA	NA
NA	NA	NA	NA	NA	NA	NA	NA	NA	NA	NA	NA	NA	NA	NA	NA
NA	NA	NA	NA	NA	NA	NA	NA	NA	NA	NA	NA	NA	NA	NA	NA
NA	NA	NA	NA	NA	NA	NA	NA	NA	NA	NA	NA	NA	NA	NA	NA
NA	NA	NA	NA	NA	NA	NA	NA	NA	NA	NA	NA	NA	NA	NA	NA
NA	NA	NA	NA	NA	NA	NA	NA	NA	NA	NA	NA	NA	NA	NA	NA
NA	NA	NA	NA	NA	NA	NA	NA	NA	NA	NA	NA	NA	NA	NA	NA
NA	NA	NA	NA	NA	NA	NA	NA	NA	NA	NA	NA	NA	NA	NA	NA
NA	NA	NA	NA	NA	NA	NA	NA	NA	NA	NA	NA	NA	NA	NA	NA
NA	NA	NA	NA	NA	NA	NA	NA	NA	NA	NA	NA	NA	NA	NA	NA
NA	NA	NA	NA	NA	NA	NA	NA	NA	NA	NA	NA	NA	NA	NA	NA
NA	NA	NA	NA	NA	NA	NA	NA	NA	NA	NA	NA	NA	NA	NA	NA
NA	NA	NA	NA	NA	NA	NA	NA	NA	NA	NA	NA	NA	NA	NA	NA
NA	NA	NA	NA	NA	NA	NA	NA	NA	NA	NA	NA	NA	NA	NA	NA
NA	NA	NA	NA	NA	NA	NA	NA	NA	NA	NA	NA	NA	NA	NA	NA
NA	NA	NA	NA	NA	NA	NA	NA	NA	NA	NA	NA	NA	NA	NA	NA
NA	NA	NA	NA	NA	NA	NA	NA	NA	NA	NA	NA	NA	NA	NA	NA
NA	NA	NA	NA	NA	NA	NA	NA	NA	NA	NA	NA	NA	NA	NA	NA
NA	NA	NA	NA	NA	NA	NA	NA	NA	NA	NA	NA	NA	NA	NA	NA
NA	NA	NA	NA	NA	NA	NA	NA	NA	NA	NA	NA	NA	NA	NA	NA
NA	NA	NA	NA	NA	NA	NA	NA	NA	NA	NA	NA	NA	NA	NA	NA
NA	NA	NA	NA	NA	NA	NA	NA	NA	NA	NA	NA	NA	NA	NA	NA
NA	NA	NA	NA	NA	NA	NA	NA	NA	NA	NA	NA	NA	NA	NA	NA
NA	NA	NA	NA	NA	NA	NA	NA	NA	NA	NA	NA	NA	NA	NA	NA
NA	NA	NA	NA	NA	NA	NA	NA	NA	NA	NA	NA	NA	NA	NA	NA
NA	NA	NA	NA	NA	NA	NA	NA	NA	NA	NA	NA	NA	NA	NA	NA
NA	NA	NA	NA	NA	NA	NA	NA	NA	NA	NA	NA	NA	NA	NA	NA
NA	NA	NA	NA	NA	NA	NA	NA	NA	NA	NA	NA	NA	NA	NA	NA
NA	NA	NA	NA	NA	NA	NA	NA	NA	NA	NA	NA	NA	NA	NA	NA
NA	NA	NA	NA	NA	NA	NA	NA	NA	NA	NA	NA	NA	NA	NA	NA
NA	NA	NA	NA	NA	NA	NA	NA	NA	NA	NA	NA	NA	NA	NA	NA
NA	NA	NA	NA	NA	NA	NA	NA	NA	NA	NA	NA	NA	NA	NA	NA
NA	NA	NA	NA	NA	NA	NA	NA	NA	NA	NA	NA	NA	NA	NA	NA
NA	NA	NA	NA	NA	NA	NA	NA	NA	NA	NA	NA	NA	NA	NA	NA
NA	NA	NA	NA	NA	NA	NA	NA	NA	NA	NA	NA	NA	NA	NA	NA
NA	NA	NA	NA	NA	NA	NA	NA	NA	NA	NA	NA	NA	NA	NA	NA
NA	NA	NA	NA	NA	NA	NA	NA	NA	NA	NA	NA	NA	NA	NA	NA
NA	NA	NA	NA	NA	NA	NA	NA	NA	NA	NA	NA	NA	NA	NA	NA
NA	NA	NA	NA	NA	NA	NA	NA	NA	NA	NA	NA	NA	NA	NA	NA
NA	NA	NA	NA	NA	NA	NA	NA	NA	NA	NA	NA	NA	NA	NA	NA
NA	NA	NA	NA	NA	NA	NA	NA	NA	NA	NA	NA	NA	NA	NA	NA
NA	NA	NA	NA	NA	NA	NA	NA	NA	NA	NA	NA	NA	NA	NA	NA
NA	NA	NA	NA	NA	NA	NA	NA	NA	NA	NA	NA	NA	NA	NA	NA
NA	NA	NA	NA	NA	NA	NA	NA	NA	NA	NA	NA	NA	NA	NA	NA
NA	NA	NA	NA	NA	NA	NA	NA	NA	NA	NA	NA	NA	NA	NA	NA
NA	NA	NA	NA	NA	NA	NA	NA	NA	NA	NA	NA	NA	NA	NA	NA
NA	NA	NA	NA	NA	NA	NA	NA	NA	NA	NA	NA	NA	NA	NA	NA
NA	NA	NA	NA	NA	NA	NA	NA	NA	NA	NA	NA	NA	NA	NA	NA
NA	NA	NA	NA	NA	NA	NA	NA	NA	NA	NA	NA	NA	NA	NA	NA
NA	NA	NA	NA	NA	NA	NA	NA	NA	NA	NA	NA	NA	NA	NA	NA
NA	NA	NA	NA	NA	NA	NA	NA	NA	NA	NA	NA	NA	NA	NA	NA
NA	NA	NA	NA	NA	NA	NA	NA	NA	NA	NA	NA	NA	NA	NA	NA
NA	NA	NA	NA	NA	NA	NA	NA	NA	NA	NA	NA	NA	NA	NA	NA
NA	NA	NA	NA	NA	NA	NA	NA	NA	NA	NA	NA	NA	NA	NA	NA
NA	NA	NA	NA	NA	NA	NA	NA	NA	NA	NA	NA	NA	NA	NA	NA
NA	NA	NA	NA	NA	NA	NA	NA	NA	NA	NA	NA	NA	NA	NA	NA
NA	NA	NA	NA	NA	NA	NA	NA	NA	NA	NA	NA	NA	NA	NA	NA
NA	NA	NA	NA	NA	NA	NA	NA	NA	NA	NA	NA	NA	NA	NA	NA
NA	NA	NA	NA	NA	NA	NA	NA	NA	NA	NA	NA	NA	NA	NA	NA
NA	NA	NA	NA	NA	NA	NA	NA	NA	NA	NA	NA	NA	NA	NA	NA
NA	NA	NA	NA	NA	NA	NA	NA	NA	NA	NA	NA	NA	NA	NA	NA
NA	NA	NA	NA	NA	NA	NA	NA	NA	NA	NA	NA	NA	NA	NA	NA
NA	NA	NA	NA	NA	NA	NA	NA	NA	NA	NA	NA	NA	NA	NA	NA
NA	NA	NA	NA	NA	NA	NA	NA	NA	NA	NA	NA	NA	NA	NA	NA
NA	NA	NA	NA	NA	NA	NA	NA	NA	NA	NA	NA	NA	NA	NA	NA
NA	NA	NA	NA	NA	NA	NA	NA	NA	NA	NA	NA	NA	NA	NA	NA
NA	NA	NA	NA	NA	NA	NA	NA	NA	NA	NA	NA	NA	NA	NA	NA
NA	NA	NA	NA	NA	NA	NA	NA	NA	NA	NA	NA	NA	NA	NA	NA
NA	NA	NA	NA	NA	NA	NA	NA	NA	NA	NA	NA	NA	NA	NA	NA
NA	NA	NA	NA	NA	NA	NA	NA	NA	NA	NA	NA	NA	NA	NA	NA
NA	NA	NA	NA	NA	NA	NA	NA	NA	NA	NA	NA	NA	NA	NA	NA
NA	NA	NA	NA	NA	NA	NA	NA	NA	NA	NA	NA	NA	NA	NA	NA
NA	NA	NA	NA	NA	NA	NA	NA	NA	NA	NA	NA	NA	NA	NA	NA
NA	NA	NA	NA	NA	NA	NA	NA	NA	NA	NA	NA	NA	NA	NA	NA
NA	NA	NA	NA	NA	NA	NA	NA	NA	NA	NA	NA	NA	NA	NA	NA
NA	NA	NA	NA	NA	NA	NA	NA	NA	NA	NA	NA	NA	NA	NA	NA
NA	NA	NA	NA	NA	NA	NA	NA	NA	NA	NA	NA	NA	NA	NA	NA
NA	NA	NA	NA	NA	NA	NA	NA	NA	NA	NA	NA	NA	NA	NA	NA
NA	NA	NA	NA	NA	NA	NA	NA	NA	NA	NA	NA	NA	NA	NA	NA
NA	NA	NA	NA	NA	NA	NA	NA	NA	NA	NA	NA	NA	NA	NA	NA
NA	NA	NA	NA	NA	NA	NA	NA	NA	NA	NA	NA	NA	NA	NA	NA
NA	NA	NA	NA	NA	NA	NA	NA	NA	NA	NA	NA	NA	NA	NA	NA
NA	NA	NA	NA	NA	NA	NA	NA	NA	NA	NA	NA	NA	NA	NA	NA
NA	NA	NA	NA	NA	NA	NA	NA	NA	NA	NA	NA	NA	NA	NA	NA
NA	NA	NA	NA	NA	NA	NA	NA	NA	NA	NA	NA	NA	NA	NA	NA
NA	NA	NA	NA	NA	NA	NA	NA	NA	NA	NA	NA	NA	NA	NA	NA
NA	NA	NA	NA	NA	NA	NA	NA	NA	NA	NA	NA	NA	NA	NA	NA
NA	NA	NA	NA	NA	NA	NA	NA	NA	NA	NA	NA	NA	NA	NA	NA
NA	NA	NA	NA	NA	NA	NA	NA	NA	NA	NA	NA	NA	NA	NA	NA
NA	NA	NA	NA	NA	NA	NA	NA	NA	NA	NA	NA	NA	NA	NA	NA
NA	NA	NA	NA	NA	NA	NA	NA	NA	NA	NA	NA	NA	NA	NA	NA
NA	NA	NA	NA	NA	NA	NA	NA	NA	NA	NA	NA	NA	NA	NA	NA
NA	NA	NA	NA	NA	NA	NA	NA	NA	NA	NA	NA	NA	NA	NA	NA
NA	NA	NA	NA	NA	NA	NA	NA	NA	NA	NA	NA	NA	NA	NA	NA
NA	NA	NA	NA	NA	NA	NA	NA	NA	NA	NA	NA	NA	NA	NA	NA
NA	NA	NA	NA	NA	NA	NA	NA	NA	NA	NA	NA	NA	NA	NA	NA
NA	NA	NA	NA	NA	NA	NA	NA	NA	NA	NA	NA	NA	NA	NA	NA
NA	NA	NA	NA	NA	NA	NA	NA	NA	NA	NA	NA	NA	NA	NA	NA
NA	NA	NA	NA	NA	NA	NA	NA	NA	NA	NA	NA	NA	NA	NA	NA
NA	NA	NA	NA	NA	NA	NA	NA	NA	NA	NA	NA	NA	NA	NA	NA
NA	NA	NA	NA	NA	NA	NA	NA	NA	NA	NA	NA	NA	NA	NA	NA
NA	NA	NA	NA	NA	NA	NA	NA	NA	NA	NA	NA	NA	NA	NA	NA
NA	NA	NA	NA	NA	NA	NA	NA	NA	NA	NA	NA	NA	NA	NA	NA
NA	NA	NA	NA	NA	NA	NA	NA	NA	NA	NA	NA	NA	NA	NA	NA
NA	NA	NA	NA	NA	NA	NA	NA	NA	NA	NA	NA	NA	NA	NA	NA
NA	NA	NA	NA	NA	NA	NA	NA	NA	NA	NA	NA	NA	NA	NA	NA
NA	NA	NA	NA	NA	NA	NA	NA	NA	NA	NA	NA	NA	NA	NA	NA
NA	NA	NA	NA	NA	NA	NA	NA	NA	NA	NA	NA	NA	NA	NA	NA
NA	NA	NA	NA	NA	NA	NA	NA	NA	NA	NA	NA	NA	NA	NA	NA
NA	NA	NA	NA	NA	NA	NA	NA	NA	NA	NA	NA	NA	NA	NA	NA
NA	NA	NA	NA	NA	NA	NA	NA	NA	NA	NA	NA	NA	NA	NA	NA
NA	NA	NA	NA	NA	NA	NA	NA	NA	NA	NA	NA	NA	NA	NA	NA
NA	NA	NA	NA	NA	NA	NA	NA	NA	NA	NA	NA	NA	NA	NA	NA
NA	NA	NA	NA	NA	NA	NA	NA	NA	NA	NA	NA	NA	NA	NA	NA
NA	NA	NA	NA	NA	NA	NA	NA	NA	NA	NA	NA	NA	NA	NA	NA
NA	NA	NA	NA	NA	NA	NA	NA	NA	NA	NA	NA	NA	NA	NA	NA
NA	NA	NA	NA	NA	NA	NA	NA	NA	NA	NA	NA	NA	NA	NA	NA
NA	NA	NA	NA	NA	NA	NA	NA	NA	NA	NA	NA	NA	NA	NA	NA
NA	NA	NA	NA	NA	NA	NA	NA	NA	NA	NA	NA	NA	NA	NA	NA
NA	NA	NA	NA	NA	NA	NA	NA	NA	NA	NA	NA	NA	NA	NA	NA
1.9999055520746	0.0976151965970707	1.80857976674435	2.19123133740486	1.97801763180458	0.127563932225039	1.72799232464351	2.22804293896566	1.97801763180458	0.0976151965970707	1.78843469354204	2.16459535728521	1.97969390286699	0.0932020516276327	1.7968928890561	2.16249491667788
1.98489910800961	0.110826837365075	1.76767850677406	2.20211970924516	2.00012782985285	0.146110947801626	1.71375037216166	2.28650528754404	2.00012782985285	0.110826837365075	1.78239097831848	2.22121438615253	2.0035473058431	0.106844011736343	1.79397008663609	2.21312452505011
1.79050873156422	0.0904329081803442	1.61326023153075	1.9677572315977	1.78907646381953	0.119233048631503	1.55537968850179	2.02277323913728	1.78907646381953	0.0904329081803442	1.60098516440487	1.96289537617089	1.79126480349525	0.084883832135821	1.6247883690057	1.9577412379848
1.99300904498807	0.0910634434334044	1.8145246958586	2.17149339411755	2.02927381999855	0.117278383529908	1.79940818827993	2.25913945171717	2.02927381999855	0.0910634434334044	1.84676451971627	2.21264487231039	2.02676497679382	0.0870345191629231	1.85606758479783	2.1974623687898
1.99895934068742	0.0994008285112703	1.80413371680533	2.19378496456951	1.96969202295196	0.132533727998706	1.7099259160745	2.22945812982942	1.96969202295196	0.0994008285112703	1.76989913407203	2.16077524743501	1.97157981615013	0.0930006845401938	1.78917385146056	2.15398578083971
1.83386654089159	0.0967895513782653	1.64415902019019	2.02357406159299	1.86798144700459	0.12495242208428	1.6230746997194	2.11288819428978	1.86798144700459	0.0967895513782653	1.68540184758531	2.05493191761828	1.86899432816436	0.0898416785874175	1.69278614938963	2.04520250693909
2.00371819263081	0.0892772158908019	1.82873484948484	2.17870153577678	1.98505789757703	0.119039828692411	1.75173983333991	2.21837596181416	1.98505789757703	0.0892772158908019	1.80864473380376	2.15017959236198	1.98641014006616	0.0822550426139559	1.82510193618005	2.14771834395228
2.00069683888524	0.09102015422232	1.82229733660949	2.17909634116098	1.97549850200516	0.119945243989141	1.74040582378644	2.21059118022387	1.97549850200516	0.09102015422232	1.79678557104428	2.15122125993284	1.97411301085843	0.0849607891934167	1.80749285819424	2.14073316352262
1.91971847102705	0.103070017491093	1.71770123674451	2.12173570530959	1.93566861268022	0.130780271449848	1.67933928063852	2.19199794472192	1.93566861268022	0.103070017491093	1.73288277312181	2.13613678847566	1.93570944772898	0.100692640351741	1.73820315934736	2.1332157361106
2.13974792568504	0.0815302380083405	1.97994865918869	2.29954719218139	2.08669379689531	0.111737761744824	1.86768778387546	2.30569980991517	2.08669379689531	0.0815302380083405	1.92694599205586	2.24992233829113	2.08716286593748	0.0751420526530853	1.93980908762059	2.23451664425438
1.86812728294736	0.0936998439418411	1.68447558882135	2.05177897707337	1.87085498344458	0.119858040699407	1.63593322367374	2.10577674321542	1.87085498344458	0.0936998439418411	1.68828839659947	2.06279693680183	1.87174510202217	0.0895615146427267	1.69609396447025	2.04739623957408
1.91779079172159	0.0887956270574049	1.74375136268908	2.0918302207541	1.84162741148821	0.11421129731016	1.6177732687603	2.06548155421612	1.84162741148821	0.0887956270574049	1.66196720034127	2.01790679661477	1.84308983029512	0.0864077772509276	1.67361953452192	2.01256012606832
1.95331224303249	0.08112460662345	1.79430801405053	2.11231647201445	1.95648936298692	0.107817299056243	1.74516745683669	2.16781126913716	1.95648936298692	0.08112460662345	1.78872647970814	2.11028148030948	1.96143340659878	0.0757041794219143	1.81298345035101	2.10988336284655
1.97229384837629	0.112578929501004	1.75163914655432	2.19294855019826	1.98626602103304	0.145565529604421	1.70095758300837	2.2715744590577	1.98626602103304	0.112578929501004	1.7885291056464	2.21657965859189	1.98535025650647	0.107144693730077	1.77517974107818	2.19552077193476
2.06281168930838	0.0872648373566468	1.89177260808936	2.23385077052741	2.18429348199729	0.116845874300922	1.95527556836748	2.41331139562709	2.18429348199729	0.0872648373566468	2.01896803551204	2.36121958701438	2.17954614829193	0.0792973954925931	2.02403929671355	2.33505299987031
1.92606137066074	0.0963714844960215	1.73717326104853	2.11494948027294	1.91479303284329	0.124856574876463	1.67007414608542	2.15951191960115	1.91479303284329	0.0963714844960215	1.73591030063292	2.11619536159903	1.91475713310275	0.088673684994465	1.74083775531669	2.08867651088881
2.00107951517709	0.100136978891636	1.80481103654949	2.1973479938047	2.10440496368266	0.130995417459335	1.84765394546237	2.36115598190296	2.10440496368266	0.100136978891636	1.90683248445955	2.2931233680839	2.10588947809876	0.0947940284228158	1.91995594187402	2.2918230143235
2.07471859221121	0.0862633125545532	1.90564249960428	2.24379468481813	2.04242918126622	0.108079465475979	1.8305934289333	2.25426493359914	2.04242918126622	0.0862633125545532	1.87998514394822	2.21761545243362	2.04189566284118	0.0815201394891867	1.88202606741196	2.20176525827041
1.99316753958331	0.0829968736055964	1.83049366731634	2.15584141185028	2.03355897502807	0.110550131061203	1.81688071814812	2.25023723190803	2.03355897502807	0.0829968736055964	1.86830429420664	2.19448299659345	2.03241245532669	0.0771835097363689	1.8810509020709	2.18377400858247
1.99810958762555	0.0941709228384251	1.81353457886223	2.18268459638886	2.00176407241374	0.129143391145942	1.7486430257677	2.25488511905979	2.00176407241374	0.0941709228384251	1.82501468700131	2.18664674764892	1.99922964244882	0.086681833361058	1.82922764798976	2.16923163690788
2.04995748878862	0.0874312059851147	1.8785923250578	2.22132265251945	2.09007517082225	0.116006909595448	1.86270162801518	2.31744871362933	2.09007517082225	0.0874312059851147	1.9240823248511	2.25691874464491	2.09032670280058	0.082994465292425	1.92756011994837	2.25309328565278
1.98520058777134	0.0869467461672724	1.81478496528349	2.15561621025919	1.97773542196481	0.11267588099387	1.75689069521683	2.1985801487128	1.97773542196481	0.0869467461672724	1.80555191300947	2.13605162704292	1.97791018209347	0.0840067434484057	1.81315620401439	2.14266416017255
1.87521404870069	0.0942704673505597	1.69044393269359	2.05998416470779	1.88087694462926	0.127628290447147	1.63072549535285	2.13102839390566	1.88087694462926	0.0942704673505597	1.68504196161875	2.06258049858368	1.87911438400749	0.087805185170255	1.70690345401898	2.051325313996
2.14602789910902	0.088133782151672	1.97328568609174	2.31877011212629	2.12748247742451	0.113668794537855	1.90469164013032	2.35027331471871	2.12748247742451	0.088133782151672	1.9501559483516	2.29971129325317	2.12530542513717	0.0826401697091264	1.96323552301426	2.28737532726008
2.07191112573069	0.0846573793701249	1.90598266216525	2.23783958929614	2.06880621713057	0.111222127532329	1.85081084716721	2.28680158709393	2.06880621713057	0.0846573793701249	1.9044283492914	2.23267732368685	2.06849313245251	0.0785318682568158	1.91448351218696	2.22250275271805
2.04279365688345	0.0943755377081727	1.85781760297543	2.22776971079147	2.01099341511567	0.123410208710946	1.76910940604221	2.25287742418912	2.01099341511567	0.0943755377081727	1.82000072971534	2.20091408193947	2.01255235016964	0.0864727614293467	1.84296475687905	2.18213994346022
2.14553229455213	0.0969649706679985	1.95548095204286	2.33558363706141	2.13368599123586	0.126253239509804	1.88622964179664	2.38114234067507	2.13368599123586	0.0969649706679985	1.95522612935366	2.32623557914591	2.13509917941666	0.0902835925170737	1.95802266675977	2.31217569207356
2.03348258606564	0.0882360738888519	1.86053988124349	2.20642529088779	2.03326691335749	0.119678295862372	1.79869745346724	2.26783637324774	2.03326691335749	0.0882360738888519	1.86210648361758	2.21309480163571	2.03412385648776	0.0826310749573365	1.8720708923102	2.19617682066532
1.7144351371312	0.0984707557194365	1.5214324559211	1.90743781834129	1.76811000650773	0.126490738440809	1.52018815916375	2.01603185385172	1.76811000650773	0.0984707557194365	1.58468367957337	1.95295685390525	1.76937370590698	0.0952559374841725	1.58254478340121	1.95620262841275
1.9764868487014	0.0963522399649523	1.78763645837009	2.16533723903271	2.05082664560662	0.127633820089875	1.80066435823047	2.30098893298278	2.05082664560662	0.0963522399649523	1.86810137062125	2.24325239905487	2.04945195706227	0.0917443517102232	1.86951062055096	2.22939329357358
2.10062956256958	0.0890408660123611	1.92610946518535	2.2751496599538	2.1245251365666	0.116475737599409	1.89623269087176	2.35281758226144	2.1245251365666	0.0890408660123611	1.96303944129248	2.3049591347995	2.12478554210495	0.0845463410764716	1.95897292385213	2.29059816035776
2.02408267504797	0.0912249224638452	1.84528182701883	2.20288352307711	1.99331005437395	0.123649441382242	1.75095714926475	2.23566295948314	1.99331005437395	0.0912249224638452	1.8146605475139	2.1822374409124	1.99318249538522	0.0855274280094347	1.82544067368431	2.16092431708613
1.98765711285245	0.0880368642243275	1.81510485897277	2.16020936673213	1.99713703154751	0.115099992032385	1.77154104716403	2.22273301593098	1.99713703154751	0.0880368642243275	1.8267618509055	2.17773046987833	1.9968208888806	0.082324447680457	1.83537422490298	2.15826755285823
2.08016495695118	0.0884825509141707	1.9067391571594	2.25359075674295	2.09394615366768	0.118228975254358	1.86221736216914	2.32567494516623	2.09394615366768	0.0884825509141707	1.93313710982533	2.26385968607946	2.09142234728066	0.0808261289744246	1.93290918131462	2.24993551324671
1.99106930526047	0.0875397615517544	1.81949137261903	2.16264723790191	2.02349560817216	0.114482221050413	1.79911045491335	2.24788076143097	2.02349560817216	0.0875397615517544	1.84889534624867	2.18528560469223	2.0242676445972	0.0826209618613461	1.86223280057503	2.18630248861936
1.96763716234879	0.0874405804779545	1.796253624612	2.13902070008558	1.89633382895751	0.11792253944595	1.66520565164345	2.12746200627157	1.89633382895751	0.0874405804779545	1.72107837306508	2.08311893535635	1.89516645203919	0.0815606032317529	1.73521261258825	2.05512029149013
1.93159118478461	0.0946962320197614	1.74598657002588	2.11719579954334	1.93200600107016	0.127803076410863	1.68151197130487	2.18250003083545	1.93200600107016	0.0946962320197614	1.75617434660422	2.13342980469389	1.93033067727269	0.0891446489977294	1.75549576060063	2.10516559394474
2.05592992299118	0.0853128812955813	1.88871667565184	2.22314317033052	2.11388439316458	0.114503648653743	1.88945724180325	2.33831154452592	2.11388439316458	0.0853128812955813	1.94861796242921	2.28578437997499	2.11350493604163	0.0802710269419619	1.95608281115082	2.27092706093245
1.98849102496649	0.0897327649274858	1.81261480570862	2.16436724422437	2.03580748211356	0.114399006144528	1.81158543007028	2.26002953415683	2.03580748211356	0.0897327649274858	1.86184733760119	2.21341545709622	2.03487288583085	0.0863786356337432	1.86546766513779	2.20427810652392
1.91959532715665	0.083674355600182	1.75559359018029	2.083597064133	1.89496431528753	0.113151533532805	1.67318730956323	2.11674132101183	1.89496431528753	0.083674355600182	1.73164358429974	2.06150755830439	1.89483353867263	0.0776295342709387	1.74259943104803	2.04706764629724
1.97559242524059	0.0820247031630204	1.81482400704107	2.13636084344011	1.99995168739106	0.108242011188756	1.7877973454611	2.21210602932102	1.99995168739106	0.0820247031630204	1.83504744226755	2.16863285185596	1.99671259085949	0.0770611240978202	1.8455873429544	2.14783783876458
2.00874050289752	0.0857011561117355	1.84076623691852	2.17671476887652	1.97937749998995	0.114030379740019	1.75587795569951	2.20287704428038	1.97937749998995	0.0857011561117355	1.81336805340088	2.1400232670674	1.97915118752326	0.0804385472213286	1.821399607288	2.13690276775853
2.11237849339709	0.0861361310019844	1.9435516766332	2.28120531016098	2.06058026890124	0.110195864556625	1.84459637437025	2.27656416343222	2.06058026890124	0.0861361310019844	1.88752193353184	2.22479776497898	2.05767456287914	0.0799949906581249	1.90079618960992	2.21455293614837
1.91555662755128	0.0925891158274671	1.73408196052945	2.09703129457312	1.89591588299521	0.124032590634335	1.65281200535191	2.13901976063851	1.89591588299521	0.0925891158274671	1.71203278807421	2.07674737514409	1.8946246824937	0.0871478359507291	1.72371146951989	2.06553789546751
2.10529181292902	0.086059925751241	1.93661435845659	2.27396926740145	2.09482166266875	0.114958898107285	1.86950222237847	2.32014110295903	2.09482166266875	0.086059925751241	1.92988142505373	2.26416013241018	2.09230260933966	0.0800927857453389	1.93522988153595	2.24937533714337
1.98446126509439	0.0793122352733899	1.82900928395854	2.13991324623023	1.98829234092624	0.103809529696498	1.78482566272111	2.19175901913138	1.98829234092624	0.0793122352733899	1.84089398646262	2.14354644665604	1.98732774393368	0.0724652190793492	1.84522387021864	2.12943161764872
1.95096070714912	0.0953474235389582	1.76407975701276	2.13784165728547	1.90655623534457	0.122792258565613	1.66588340855597	2.14722906213317	1.90655623534457	0.0953474235389582	1.71245841974833	2.08049379194853	1.90544208777186	0.0924910073110873	1.72403425777178	2.08684991777195
1.93292846494766	0.092476839204269	1.75167386010729	2.11418306978803	1.93550363844247	0.119772044155884	1.70075043189694	2.170256844988	1.93550363844247	0.092476839204269	1.7509872386957	2.11523228733907	1.93499333971723	0.0887283614215927	1.76097078128369	2.10901589815078
1.90061435341016	0.0904985852087666	1.72323712640098	2.07799158041934	1.94278830181763	0.118808703942237	1.70992324209085	2.17565336154442	1.94278830181763	0.0904985852087666	1.77608467982801	2.12456443233399	1.94322944986766	0.0851005863183864	1.7763236213053	2.11013527843001
2.00820341466593	0.106211372242899	1.80002912506985	2.21637770426201	1.94789173764457	0.147654435456809	1.65848904414922	2.23729443113991	1.94789173764457	0.106211372242899	1.74689025491293	2.15568098352263	1.9462271736203	0.100190595240153	1.74970733899134	2.14274700824926
1.93979416299455	0.0999215640824996	1.74394789739285	2.13564042859624	1.90592725378121	0.129756596863747	1.65160432392827	2.16025018363415	1.90592725378121	0.0999215640824996	1.719614867902	2.10368430259129	1.90568338167433	0.0932877179963258	1.72271939850356	2.0886473648451
2.00220798858004	0.100482447682347	1.80526239112264	2.19915358603743	1.95936910465504	0.132012259424772	1.70062507618249	2.21811313312759	1.95936910465504	0.100482447682347	1.76647460205181	2.13942973912594	1.96203550769863	0.0942483055214628	1.77718830515186	2.14688271024541
1.88067012364766	0.095945544045701	1.69261685731809	2.06872338997723	1.86596017691349	0.125235909554071	1.62049779418751	2.11142255963947	1.86596017691349	0.095945544045701	1.67267186615059	2.04927398444358	1.86569488232914	0.0900857479819485	1.68900902580459	2.04238073885369
2.05441483517388	0.0963862961199272	1.86549769477882	2.24333197556893	1.98616878152425	0.127828441056249	1.735625037054	2.2367125259945	1.98616878152425	0.0963862961199272	1.79050257588544	2.17246821174697	1.9848067813521	0.0886203038289632	1.8109969113661	2.15861665133811
1.94622383539305	0.0890806665715206	1.77162572891287	2.12082194187323	1.94268834761037	0.119506258808893	1.70845608034494	2.1769206148758	1.94268834761037	0.0890806665715206	1.76704310272605	2.12118023567816	1.94390454470164	0.0836580237938899	1.77984138112691	2.10796770827636
1.90809353503571	0.0847092145242229	1.74206347456823	2.07412359550319	1.95604068683911	0.113163905426843	1.7342394322025	2.17784194147572	1.95604068683911	0.0847092145242229	1.7924769012016	2.11941385872475	1.95528124791417	0.0782626977569901	1.80180429700796	2.10875819882038
1.891267219514	0.0943819239413067	1.70627864858904	2.07625579043896	1.88302737845147	0.124983195848405	1.63806031458859	2.12799444231434	1.88302737845147	0.0943819239413067	1.69772626313681	2.06602811073338	1.88222225399116	0.0875765201572422	1.71046660816195	2.05397789982037
1.93162286913392	0.0870263398135142	1.76105124309943	2.10219449516841	1.90200278686481	0.112426135205889	1.68164756186127	2.12235801186836	1.90200278686481	0.0870263398135142	1.74259037519518	2.08027418230438	1.90095374409995	0.083407399427356	1.73737232947954	2.06453515872036
1.92477288194397	0.0882813194069656	1.75174149590632	2.09780426798162	1.9023229264104	0.111183747729064	1.68440278086143	2.12024307195936	1.9023229264104	0.0882813194069656	1.72022788092801	2.07681396944984	1.90237973466463	0.087286853647299	1.73119278623396	2.0735666830953
1.97789390692999	0.0911208229742538	1.79929709390045	2.15649071995953	1.99856838425625	0.123223545334925	1.75705023539979	2.2400865331127	1.99856838425625	0.0911208229742538	1.82120951263159	2.18147864173134	1.99648324600066	0.0839526575471911	1.83184225848558	2.16112423351575
1.99855398500854	0.0963037063879748	1.80979872048811	2.18730924952897	2.02865352505228	0.128342963166325	1.77710131724628	2.28020573285827	2.02865352505228	0.0963037063879748	1.8478901926717	2.23483213904016	2.02780229806445	0.090136702293268	1.85101670285769	2.20458789327119
2.10454007221506	0.0857126312809711	1.93654331490436	2.27253682952577	2.06732983989396	0.113797178298286	1.84428737042932	2.29037230935861	2.06732983989396	0.0857126312809711	1.90565746282611	2.23413189015618	2.06751617302792	0.0816536673214767	1.90738312345967	2.22764922259617
2.1129650357524	0.0906082329107683	1.9353728992473	2.29055717225751	2.02664858348748	0.116687632479884	1.79794082382691	2.25535634314805	2.02664858348748	0.0906082329107683	1.8599116527745	2.20578635697541	2.02736139577815	0.0858556119384258	1.85897894686967	2.19574384468663
1.98991648862514	0.0978170507257702	1.79819506920263	2.18163790804765	1.98264303514516	0.128641064385959	1.73050654894868	2.23477952134164	1.98264303514516	0.0978170507257702	1.79198631238096	2.16528622026316	1.98187083776353	0.0914439775146607	1.80252215124871	2.16121952427834
1.95602411328416	0.0877439058513925	1.78404605781543	2.12800216875289	1.96112704064486	0.116778953026527	1.73224029271287	2.19001378857685	1.96112704064486	0.0877439058513925	1.78941647784495	2.13443250443008	1.96041723758794	0.0847828843862942	1.79414332890907	2.12669114626682
2.02747449198274	0.0816465968434208	1.86744716216964	2.18750182179585	2.0010041967091	0.10388813064069	1.79738346065335	2.20462493276486	2.0010041967091	0.0816465968434208	1.83621043266758	2.15609326891946	1.99964952845527	0.0801876265609702	1.84239848730528	2.15690056960526
1.97329830762923	0.0832983428402861	1.81003355566226	2.13656305959619	2.03191836506109	0.106660412521909	1.82286395651815	2.24097277360403	2.03191836506109	0.0832983428402861	1.87799277117807	2.18981833172201	2.03162896857757	0.0764427154705801	1.88172226920711	2.18153566794803
2.01798688266521	0.0926205446289519	1.83645061519247	2.19952315013796	2.02306673851234	0.117940971091633	1.79190243517274	2.25423104185194	2.02306673851234	0.0926205446289519	1.8356048021563	2.19837407031895	2.02212940804136	0.0876844003264428	1.85015403300003	2.19410478308269
2.08639270230545	0.093131471464199	1.90385501823562	2.26893038637528	2.08040648292201	0.12326819592312	1.83880081891269	2.32201214693132	2.08040648292201	0.093131471464199	1.90597553153924	2.27178514866758	2.07943933225639	0.0880043726988266	1.90683880251485	2.25203986199793
1.89206504083577	0.0829219473268009	1.72953802407524	2.0545920575963	1.92377692009597	0.10645761143748	1.71512000167851	2.13243383851343	1.92377692009597	0.0829219473268009	1.76498478402076	2.08680333376294	1.92628037182936	0.0788818596205346	1.77159106115913	2.0809696824996
1.9811752140656	0.113649633192381	1.75842193300854	2.20392849512267	1.96206921485113	0.154379763447495	1.65948487849404	2.26465355120822	1.96206921485113	0.113649633192381	1.72944609732287	2.1800191479139	1.96012520528001	0.107140054052639	1.74997080374741	2.17027960681261
2.00876676664919	0.0909351668804658	1.83053383956348	2.1869996937349	2.0045317152536	0.120970837127873	1.76742887448297	2.24163455602423	2.0045317152536	0.0909351668804658	1.82063924884647	2.16865485070772	2.00316208329825	0.0836726672405881	1.83905731526424	2.16726685133226
2.04664129399019	0.0878650954317853	1.87442570694389	2.21885688103649	2.07949235775811	0.11633157466474	1.85148247141522	2.307502244101	2.07949235775811	0.0878650954317853	1.91101111308065	2.25647407033395	2.07949521052744	0.0824315942311048	1.91783668904903	2.24115373200586
1.94725453192952	0.0942202193035583	1.76258290209455	2.1319261617645	1.95319953438812	0.122266255574616	1.71355767346187	2.19284139531436	1.95319953438812	0.0942202193035583	1.77347932422462	2.13916265481068	1.95357025305711	0.0904882018330319	1.77610134884454	2.13103915726968
2.09297869893332	0.107371925595146	1.88252972476683	2.3034276730998	2.04665007499703	0.140537126980719	1.77119730611482	2.32210284387924	2.04665007499703	0.107371925595146	1.83558470896735	2.25665769445624	2.04543703796647	0.101005020129355	1.84731744744968	2.24355662848326
2.11278188232121	0.0983000994708915	1.92011368735826	2.30545007728416	2.08750715316203	0.13101950147293	1.83070893027509	2.34430537604897	2.08750715316203	0.0983000994708915	1.88022320036211	2.26985505452064	2.08435103651087	0.091039583235952	1.90579778851121	2.26290428451053
2.11590547789464	0.086908071381903	1.94556565798611	2.28624529780317	2.08312083473441	0.11244729796171	1.86272413072946	2.30351753873936	2.08312083473441	0.086908071381903	1.91562604047571	2.26557855387533	2.08282242863592	0.0822556066150384	1.92150128524726	2.24414357202459
2.02809106242922	0.0934968333762747	1.84483726901172	2.21134485584672	1.99196461591591	0.127932648046869	1.74121662574405	2.24271260608777	1.99196461591591	0.0934968333762747	1.80946988940818	2.17518762857969	1.99385702562374	0.0878351975439679	1.82159488470772	2.16611916653976
2.08270846697399	0.0919499876225062	1.90248649123388	2.2629304427141	2.098703023247	0.122711724257582	1.85818804370214	2.33921800279186	2.098703023247	0.0919499876225062	1.91911866364975	2.27865875014608	2.09671138088609	0.0878999291671385	1.92431793063491	2.26910483113726
1.98573218838347	0.0855907720451002	1.81797427517507	2.15349010159186	1.98193464338619	0.1103838728618	1.76558225257707	2.19828703419532	1.98193464338619	0.0855907720451002	1.80764094757518	2.14624296695415	1.9831711373864	0.0805564602743288	1.82519024117309	2.14115203359971
2.09904712079061	0.092398495486843	1.9179460696364	2.28014817194483	2.11310174306771	0.122978634056176	1.8720636203176	2.35413986581781	2.11310174306771	0.092398495486843	1.93034872021569	2.30882512834921	2.11000256735548	0.084325327437545	1.94462343307869	2.27538170163228
1.89289998388289	0.109834916158527	1.67762354821218	2.1081764195536	1.83262209812508	0.145794089234196	1.54686568322606	2.1183785130241	1.83262209812508	0.109834916158527	1.6070594815803	2.0310502768873	1.83174461247201	0.0999500388631166	1.63570107461972	2.0277881503243
2.01193867052782	0.0875839433031474	1.84027414165365	2.18360319940199	2.01306801919376	0.116326351658366	1.78506836994337	2.24106766844416	2.01306801919376	0.0875839433031474	1.84399475905629	2.18676078420171	2.01559365177849	0.0813074980984747	1.85614112213409	2.1750461814229
2.07708780879499	0.0975281839243748	1.88593256830322	2.26824304928676	2.04491291958226	0.131232604706017	1.78769701435847	2.30212882480606	2.04491291958226	0.0975281839243748	1.84378013892984	2.22818863317837	2.04265118563397	0.0918254190503606	1.86255194118956	2.22275043007838
1.99227829016189	0.0943825357793943	1.80728852003428	2.1772680602895	1.9935094401298	0.123394329104732	1.75165655508453	2.23536232517508	1.9935094401298	0.0943825357793943	1.81161090350817	2.18401809383566	1.99322050283588	0.089583063260829	1.81752143180712	2.16891957386464
2.03635349672222	0.100900850507174	1.83858782972815	2.23411916371628	1.98455047459822	0.134095603652119	1.72172309144006	2.24737785775637	1.98455047459822	0.100900850507174	1.79581301631542	2.18437641827773	1.98608301306133	0.0929225116143609	1.80382663780479	2.16833938831786
1.94048030821939	0.122271087569717	1.70082897658274	2.18013163985603	1.88110127864286	0.155041385952129	1.57722016217668	2.18498239510903	1.88110127864286	0.122271087569717	1.59631395838755	2.10139936100356	1.87998254567302	0.116930673184989	1.65060424193267	2.10936084941337
1.96230586374119	0.0830088247921684	1.79960856714854	2.12500316033384	1.97367343857375	0.108581955122285	1.76085280653407	2.18649407061343	1.97367343857375	0.0830088247921684	1.80766048508624	2.13243322667621	1.97140358131549	0.0774058442219683	1.81960814478188	2.1231990178491
2.07435929100027	0.0874918485489256	1.90287526784437	2.24584331415616	2.03555669063175	0.113330086349767	1.81342972138621	2.25768365987729	2.03555669063175	0.0874918485489256	1.8689805416653	2.21256641695134	2.03397079383878	0.0821554813287957	1.87285189902796	2.19508968864959
1.94787463715567	0.0934409048337015	1.76473046368162	2.13101881062973	1.9781957939302	0.121888104060168	1.73929510997227	2.21709647788813	1.9781957939302	0.0934409048337015	1.78725214966694	2.15031269104778	1.97570991753836	0.0870056102406551	1.80507294590407	2.14634688917264
2.00076765871675	0.0914817203197254	1.82146348689009	2.18007183054341	1.96535779717524	0.12185206216004	1.72652775534156	2.20418783900892	1.96535779717524	0.0914817203197254	1.78906182322059	2.14587399345183	1.96550034431333	0.0848390834671236	1.7991172614048	2.13188342722187
1.95754570372593	0.0935492878945708	1.77418909945257	2.14090230799929	1.93273330653788	0.126888272095187	1.68403229323131	2.18143431984444	1.93273330653788	0.0935492878945708	1.75702043574565	2.12701190807327	1.93250742153178	0.0874653619815404	1.76096386109313	2.10405098197043
2.13648883313463	0.0890381534231624	1.96197405242524	2.31100361384403	2.07191230758234	0.11953745260495	1.83761890047664	2.30620571468804	2.07191230758234	0.0890381534231624	1.90767720358952	2.24684714381	2.0722873242517	0.0840068033108455	1.90753391529406	2.23704073320935
2.02093034293073	0.0952960451532882	1.83415009443028	2.20771059143117	2.05630916334955	0.122519328651804	1.81617127919202	2.29644704750709	2.05630916334955	0.0952960451532882	1.86740035698159	2.23599347841787	2.05555819890717	0.0867245960372234	1.88547431610442	2.22564208170993
1.97408099702214	0.0982979101666938	1.78141709309542	2.16674490094886	2.00271322918941	0.128602753992921	1.75065183136329	2.25477462701554	2.00271322918941	0.0982979101666938	1.80534202153476	2.18840941384422	2.00201775997305	0.094122905649304	1.81741228330022	2.18662323664588
2.06407275431518	0.0854966291030312	1.89649936127324	2.23164614735712	2.03169206619081	0.115192176669348	1.80591539991889	2.25746873246274	2.03169206619081	0.0854966291030312	1.8555064024468	2.19354509815622	2.02824929602113	0.0793345667764762	1.87266448480432	2.18383410723793
2.09674690578795	0.084808710715389	1.93052183278579	2.26297197879011	2.07609872660321	0.110757446842426	1.85901413079205	2.29318332241436	2.07609872660321	0.084808710715389	1.91411134707235	2.24538916071431	2.0763715655309	0.0795743628404047	1.92031642682055	2.23242670424125
2.02977796724161	0.0925133882418773	1.84845172628753	2.21110420819569	2.09008520249859	0.122318384892219	1.85034116810984	2.32982923688734	2.09008520249859	0.0925133882418773	1.90424571346856	2.27369815098635	2.08981064725441	0.0881289112512366	1.91696697355958	2.26265432094924
2.01686904418878	0.101926091124668	1.81709390558443	2.21664418279313	2.01282423955986	0.130980078740414	1.75610328522865	2.26954519389107	2.01282423955986	0.101926091124668	1.82299195956601	2.21100974929989	2.01212744576618	0.096522761234726	1.82280735027388	2.20144754125847
1.95714401757412	0.0946387533139781	1.77165206107872	2.14263597406952	1.95185331767476	0.122461503749609	1.71182877032553	2.19187786502399	1.95185331767476	0.0946387533139781	1.76004826491348	2.13643948799852	1.95273628931457	0.0888836846908792	1.77841149706826	2.12706108156088
