X1	X2	X3	X4	X1.1	X2.1	X3.1	X4.1	X1.2	X2.2	X3.2	X4.2	X1.3	X2.3	X3.3	X4.3
NA	NA	NA	NA	NA	NA	NA	NA	NA	NA	NA	NA	NA	NA	NA	NA
NA	NA	NA	NA	NA	NA	NA	NA	NA	NA	NA	NA	NA	NA	NA	NA
NA	NA	NA	NA	NA	NA	NA	NA	NA	NA	NA	NA	NA	NA	NA	NA
NA	NA	NA	NA	NA	NA	NA	NA	NA	NA	NA	NA	NA	NA	NA	NA
NA	NA	NA	NA	NA	NA	NA	NA	NA	NA	NA	NA	NA	NA	NA	NA
NA	NA	NA	NA	NA	NA	NA	NA	NA	NA	NA	NA	NA	NA	NA	NA
NA	NA	NA	NA	NA	NA	NA	NA	NA	NA	NA	NA	NA	NA	NA	NA
NA	NA	NA	NA	NA	NA	NA	NA	NA	NA	NA	NA	NA	NA	NA	NA
NA	NA	NA	NA	NA	NA	NA	NA	NA	NA	NA	NA	NA	NA	NA	NA
NA	NA	NA	NA	NA	NA	NA	NA	NA	NA	NA	NA	NA	NA	NA	NA
NA	NA	NA	NA	NA	NA	NA	NA	NA	NA	NA	NA	NA	NA	NA	NA
NA	NA	NA	NA	NA	NA	NA	NA	NA	NA	NA	NA	NA	NA	NA	NA
NA	NA	NA	NA	NA	NA	NA	NA	NA	NA	NA	NA	NA	NA	NA	NA
NA	NA	NA	NA	NA	NA	NA	NA	NA	NA	NA	NA	NA	NA	NA	NA
NA	NA	NA	NA	NA	NA	NA	NA	NA	NA	NA	NA	NA	NA	NA	NA
NA	NA	NA	NA	NA	NA	NA	NA	NA	NA	NA	NA	NA	NA	NA	NA
NA	NA	NA	NA	NA	NA	NA	NA	NA	NA	NA	NA	NA	NA	NA	NA
NA	NA	NA	NA	NA	NA	NA	NA	NA	NA	NA	NA	NA	NA	NA	NA
NA	NA	NA	NA	NA	NA	NA	NA	NA	NA	NA	NA	NA	NA	NA	NA
NA	NA	NA	NA	NA	NA	NA	NA	NA	NA	NA	NA	NA	NA	NA	NA
NA	NA	NA	NA	NA	NA	NA	NA	NA	NA	NA	NA	NA	NA	NA	NA
NA	NA	NA	NA	NA	NA	NA	NA	NA	NA	NA	NA	NA	NA	NA	NA
NA	NA	NA	NA	NA	NA	NA	NA	NA	NA	NA	NA	NA	NA	NA	NA
NA	NA	NA	NA	NA	NA	NA	NA	NA	NA	NA	NA	NA	NA	NA	NA
NA	NA	NA	NA	NA	NA	NA	NA	NA	NA	NA	NA	NA	NA	NA	NA
NA	NA	NA	NA	NA	NA	NA	NA	NA	NA	NA	NA	NA	NA	NA	NA
NA	NA	NA	NA	NA	NA	NA	NA	NA	NA	NA	NA	NA	NA	NA	NA
NA	NA	NA	NA	NA	NA	NA	NA	NA	NA	NA	NA	NA	NA	NA	NA
NA	NA	NA	NA	NA	NA	NA	NA	NA	NA	NA	NA	NA	NA	NA	NA
NA	NA	NA	NA	NA	NA	NA	NA	NA	NA	NA	NA	NA	NA	NA	NA
NA	NA	NA	NA	NA	NA	NA	NA	NA	NA	NA	NA	NA	NA	NA	NA
NA	NA	NA	NA	NA	NA	NA	NA	NA	NA	NA	NA	NA	NA	NA	NA
NA	NA	NA	NA	NA	NA	NA	NA	NA	NA	NA	NA	NA	NA	NA	NA
NA	NA	NA	NA	NA	NA	NA	NA	NA	NA	NA	NA	NA	NA	NA	NA
NA	NA	NA	NA	NA	NA	NA	NA	NA	NA	NA	NA	NA	NA	NA	NA
NA	NA	NA	NA	NA	NA	NA	NA	NA	NA	NA	NA	NA	NA	NA	NA
NA	NA	NA	NA	NA	NA	NA	NA	NA	NA	NA	NA	NA	NA	NA	NA
NA	NA	NA	NA	NA	NA	NA	NA	NA	NA	NA	NA	NA	NA	NA	NA
NA	NA	NA	NA	NA	NA	NA	NA	NA	NA	NA	NA	NA	NA	NA	NA
NA	NA	NA	NA	NA	NA	NA	NA	NA	NA	NA	NA	NA	NA	NA	NA
NA	NA	NA	NA	NA	NA	NA	NA	NA	NA	NA	NA	NA	NA	NA	NA
NA	NA	NA	NA	NA	NA	NA	NA	NA	NA	NA	NA	NA	NA	NA	NA
NA	NA	NA	NA	NA	NA	NA	NA	NA	NA	NA	NA	NA	NA	NA	NA
NA	NA	NA	NA	NA	NA	NA	NA	NA	NA	NA	NA	NA	NA	NA	NA
NA	NA	NA	NA	NA	NA	NA	NA	NA	NA	NA	NA	NA	NA	NA	NA
NA	NA	NA	NA	NA	NA	NA	NA	NA	NA	NA	NA	NA	NA	NA	NA
NA	NA	NA	NA	NA	NA	NA	NA	NA	NA	NA	NA	NA	NA	NA	NA
NA	NA	NA	NA	NA	NA	NA	NA	NA	NA	NA	NA	NA	NA	NA	NA
NA	NA	NA	NA	NA	NA	NA	NA	NA	NA	NA	NA	NA	NA	NA	NA
NA	NA	NA	NA	NA	NA	NA	NA	NA	NA	NA	NA	NA	NA	NA	NA
NA	NA	NA	NA	NA	NA	NA	NA	NA	NA	NA	NA	NA	NA	NA	NA
NA	NA	NA	NA	NA	NA	NA	NA	NA	NA	NA	NA	NA	NA	NA	NA
NA	NA	NA	NA	NA	NA	NA	NA	NA	NA	NA	NA	NA	NA	NA	NA
NA	NA	NA	NA	NA	NA	NA	NA	NA	NA	NA	NA	NA	NA	NA	NA
NA	NA	NA	NA	NA	NA	NA	NA	NA	NA	NA	NA	NA	NA	NA	NA
NA	NA	NA	NA	NA	NA	NA	NA	NA	NA	NA	NA	NA	NA	NA	NA
NA	NA	NA	NA	NA	NA	NA	NA	NA	NA	NA	NA	NA	NA	NA	NA
NA	NA	NA	NA	NA	NA	NA	NA	NA	NA	NA	NA	NA	NA	NA	NA
NA	NA	NA	NA	NA	NA	NA	NA	NA	NA	NA	NA	NA	NA	NA	NA
NA	NA	NA	NA	NA	NA	NA	NA	NA	NA	NA	NA	NA	NA	NA	NA
NA	NA	NA	NA	NA	NA	NA	NA	NA	NA	NA	NA	NA	NA	NA	NA
NA	NA	NA	NA	NA	NA	NA	NA	NA	NA	NA	NA	NA	NA	NA	NA
NA	NA	NA	NA	NA	NA	NA	NA	NA	NA	NA	NA	NA	NA	NA	NA
NA	NA	NA	NA	NA	NA	NA	NA	NA	NA	NA	NA	NA	NA	NA	NA
NA	NA	NA	NA	NA	NA	NA	NA	NA	NA	NA	NA	NA	NA	NA	NA
NA	NA	NA	NA	NA	NA	NA	NA	NA	NA	NA	NA	NA	NA	NA	NA
NA	NA	NA	NA	NA	NA	NA	NA	NA	NA	NA	NA	NA	NA	NA	NA
NA	NA	NA	NA	NA	NA	NA	NA	NA	NA	NA	NA	NA	NA	NA	NA
NA	NA	NA	NA	NA	NA	NA	NA	NA	NA	NA	NA	NA	NA	NA	NA
NA	NA	NA	NA	NA	NA	NA	NA	NA	NA	NA	NA	NA	NA	NA	NA
NA	NA	NA	NA	NA	NA	NA	NA	NA	NA	NA	NA	NA	NA	NA	NA
NA	NA	NA	NA	NA	NA	NA	NA	NA	NA	NA	NA	NA	NA	NA	NA
NA	NA	NA	NA	NA	NA	NA	NA	NA	NA	NA	NA	NA	NA	NA	NA
NA	NA	NA	NA	NA	NA	NA	NA	NA	NA	NA	NA	NA	NA	NA	NA
NA	NA	NA	NA	NA	NA	NA	NA	NA	NA	NA	NA	NA	NA	NA	NA
NA	NA	NA	NA	NA	NA	NA	NA	NA	NA	NA	NA	NA	NA	NA	NA
NA	NA	NA	NA	NA	NA	NA	NA	NA	NA	NA	NA	NA	NA	NA	NA
NA	NA	NA	NA	NA	NA	NA	NA	NA	NA	NA	NA	NA	NA	NA	NA
NA	NA	NA	NA	NA	NA	NA	NA	NA	NA	NA	NA	NA	NA	NA	NA
NA	NA	NA	NA	NA	NA	NA	NA	NA	NA	NA	NA	NA	NA	NA	NA
NA	NA	NA	NA	NA	NA	NA	NA	NA	NA	NA	NA	NA	NA	NA	NA
NA	NA	NA	NA	NA	NA	NA	NA	NA	NA	NA	NA	NA	NA	NA	NA
NA	NA	NA	NA	NA	NA	NA	NA	NA	NA	NA	NA	NA	NA	NA	NA
NA	NA	NA	NA	NA	NA	NA	NA	NA	NA	NA	NA	NA	NA	NA	NA
NA	NA	NA	NA	NA	NA	NA	NA	NA	NA	NA	NA	NA	NA	NA	NA
NA	NA	NA	NA	NA	NA	NA	NA	NA	NA	NA	NA	NA	NA	NA	NA
NA	NA	NA	NA	NA	NA	NA	NA	NA	NA	NA	NA	NA	NA	NA	NA
NA	NA	NA	NA	NA	NA	NA	NA	NA	NA	NA	NA	NA	NA	NA	NA
NA	NA	NA	NA	NA	NA	NA	NA	NA	NA	NA	NA	NA	NA	NA	NA
NA	NA	NA	NA	NA	NA	NA	NA	NA	NA	NA	NA	NA	NA	NA	NA
NA	NA	NA	NA	NA	NA	NA	NA	NA	NA	NA	NA	NA	NA	NA	NA
NA	NA	NA	NA	NA	NA	NA	NA	NA	NA	NA	NA	NA	NA	NA	NA
NA	NA	NA	NA	NA	NA	NA	NA	NA	NA	NA	NA	NA	NA	NA	NA
NA	NA	NA	NA	NA	NA	NA	NA	NA	NA	NA	NA	NA	NA	NA	NA
NA	NA	NA	NA	NA	NA	NA	NA	NA	NA	NA	NA	NA	NA	NA	NA
NA	NA	NA	NA	NA	NA	NA	NA	NA	NA	NA	NA	NA	NA	NA	NA
NA	NA	NA	NA	NA	NA	NA	NA	NA	NA	NA	NA	NA	NA	NA	NA
NA	NA	NA	NA	NA	NA	NA	NA	NA	NA	NA	NA	NA	NA	NA	NA
NA	NA	NA	NA	NA	NA	NA	NA	NA	NA	NA	NA	NA	NA	NA	NA
NA	NA	NA	NA	NA	NA	NA	NA	NA	NA	NA	NA	NA	NA	NA	NA
NA	NA	NA	NA	NA	NA	NA	NA	NA	NA	NA	NA	NA	NA	NA	NA
NA	NA	NA	NA	NA	NA	NA	NA	NA	NA	NA	NA	NA	NA	NA	NA
NA	NA	NA	NA	NA	NA	NA	NA	NA	NA	NA	NA	NA	NA	NA	NA
NA	NA	NA	NA	NA	NA	NA	NA	NA	NA	NA	NA	NA	NA	NA	NA
NA	NA	NA	NA	NA	NA	NA	NA	NA	NA	NA	NA	NA	NA	NA	NA
NA	NA	NA	NA	NA	NA	NA	NA	NA	NA	NA	NA	NA	NA	NA	NA
NA	NA	NA	NA	NA	NA	NA	NA	NA	NA	NA	NA	NA	NA	NA	NA
NA	NA	NA	NA	NA	NA	NA	NA	NA	NA	NA	NA	NA	NA	NA	NA
NA	NA	NA	NA	NA	NA	NA	NA	NA	NA	NA	NA	NA	NA	NA	NA
NA	NA	NA	NA	NA	NA	NA	NA	NA	NA	NA	NA	NA	NA	NA	NA
NA	NA	NA	NA	NA	NA	NA	NA	NA	NA	NA	NA	NA	NA	NA	NA
NA	NA	NA	NA	NA	NA	NA	NA	NA	NA	NA	NA	NA	NA	NA	NA
NA	NA	NA	NA	NA	NA	NA	NA	NA	NA	NA	NA	NA	NA	NA	NA
NA	NA	NA	NA	NA	NA	NA	NA	NA	NA	NA	NA	NA	NA	NA	NA
NA	NA	NA	NA	NA	NA	NA	NA	NA	NA	NA	NA	NA	NA	NA	NA
NA	NA	NA	NA	NA	NA	NA	NA	NA	NA	NA	NA	NA	NA	NA	NA
NA	NA	NA	NA	NA	NA	NA	NA	NA	NA	NA	NA	NA	NA	NA	NA
NA	NA	NA	NA	NA	NA	NA	NA	NA	NA	NA	NA	NA	NA	NA	NA
NA	NA	NA	NA	NA	NA	NA	NA	NA	NA	NA	NA	NA	NA	NA	NA
NA	NA	NA	NA	NA	NA	NA	NA	NA	NA	NA	NA	NA	NA	NA	NA
NA	NA	NA	NA	NA	NA	NA	NA	NA	NA	NA	NA	NA	NA	NA	NA
NA	NA	NA	NA	NA	NA	NA	NA	NA	NA	NA	NA	NA	NA	NA	NA
NA	NA	NA	NA	NA	NA	NA	NA	NA	NA	NA	NA	NA	NA	NA	NA
NA	NA	NA	NA	NA	NA	NA	NA	NA	NA	NA	NA	NA	NA	NA	NA
NA	NA	NA	NA	NA	NA	NA	NA	NA	NA	NA	NA	NA	NA	NA	NA
NA	NA	NA	NA	NA	NA	NA	NA	NA	NA	NA	NA	NA	NA	NA	NA
NA	NA	NA	NA	NA	NA	NA	NA	NA	NA	NA	NA	NA	NA	NA	NA
NA	NA	NA	NA	NA	NA	NA	NA	NA	NA	NA	NA	NA	NA	NA	NA
NA	NA	NA	NA	NA	NA	NA	NA	NA	NA	NA	NA	NA	NA	NA	NA
NA	NA	NA	NA	NA	NA	NA	NA	NA	NA	NA	NA	NA	NA	NA	NA
NA	NA	NA	NA	NA	NA	NA	NA	NA	NA	NA	NA	NA	NA	NA	NA
NA	NA	NA	NA	NA	NA	NA	NA	NA	NA	NA	NA	NA	NA	NA	NA
NA	NA	NA	NA	NA	NA	NA	NA	NA	NA	NA	NA	NA	NA	NA	NA
NA	NA	NA	NA	NA	NA	NA	NA	NA	NA	NA	NA	NA	NA	NA	NA
NA	NA	NA	NA	NA	NA	NA	NA	NA	NA	NA	NA	NA	NA	NA	NA
NA	NA	NA	NA	NA	NA	NA	NA	NA	NA	NA	NA	NA	NA	NA	NA
NA	NA	NA	NA	NA	NA	NA	NA	NA	NA	NA	NA	NA	NA	NA	NA
NA	NA	NA	NA	NA	NA	NA	NA	NA	NA	NA	NA	NA	NA	NA	NA
NA	NA	NA	NA	NA	NA	NA	NA	NA	NA	NA	NA	NA	NA	NA	NA
NA	NA	NA	NA	NA	NA	NA	NA	NA	NA	NA	NA	NA	NA	NA	NA
NA	NA	NA	NA	NA	NA	NA	NA	NA	NA	NA	NA	NA	NA	NA	NA
NA	NA	NA	NA	NA	NA	NA	NA	NA	NA	NA	NA	NA	NA	NA	NA
NA	NA	NA	NA	NA	NA	NA	NA	NA	NA	NA	NA	NA	NA	NA	NA
NA	NA	NA	NA	NA	NA	NA	NA	NA	NA	NA	NA	NA	NA	NA	NA
NA	NA	NA	NA	NA	NA	NA	NA	NA	NA	NA	NA	NA	NA	NA	NA
NA	NA	NA	NA	NA	NA	NA	NA	NA	NA	NA	NA	NA	NA	NA	NA
NA	NA	NA	NA	NA	NA	NA	NA	NA	NA	NA	NA	NA	NA	NA	NA
NA	NA	NA	NA	NA	NA	NA	NA	NA	NA	NA	NA	NA	NA	NA	NA
NA	NA	NA	NA	NA	NA	NA	NA	NA	NA	NA	NA	NA	NA	NA	NA
NA	NA	NA	NA	NA	NA	NA	NA	NA	NA	NA	NA	NA	NA	NA	NA
NA	NA	NA	NA	NA	NA	NA	NA	NA	NA	NA	NA	NA	NA	NA	NA
NA	NA	NA	NA	NA	NA	NA	NA	NA	NA	NA	NA	NA	NA	NA	NA
NA	NA	NA	NA	NA	NA	NA	NA	NA	NA	NA	NA	NA	NA	NA	NA
NA	NA	NA	NA	NA	NA	NA	NA	NA	NA	NA	NA	NA	NA	NA	NA
NA	NA	NA	NA	NA	NA	NA	NA	NA	NA	NA	NA	NA	NA	NA	NA
NA	NA	NA	NA	NA	NA	NA	NA	NA	NA	NA	NA	NA	NA	NA	NA
NA	NA	NA	NA	NA	NA	NA	NA	NA	NA	NA	NA	NA	NA	NA	NA
NA	NA	NA	NA	NA	NA	NA	NA	NA	NA	NA	NA	NA	NA	NA	NA
NA	NA	NA	NA	NA	NA	NA	NA	NA	NA	NA	NA	NA	NA	NA	NA
NA	NA	NA	NA	NA	NA	NA	NA	NA	NA	NA	NA	NA	NA	NA	NA
NA	NA	NA	NA	NA	NA	NA	NA	NA	NA	NA	NA	NA	NA	NA	NA
NA	NA	NA	NA	NA	NA	NA	NA	NA	NA	NA	NA	NA	NA	NA	NA
NA	NA	NA	NA	NA	NA	NA	NA	NA	NA	NA	NA	NA	NA	NA	NA
NA	NA	NA	NA	NA	NA	NA	NA	NA	NA	NA	NA	NA	NA	NA	NA
NA	NA	NA	NA	NA	NA	NA	NA	NA	NA	NA	NA	NA	NA	NA	NA
NA	NA	NA	NA	NA	NA	NA	NA	NA	NA	NA	NA	NA	NA	NA	NA
NA	NA	NA	NA	NA	NA	NA	NA	NA	NA	NA	NA	NA	NA	NA	NA
NA	NA	NA	NA	NA	NA	NA	NA	NA	NA	NA	NA	NA	NA	NA	NA
NA	NA	NA	NA	NA	NA	NA	NA	NA	NA	NA	NA	NA	NA	NA	NA
NA	NA	NA	NA	NA	NA	NA	NA	NA	NA	NA	NA	NA	NA	NA	NA
NA	NA	NA	NA	NA	NA	NA	NA	NA	NA	NA	NA	NA	NA	NA	NA
NA	NA	NA	NA	NA	NA	NA	NA	NA	NA	NA	NA	NA	NA	NA	NA
NA	NA	NA	NA	NA	NA	NA	NA	NA	NA	NA	NA	NA	NA	NA	NA
NA	NA	NA	NA	NA	NA	NA	NA	NA	NA	NA	NA	NA	NA	NA	NA
NA	NA	NA	NA	NA	NA	NA	NA	NA	NA	NA	NA	NA	NA	NA	NA
NA	NA	NA	NA	NA	NA	NA	NA	NA	NA	NA	NA	NA	NA	NA	NA
NA	NA	NA	NA	NA	NA	NA	NA	NA	NA	NA	NA	NA	NA	NA	NA
NA	NA	NA	NA	NA	NA	NA	NA	NA	NA	NA	NA	NA	NA	NA	NA
NA	NA	NA	NA	NA	NA	NA	NA	NA	NA	NA	NA	NA	NA	NA	NA
NA	NA	NA	NA	NA	NA	NA	NA	NA	NA	NA	NA	NA	NA	NA	NA
NA	NA	NA	NA	NA	NA	NA	NA	NA	NA	NA	NA	NA	NA	NA	NA
NA	NA	NA	NA	NA	NA	NA	NA	NA	NA	NA	NA	NA	NA	NA	NA
NA	NA	NA	NA	NA	NA	NA	NA	NA	NA	NA	NA	NA	NA	NA	NA
NA	NA	NA	NA	NA	NA	NA	NA	NA	NA	NA	NA	NA	NA	NA	NA
NA	NA	NA	NA	NA	NA	NA	NA	NA	NA	NA	NA	NA	NA	NA	NA
NA	NA	NA	NA	NA	NA	NA	NA	NA	NA	NA	NA	NA	NA	NA	NA
NA	NA	NA	NA	NA	NA	NA	NA	NA	NA	NA	NA	NA	NA	NA	NA
NA	NA	NA	NA	NA	NA	NA	NA	NA	NA	NA	NA	NA	NA	NA	NA
NA	NA	NA	NA	NA	NA	NA	NA	NA	NA	NA	NA	NA	NA	NA	NA
NA	NA	NA	NA	NA	NA	NA	NA	NA	NA	NA	NA	NA	NA	NA	NA
NA	NA	NA	NA	NA	NA	NA	NA	NA	NA	NA	NA	NA	NA	NA	NA
NA	NA	NA	NA	NA	NA	NA	NA	NA	NA	NA	NA	NA	NA	NA	NA
NA	NA	NA	NA	NA	NA	NA	NA	NA	NA	NA	NA	NA	NA	NA	NA
NA	NA	NA	NA	NA	NA	NA	NA	NA	NA	NA	NA	NA	NA	NA	NA
NA	NA	NA	NA	NA	NA	NA	NA	NA	NA	NA	NA	NA	NA	NA	NA
NA	NA	NA	NA	NA	NA	NA	NA	NA	NA	NA	NA	NA	NA	NA	NA
NA	NA	NA	NA	NA	NA	NA	NA	NA	NA	NA	NA	NA	NA	NA	NA
NA	NA	NA	NA	NA	NA	NA	NA	NA	NA	NA	NA	NA	NA	NA	NA
NA	NA	NA	NA	NA	NA	NA	NA	NA	NA	NA	NA	NA	NA	NA	NA
NA	NA	NA	NA	NA	NA	NA	NA	NA	NA	NA	NA	NA	NA	NA	NA
2.06949963641334	0.112584291418274	1.84883442523352	2.29016484759315	2.1145503202668	0.143313502539054	1.83365585529025	2.39544478524335	2.1145503202668	0.112584291418274	1.90508664726068	2.3440657999914	2.11293540851643	0.107865919481129	1.9013461233434	2.32452469368945
1.90136894637053	0.103491667550141	1.69852527797225	2.10421261476881	1.90803357547197	0.13420753932366	1.6449867983976	2.17108035254635	1.90803357547197	0.103491667550141	1.70269962484772	2.12269063060684	1.90705161667528	0.100418511187438	1.71008141316438	2.10402182018619
2.06256419621086	0.118484131964446	1.83033529756055	2.29479309486117	2.11772813230473	0.158497068459574	1.80707387812397	2.4283823864855	2.11772813230473	0.118484131964446	1.9040216779269	2.35837144969403	2.11678899328906	0.114394102344601	1.8923926639734	2.34118532260472
2.12165769612653	0.0895877824213286	1.94606564258073	2.29724974967234	2.09960631528342	0.116571238415207	1.87112668798962	2.32808594257723	2.09960631528342	0.0895877824213286	1.92295876785675	2.27516722337567	2.09778798293805	0.0860851320011645	1.92895467028726	2.26662129558883
1.98811979350723	0.1269796253074	1.73923972790472	2.23699985910973	2.01994058332308	0.164426230845515	1.69766517086587	2.34221599578029	2.01994058332308	0.1269796253074	1.75999802408586	2.26016221665223	2.02242772041104	0.121418170435019	1.78423837230623	2.26061706851585
1.96912823778266	0.0900284882237448	1.79267240086412	2.14558407470119	1.97335730385746	0.120942731557515	1.73630955000473	2.21040505771019	1.97335730385746	0.0900284882237448	1.79857584654927	2.14877250159117	1.97456661536556	0.0847018827413161	1.80845300198862	2.1406802287425
2.05004978913956	0.104642221406892	1.84495103518205	2.25514854309706	2.11659326613985	0.137374982037016	1.8473383013473	2.3858482309324	2.11659326613985	0.104642221406892	1.91905862020161	2.33138150371462	2.11640743734858	0.101605182087372	1.91710681649655	2.31570805820061
2.01186402348162	0.110507052497114	1.79527020058727	2.22845784637596	1.95186558199331	0.144576150257569	1.66849632748847	2.23523483649814	1.95186558199331	0.110507052497114	1.75369137963656	2.17957290227606	1.951128551729	0.106358971620731	1.74249955302344	2.15975755043456
2.10879962804556	0.0929623267284283	1.92659346765784	2.29100578843327	2.08249282476544	0.123678121116659	1.84008370737679	2.3249019421541	2.08249282476544	0.0929623267284283	1.8964149421518	2.27574900436124	2.08365157484253	0.08938690391509	1.90833635475227	2.25896679493278
2.00152770158839	0.112366099096657	1.78129014735894	2.22176525581783	2.00836511702455	0.144633910157903	1.72488265311506	2.29184758093404	2.00836511702455	0.112366099096657	1.79243350557732	2.22150175689219	2.00913921166884	0.106634473600712	1.79996739531402	2.21831102802367
2.10535181740164	0.100875101208829	1.90763661903233	2.30306701577094	2.08826643156691	0.133815156656825	1.82598872451953	2.35054413861429	2.08826643156691	0.100875101208829	1.88166311067194	2.27402013945352	2.08730761879055	0.0949568713510089	1.90106488080258	2.27355035677852
1.96147141729343	0.122184213911702	1.72199035802649	2.20095247656036	1.94224389013254	0.165535167722973	1.61779496139551	2.26669281886957	1.94224389013254	0.122184213911702	1.70498751546926	2.20088351863992	1.94302891083003	0.113138751137475	1.72109206034147	2.16496576131859
2.14765774325253	0.111726910855698	1.92867299797536	2.3666424885297	2.17814153552049	0.145047524240733	1.89384838800866	2.46243468303233	2.17814153552049	0.111726910855698	1.95471654212288	2.39938593063345	2.17814221146506	0.108073694920964	1.96614751436896	2.39013690856117
2.07079022637227	0.127910318201428	1.82008600269747	2.32149445004707	2.03066341538676	0.166916748638509	1.70350658805528	2.35782024271823	2.03066341538676	0.127910318201428	1.77760355171285	2.27433461015262	2.02849627603839	0.122956019295672	1.78729398119769	2.26969857087908
1.89763116372214	0.12786001039831	1.64702554334145	2.14823678410283	1.91564335904565	0.163325496985514	1.59552538495404	2.23576133313726	1.91564335904565	0.12786001039831	1.67465941545008	2.18732396019935	1.91386872546009	0.125269673063504	1.66812234039576	2.15961511052443
2.00610110413498	0.118872115571243	1.77311175761534	2.23909045065461	2.05297774444115	0.156429189900497	1.74637653223617	2.35957895664612	2.05297774444115	0.118872115571243	1.84078179010476	2.29717387672047	2.05113525361657	0.115920043688933	1.82373703712261	2.27853347011053
1.95464018453542	0.0993171364394764	1.75997859711405	2.14930177195679	1.92309177323428	0.127431864950194	1.6733253179319	2.17285822853666	1.92309177323428	0.0993171364394764	1.72226513521366	2.10555418034229	1.92529382421703	0.0942778414199229	1.74038047516148	2.11020717327259
2.0720185148013	0.11692189393246	1.84285160269368	2.30118542690892	2.13585484779877	0.153091269233926	1.83579596010028	2.43591373549727	2.13585484779877	0.11692189393246	1.91715713436655	2.35099984011252	2.13471042530829	0.110339753270101	1.91826731855183	2.35115353206475
1.90502211473536	0.118516294024554	1.67273017844724	2.13731405102349	1.8568151651751	0.154391652065703	1.55420752712632	2.15942280322387	1.8568151651751	0.118516294024554	1.6129241060857	2.08133511994025	1.85632301294378	0.112244753806171	1.6361355697745	2.07651045611306
2.03928010806285	0.0980163605601055	1.84716804136504	2.23139217476065	2.05776368383717	0.130057877129009	1.80285024466431	2.31267712301003	2.05776368383717	0.0980163605601055	1.86197679986872	2.2447234996778	2.05697956433653	0.0929285926036641	1.87470884488149	2.23925028379157
2.0424744789423	0.0985035879795387	1.84940744650241	2.2355415113822	1.9717280426439	0.127354885854981	1.72211246636813	2.22134361891966	1.9717280426439	0.0985035879795387	1.77533981013458	2.17017327982735	1.9716708548567	0.0944271453938972	1.78645961360459	2.1568820961088
1.92371178889379	0.0883458967176786	1.75055383132714	2.09686974646044	1.97955570871461	0.117122198288994	1.74999620006818	2.20911521736104	1.97955570871461	0.0883458967176786	1.81045143833489	2.14948370250007	1.97748374334887	0.0871737181216206	1.80650864440846	2.14845884228927
2.06603579186182	0.0997108083773748	1.87060260744216	2.26146897628147	1.99761282839181	0.126906112221122	1.74887684843841	2.24634880834521	1.99761282839181	0.0997108083773748	1.80664341800395	2.18835855672553	1.99820784769142	0.0950972060417215	1.8116847975331	2.18473089784974
2.04494206949016	0.0998740840533425	1.84918886474561	2.24069527423471	2.01473846160922	0.13587710455294	1.74841933668546	2.28105758653298	2.01473846160922	0.0998740840533425	1.81877631467226	2.19894056929396	2.01418539318533	0.0913407042676252	1.83503399866857	2.19333678770209
2.07395128464537	0.116297274713472	1.84600862620696	2.30189394308377	2.07143679110815	0.14922892128885	1.77894810538201	2.3639254768343	2.07143679110815	0.116297274713472	1.86744038950411	2.30834796861876	2.06689068829979	0.110125907560375	1.85087171787139	2.28290965872819
2.04131505525084	0.107045703358275	1.83150547666862	2.25112463383306	2.01888735947741	0.139730140994697	1.7450162831278	2.29275843582702	2.01888735947741	0.107045703358275	1.81122571017496	2.21618831996725	2.01804135115947	0.103853703542254	1.8143323392281	2.22175036309084
2.00883695964336	0.0903670573549954	1.83171752722756	2.18595639205915	1.958654606851	0.117103142501466	1.72913244754812	2.18817676615387	1.958654606851	0.0903670573549954	1.75986098532513	2.135065421293	1.95409747329207	0.0866565737946945	1.7841438713072	2.12405107527695
1.95320131571849	0.0979992176176951	1.76112284918781	2.14527978224917	1.96746173946224	0.12854213763688	1.71551914969395	2.21940432923052	1.96746173946224	0.0979992176176951	1.78373764435691	2.15864557100935	1.96445048578387	0.091922983315736	1.78416012092736	2.14474085064038
1.93752955401874	0.0968902780666	1.7476246090082	2.12743449902927	1.9468196549722	0.130584487338774	1.6908740597882	2.2027652501562	1.9468196549722	0.0968902780666	1.75217775361174	2.13333023746306	1.94703071084291	0.0894684405885615	1.77156298454323	2.12249843714259
2.16518131043096	0.105649806626965	1.9581076894421	2.37225493141981	2.13706737488856	0.139360645119908	1.86392051045354	2.41021423932358	2.13706737488856	0.105649806626965	1.93580534175527	2.34770795650556	2.13788015285301	0.0983638570101733	1.94494473884715	2.33081556685887
2.09295644572844	0.128338740270738	1.84141251479779	2.34450037665909	2.07026608178203	0.171038835136406	1.73502996491467	2.40550219864938	2.07026608178203	0.128338740270738	1.81367740107373	2.30919952970119	2.06795135882988	0.121558313530088	1.8294889187287	2.30641379893106
2.08437629450002	0.0956015229333776	1.8969973095506	2.27175527944944	2.11736988468566	0.126004900878747	1.87040027896332	2.36433949040801	2.11736988468566	0.0956015229333776	1.92864616122578	2.29862978364388	2.11559493609811	0.091127647314989	1.93686725672646	2.29432261546976
1.93003190979526	0.102831200030409	1.72848275773565	2.13158106185486	1.93394241675198	0.130163066434497	1.67882280654036	2.18906202696359	1.93394241675198	0.102831200030409	1.73857168103583	2.139283171088	1.93219775124035	0.10008872362698	1.73588472719367	2.12851077528703
1.97052138942131	0.142927633458035	1.69038322784356	2.25065955099905	2.01721837121536	0.185244302233577	1.65413953883754	2.38029720359317	2.01721837121536	0.142927633458035	1.74033579244553	2.29828152618556	2.01718116624854	0.13797078599441	1.74650118282934	2.28786114966774
2.01262579846526	0.108574978215554	1.79981884116278	2.22543275576775	1.97976140792044	0.141547647865001	1.70232801810503	2.25719479773584	1.97976140792044	0.108574978215554	1.76816036279202	2.19717554333859	1.97728793767949	0.102989264850643	1.77527385321354	2.17930202214544
2.04622071968303	0.133074115488669	1.78539545332524	2.30704598604082	2.05782061731107	0.172529099359803	1.71966358256586	2.39597765205628	2.05782061731107	0.133074115488669	1.83200764582245	2.36378820750821	2.056840173741	0.128961351567977	1.80384962075168	2.30983072673032
2.01646164391647	0.091546143412455	1.83703120282806	2.19589208500488	2.01713613589382	0.120461202691096	1.78103217861927	2.25324009316837	2.01713613589382	0.091546143412455	1.84298809506032	2.19494043541377	2.01237840014145	0.087534630994763	1.84070169127411	2.18405510900878
1.96788761414231	0.110236490260201	1.75182409323231	2.1839511350523	1.93242880448109	0.146834267509973	1.64463364016154	2.22022396880064	1.93242880448109	0.110236490260201	1.72540771389407	2.15516662814502	1.93035281000281	0.102385151943744	1.72953453066581	2.13117108933981
2.0060838012604	0.110974476945988	1.78857382644626	2.22359377607453	2.04929299682379	0.139861915983086	1.77516364149694	2.32342235215064	2.04929299682379	0.110974476945988	1.85263869981453	2.2867247659806	2.04886963647907	0.107631615211832	1.83773976392448	2.25999950903367
2.11801516814867	0.0920607628182117	1.93757607302497	2.29845426327236	2.10030759638293	0.119139539979697	1.86679409802273	2.33382109474314	2.10030759638293	0.0920607628182117	1.90966453059892	2.27043445355775	2.10069555384265	0.0893028277691101	1.92554680959123	2.27584429809406
1.97349747255411	0.107064238423264	1.76365156524451	2.18334337986371	2.04017984182486	0.14161047788486	1.76262330517053	2.31773637847918	2.04017984182486	0.107064238423264	1.83120412909573	2.23885379789829	2.04079925946836	0.102361136310573	1.84002025133454	2.24157826760218
2.0134724290982	0.105469816029832	1.80675158967973	2.22019326851667	2.02644382875264	0.135631922894058	1.76060525988029	2.292282397625	2.02644382875264	0.105469816029832	1.83746481311626	2.25697472015363	2.02372443454905	0.101981044253114	1.82368690448262	2.22376196461548
2.01860214816415	0.11686294569799	1.78955077459609	2.24765352173221	2.02521546520914	0.148463108567457	1.73422777241692	2.31620315800135	2.02521546520914	0.11686294569799	1.82678053629197	2.27606362202935	2.02504706234567	0.109823826384555	1.80961569587639	2.24047842881494
1.98998471244522	0.110048567193205	1.77428952074654	2.2056799041439	1.97455049782943	0.144503571192718	1.6913234982917	2.25777749736716	1.97455049782943	0.110048567193205	1.74634815655344	2.18898196503109	1.97476149587187	0.10489311294219	1.76900949537283	2.18051349637091
2.05998700904281	0.113670567729332	1.83719269629332	2.2827813217923	2.0659048242303	0.156487724961703	1.75918888330536	2.37262076515524	2.0659048242303	0.113670567729332	1.84610549984313	2.28639770913369	2.06612253420243	0.108861049169687	1.8525813904561	2.27966367794877
2.00938402876179	0.101178741304933	1.81107369580412	2.20769436171946	1.95249055946893	0.131906087091636	1.69395462876933	2.21102649016854	1.95249055946893	0.101178741304933	1.75458557412403	2.14670989356738	1.95168421677652	0.0966591428677427	1.76209241039902	2.14127602315402
1.92193840650596	0.101386985377727	1.72321991516562	2.12065689784631	1.89255098178276	0.131773296947928	1.63427531976482	2.1508266438007	1.89255098178276	0.101386985377727	1.68821564541587	2.07744462105588	1.8928966939166	0.0985785820196875	1.69954221712938	2.08625117070382
2.01569543691163	0.113989202955322	1.7922765991192	2.23911427470406	2.07508357519483	0.144222500126048	1.79240747494778	2.35775967544189	2.07508357519483	0.113989202955322	1.8763220605426	2.30169401601384	2.07672939863298	0.107030324123238	1.86678373541147	2.28667506185448
2.17885644745549	0.104695204591637	1.97365384645589	2.3840590484551	2.17575175084227	0.138527173075766	1.90423849161377	2.44726501007077	2.17575175084227	0.104695204591637	1.96992374190322	2.37753988320666	2.174144702774	0.0976476541304966	1.98261455107842	2.36567485446958
1.80643167286955	0.121773624709591	1.56775536843876	2.04510797730035	1.88201925556236	0.162210017508564	1.56408762124557	2.19995088987914	1.88201925556236	0.121773624709591	1.64163425740538	2.11255341426323	1.87898714740503	0.113612902844622	1.65612017899196	2.1018541158181
1.9534269228247	0.158067881121753	1.64361387582607	2.26323996982334	2.01344137472122	0.197568478310855	1.62620715723194	2.4006755922105	2.01344137472122	0.158067881121753	1.74401663381266	2.35533936620848	2.01317619280508	0.151086670130025	1.71676124448261	2.30959114112756
2.1746369674972	0.133145075726019	1.9136726190742	2.4356013159202	2.25395708331363	0.163296840373692	1.9338952761812	2.57401889044607	2.25395708331363	0.133145075726019	2.03670287982908	2.5254617057661	2.25290242858034	0.130023540650458	1.99782029428807	2.50798456287262
1.82478552944841	0.100192982386037	1.62840728397178	2.02116377492504	1.83251338346918	0.129787590448247	1.57812970619061	2.08689706074774	1.83251338346918	0.100192982386037	1.63731362340688	2.03125012970291	1.8326627707471	0.0942855073927512	1.64773900111566	2.01758654037854
2.09139370469421	0.10574059377351	1.88414214089813	2.29864526849029	2.02679755556231	0.134845279088074	1.76250080854969	2.29109430257494	2.02679755556231	0.10574059377351	1.80914468949991	2.225122390495	2.02534515753658	0.100793472092038	1.82764537392011	2.22304494115305
2.03105820613868	0.0866901443446461	1.86114552322318	2.20097088905419	2.04338767663709	0.113680265490523	1.82057435627566	2.26620099699851	2.04338767663709	0.0866901443446461	1.87846581482686	2.21784311142029	2.04246891729074	0.0861186375465862	1.87357005301704	2.21136778156443
2.05871116453246	0.0923983342134948	1.87761042947401	2.23981189959091	2.04787047378265	0.119068299973228	1.81449660583512	2.28124434173017	2.04787047378265	0.0923983342134948	1.86214998724965	2.23413582747926	2.04783009347908	0.0881907038002068	1.87485935315707	2.22080083380109
1.85346768824022	0.139703146379918	1.57964952133558	2.12728585514486	1.83935323750899	0.181247103501566	1.48410891464592	2.19459756037206	1.83935323750899	0.139703146379918	1.55407790813033	2.08863569887786	1.83946978693415	0.130566468762111	1.58332815868324	2.09561141518506
1.79351013200426	0.126666255037237	1.54524427213128	2.04177599187725	1.81849716371264	0.168196515205779	1.48883199390932	2.14816233351597	1.81849716371264	0.126666255037237	1.56572373907809	2.05338018547607	1.81754318871346	0.12238979222903	1.57745053694134	2.05763584048558
2.0506790822215	0.111885229998016	1.83138403142539	2.26997413301761	2.08074282459479	0.145134248225737	1.79627969807235	2.36520595111724	2.08074282459479	0.111885229998016	1.86273518663065	2.28831492427484	2.08118455105103	0.107765316859277	1.86978739274488	2.29258170935717
1.98362670372093	0.101056728128547	1.78555551658898	2.18169789085288	1.98312292511443	0.134105222019514	1.72027668995618	2.24596916027267	1.98312292511443	0.101056728128547	1.77812726612377	2.17372813746815	1.98559871951946	0.0952818570907241	1.79871916243477	2.17247827660415
1.99914959229828	0.0962043297880942	1.81058910591361	2.18771007868294	1.93579686773244	0.127662549559567	1.68557827059569	2.18601546486919	1.93579686773244	0.0962043297880942	1.7417356365053	2.12885240849576	1.93746301193315	0.0923288254405775	1.75637420687845	2.11855181698786
1.9468145861134	0.0972536646965079	1.75619740330824	2.13743176891855	1.93540379048315	0.126521833759096	1.68742099631532	2.18338658465098	1.93540379048315	0.0972536646965079	1.74182722238899	2.12026429165828	1.93396244543183	0.0933729812580524	1.75082610305588	2.11709878780778
1.87835013810635	0.135848393736473	1.61208728638286	2.14461298982983	1.87628578214416	0.176397201557889	1.5305472670907	2.22202429719762	1.87628578214416	0.135848393736473	1.60880222427217	2.12177984903649	1.87826253342276	0.129447547365642	1.62431965410775	2.13220541273776
2.00723356784947	0.122594737535834	1.76694788227924	2.2475192534197	1.93373586806576	0.160207846916559	1.6197284881093	2.24774324802222	1.93373586806576	0.122594737535834	1.66104381425643	2.15646579693257	1.93341792746127	0.119655388709003	1.69869389739707	2.16814195752547
2.14709982132413	0.113944430368812	1.92376873780126	2.37043090484701	2.16117995426651	0.151873902637974	1.86350710509609	2.45885280343694	2.16117995426651	0.113944430368812	1.95308681241285	2.4074644310385	2.15434360561548	0.110332118452186	1.93791466298323	2.37077254824774
1.90455039026893	0.112788571571973	1.68348478998787	2.12561599055	1.89184875677738	0.140685439693455	1.61610529497821	2.16759221857655	1.89184875677738	0.112788571571973	1.67690409724684	2.10698938019451	1.89210069651344	0.107478937028629	1.68128015515997	2.10292123786691
1.90960557880479	0.0991696569991027	1.71523305108655	2.10397810652303	1.94786055860353	0.127408815041212	1.69813928112275	2.1975818360843	1.94786055860353	0.0991696569991027	1.75770228449086	2.13536670024783	1.9484200468521	0.09629450946622	1.75954163649384	2.13729845721037
1.95433096610841	0.116684926940838	1.72562850930437	2.18303342291246	1.98509290266874	0.150180192085108	1.69073972618193	2.27944607915555	1.98509290266874	0.116684926940838	1.75183275647488	2.22932289027134	1.9883139988803	0.109947770420029	1.77264260662187	2.20398539113873
2.21698950515302	0.0946602495858756	2.0314554159647	2.40252359434133	2.27039352407589	0.122187345062937	2.03090632775254	2.50988072039925	2.27039352407589	0.0946602495858756	2.08524881241886	2.45790284575029	2.27163882423113	0.0908512635172422	2.0934479994519	2.44982964901036
2.04355864747267	0.136321491930092	1.77636852328969	2.31074877165565	2.0572007452912	0.167190544411533	1.7295072782446	2.38489421233781	2.0572007452912	0.136321491930092	1.77934670605978	2.2829293288735	2.05621273756562	0.134006105678305	1.79331794751426	2.31910752761697
2.07356978597448	0.137462230773519	1.80414381365839	2.34299575829058	1.98011778858038	0.179496515026404	1.62830461912863	2.33193095803213	1.98011778858038	0.137462230773519	1.71436750622588	2.23889931725862	1.97818464089167	0.133995483807151	1.71531357099973	2.24105571078361
2.12630373138928	0.162565677052129	1.80767500436711	2.44493245841145	2.1354922124708	0.207121323012838	1.72953441936563	2.54145000557596	2.1354922124708	0.162565677052129	1.87110272464592	2.50162413233012	2.13639329718448	0.159529088541661	1.82340507852296	2.44938151584601
1.86728101595052	0.0987260638757039	1.67377793075414	2.0607841011469	1.91905731050854	0.133624625951028	1.65715304364452	2.18096157737255	1.91905731050854	0.0987260638757039	1.72702433030462	2.10581805028646	1.91620090477582	0.0949299690479632	1.73000859716105	2.10239321239059
1.89102230829153	0.0973987902184539	1.70012067946336	2.0819239371197	1.9091572174979	0.125937400871213	1.66231991179032	2.15599452320548	1.9091572174979	0.0973987902184539	1.7299646807255	2.11410682043465	1.90804266573395	0.0910058811670747	1.72955757232688	2.08652775914103
2.01114530049608	0.0913274162653419	1.83214356461601	2.19014703637615	1.99196623062024	0.119708997649122	1.75733659522796	2.22659586601252	1.99196623062024	0.0913274162653419	1.79971493309246	2.17069663752073	1.9893182333952	0.0866860311651309	1.81930732841869	2.15932913837171
2.03305426202823	0.104242434657143	1.82873909010023	2.23736943395623	2.00522565098232	0.137801367783778	1.73513497012612	2.27531633183853	2.00522565098232	0.104242434657143	1.80982582820692	2.21151591292854	2.00562218502741	0.101205220823208	1.80711444574105	2.20412992431377
2.07831900069241	0.103170801640605	1.87610422947682	2.28053377190799	2.11361544703249	0.134159479537258	1.85066286713946	2.37656802692552	2.11361544703249	0.103170801640605	1.91141208557688	2.31156192870864	2.11163662362512	0.10044884839825	1.91460498628236	2.30866826096789
2.08254977473225	0.111478174774117	1.86405255217498	2.30104699728951	2.0018823251185	0.139554892678354	1.72835473546893	2.27540991476808	2.0018823251185	0.111478174774117	1.77441650831387	2.2215245435903	2.00188402970085	0.104504209060314	1.7968957871245	2.2068722722772
2.11893995459142	0.109054144982882	1.90519383042497	2.33268607875787	2.00276179102598	0.146957637597681	1.71472482133452	2.29079876071743	2.00276179102598	0.109054144982882	1.7812533859968	2.217718469708	2.001611564458	0.105438426817339	1.7947911097539	2.2084320191621
1.94703901012145	0.103789258347406	1.74361206376053	2.15046595648236	1.95574029693605	0.136327067552782	1.68853924453259	2.2229413493395	1.95574029693605	0.103789258347406	1.74401618626147	2.15716007576901	1.95510477964748	0.0981879634033026	1.76251700333413	2.14769255596083
2.01734342630425	0.0997507341442702	1.82183198738148	2.21285486522702	1.95303944667113	0.131206863019891	1.69587399515214	2.21020489819011	1.95303944667113	0.0997507341442702	1.76634814546408	2.15260008130176	1.95361265799815	0.0965005649758805	1.76433742875632	2.14288788723998
1.99661011963168	0.100155778865681	1.80030479305495	2.19291544620842	1.99547198826714	0.129776453081433	1.74111014022753	2.24983383630675	1.99547198826714	0.100155778865681	1.79407434233501	2.19713115421845	1.99502869358857	0.0945280424075256	1.80962090527923	2.1804364818979
2.08358263213849	0.0935125398120406	1.90029805410689	2.26686721017009	1.99261730091259	0.123628073120894	1.75030627759564	2.23492832422955	1.99261730091259	0.0935125398120406	1.81259066825988	2.17432423087912	1.99218141059783	0.0919169277052072	1.81189893774364	2.17246388345203
1.9038271825994	0.102578803270506	1.70277272818921	2.10488163700959	1.93927128373191	0.132758409178472	1.67906480174211	2.19947776572171	1.93927128373191	0.102578803270506	1.73868644601691	2.13813625972818	1.94006568852136	0.0996274624525053	1.74464667827821	2.13548469876451
1.96592844161609	0.119742402829323	1.73123333207062	2.20062355116157	1.97346770127342	0.159049422419652	1.6617308333309	2.28520456921594	1.97346770127342	0.119742402829323	1.75776819721167	2.223180375099	1.97148003736677	0.113964301159668	1.74791510795509	2.19504496677845
1.98283145705158	0.0995892382914689	1.7876365500003	2.17802636410286	2.04695163341065	0.124920596826238	1.80210726363122	2.29179600319007	2.04695163341065	0.0995892382914689	1.87634105924819	2.26103347257526	2.04511969271689	0.0974794429241998	1.85391556650001	2.23632381893377
2.05789843059866	0.108590863978928	1.84506033719996	2.27073652399736	2.13339498439111	0.141236758944094	1.85657093686069	2.41021903192154	2.13339498439111	0.108590863978928	1.93588560215326	2.35612167949963	2.13234860986543	0.102355064706564	1.93157946125968	2.33311775847118
1.91208948436221	0.107558635475546	1.70127455883014	2.12290440989428	1.85877368403864	0.138607447947993	1.58710308606058	2.13044428201671	1.85877368403864	0.107558635475546	1.61420641528506	2.05616011268995	1.85763426995985	0.10696185637712	1.64782010143669	2.067448438483
2.07708659654992	0.104929848535327	1.87142409342068	2.28274909967916	2.05117940676975	0.136616919629455	1.78341024429602	2.31894856924348	2.05117940676975	0.104929848535327	1.84374519675381	2.26274818424889	2.05276642503419	0.101682646021971	1.85332172736245	2.25221112270592
2.03441874087029	0.102341093794435	1.8338301970332	2.23500728470738	1.99037202193091	0.135721489620501	1.72435790227472	2.25638614158709	1.99037202193091	0.102341093794435	1.78709107755049	2.20279985754934	1.99007328243647	0.0982078470425708	1.79744090304066	2.18270566183228
2.13700052311248	0.108537525099297	1.92426697391786	2.34973407230711	2.12899396119433	0.136761106531287	1.86094219239301	2.39704572999565	2.12899396119433	0.108537525099297	1.92441190689746	2.35519322334156	2.12889168711895	0.104838693721776	1.9232452555795	2.3345381186584
2.04433249847027	0.118068239581379	1.81291874889077	2.27574624804978	2.03237115067221	0.141095898878813	1.75582318886973	2.30891911247468	2.03237115067221	0.118068239581379	1.79292361675724	2.24411616803924	2.03146068422526	0.115742716654353	1.80440976497613	2.25851160347439
1.928282150977	0.107959535880392	1.71668146065143	2.13988284130257	1.90075214798798	0.143116407837023	1.62024398862741	2.18126030734854	1.90075214798798	0.107959535880392	1.67938528260281	2.09850149299026	1.90177538895978	0.100329259858745	1.70497885332122	2.09857192459833
2.06174087921331	0.0844879996241901	1.8961443999499	2.22733735847672	2.07883170163055	0.111173806239527	1.86093104140108	2.29673236186002	2.07883170163055	0.0844879996241901	1.91343133534616	2.23780239480767	2.08080713462658	0.0813616372610231	1.92124841448332	2.24036585476984
2.1615677933353	0.0918298791104171	1.98158123027888	2.34155435639172	2.12578192190296	0.122481645380082	1.885717896958	2.36584594684792	2.12578192190296	0.0918298791104171	1.94022206789451	2.3043917037559	2.12623788669886	0.0839435565477251	1.96160920195182	2.29086657144591
2.02255353684792	0.0933030164829187	1.8396796245414	2.20542744915444	1.93997584872093	0.121806419740299	1.70123526602994	2.17871643141191	1.93997584872093	0.0933030164829187	1.76216913084927	2.12669162379327	1.93997180194419	0.0887121216334906	1.76597855632552	2.11396504756287
1.96936189138378	0.109258077830382	1.75521605883623	2.18350772393132	1.99807918937067	0.141278068777579	1.72117417456662	2.27498420417473	1.99807918937067	0.109258077830382	1.79235200765308	2.21472199705019	1.99977195440972	0.101363995528055	1.80094968968914	2.19859421913029
1.93637903140894	0.106666878059742	1.72731195041184	2.14544611240603	1.90511940772676	0.140144654615259	1.63043588468085	2.17980293077266	1.90511940772676	0.106666878059742	1.68821421865066	2.1021060792933	1.90549612773372	0.101577428618351	1.70625474691332	2.10473750855413
1.90168812891749	0.117591017369573	1.67120973487313	2.13216652296185	1.94499526326191	0.153851996914161	1.64344534931016	2.24654517721367	1.94499526326191	0.117591017369573	1.71761496457809	2.17943216683241	1.94537415352668	0.11120388525911	1.72723564932362	2.16351265772974
2.01087290906315	0.106972688669753	1.80120643927044	2.22053937885587	1.88564236861223	0.141621761279416	1.60806371650457	2.16322102071988	1.88564236861223	0.106972688669753	1.67569223656045	2.09605451588867	1.88773414485088	0.102523805495182	1.68663732512487	2.0888309645769
NA	NA	NA	NA	NA	NA	NA	NA	NA	NA	NA	NA	NA	NA	NA	NA
NA	NA	NA	NA	NA	NA	NA	NA	NA	NA	NA	NA	NA	NA	NA	NA
NA	NA	NA	NA	NA	NA	NA	NA	NA	NA	NA	NA	NA	NA	NA	NA
NA	NA	NA	NA	NA	NA	NA	NA	NA	NA	NA	NA	NA	NA	NA	NA
NA	NA	NA	NA	NA	NA	NA	NA	NA	NA	NA	NA	NA	NA	NA	NA
NA	NA	NA	NA	NA	NA	NA	NA	NA	NA	NA	NA	NA	NA	NA	NA
NA	NA	NA	NA	NA	NA	NA	NA	NA	NA	NA	NA	NA	NA	NA	NA
NA	NA	NA	NA	NA	NA	NA	NA	NA	NA	NA	NA	NA	NA	NA	NA
NA	NA	NA	NA	NA	NA	NA	NA	NA	NA	NA	NA	NA	NA	NA	NA
NA	NA	NA	NA	NA	NA	NA	NA	NA	NA	NA	NA	NA	NA	NA	NA
NA	NA	NA	NA	NA	NA	NA	NA	NA	NA	NA	NA	NA	NA	NA	NA
NA	NA	NA	NA	NA	NA	NA	NA	NA	NA	NA	NA	NA	NA	NA	NA
NA	NA	NA	NA	NA	NA	NA	NA	NA	NA	NA	NA	NA	NA	NA	NA
NA	NA	NA	NA	NA	NA	NA	NA	NA	NA	NA	NA	NA	NA	NA	NA
NA	NA	NA	NA	NA	NA	NA	NA	NA	NA	NA	NA	NA	NA	NA	NA
NA	NA	NA	NA	NA	NA	NA	NA	NA	NA	NA	NA	NA	NA	NA	NA
NA	NA	NA	NA	NA	NA	NA	NA	NA	NA	NA	NA	NA	NA	NA	NA
NA	NA	NA	NA	NA	NA	NA	NA	NA	NA	NA	NA	NA	NA	NA	NA
NA	NA	NA	NA	NA	NA	NA	NA	NA	NA	NA	NA	NA	NA	NA	NA
NA	NA	NA	NA	NA	NA	NA	NA	NA	NA	NA	NA	NA	NA	NA	NA
NA	NA	NA	NA	NA	NA	NA	NA	NA	NA	NA	NA	NA	NA	NA	NA
NA	NA	NA	NA	NA	NA	NA	NA	NA	NA	NA	NA	NA	NA	NA	NA
NA	NA	NA	NA	NA	NA	NA	NA	NA	NA	NA	NA	NA	NA	NA	NA
NA	NA	NA	NA	NA	NA	NA	NA	NA	NA	NA	NA	NA	NA	NA	NA
NA	NA	NA	NA	NA	NA	NA	NA	NA	NA	NA	NA	NA	NA	NA	NA
NA	NA	NA	NA	NA	NA	NA	NA	NA	NA	NA	NA	NA	NA	NA	NA
NA	NA	NA	NA	NA	NA	NA	NA	NA	NA	NA	NA	NA	NA	NA	NA
NA	NA	NA	NA	NA	NA	NA	NA	NA	NA	NA	NA	NA	NA	NA	NA
NA	NA	NA	NA	NA	NA	NA	NA	NA	NA	NA	NA	NA	NA	NA	NA
NA	NA	NA	NA	NA	NA	NA	NA	NA	NA	NA	NA	NA	NA	NA	NA
NA	NA	NA	NA	NA	NA	NA	NA	NA	NA	NA	NA	NA	NA	NA	NA
NA	NA	NA	NA	NA	NA	NA	NA	NA	NA	NA	NA	NA	NA	NA	NA
NA	NA	NA	NA	NA	NA	NA	NA	NA	NA	NA	NA	NA	NA	NA	NA
NA	NA	NA	NA	NA	NA	NA	NA	NA	NA	NA	NA	NA	NA	NA	NA
NA	NA	NA	NA	NA	NA	NA	NA	NA	NA	NA	NA	NA	NA	NA	NA
NA	NA	NA	NA	NA	NA	NA	NA	NA	NA	NA	NA	NA	NA	NA	NA
NA	NA	NA	NA	NA	NA	NA	NA	NA	NA	NA	NA	NA	NA	NA	NA
NA	NA	NA	NA	NA	NA	NA	NA	NA	NA	NA	NA	NA	NA	NA	NA
NA	NA	NA	NA	NA	NA	NA	NA	NA	NA	NA	NA	NA	NA	NA	NA
NA	NA	NA	NA	NA	NA	NA	NA	NA	NA	NA	NA	NA	NA	NA	NA
NA	NA	NA	NA	NA	NA	NA	NA	NA	NA	NA	NA	NA	NA	NA	NA
NA	NA	NA	NA	NA	NA	NA	NA	NA	NA	NA	NA	NA	NA	NA	NA
NA	NA	NA	NA	NA	NA	NA	NA	NA	NA	NA	NA	NA	NA	NA	NA
NA	NA	NA	NA	NA	NA	NA	NA	NA	NA	NA	NA	NA	NA	NA	NA
NA	NA	NA	NA	NA	NA	NA	NA	NA	NA	NA	NA	NA	NA	NA	NA
NA	NA	NA	NA	NA	NA	NA	NA	NA	NA	NA	NA	NA	NA	NA	NA
NA	NA	NA	NA	NA	NA	NA	NA	NA	NA	NA	NA	NA	NA	NA	NA
NA	NA	NA	NA	NA	NA	NA	NA	NA	NA	NA	NA	NA	NA	NA	NA
NA	NA	NA	NA	NA	NA	NA	NA	NA	NA	NA	NA	NA	NA	NA	NA
NA	NA	NA	NA	NA	NA	NA	NA	NA	NA	NA	NA	NA	NA	NA	NA
NA	NA	NA	NA	NA	NA	NA	NA	NA	NA	NA	NA	NA	NA	NA	NA
NA	NA	NA	NA	NA	NA	NA	NA	NA	NA	NA	NA	NA	NA	NA	NA
NA	NA	NA	NA	NA	NA	NA	NA	NA	NA	NA	NA	NA	NA	NA	NA
NA	NA	NA	NA	NA	NA	NA	NA	NA	NA	NA	NA	NA	NA	NA	NA
NA	NA	NA	NA	NA	NA	NA	NA	NA	NA	NA	NA	NA	NA	NA	NA
NA	NA	NA	NA	NA	NA	NA	NA	NA	NA	NA	NA	NA	NA	NA	NA
NA	NA	NA	NA	NA	NA	NA	NA	NA	NA	NA	NA	NA	NA	NA	NA
NA	NA	NA	NA	NA	NA	NA	NA	NA	NA	NA	NA	NA	NA	NA	NA
NA	NA	NA	NA	NA	NA	NA	NA	NA	NA	NA	NA	NA	NA	NA	NA
NA	NA	NA	NA	NA	NA	NA	NA	NA	NA	NA	NA	NA	NA	NA	NA
NA	NA	NA	NA	NA	NA	NA	NA	NA	NA	NA	NA	NA	NA	NA	NA
NA	NA	NA	NA	NA	NA	NA	NA	NA	NA	NA	NA	NA	NA	NA	NA
NA	NA	NA	NA	NA	NA	NA	NA	NA	NA	NA	NA	NA	NA	NA	NA
NA	NA	NA	NA	NA	NA	NA	NA	NA	NA	NA	NA	NA	NA	NA	NA
NA	NA	NA	NA	NA	NA	NA	NA	NA	NA	NA	NA	NA	NA	NA	NA
NA	NA	NA	NA	NA	NA	NA	NA	NA	NA	NA	NA	NA	NA	NA	NA
NA	NA	NA	NA	NA	NA	NA	NA	NA	NA	NA	NA	NA	NA	NA	NA
NA	NA	NA	NA	NA	NA	NA	NA	NA	NA	NA	NA	NA	NA	NA	NA
NA	NA	NA	NA	NA	NA	NA	NA	NA	NA	NA	NA	NA	NA	NA	NA
NA	NA	NA	NA	NA	NA	NA	NA	NA	NA	NA	NA	NA	NA	NA	NA
NA	NA	NA	NA	NA	NA	NA	NA	NA	NA	NA	NA	NA	NA	NA	NA
NA	NA	NA	NA	NA	NA	NA	NA	NA	NA	NA	NA	NA	NA	NA	NA
NA	NA	NA	NA	NA	NA	NA	NA	NA	NA	NA	NA	NA	NA	NA	NA
NA	NA	NA	NA	NA	NA	NA	NA	NA	NA	NA	NA	NA	NA	NA	NA
NA	NA	NA	NA	NA	NA	NA	NA	NA	NA	NA	NA	NA	NA	NA	NA
NA	NA	NA	NA	NA	NA	NA	NA	NA	NA	NA	NA	NA	NA	NA	NA
NA	NA	NA	NA	NA	NA	NA	NA	NA	NA	NA	NA	NA	NA	NA	NA
NA	NA	NA	NA	NA	NA	NA	NA	NA	NA	NA	NA	NA	NA	NA	NA
NA	NA	NA	NA	NA	NA	NA	NA	NA	NA	NA	NA	NA	NA	NA	NA
NA	NA	NA	NA	NA	NA	NA	NA	NA	NA	NA	NA	NA	NA	NA	NA
NA	NA	NA	NA	NA	NA	NA	NA	NA	NA	NA	NA	NA	NA	NA	NA
NA	NA	NA	NA	NA	NA	NA	NA	NA	NA	NA	NA	NA	NA	NA	NA
NA	NA	NA	NA	NA	NA	NA	NA	NA	NA	NA	NA	NA	NA	NA	NA
NA	NA	NA	NA	NA	NA	NA	NA	NA	NA	NA	NA	NA	NA	NA	NA
NA	NA	NA	NA	NA	NA	NA	NA	NA	NA	NA	NA	NA	NA	NA	NA
NA	NA	NA	NA	NA	NA	NA	NA	NA	NA	NA	NA	NA	NA	NA	NA
NA	NA	NA	NA	NA	NA	NA	NA	NA	NA	NA	NA	NA	NA	NA	NA
NA	NA	NA	NA	NA	NA	NA	NA	NA	NA	NA	NA	NA	NA	NA	NA
NA	NA	NA	NA	NA	NA	NA	NA	NA	NA	NA	NA	NA	NA	NA	NA
NA	NA	NA	NA	NA	NA	NA	NA	NA	NA	NA	NA	NA	NA	NA	NA
NA	NA	NA	NA	NA	NA	NA	NA	NA	NA	NA	NA	NA	NA	NA	NA
NA	NA	NA	NA	NA	NA	NA	NA	NA	NA	NA	NA	NA	NA	NA	NA
NA	NA	NA	NA	NA	NA	NA	NA	NA	NA	NA	NA	NA	NA	NA	NA
NA	NA	NA	NA	NA	NA	NA	NA	NA	NA	NA	NA	NA	NA	NA	NA
NA	NA	NA	NA	NA	NA	NA	NA	NA	NA	NA	NA	NA	NA	NA	NA
NA	NA	NA	NA	NA	NA	NA	NA	NA	NA	NA	NA	NA	NA	NA	NA
NA	NA	NA	NA	NA	NA	NA	NA	NA	NA	NA	NA	NA	NA	NA	NA
NA	NA	NA	NA	NA	NA	NA	NA	NA	NA	NA	NA	NA	NA	NA	NA
NA	NA	NA	NA	NA	NA	NA	NA	NA	NA	NA	NA	NA	NA	NA	NA
NA	NA	NA	NA	NA	NA	NA	NA	NA	NA	NA	NA	NA	NA	NA	NA
NA	NA	NA	NA	NA	NA	NA	NA	NA	NA	NA	NA	NA	NA	NA	NA
NA	NA	NA	NA	NA	NA	NA	NA	NA	NA	NA	NA	NA	NA	NA	NA
NA	NA	NA	NA	NA	NA	NA	NA	NA	NA	NA	NA	NA	NA	NA	NA
NA	NA	NA	NA	NA	NA	NA	NA	NA	NA	NA	NA	NA	NA	NA	NA
NA	NA	NA	NA	NA	NA	NA	NA	NA	NA	NA	NA	NA	NA	NA	NA
NA	NA	NA	NA	NA	NA	NA	NA	NA	NA	NA	NA	NA	NA	NA	NA
NA	NA	NA	NA	NA	NA	NA	NA	NA	NA	NA	NA	NA	NA	NA	NA
NA	NA	NA	NA	NA	NA	NA	NA	NA	NA	NA	NA	NA	NA	NA	NA
NA	NA	NA	NA	NA	NA	NA	NA	NA	NA	NA	NA	NA	NA	NA	NA
NA	NA	NA	NA	NA	NA	NA	NA	NA	NA	NA	NA	NA	NA	NA	NA
NA	NA	NA	NA	NA	NA	NA	NA	NA	NA	NA	NA	NA	NA	NA	NA
NA	NA	NA	NA	NA	NA	NA	NA	NA	NA	NA	NA	NA	NA	NA	NA
NA	NA	NA	NA	NA	NA	NA	NA	NA	NA	NA	NA	NA	NA	NA	NA
NA	NA	NA	NA	NA	NA	NA	NA	NA	NA	NA	NA	NA	NA	NA	NA
NA	NA	NA	NA	NA	NA	NA	NA	NA	NA	NA	NA	NA	NA	NA	NA
NA	NA	NA	NA	NA	NA	NA	NA	NA	NA	NA	NA	NA	NA	NA	NA
NA	NA	NA	NA	NA	NA	NA	NA	NA	NA	NA	NA	NA	NA	NA	NA
NA	NA	NA	NA	NA	NA	NA	NA	NA	NA	NA	NA	NA	NA	NA	NA
NA	NA	NA	NA	NA	NA	NA	NA	NA	NA	NA	NA	NA	NA	NA	NA
NA	NA	NA	NA	NA	NA	NA	NA	NA	NA	NA	NA	NA	NA	NA	NA
NA	NA	NA	NA	NA	NA	NA	NA	NA	NA	NA	NA	NA	NA	NA	NA
NA	NA	NA	NA	NA	NA	NA	NA	NA	NA	NA	NA	NA	NA	NA	NA
NA	NA	NA	NA	NA	NA	NA	NA	NA	NA	NA	NA	NA	NA	NA	NA
NA	NA	NA	NA	NA	NA	NA	NA	NA	NA	NA	NA	NA	NA	NA	NA
NA	NA	NA	NA	NA	NA	NA	NA	NA	NA	NA	NA	NA	NA	NA	NA
NA	NA	NA	NA	NA	NA	NA	NA	NA	NA	NA	NA	NA	NA	NA	NA
NA	NA	NA	NA	NA	NA	NA	NA	NA	NA	NA	NA	NA	NA	NA	NA
NA	NA	NA	NA	NA	NA	NA	NA	NA	NA	NA	NA	NA	NA	NA	NA
NA	NA	NA	NA	NA	NA	NA	NA	NA	NA	NA	NA	NA	NA	NA	NA
NA	NA	NA	NA	NA	NA	NA	NA	NA	NA	NA	NA	NA	NA	NA	NA
NA	NA	NA	NA	NA	NA	NA	NA	NA	NA	NA	NA	NA	NA	NA	NA
NA	NA	NA	NA	NA	NA	NA	NA	NA	NA	NA	NA	NA	NA	NA	NA
NA	NA	NA	NA	NA	NA	NA	NA	NA	NA	NA	NA	NA	NA	NA	NA
NA	NA	NA	NA	NA	NA	NA	NA	NA	NA	NA	NA	NA	NA	NA	NA
NA	NA	NA	NA	NA	NA	NA	NA	NA	NA	NA	NA	NA	NA	NA	NA
NA	NA	NA	NA	NA	NA	NA	NA	NA	NA	NA	NA	NA	NA	NA	NA
NA	NA	NA	NA	NA	NA	NA	NA	NA	NA	NA	NA	NA	NA	NA	NA
NA	NA	NA	NA	NA	NA	NA	NA	NA	NA	NA	NA	NA	NA	NA	NA
NA	NA	NA	NA	NA	NA	NA	NA	NA	NA	NA	NA	NA	NA	NA	NA
NA	NA	NA	NA	NA	NA	NA	NA	NA	NA	NA	NA	NA	NA	NA	NA
NA	NA	NA	NA	NA	NA	NA	NA	NA	NA	NA	NA	NA	NA	NA	NA
NA	NA	NA	NA	NA	NA	NA	NA	NA	NA	NA	NA	NA	NA	NA	NA
NA	NA	NA	NA	NA	NA	NA	NA	NA	NA	NA	NA	NA	NA	NA	NA
NA	NA	NA	NA	NA	NA	NA	NA	NA	NA	NA	NA	NA	NA	NA	NA
NA	NA	NA	NA	NA	NA	NA	NA	NA	NA	NA	NA	NA	NA	NA	NA
NA	NA	NA	NA	NA	NA	NA	NA	NA	NA	NA	NA	NA	NA	NA	NA
NA	NA	NA	NA	NA	NA	NA	NA	NA	NA	NA	NA	NA	NA	NA	NA
NA	NA	NA	NA	NA	NA	NA	NA	NA	NA	NA	NA	NA	NA	NA	NA
NA	NA	NA	NA	NA	NA	NA	NA	NA	NA	NA	NA	NA	NA	NA	NA
NA	NA	NA	NA	NA	NA	NA	NA	NA	NA	NA	NA	NA	NA	NA	NA
NA	NA	NA	NA	NA	NA	NA	NA	NA	NA	NA	NA	NA	NA	NA	NA
NA	NA	NA	NA	NA	NA	NA	NA	NA	NA	NA	NA	NA	NA	NA	NA
NA	NA	NA	NA	NA	NA	NA	NA	NA	NA	NA	NA	NA	NA	NA	NA
NA	NA	NA	NA	NA	NA	NA	NA	NA	NA	NA	NA	NA	NA	NA	NA
NA	NA	NA	NA	NA	NA	NA	NA	NA	NA	NA	NA	NA	NA	NA	NA
NA	NA	NA	NA	NA	NA	NA	NA	NA	NA	NA	NA	NA	NA	NA	NA
NA	NA	NA	NA	NA	NA	NA	NA	NA	NA	NA	NA	NA	NA	NA	NA
NA	NA	NA	NA	NA	NA	NA	NA	NA	NA	NA	NA	NA	NA	NA	NA
NA	NA	NA	NA	NA	NA	NA	NA	NA	NA	NA	NA	NA	NA	NA	NA
NA	NA	NA	NA	NA	NA	NA	NA	NA	NA	NA	NA	NA	NA	NA	NA
NA	NA	NA	NA	NA	NA	NA	NA	NA	NA	NA	NA	NA	NA	NA	NA
NA	NA	NA	NA	NA	NA	NA	NA	NA	NA	NA	NA	NA	NA	NA	NA
NA	NA	NA	NA	NA	NA	NA	NA	NA	NA	NA	NA	NA	NA	NA	NA
NA	NA	NA	NA	NA	NA	NA	NA	NA	NA	NA	NA	NA	NA	NA	NA
NA	NA	NA	NA	NA	NA	NA	NA	NA	NA	NA	NA	NA	NA	NA	NA
NA	NA	NA	NA	NA	NA	NA	NA	NA	NA	NA	NA	NA	NA	NA	NA
NA	NA	NA	NA	NA	NA	NA	NA	NA	NA	NA	NA	NA	NA	NA	NA
NA	NA	NA	NA	NA	NA	NA	NA	NA	NA	NA	NA	NA	NA	NA	NA
NA	NA	NA	NA	NA	NA	NA	NA	NA	NA	NA	NA	NA	NA	NA	NA
NA	NA	NA	NA	NA	NA	NA	NA	NA	NA	NA	NA	NA	NA	NA	NA
NA	NA	NA	NA	NA	NA	NA	NA	NA	NA	NA	NA	NA	NA	NA	NA
NA	NA	NA	NA	NA	NA	NA	NA	NA	NA	NA	NA	NA	NA	NA	NA
NA	NA	NA	NA	NA	NA	NA	NA	NA	NA	NA	NA	NA	NA	NA	NA
NA	NA	NA	NA	NA	NA	NA	NA	NA	NA	NA	NA	NA	NA	NA	NA
NA	NA	NA	NA	NA	NA	NA	NA	NA	NA	NA	NA	NA	NA	NA	NA
NA	NA	NA	NA	NA	NA	NA	NA	NA	NA	NA	NA	NA	NA	NA	NA
NA	NA	NA	NA	NA	NA	NA	NA	NA	NA	NA	NA	NA	NA	NA	NA
NA	NA	NA	NA	NA	NA	NA	NA	NA	NA	NA	NA	NA	NA	NA	NA
NA	NA	NA	NA	NA	NA	NA	NA	NA	NA	NA	NA	NA	NA	NA	NA
NA	NA	NA	NA	NA	NA	NA	NA	NA	NA	NA	NA	NA	NA	NA	NA
NA	NA	NA	NA	NA	NA	NA	NA	NA	NA	NA	NA	NA	NA	NA	NA
NA	NA	NA	NA	NA	NA	NA	NA	NA	NA	NA	NA	NA	NA	NA	NA
NA	NA	NA	NA	NA	NA	NA	NA	NA	NA	NA	NA	NA	NA	NA	NA
NA	NA	NA	NA	NA	NA	NA	NA	NA	NA	NA	NA	NA	NA	NA	NA
NA	NA	NA	NA	NA	NA	NA	NA	NA	NA	NA	NA	NA	NA	NA	NA
NA	NA	NA	NA	NA	NA	NA	NA	NA	NA	NA	NA	NA	NA	NA	NA
NA	NA	NA	NA	NA	NA	NA	NA	NA	NA	NA	NA	NA	NA	NA	NA
NA	NA	NA	NA	NA	NA	NA	NA	NA	NA	NA	NA	NA	NA	NA	NA
NA	NA	NA	NA	NA	NA	NA	NA	NA	NA	NA	NA	NA	NA	NA	NA
NA	NA	NA	NA	NA	NA	NA	NA	NA	NA	NA	NA	NA	NA	NA	NA
NA	NA	NA	NA	NA	NA	NA	NA	NA	NA	NA	NA	NA	NA	NA	NA
NA	NA	NA	NA	NA	NA	NA	NA	NA	NA	NA	NA	NA	NA	NA	NA
NA	NA	NA	NA	NA	NA	NA	NA	NA	NA	NA	NA	NA	NA	NA	NA
NA	NA	NA	NA	NA	NA	NA	NA	NA	NA	NA	NA	NA	NA	NA	NA
NA	NA	NA	NA	NA	NA	NA	NA	NA	NA	NA	NA	NA	NA	NA	NA
NA	NA	NA	NA	NA	NA	NA	NA	NA	NA	NA	NA	NA	NA	NA	NA
NA	NA	NA	NA	NA	NA	NA	NA	NA	NA	NA	NA	NA	NA	NA	NA
NA	NA	NA	NA	NA	NA	NA	NA	NA	NA	NA	NA	NA	NA	NA	NA
NA	NA	NA	NA	NA	NA	NA	NA	NA	NA	NA	NA	NA	NA	NA	NA
NA	NA	NA	NA	NA	NA	NA	NA	NA	NA	NA	NA	NA	NA	NA	NA
