X1	X2	X3	X4	X1.1	X2.1	X3.1	X4.1	X1.2	X2.2	X3.2	X4.2	X1.3	X2.3	X3.3	X4.3
NA	NA	NA	NA	NA	NA	NA	NA	NA	NA	NA	NA	NA	NA	NA	NA
NA	NA	NA	NA	NA	NA	NA	NA	NA	NA	NA	NA	NA	NA	NA	NA
NA	NA	NA	NA	NA	NA	NA	NA	NA	NA	NA	NA	NA	NA	NA	NA
NA	NA	NA	NA	NA	NA	NA	NA	NA	NA	NA	NA	NA	NA	NA	NA
NA	NA	NA	NA	NA	NA	NA	NA	NA	NA	NA	NA	NA	NA	NA	NA
NA	NA	NA	NA	NA	NA	NA	NA	NA	NA	NA	NA	NA	NA	NA	NA
NA	NA	NA	NA	NA	NA	NA	NA	NA	NA	NA	NA	NA	NA	NA	NA
NA	NA	NA	NA	NA	NA	NA	NA	NA	NA	NA	NA	NA	NA	NA	NA
NA	NA	NA	NA	NA	NA	NA	NA	NA	NA	NA	NA	NA	NA	NA	NA
NA	NA	NA	NA	NA	NA	NA	NA	NA	NA	NA	NA	NA	NA	NA	NA
NA	NA	NA	NA	NA	NA	NA	NA	NA	NA	NA	NA	NA	NA	NA	NA
NA	NA	NA	NA	NA	NA	NA	NA	NA	NA	NA	NA	NA	NA	NA	NA
NA	NA	NA	NA	NA	NA	NA	NA	NA	NA	NA	NA	NA	NA	NA	NA
NA	NA	NA	NA	NA	NA	NA	NA	NA	NA	NA	NA	NA	NA	NA	NA
NA	NA	NA	NA	NA	NA	NA	NA	NA	NA	NA	NA	NA	NA	NA	NA
NA	NA	NA	NA	NA	NA	NA	NA	NA	NA	NA	NA	NA	NA	NA	NA
NA	NA	NA	NA	NA	NA	NA	NA	NA	NA	NA	NA	NA	NA	NA	NA
NA	NA	NA	NA	NA	NA	NA	NA	NA	NA	NA	NA	NA	NA	NA	NA
NA	NA	NA	NA	NA	NA	NA	NA	NA	NA	NA	NA	NA	NA	NA	NA
NA	NA	NA	NA	NA	NA	NA	NA	NA	NA	NA	NA	NA	NA	NA	NA
NA	NA	NA	NA	NA	NA	NA	NA	NA	NA	NA	NA	NA	NA	NA	NA
NA	NA	NA	NA	NA	NA	NA	NA	NA	NA	NA	NA	NA	NA	NA	NA
NA	NA	NA	NA	NA	NA	NA	NA	NA	NA	NA	NA	NA	NA	NA	NA
NA	NA	NA	NA	NA	NA	NA	NA	NA	NA	NA	NA	NA	NA	NA	NA
NA	NA	NA	NA	NA	NA	NA	NA	NA	NA	NA	NA	NA	NA	NA	NA
NA	NA	NA	NA	NA	NA	NA	NA	NA	NA	NA	NA	NA	NA	NA	NA
NA	NA	NA	NA	NA	NA	NA	NA	NA	NA	NA	NA	NA	NA	NA	NA
NA	NA	NA	NA	NA	NA	NA	NA	NA	NA	NA	NA	NA	NA	NA	NA
NA	NA	NA	NA	NA	NA	NA	NA	NA	NA	NA	NA	NA	NA	NA	NA
NA	NA	NA	NA	NA	NA	NA	NA	NA	NA	NA	NA	NA	NA	NA	NA
NA	NA	NA	NA	NA	NA	NA	NA	NA	NA	NA	NA	NA	NA	NA	NA
NA	NA	NA	NA	NA	NA	NA	NA	NA	NA	NA	NA	NA	NA	NA	NA
NA	NA	NA	NA	NA	NA	NA	NA	NA	NA	NA	NA	NA	NA	NA	NA
NA	NA	NA	NA	NA	NA	NA	NA	NA	NA	NA	NA	NA	NA	NA	NA
NA	NA	NA	NA	NA	NA	NA	NA	NA	NA	NA	NA	NA	NA	NA	NA
NA	NA	NA	NA	NA	NA	NA	NA	NA	NA	NA	NA	NA	NA	NA	NA
NA	NA	NA	NA	NA	NA	NA	NA	NA	NA	NA	NA	NA	NA	NA	NA
NA	NA	NA	NA	NA	NA	NA	NA	NA	NA	NA	NA	NA	NA	NA	NA
NA	NA	NA	NA	NA	NA	NA	NA	NA	NA	NA	NA	NA	NA	NA	NA
NA	NA	NA	NA	NA	NA	NA	NA	NA	NA	NA	NA	NA	NA	NA	NA
NA	NA	NA	NA	NA	NA	NA	NA	NA	NA	NA	NA	NA	NA	NA	NA
NA	NA	NA	NA	NA	NA	NA	NA	NA	NA	NA	NA	NA	NA	NA	NA
NA	NA	NA	NA	NA	NA	NA	NA	NA	NA	NA	NA	NA	NA	NA	NA
NA	NA	NA	NA	NA	NA	NA	NA	NA	NA	NA	NA	NA	NA	NA	NA
NA	NA	NA	NA	NA	NA	NA	NA	NA	NA	NA	NA	NA	NA	NA	NA
NA	NA	NA	NA	NA	NA	NA	NA	NA	NA	NA	NA	NA	NA	NA	NA
NA	NA	NA	NA	NA	NA	NA	NA	NA	NA	NA	NA	NA	NA	NA	NA
NA	NA	NA	NA	NA	NA	NA	NA	NA	NA	NA	NA	NA	NA	NA	NA
NA	NA	NA	NA	NA	NA	NA	NA	NA	NA	NA	NA	NA	NA	NA	NA
NA	NA	NA	NA	NA	NA	NA	NA	NA	NA	NA	NA	NA	NA	NA	NA
NA	NA	NA	NA	NA	NA	NA	NA	NA	NA	NA	NA	NA	NA	NA	NA
NA	NA	NA	NA	NA	NA	NA	NA	NA	NA	NA	NA	NA	NA	NA	NA
NA	NA	NA	NA	NA	NA	NA	NA	NA	NA	NA	NA	NA	NA	NA	NA
NA	NA	NA	NA	NA	NA	NA	NA	NA	NA	NA	NA	NA	NA	NA	NA
NA	NA	NA	NA	NA	NA	NA	NA	NA	NA	NA	NA	NA	NA	NA	NA
NA	NA	NA	NA	NA	NA	NA	NA	NA	NA	NA	NA	NA	NA	NA	NA
NA	NA	NA	NA	NA	NA	NA	NA	NA	NA	NA	NA	NA	NA	NA	NA
NA	NA	NA	NA	NA	NA	NA	NA	NA	NA	NA	NA	NA	NA	NA	NA
NA	NA	NA	NA	NA	NA	NA	NA	NA	NA	NA	NA	NA	NA	NA	NA
NA	NA	NA	NA	NA	NA	NA	NA	NA	NA	NA	NA	NA	NA	NA	NA
NA	NA	NA	NA	NA	NA	NA	NA	NA	NA	NA	NA	NA	NA	NA	NA
NA	NA	NA	NA	NA	NA	NA	NA	NA	NA	NA	NA	NA	NA	NA	NA
NA	NA	NA	NA	NA	NA	NA	NA	NA	NA	NA	NA	NA	NA	NA	NA
NA	NA	NA	NA	NA	NA	NA	NA	NA	NA	NA	NA	NA	NA	NA	NA
NA	NA	NA	NA	NA	NA	NA	NA	NA	NA	NA	NA	NA	NA	NA	NA
NA	NA	NA	NA	NA	NA	NA	NA	NA	NA	NA	NA	NA	NA	NA	NA
NA	NA	NA	NA	NA	NA	NA	NA	NA	NA	NA	NA	NA	NA	NA	NA
NA	NA	NA	NA	NA	NA	NA	NA	NA	NA	NA	NA	NA	NA	NA	NA
NA	NA	NA	NA	NA	NA	NA	NA	NA	NA	NA	NA	NA	NA	NA	NA
NA	NA	NA	NA	NA	NA	NA	NA	NA	NA	NA	NA	NA	NA	NA	NA
NA	NA	NA	NA	NA	NA	NA	NA	NA	NA	NA	NA	NA	NA	NA	NA
NA	NA	NA	NA	NA	NA	NA	NA	NA	NA	NA	NA	NA	NA	NA	NA
NA	NA	NA	NA	NA	NA	NA	NA	NA	NA	NA	NA	NA	NA	NA	NA
NA	NA	NA	NA	NA	NA	NA	NA	NA	NA	NA	NA	NA	NA	NA	NA
NA	NA	NA	NA	NA	NA	NA	NA	NA	NA	NA	NA	NA	NA	NA	NA
NA	NA	NA	NA	NA	NA	NA	NA	NA	NA	NA	NA	NA	NA	NA	NA
NA	NA	NA	NA	NA	NA	NA	NA	NA	NA	NA	NA	NA	NA	NA	NA
NA	NA	NA	NA	NA	NA	NA	NA	NA	NA	NA	NA	NA	NA	NA	NA
NA	NA	NA	NA	NA	NA	NA	NA	NA	NA	NA	NA	NA	NA	NA	NA
NA	NA	NA	NA	NA	NA	NA	NA	NA	NA	NA	NA	NA	NA	NA	NA
NA	NA	NA	NA	NA	NA	NA	NA	NA	NA	NA	NA	NA	NA	NA	NA
NA	NA	NA	NA	NA	NA	NA	NA	NA	NA	NA	NA	NA	NA	NA	NA
NA	NA	NA	NA	NA	NA	NA	NA	NA	NA	NA	NA	NA	NA	NA	NA
NA	NA	NA	NA	NA	NA	NA	NA	NA	NA	NA	NA	NA	NA	NA	NA
NA	NA	NA	NA	NA	NA	NA	NA	NA	NA	NA	NA	NA	NA	NA	NA
NA	NA	NA	NA	NA	NA	NA	NA	NA	NA	NA	NA	NA	NA	NA	NA
NA	NA	NA	NA	NA	NA	NA	NA	NA	NA	NA	NA	NA	NA	NA	NA
NA	NA	NA	NA	NA	NA	NA	NA	NA	NA	NA	NA	NA	NA	NA	NA
NA	NA	NA	NA	NA	NA	NA	NA	NA	NA	NA	NA	NA	NA	NA	NA
NA	NA	NA	NA	NA	NA	NA	NA	NA	NA	NA	NA	NA	NA	NA	NA
NA	NA	NA	NA	NA	NA	NA	NA	NA	NA	NA	NA	NA	NA	NA	NA
NA	NA	NA	NA	NA	NA	NA	NA	NA	NA	NA	NA	NA	NA	NA	NA
NA	NA	NA	NA	NA	NA	NA	NA	NA	NA	NA	NA	NA	NA	NA	NA
NA	NA	NA	NA	NA	NA	NA	NA	NA	NA	NA	NA	NA	NA	NA	NA
NA	NA	NA	NA	NA	NA	NA	NA	NA	NA	NA	NA	NA	NA	NA	NA
NA	NA	NA	NA	NA	NA	NA	NA	NA	NA	NA	NA	NA	NA	NA	NA
NA	NA	NA	NA	NA	NA	NA	NA	NA	NA	NA	NA	NA	NA	NA	NA
NA	NA	NA	NA	NA	NA	NA	NA	NA	NA	NA	NA	NA	NA	NA	NA
NA	NA	NA	NA	NA	NA	NA	NA	NA	NA	NA	NA	NA	NA	NA	NA
NA	NA	NA	NA	NA	NA	NA	NA	NA	NA	NA	NA	NA	NA	NA	NA
2.21726660879836	0.112302725420779	1.99715326697364	2.43737995062309	2.24254419003689	0.145267449831327	1.95781998836749	2.5272683917063	2.24254419003689	0.112302725420779	2.03910775570217	2.47288184997138	2.24251726975631	0.103415835907169	2.03966410384971	2.4453704356629
2.03211171512488	0.103607219743915	1.82904156442681	2.23518186582295	2.03027812483644	0.139641194461151	1.75658138369258	2.30397486598029	2.03027812483644	0.103607219743915	1.82433310179086	2.23169298044478	2.03091469571292	0.09871105266877	1.83729513721878	2.22453425420706
2.09593283508298	0.105603427931533	1.88895011633717	2.30291555382878	2.11083085147052	0.137182799096377	1.84195256524162	2.37970913769942	2.11083085147052	0.105603427931533	1.89351980944976	2.31121566581382	2.10841174528731	0.101025032869671	1.91024726346522	2.30657622710941
1.96755248682209	0.100032712542215	1.77148837023935	2.16361660340483	1.99439863303037	0.135139451831113	1.72952530744139	2.25927195861935	1.99439863303037	0.100032712542215	1.79708491564121	2.18640330358759	1.9952048788072	0.0931480075889486	1.8125049741889	2.1779047834255
1.9365433919015	0.101739171303015	1.73713461614759	2.13595216765541	1.90316247501615	0.135461348742142	1.63765823148155	2.16866671855075	1.90316247501615	0.101739171303015	1.70209656634461	2.09610205805279	1.9046407843285	0.0972402456054868	1.71391257508718	2.09536899356982
1.8920337905451	0.159161239662055	1.58007776080748	2.20398982028273	1.9704669238225	0.192059471092908	1.5940303604804	2.3469034871646	1.9704669238225	0.159161239662055	1.69868200066318	2.32629642948101	1.9688564099773	0.154537133463101	1.66566716563866	2.27204565431594
1.93772588878182	0.142233144252941	1.65894892604606	2.21650285151759	1.92547095015117	0.190204168346653	1.55267078019173	2.29827112011061	1.92547095015117	0.142233144252941	1.66776849925734	2.22657948101149	1.92585951115806	0.135752862493043	1.65954086102447	2.19217816129165
1.86613917399326	0.102345264505081	1.6655424555633	2.06673589242322	1.89027915057707	0.132627666829485	1.63032892359128	2.15022937756286	1.89027915057707	0.102345264505081	1.68931327632203	2.08342958513876	1.88940090821876	0.0973728183251198	1.6984077339084	2.08039408252913
2.00189520550902	0.100300890979071	1.80530545919004	2.198484951828	1.9490622336355	0.132044747154581	1.69025452921252	2.20786993805848	1.9490622336355	0.100300890979071	1.75853386020111	2.14896117669756	1.94795140692997	0.0941693743083463	1.76325284585811	2.13264996800183
1.92645127017086	0.121583253392124	1.6881480935223	2.16475444681943	1.97255469715163	0.154425629015711	1.66988046428083	2.27522893002242	1.97255469715163	0.121583253392124	1.76553037562806	2.23852405984612	1.97089766692019	0.116138418492268	1.74307107499073	2.19872425884965
2.1867495499467	0.0992006306360529	1.99231631390004	2.38118278599337	2.11822257550406	0.12951866086815	1.86436600020248	2.37207915080563	2.11822257550406	0.0992006306360529	1.92552632162492	2.31948144132499	2.11747991123607	0.0959600998289738	1.92926309353219	2.30569672893995
2.14066352346377	0.104671994747461	1.93550641375874	2.34582063316879	2.16452120970051	0.139594708601026	1.8909155808425	2.43812683855852	2.16452120970051	0.104671994747461	1.9677136487938	2.38056369727238	2.16514973449241	0.100984422902221	1.9670657737734	2.36323369521142
2.10938319339144	0.144997487594292	1.82518811770663	2.39357826907625	2.05473442874797	0.180845781296026	1.70027669740776	2.40919216008818	2.05473442874797	0.144997487594292	1.74924944622351	2.33301980737907	2.05237699584776	0.142660125559156	1.77250009142824	2.33225390026727
1.86816400464096	0.0878458780814867	1.69598608360124	2.04034192568067	1.85346348393919	0.119735636172046	1.61878163704198	2.0881453308364	1.85346348393919	0.0878458780814867	1.67510627895804	2.023349125896	1.85132800190939	0.0840237780958266	1.68653917821236	2.01611682560642
1.99831970113509	0.117110418241158	1.76878328138242	2.22785612088776	2.01496384353322	0.152711330645905	1.71564963546725	2.31427805159919	2.01496384353322	0.117110418241158	1.78600662613009	2.23795398279991	2.01476736565532	0.110602389442368	1.79781034654241	2.23172438476824
2.09341790747133	0.123556792278396	1.85124659460568	2.33558922033699	2.13791954029387	0.163024656115959	1.81839121430659	2.45744786628114	2.13791954029387	0.123556792278396	1.87850635378903	2.38799949951673	2.13732653295608	0.118612165590197	1.90464610562919	2.37000696028296
2.07528943692801	0.0891792634107921	1.90049808064286	2.25008079321316	2.02718086390589	0.120377716006752	1.79124054053265	2.26312118727912	2.02718086390589	0.0891792634107921	1.85207938795908	2.19762660483102	2.02547154970459	0.0825913264475333	1.86349452007134	2.18744857933785
1.88935624755708	0.0904183359856077	1.71213630902529	2.06657618608887	1.84189058730891	0.116335152906935	1.61387368761132	2.06990748700651	1.84189058730891	0.0904183359856077	1.66714894079836	2.03059907244204	1.84223327829198	0.0876594874262276	1.67030858334348	2.01415797324048
2.12279784622966	0.111013165383692	1.90521204207762	2.3403836503817	2.06470692681323	0.146412066944149	1.7777392756027	2.35167457802376	2.06470692681323	0.111013165383692	1.83315150452556	2.27279924150978	2.06398496704634	0.104517236484727	1.85897161791348	2.2689983161792
1.99448460640713	0.116959185722259	1.76524460239151	2.22372461042276	2.024059863828	0.147654970571287	1.73465612150828	2.31346360614773	2.024059863828	0.116959185722259	1.8046466868743	2.26664753614471	2.02357686593064	0.112461716254164	1.80297324043982	2.24418049142145
2.05713135192777	0.112787945123731	1.83606697948526	2.27819572437028	2.0397290619529	0.149434957609543	1.7468365450382	2.3326215788676	2.0397290619529	0.112787945123731	1.80478813466535	2.25655036529506	2.03794892189822	0.108091824511007	1.82592177017612	2.24997607362031
2.06064139330891	0.122610773401561	1.82032427744185	2.30095850917597	2.00614662349903	0.160828563931108	1.69092263819406	2.32137060880401	2.00614662349903	0.122610773401561	1.76589581404606	2.24409219225108	2.00869447401319	0.116745145909462	1.77968021828346	2.23770872974293
1.87031445843366	0.112497471200911	1.64981941487987	2.09080950198744	1.93067101930579	0.14893123340341	1.63876580183511	2.22257623677647	1.93067101930579	0.112497471200911	1.71323353792062	2.14719169603306	1.93280360662514	0.10584162398208	1.72519385076436	2.14041336248593
2.05212390387086	0.0961494130714477	1.86367105425082	2.2405767534909	2.13651673312594	0.123628016984294	1.89420581983672	2.37882764641515	2.13651673312594	0.0961494130714477	1.94694438316837	2.31195024115633	2.13430004745775	0.0939304162323071	1.95006505477969	2.31853504013582
2.12734078922966	0.100478897235624	1.93040215064783	2.32427942781148	2.09940075400033	0.133029351545339	1.83866322497146	2.36013828302919	2.09940075400033	0.100478897235624	1.91603088339241	2.3120915297282	2.10029141631089	0.0977344382166293	1.90859135336321	2.29199147925858
2.12792120934063	0.106491536339584	1.91919779811505	2.33664462056622	2.15090569821815	0.136086292171501	1.88417656556201	2.41763483087429	2.15090569821815	0.106491536339584	1.95076040910856	2.36056587209005	2.15026892218129	0.099886858314704	1.95434000536096	2.34619783900161
2.05251474239508	0.104446586164988	1.8477994335117	2.25723005127846	2.07674739873821	0.137827728674538	1.80660505053611	2.3468897469403	2.07674739873821	0.104446586164988	1.87714391450574	2.28997460469155	2.07593782998158	0.101096432052467	1.87763720435385	2.27423845560932
2.0664873139724	0.100263348562818	1.86997115078928	2.26300347715552	2.10747510430455	0.131542918757606	1.84965098353964	2.36529922506945	2.10747510430455	0.100263348562818	1.91543521789386	2.30568209030193	2.10744637817534	0.0949514024680618	1.92120799473687	2.29368476161381
2.03742660186721	0.111172401684688	1.81952869456522	2.2553245091692	2.07464264338989	0.150563742757721	1.77953770758475	2.36974757919502	2.07464264338989	0.111172401684688	1.85310040335362	2.29735280327037	2.07403969572621	0.104633669394846	1.86880062248193	2.27927876897048
2.00444475052372	0.0966061841004553	1.81509662968683	2.19379287136061	2.05578899285129	0.126235414137486	1.80836758114182	2.30321040456076	2.05578899285129	0.0966061841004553	1.87273716315837	2.25343601314195	2.054794185435	0.089420018902177	1.87941438555923	2.23017398531078
2.01513398680058	0.106580875375792	1.80623547106403	2.22403250253713	2.03850776329502	0.139948784604038	1.7642081454711	2.31280738111893	2.03850776329502	0.106580875375792	1.82962803176328	2.23890575694166	2.03771872418591	0.101855232190157	1.83792871704039	2.23750873133142
1.99788390081688	0.0963505603029046	1.80903680262319	2.18673099901057	1.92480732597458	0.12685523814615	1.67617105920813	2.17344359274103	1.92480732597458	0.0963505603029046	1.73644971303315	2.10866862698337	1.9242712074299	0.0927771406392737	1.74230235240487	2.10624006245493
1.89088253336548	0.104405290000456	1.68624816496459	2.09551690176638	1.95101587854439	0.134732073312615	1.68694101485166	2.21509074223711	1.95101587854439	0.104405290000456	1.730392605059	2.1603617077968	1.95055894185663	0.0992511204789697	1.7558834586944	2.14523442501886
2.04460696921109	0.122124670716572	1.80524261460661	2.28397132381557	1.97317675921439	0.157299235756764	1.66487025713114	2.28148326129765	1.97317675921439	0.122124670716572	1.74578080694907	2.21912209714497	1.97231221263555	0.118308634287041	1.74022913561706	2.20439528965403
2.07533211985103	0.106948185030837	1.86571367719059	2.28495056251147	2.02660380054115	0.142258748051257	1.74777665436069	2.30543094672161	2.02660380054115	0.106948185030837	1.80513389324121	2.22867290344805	2.02555026449085	0.101857469548126	1.82575390351657	2.22534662546514
2.04418927087904	0.101009231953204	1.84621117625076	2.24216736550732	1.97879976256227	0.132415038658807	1.71926628679101	2.23833323833353	1.97879976256227	0.101009231953204	1.79628564368423	2.18005219485089	1.97936551470302	0.0929878767695034	1.79698197446215	2.16174905494388
1.87301775510847	0.105637337617991	1.66596857337721	2.08006693683974	1.88358383914753	0.139447665072121	1.61026641560617	2.15690126268889	1.88358383914753	0.105637337617991	1.68174286929685	2.10023396945338	1.88352932963289	0.100501254671824	1.68639955720842	2.08065910205735
2.02474346843861	0.11022384542509	1.80870473140543	2.24078220547179	2.05348260151404	0.142103774782344	1.77495920294065	2.33200600008744	2.05348260151404	0.11022384542509	1.85142104679806	2.29004441315667	2.05143744030009	0.102667516305952	1.85005443480496	2.25282044579521
1.87976468909141	0.111211448163868	1.66179025069023	2.09773912749259	1.91414090716396	0.140110626503076	1.63952407921793	2.18875773510999	1.91414090716396	0.111211448163868	1.71160778380082	2.14919851856122	1.91502858444682	0.10618259640467	1.70674523690155	2.12331193199209
1.92589741136601	0.0981019602910942	1.73361756919547	2.11817725353656	1.89947722952325	0.133077346834112	1.63864562972839	2.16030882931811	1.89947722952325	0.0981019602910942	1.71678647989553	2.08904280727711	1.89974306095206	0.0906894601424218	1.72187008686262	2.0776160350415
1.98622752882884	0.129028200749697	1.73333225535944	2.23912280229825	1.98984081382818	0.167510899502518	1.66151945080325	2.31816217685312	1.98984081382818	0.129028200749697	1.73646031939512	2.22952033599251	1.98916453670644	0.125434278790373	1.74309470565749	2.23523436775538
1.90381876712867	0.10850901705562	1.69114109369966	2.11649644055769	1.93869949642183	0.141772275720153	1.66082583601033	2.21657315683333	1.93869949642183	0.10850901705562	1.72456164243412	2.14944988810553	1.93628158558146	0.104818652181238	1.73067312384963	2.14189004731329
2.17114249163384	0.115461397084803	1.94483815334763	2.39744682992006	2.14870027249897	0.147388572794722	1.85981866982132	2.43758187517663	2.14870027249897	0.115461397084803	1.92051894102227	2.36874431186568	2.14783125706378	0.107786305980035	1.93640225241588	2.35926026171167
1.99461116666737	0.106215776615916	1.78642824450017	2.20279408883456	1.97141183589811	0.139024418067497	1.69892397648582	2.24389969531041	1.97141183589811	0.106215776615916	1.77879778213662	2.1887927295623	1.97230409628299	0.10138682458671	1.77343243573516	2.17117575683082
1.9201561925615	0.118655240060855	1.68759192204222	2.15272046308077	1.95791862972596	0.15596201323043	1.65223308379432	2.26360417565761	1.95791862972596	0.118655240060855	1.74113577369506	2.20207610280283	1.95839839737069	0.113569138129125	1.73562340575971	2.18117338898167
2.3119725110626	0.127163054452493	2.06273292433571	2.56121209778948	2.28305030681009	0.165133412628166	1.95938881805888	2.6067117955613	2.28305030681009	0.127163054452493	2.02310613355632	2.52955839950356	2.28206973409716	0.122784764566401	2.04120886946371	2.5229305987306
2.02802900063604	0.0987538395336275	1.83447147515013	2.22158652612195	1.9757052445097	0.13195446470265	1.7170744936925	2.23433599532689	1.9757052445097	0.0987538395336275	1.77687026182726	2.17522023507698	1.97413803638629	0.0914604019520473	1.7947600836961	2.15351598907649
2.19750753890018	0.10593934310993	1.98986642640472	2.40514865139565	2.14588933168445	0.138266859452708	1.87488628715715	2.41689237621176	2.14588933168445	0.10593934310993	1.92824131729986	2.35261565541864	2.14799102850077	0.101292567593441	1.94930378931204	2.3466782676895
1.950080987956	0.102237301088018	1.74969587782349	2.15046609808852	1.97109864241231	0.132192688387546	1.71200097317272	2.2301963116519	1.97109864241231	0.102237301088018	1.7740707359143	2.17290120388798	1.97128796356238	0.0979224956834051	1.7792251738603	2.16335075326446
2.10764768381954	0.0867302739912781	1.93765634679663	2.27763902084244	2.10389973394562	0.113406356826946	1.88162327456481	2.32617619332644	2.10389973394562	0.0867302739912781	1.92932136063242	2.26951132024195	2.10299717419498	0.0835837077467934	1.93907912816716	2.26691522022281
2.03642101524566	0.113823253622587	1.81332743814539	2.25951459234594	2.12089202589805	0.148853953290595	1.82913827744849	2.41264577434762	2.12089202589805	0.113823253622587	1.89094148728025	2.34384328200665	2.12005473352446	0.106675807643563	1.91080374529822	2.3293057217507
1.84897075224978	0.091130966424326	1.67035405805811	2.02758744644146	1.89923479110913	0.115537048023168	1.67278217698372	2.12568740523454	1.89923479110913	0.091130966424326	1.72670750881232	2.07231140499958	1.89869796426178	0.0862042675806628	1.72963288083886	2.06776304768471
1.9166375035768	0.130562272466521	1.66073544954242	2.17253955761118	1.88957563018435	0.170824207523321	1.55476018343864	2.22439107693006	1.88957563018435	0.130562272466521	1.64745650068456	2.13199718572979	1.88941060665016	0.126512825797819	1.64121930196047	2.13760191133985
1.90532625848812	0.0942781364800392	1.72054111098724	2.090111405989	1.94068442661018	0.124014015104654	1.69761695700506	2.1837518962153	1.94068442661018	0.0942781364800392	1.74934028657453	2.11649997068623	1.94047826508938	0.0895381563800074	1.76486556343191	2.11609096674684
2.12875835033542	0.110862230235328	1.91146837907418	2.34604832159666	2.13438175634922	0.140464356549705	1.8590716175118	2.40969189518665	2.13438175634922	0.110862230235328	1.9269208482833	2.36424191183933	2.13263826727928	0.108584458045387	1.91963832970748	2.34563820485108
1.98406303160647	0.105750951433487	1.77679116679683	2.1913348964161	1.95313373049135	0.136467435542827	1.68565755682741	2.22060990415529	1.95313373049135	0.105750951433487	1.73920167856771	2.15215198857162	1.95332983685397	0.10070362635014	1.75580047716319	2.15085919654475
1.93908988555048	0.0907911113068307	1.76113930738909	2.11704046371186	1.93077210254341	0.121836631494325	1.69197230481453	2.16957190027229	1.93077210254341	0.0907911113068307	1.75843716071393	2.1101006593683	1.92757900033398	0.085592042338908	1.75971633225365	2.09544166841431
1.98648806296779	0.104381040670618	1.78190122325338	2.1910749026822	1.9802859267972	0.140453387793945	1.70499728672107	2.25557456687333	1.9802859267972	0.104381040670618	1.77974408280541	2.19504970896416	1.97952509935543	0.0956808491659205	1.79185711592133	2.16719308278953
1.96873717942959	0.136143338619557	1.70189623573526	2.23557812312393	1.95627699149623	0.173112975450859	1.61697555961255	2.29557842337991	1.95627699149623	0.136143338619557	1.71263509094629	2.25712251307396	1.95457908187465	0.130849057193409	1.69788242778663	2.21127573596267
2.17212925269084	0.0830316431703271	2.009387232077	2.33487127330468	2.16912229764531	0.105064535463992	1.96319580813588	2.37504878715473	2.16912229764531	0.0830316431703271	2.00543796757406	2.33353243128662	2.16937980581926	0.0809049903064374	2.01071558395476	2.32804402768375
2.04580307608273	0.106330908459018	1.83739449550306	2.25421165666241	2.03752242319451	0.139194381909565	1.76470143465176	2.31034341173726	2.03752242319451	0.106330908459018	1.83050281638563	2.24653549127386	2.03614019997147	0.10049570114325	1.83901864570222	2.23326175424071
2.02108275057301	0.105153659505617	1.814981577942	2.22718392320402	2.07321865858698	0.137586082309501	1.80354993726036	2.34288737991361	2.07321865858698	0.105153659505617	1.87335861426659	2.28497028745196	2.07089212021716	0.0988595807106914	1.87698530523323	2.26479893520108
1.99498010800343	0.122527147409677	1.75482689908046	2.2351333169264	1.94096568773976	0.15437331675536	1.63839398689925	2.24353738858026	1.94096568773976	0.122527147409677	1.70581971601818	2.15926177250846	1.9425042239504	0.114936646600882	1.71703634192757	2.16797210597323
2.00508661449266	0.101165241605521	1.80680274094583	2.20337048803948	1.91779697154461	0.132380586835798	1.65833102134645	2.17726292174278	1.91779697154461	0.101165241605521	1.71284160269598	2.09787968701297	1.91989261207292	0.0968221698764929	1.72998049292748	2.10980473121836
2.04025221121494	0.12074773801033	1.8035866447147	2.27691777771519	2.12295775852458	0.160208728422945	1.80894865081561	2.43696686623355	2.12295775852458	0.12074773801033	1.89683788214751	2.38220597608629	2.12277120789215	0.112192668564646	1.90269994800271	2.34284246778159
2.08885221199609	0.124518185055185	1.84479656928793	2.33290785470426	2.05478561466516	0.162578290966251	1.7361321643713	2.37343906495901	2.05478561466516	0.124518185055185	1.8052574152257	2.29979387517057	2.05513758423269	0.118762472388145	1.82216493874035	2.28811022972502
2.02626234527945	0.110089693288509	1.81048654643397	2.24203814412493	2.0838873347346	0.149199158685694	1.79145698371064	2.37631768575856	2.0838873347346	0.110089693288509	1.87561799629923	2.30743786084956	2.08338379501426	0.107318168689413	1.87287054680674	2.29389704322178
2.01470975209296	0.10977162524695	1.79955736660893	2.22986213757698	2.08296588994303	0.145621166625614	1.79754840335683	2.36838337652923	2.08296588994303	0.10977162524695	1.88692124294093	2.32046918321532	2.0826983339083	0.104893774678738	1.8769447782511	2.28845188956549
1.94870230450344	0.0928465833730054	1.76672300109235	2.13068160791453	1.96661018821582	0.12412044223257	1.72333412143998	2.20988625499165	1.96661018821582	0.0928465833730054	1.78749291645832	2.15167598295768	1.96479981779852	0.0858947427709873	1.79633522328373	2.13326441231331
2.04901650932483	0.105752831876768	1.84174095884637	2.2562920598033	2.02624324462842	0.141551318002505	1.74880266134351	2.30368382791333	2.02624324462842	0.105752831876768	1.81995113656837	2.23138221370585	2.02506380451349	0.100206265996718	1.82851165643509	2.22161595259189
2.10777243422083	0.111947092353224	1.88835613320851	2.32718873523315	2.09750408643019	0.146940479315841	1.80950074697114	2.38550742588923	2.09750408643019	0.111947092353224	1.89960174001302	2.33106020868825	2.09960175023921	0.105988150726677	1.89170569543623	2.30749780504218
2.08977693456256	0.11182974953146	1.87059062548089	2.30896324364422	2.06890000994826	0.145255992007059	1.78419826561442	2.35360175428209	2.06890000994826	0.11182974953146	1.85336629647575	2.29499071174129	2.06711613887573	0.106737277714386	1.85773673079444	2.27649554695702
2.08152640901296	0.117579321622325	1.8510709386332	2.31198187939272	2.10790766819276	0.147574347753777	1.81866194659536	2.39715338979017	2.10790766819276	0.117579321622325	1.86824195093535	2.34652839441014	2.10786429163069	0.117500879512581	1.8773628497362	2.33836573352519
2.09832252245521	0.0994888306646922	1.90332441435242	2.29332063055801	2.14964412072564	0.132441666249411	1.89005845487679	2.40922978657448	2.14964412072564	0.0994888306646922	1.94640119085412	2.3341300953446	2.14768488670434	0.0934091176654341	1.96447642753439	2.33089334587429
2.07432061198986	0.101548567023714	1.87528542062338	2.27335580335634	2.10373921730412	0.132551441615698	1.84393839173736	2.36354004287089	2.10373921730412	0.101548567023714	1.90762569388672	2.29770606810711	2.1009638894702	0.096477957303943	1.9117300300981	2.2901977488423
2.06023670690201	0.102376953902169	1.85957787725376	2.26089553655026	2.04337847940157	0.129146528603784	1.79025128333815	2.29650567546498	2.04337847940157	0.102376953902169	1.82127733820132	2.2269805239214	2.04204566257994	0.100076018509906	1.84574682987488	2.238344495285
1.97748175276586	0.112941951008952	1.75611552878831	2.19884797674341	2.05766394179247	0.145326570750247	1.77282386312198	2.34250402046295	2.05766394179247	0.112941951008952	1.84836473496112	2.28853038875448	2.05585478884656	0.109652388788536	1.84076285099159	2.27094672670153
2.05069771054626	0.104950842115126	1.84499406000062	2.25640136109191	2.05938491319878	0.135537979829484	1.793730472733	2.32503935366457	2.05938491319878	0.104950842115126	1.86624461522946	2.27467231490219	2.06050198578201	0.100276794779484	1.86381422346712	2.2571897480969
1.98681764959016	0.119042072144866	1.75349518818622	2.2201401109941	2.06500174255246	0.155989284312692	1.75926274529959	2.37074073980534	2.06500174255246	0.119042072144866	1.84970734115255	2.30576899058454	2.06612367433944	0.112632480733784	1.84518562768117	2.28706172099771
2.18660774397115	0.104093869887708	1.98258375899125	2.39063172895106	2.15144394875216	0.139083027520634	1.87884121481172	2.4240466826926	2.15144394875216	0.104093869887708	1.95166832128736	2.34624197792371	2.14901943982054	0.103904903090006	1.94520475199889	2.35283412764219
1.99016000931576	0.105771870181661	1.78284714375971	2.19747287487182	2.05580895296064	0.135629520751259	1.78997509228817	2.32164281363311	2.05580895296064	0.105771870181661	1.86282713914137	2.26752879735665	2.05376268753359	0.102698815574697	1.85231842286749	2.25520695219968
1.91919210405161	0.120069028816043	1.68385680757217	2.15452740053106	1.88454423486293	0.162616015499384	1.56581684448414	2.20327162524173	1.88454423486293	0.120069028816043	1.63258283164352	2.10803384837823	1.88542653413614	0.11487387675197	1.66008087823003	2.11077219004226
1.92141339238291	0.105399810763131	1.71482976328718	2.12799702147865	1.94112071945018	0.139073767616263	1.6685361349223	2.21370530397805	1.94112071945018	0.105399810763131	1.73821157745184	2.15619803434272	1.94150750146314	0.0991448444123761	1.74703474792989	2.13598025499639
1.88426577216679	0.0898214289104622	1.70821577150228	2.06031577283129	1.91220266107422	0.11694642520789	1.68298766766675	2.14141765448168	1.91220266107422	0.0898214289104622	1.73396436572818	2.08703333344788	1.91179204539484	0.0855755222233324	1.74395700321123	2.07962708757846
2.04380557348592	0.126898438839654	1.7950846333602	2.29252651361164	2.06862772920841	0.164048130015488	1.74709339437805	2.39016206403876	2.06862772920841	0.126898438839654	1.79882872900535	2.31505805646079	2.06804362969506	0.120854382941408	1.83095615838253	2.30513110100759
2.17441798672662	0.114702268826171	1.94960153982733	2.39923443362592	2.07348472394534	0.153141570666198	1.77332724543959	2.37364220245109	2.07348472394534	0.114702268826171	1.8277053971349	2.28005116025031	2.06991792665167	0.107463312848881	1.85912073201439	2.28071512128895
2.04247666456163	0.103274491954988	1.84005866032986	2.24489466879341	2.05892077636469	0.132191778759536	1.799824889996	2.31801666273338	2.05892077636469	0.103274491954988	1.86518667869128	2.26141466909827	2.05818351403207	0.0997316775111964	1.86256148719235	2.25380554087179
2.10473381968829	0.0988320800789284	1.91102294273359	2.29844469664299	2.05736686238869	0.129129987500815	1.80427208688709	2.31046163789028	2.05736686238869	0.0988320800789284	1.8678823046949	2.26298229850344	2.05825575940015	0.0946953657934549	1.87251659416775	2.24399492463255
2.17350898565079	0.0935401029041179	1.99017038395872	2.35684758734286	2.15308444118063	0.122487878938145	1.91300819846187	2.3931606838994	2.15308444118063	0.0935401029041179	1.9576410328842	2.32697508763989	2.15396384302079	0.0906095247007435	1.97624418007401	2.33168350596758
2.06708380753817	0.0938166852981536	1.88320310435379	2.25096451072255	2.081267714291	0.120352616528881	1.8453765858944	2.31715884268761	2.081267714291	0.0938166852981536	1.9084029435421	2.2685439084471	2.08078436218954	0.0924007946014514	1.89955118351745	2.26201754086162
2.06780254727798	0.101610018579672	1.86864691086182	2.26695818369413	2.06694141494113	0.129781356807563	1.81256995559831	2.32131287428396	2.06694141494113	0.101610018579672	1.87739262531076	2.27540676480924	2.0664150593661	0.0976875387994655	1.87480433934159	2.25802577939062
2.06980257893191	0.0963410589202911	1.88097410344814	2.25863105441568	2.06023890249572	0.128625171061637	1.80813356721491	2.31234423777652	2.06023890249572	0.0963410589202911	1.87522968197846	2.25634930907577	2.06354999325409	0.0880412234586026	1.89087589503644	2.23622409147173
1.98734367076522	0.113968422865629	1.76396556194859	2.21072177958185	1.92035162892075	0.143469047678806	1.6391522954703	2.20155096237121	1.92035162892075	0.113968422865629	1.69841314434665	2.14085904081341	1.91662703618347	0.108653690231673	1.70349684545151	2.12975722691543
2.10438508327024	0.149293548996568	1.81176972723697	2.39700043930351	2.16812717521131	0.186448286392513	1.80268853388198	2.53356581654064	2.16812717521131	0.149293548996568	1.89335862253855	2.4779487981779	2.16902454517271	0.147645683250681	1.8793635634397	2.45868552690571
1.99162917449562	0.103509468225728	1.78875061677319	2.19450773221804	2.00049332716259	0.131731908509162	1.74229878648463	2.25868786784055	2.00049332716259	0.103509468225728	1.78273903054313	2.20001388866604	2.00138712339589	0.0996905439016976	1.80584792479148	2.19692632200029
2.14678679063764	0.0912778897975203	1.96788212663451	2.32569145464078	2.14082877880065	0.120422330257284	1.90480101149637	2.37685654610492	2.14082877880065	0.0912778897975203	1.96696139337115	2.33171323992813	2.14198272805635	0.087837377605397	1.96970140466935	2.31426405144335
1.99868187212356	0.0949698205447368	1.81254102385588	2.18482272039125	1.94934446792344	0.126342234833223	1.70171368765032	2.19697524819655	1.94934446792344	0.0949698205447368	1.75646047807816	2.13414649941775	1.95187405143379	0.0919171351705383	1.77159247212517	2.13215563074242
2.10032591449173	0.110581900671983	1.88358538917465	2.31706643980882	2.09434521108833	0.141361889878523	1.81727590692643	2.37141451525024	2.09434521108833	0.110581900671983	1.86325944381167	2.2928514472056	2.09378492057044	0.10452517544682	1.88874851857212	2.29882132256876
1.94317376712459	0.102005757187572	1.74324248303695	2.14310505121223	2.03272700727402	0.134298759126309	1.76950143938646	2.29595257516159	2.03272700727402	0.102005757187572	1.83371870270041	2.24209509614059	2.0314217713998	0.0964814336662553	1.84217735309015	2.22066618970946
1.98212500265733	0.110168391591222	1.76619495513854	2.19805505017613	1.99056235239929	0.143662291258195	1.70898426153323	2.27214044326535	1.99056235239929	0.110168391591222	1.78874363310351	2.20749135265566	1.99110220678507	0.106613196242524	1.78197017718966	2.20023423638047
NA	NA	NA	NA	NA	NA	NA	NA	NA	NA	NA	NA	NA	NA	NA	NA
NA	NA	NA	NA	NA	NA	NA	NA	NA	NA	NA	NA	NA	NA	NA	NA
NA	NA	NA	NA	NA	NA	NA	NA	NA	NA	NA	NA	NA	NA	NA	NA
NA	NA	NA	NA	NA	NA	NA	NA	NA	NA	NA	NA	NA	NA	NA	NA
NA	NA	NA	NA	NA	NA	NA	NA	NA	NA	NA	NA	NA	NA	NA	NA
NA	NA	NA	NA	NA	NA	NA	NA	NA	NA	NA	NA	NA	NA	NA	NA
NA	NA	NA	NA	NA	NA	NA	NA	NA	NA	NA	NA	NA	NA	NA	NA
NA	NA	NA	NA	NA	NA	NA	NA	NA	NA	NA	NA	NA	NA	NA	NA
NA	NA	NA	NA	NA	NA	NA	NA	NA	NA	NA	NA	NA	NA	NA	NA
NA	NA	NA	NA	NA	NA	NA	NA	NA	NA	NA	NA	NA	NA	NA	NA
NA	NA	NA	NA	NA	NA	NA	NA	NA	NA	NA	NA	NA	NA	NA	NA
NA	NA	NA	NA	NA	NA	NA	NA	NA	NA	NA	NA	NA	NA	NA	NA
NA	NA	NA	NA	NA	NA	NA	NA	NA	NA	NA	NA	NA	NA	NA	NA
NA	NA	NA	NA	NA	NA	NA	NA	NA	NA	NA	NA	NA	NA	NA	NA
NA	NA	NA	NA	NA	NA	NA	NA	NA	NA	NA	NA	NA	NA	NA	NA
NA	NA	NA	NA	NA	NA	NA	NA	NA	NA	NA	NA	NA	NA	NA	NA
NA	NA	NA	NA	NA	NA	NA	NA	NA	NA	NA	NA	NA	NA	NA	NA
NA	NA	NA	NA	NA	NA	NA	NA	NA	NA	NA	NA	NA	NA	NA	NA
NA	NA	NA	NA	NA	NA	NA	NA	NA	NA	NA	NA	NA	NA	NA	NA
NA	NA	NA	NA	NA	NA	NA	NA	NA	NA	NA	NA	NA	NA	NA	NA
NA	NA	NA	NA	NA	NA	NA	NA	NA	NA	NA	NA	NA	NA	NA	NA
NA	NA	NA	NA	NA	NA	NA	NA	NA	NA	NA	NA	NA	NA	NA	NA
NA	NA	NA	NA	NA	NA	NA	NA	NA	NA	NA	NA	NA	NA	NA	NA
NA	NA	NA	NA	NA	NA	NA	NA	NA	NA	NA	NA	NA	NA	NA	NA
NA	NA	NA	NA	NA	NA	NA	NA	NA	NA	NA	NA	NA	NA	NA	NA
NA	NA	NA	NA	NA	NA	NA	NA	NA	NA	NA	NA	NA	NA	NA	NA
NA	NA	NA	NA	NA	NA	NA	NA	NA	NA	NA	NA	NA	NA	NA	NA
NA	NA	NA	NA	NA	NA	NA	NA	NA	NA	NA	NA	NA	NA	NA	NA
NA	NA	NA	NA	NA	NA	NA	NA	NA	NA	NA	NA	NA	NA	NA	NA
NA	NA	NA	NA	NA	NA	NA	NA	NA	NA	NA	NA	NA	NA	NA	NA
NA	NA	NA	NA	NA	NA	NA	NA	NA	NA	NA	NA	NA	NA	NA	NA
NA	NA	NA	NA	NA	NA	NA	NA	NA	NA	NA	NA	NA	NA	NA	NA
NA	NA	NA	NA	NA	NA	NA	NA	NA	NA	NA	NA	NA	NA	NA	NA
NA	NA	NA	NA	NA	NA	NA	NA	NA	NA	NA	NA	NA	NA	NA	NA
NA	NA	NA	NA	NA	NA	NA	NA	NA	NA	NA	NA	NA	NA	NA	NA
NA	NA	NA	NA	NA	NA	NA	NA	NA	NA	NA	NA	NA	NA	NA	NA
NA	NA	NA	NA	NA	NA	NA	NA	NA	NA	NA	NA	NA	NA	NA	NA
NA	NA	NA	NA	NA	NA	NA	NA	NA	NA	NA	NA	NA	NA	NA	NA
NA	NA	NA	NA	NA	NA	NA	NA	NA	NA	NA	NA	NA	NA	NA	NA
NA	NA	NA	NA	NA	NA	NA	NA	NA	NA	NA	NA	NA	NA	NA	NA
NA	NA	NA	NA	NA	NA	NA	NA	NA	NA	NA	NA	NA	NA	NA	NA
NA	NA	NA	NA	NA	NA	NA	NA	NA	NA	NA	NA	NA	NA	NA	NA
NA	NA	NA	NA	NA	NA	NA	NA	NA	NA	NA	NA	NA	NA	NA	NA
NA	NA	NA	NA	NA	NA	NA	NA	NA	NA	NA	NA	NA	NA	NA	NA
NA	NA	NA	NA	NA	NA	NA	NA	NA	NA	NA	NA	NA	NA	NA	NA
NA	NA	NA	NA	NA	NA	NA	NA	NA	NA	NA	NA	NA	NA	NA	NA
NA	NA	NA	NA	NA	NA	NA	NA	NA	NA	NA	NA	NA	NA	NA	NA
NA	NA	NA	NA	NA	NA	NA	NA	NA	NA	NA	NA	NA	NA	NA	NA
NA	NA	NA	NA	NA	NA	NA	NA	NA	NA	NA	NA	NA	NA	NA	NA
NA	NA	NA	NA	NA	NA	NA	NA	NA	NA	NA	NA	NA	NA	NA	NA
NA	NA	NA	NA	NA	NA	NA	NA	NA	NA	NA	NA	NA	NA	NA	NA
NA	NA	NA	NA	NA	NA	NA	NA	NA	NA	NA	NA	NA	NA	NA	NA
NA	NA	NA	NA	NA	NA	NA	NA	NA	NA	NA	NA	NA	NA	NA	NA
NA	NA	NA	NA	NA	NA	NA	NA	NA	NA	NA	NA	NA	NA	NA	NA
NA	NA	NA	NA	NA	NA	NA	NA	NA	NA	NA	NA	NA	NA	NA	NA
NA	NA	NA	NA	NA	NA	NA	NA	NA	NA	NA	NA	NA	NA	NA	NA
NA	NA	NA	NA	NA	NA	NA	NA	NA	NA	NA	NA	NA	NA	NA	NA
NA	NA	NA	NA	NA	NA	NA	NA	NA	NA	NA	NA	NA	NA	NA	NA
NA	NA	NA	NA	NA	NA	NA	NA	NA	NA	NA	NA	NA	NA	NA	NA
NA	NA	NA	NA	NA	NA	NA	NA	NA	NA	NA	NA	NA	NA	NA	NA
NA	NA	NA	NA	NA	NA	NA	NA	NA	NA	NA	NA	NA	NA	NA	NA
NA	NA	NA	NA	NA	NA	NA	NA	NA	NA	NA	NA	NA	NA	NA	NA
NA	NA	NA	NA	NA	NA	NA	NA	NA	NA	NA	NA	NA	NA	NA	NA
NA	NA	NA	NA	NA	NA	NA	NA	NA	NA	NA	NA	NA	NA	NA	NA
NA	NA	NA	NA	NA	NA	NA	NA	NA	NA	NA	NA	NA	NA	NA	NA
NA	NA	NA	NA	NA	NA	NA	NA	NA	NA	NA	NA	NA	NA	NA	NA
NA	NA	NA	NA	NA	NA	NA	NA	NA	NA	NA	NA	NA	NA	NA	NA
NA	NA	NA	NA	NA	NA	NA	NA	NA	NA	NA	NA	NA	NA	NA	NA
NA	NA	NA	NA	NA	NA	NA	NA	NA	NA	NA	NA	NA	NA	NA	NA
NA	NA	NA	NA	NA	NA	NA	NA	NA	NA	NA	NA	NA	NA	NA	NA
NA	NA	NA	NA	NA	NA	NA	NA	NA	NA	NA	NA	NA	NA	NA	NA
NA	NA	NA	NA	NA	NA	NA	NA	NA	NA	NA	NA	NA	NA	NA	NA
NA	NA	NA	NA	NA	NA	NA	NA	NA	NA	NA	NA	NA	NA	NA	NA
NA	NA	NA	NA	NA	NA	NA	NA	NA	NA	NA	NA	NA	NA	NA	NA
NA	NA	NA	NA	NA	NA	NA	NA	NA	NA	NA	NA	NA	NA	NA	NA
NA	NA	NA	NA	NA	NA	NA	NA	NA	NA	NA	NA	NA	NA	NA	NA
NA	NA	NA	NA	NA	NA	NA	NA	NA	NA	NA	NA	NA	NA	NA	NA
NA	NA	NA	NA	NA	NA	NA	NA	NA	NA	NA	NA	NA	NA	NA	NA
NA	NA	NA	NA	NA	NA	NA	NA	NA	NA	NA	NA	NA	NA	NA	NA
NA	NA	NA	NA	NA	NA	NA	NA	NA	NA	NA	NA	NA	NA	NA	NA
NA	NA	NA	NA	NA	NA	NA	NA	NA	NA	NA	NA	NA	NA	NA	NA
NA	NA	NA	NA	NA	NA	NA	NA	NA	NA	NA	NA	NA	NA	NA	NA
NA	NA	NA	NA	NA	NA	NA	NA	NA	NA	NA	NA	NA	NA	NA	NA
NA	NA	NA	NA	NA	NA	NA	NA	NA	NA	NA	NA	NA	NA	NA	NA
NA	NA	NA	NA	NA	NA	NA	NA	NA	NA	NA	NA	NA	NA	NA	NA
NA	NA	NA	NA	NA	NA	NA	NA	NA	NA	NA	NA	NA	NA	NA	NA
NA	NA	NA	NA	NA	NA	NA	NA	NA	NA	NA	NA	NA	NA	NA	NA
NA	NA	NA	NA	NA	NA	NA	NA	NA	NA	NA	NA	NA	NA	NA	NA
NA	NA	NA	NA	NA	NA	NA	NA	NA	NA	NA	NA	NA	NA	NA	NA
NA	NA	NA	NA	NA	NA	NA	NA	NA	NA	NA	NA	NA	NA	NA	NA
NA	NA	NA	NA	NA	NA	NA	NA	NA	NA	NA	NA	NA	NA	NA	NA
NA	NA	NA	NA	NA	NA	NA	NA	NA	NA	NA	NA	NA	NA	NA	NA
NA	NA	NA	NA	NA	NA	NA	NA	NA	NA	NA	NA	NA	NA	NA	NA
NA	NA	NA	NA	NA	NA	NA	NA	NA	NA	NA	NA	NA	NA	NA	NA
NA	NA	NA	NA	NA	NA	NA	NA	NA	NA	NA	NA	NA	NA	NA	NA
NA	NA	NA	NA	NA	NA	NA	NA	NA	NA	NA	NA	NA	NA	NA	NA
NA	NA	NA	NA	NA	NA	NA	NA	NA	NA	NA	NA	NA	NA	NA	NA
NA	NA	NA	NA	NA	NA	NA	NA	NA	NA	NA	NA	NA	NA	NA	NA
NA	NA	NA	NA	NA	NA	NA	NA	NA	NA	NA	NA	NA	NA	NA	NA
NA	NA	NA	NA	NA	NA	NA	NA	NA	NA	NA	NA	NA	NA	NA	NA
NA	NA	NA	NA	NA	NA	NA	NA	NA	NA	NA	NA	NA	NA	NA	NA
NA	NA	NA	NA	NA	NA	NA	NA	NA	NA	NA	NA	NA	NA	NA	NA
NA	NA	NA	NA	NA	NA	NA	NA	NA	NA	NA	NA	NA	NA	NA	NA
NA	NA	NA	NA	NA	NA	NA	NA	NA	NA	NA	NA	NA	NA	NA	NA
NA	NA	NA	NA	NA	NA	NA	NA	NA	NA	NA	NA	NA	NA	NA	NA
NA	NA	NA	NA	NA	NA	NA	NA	NA	NA	NA	NA	NA	NA	NA	NA
NA	NA	NA	NA	NA	NA	NA	NA	NA	NA	NA	NA	NA	NA	NA	NA
NA	NA	NA	NA	NA	NA	NA	NA	NA	NA	NA	NA	NA	NA	NA	NA
NA	NA	NA	NA	NA	NA	NA	NA	NA	NA	NA	NA	NA	NA	NA	NA
NA	NA	NA	NA	NA	NA	NA	NA	NA	NA	NA	NA	NA	NA	NA	NA
NA	NA	NA	NA	NA	NA	NA	NA	NA	NA	NA	NA	NA	NA	NA	NA
NA	NA	NA	NA	NA	NA	NA	NA	NA	NA	NA	NA	NA	NA	NA	NA
NA	NA	NA	NA	NA	NA	NA	NA	NA	NA	NA	NA	NA	NA	NA	NA
NA	NA	NA	NA	NA	NA	NA	NA	NA	NA	NA	NA	NA	NA	NA	NA
NA	NA	NA	NA	NA	NA	NA	NA	NA	NA	NA	NA	NA	NA	NA	NA
NA	NA	NA	NA	NA	NA	NA	NA	NA	NA	NA	NA	NA	NA	NA	NA
NA	NA	NA	NA	NA	NA	NA	NA	NA	NA	NA	NA	NA	NA	NA	NA
NA	NA	NA	NA	NA	NA	NA	NA	NA	NA	NA	NA	NA	NA	NA	NA
NA	NA	NA	NA	NA	NA	NA	NA	NA	NA	NA	NA	NA	NA	NA	NA
NA	NA	NA	NA	NA	NA	NA	NA	NA	NA	NA	NA	NA	NA	NA	NA
NA	NA	NA	NA	NA	NA	NA	NA	NA	NA	NA	NA	NA	NA	NA	NA
NA	NA	NA	NA	NA	NA	NA	NA	NA	NA	NA	NA	NA	NA	NA	NA
NA	NA	NA	NA	NA	NA	NA	NA	NA	NA	NA	NA	NA	NA	NA	NA
NA	NA	NA	NA	NA	NA	NA	NA	NA	NA	NA	NA	NA	NA	NA	NA
NA	NA	NA	NA	NA	NA	NA	NA	NA	NA	NA	NA	NA	NA	NA	NA
NA	NA	NA	NA	NA	NA	NA	NA	NA	NA	NA	NA	NA	NA	NA	NA
NA	NA	NA	NA	NA	NA	NA	NA	NA	NA	NA	NA	NA	NA	NA	NA
NA	NA	NA	NA	NA	NA	NA	NA	NA	NA	NA	NA	NA	NA	NA	NA
NA	NA	NA	NA	NA	NA	NA	NA	NA	NA	NA	NA	NA	NA	NA	NA
NA	NA	NA	NA	NA	NA	NA	NA	NA	NA	NA	NA	NA	NA	NA	NA
NA	NA	NA	NA	NA	NA	NA	NA	NA	NA	NA	NA	NA	NA	NA	NA
NA	NA	NA	NA	NA	NA	NA	NA	NA	NA	NA	NA	NA	NA	NA	NA
NA	NA	NA	NA	NA	NA	NA	NA	NA	NA	NA	NA	NA	NA	NA	NA
NA	NA	NA	NA	NA	NA	NA	NA	NA	NA	NA	NA	NA	NA	NA	NA
NA	NA	NA	NA	NA	NA	NA	NA	NA	NA	NA	NA	NA	NA	NA	NA
NA	NA	NA	NA	NA	NA	NA	NA	NA	NA	NA	NA	NA	NA	NA	NA
NA	NA	NA	NA	NA	NA	NA	NA	NA	NA	NA	NA	NA	NA	NA	NA
NA	NA	NA	NA	NA	NA	NA	NA	NA	NA	NA	NA	NA	NA	NA	NA
NA	NA	NA	NA	NA	NA	NA	NA	NA	NA	NA	NA	NA	NA	NA	NA
NA	NA	NA	NA	NA	NA	NA	NA	NA	NA	NA	NA	NA	NA	NA	NA
NA	NA	NA	NA	NA	NA	NA	NA	NA	NA	NA	NA	NA	NA	NA	NA
NA	NA	NA	NA	NA	NA	NA	NA	NA	NA	NA	NA	NA	NA	NA	NA
NA	NA	NA	NA	NA	NA	NA	NA	NA	NA	NA	NA	NA	NA	NA	NA
NA	NA	NA	NA	NA	NA	NA	NA	NA	NA	NA	NA	NA	NA	NA	NA
NA	NA	NA	NA	NA	NA	NA	NA	NA	NA	NA	NA	NA	NA	NA	NA
NA	NA	NA	NA	NA	NA	NA	NA	NA	NA	NA	NA	NA	NA	NA	NA
NA	NA	NA	NA	NA	NA	NA	NA	NA	NA	NA	NA	NA	NA	NA	NA
NA	NA	NA	NA	NA	NA	NA	NA	NA	NA	NA	NA	NA	NA	NA	NA
NA	NA	NA	NA	NA	NA	NA	NA	NA	NA	NA	NA	NA	NA	NA	NA
NA	NA	NA	NA	NA	NA	NA	NA	NA	NA	NA	NA	NA	NA	NA	NA
NA	NA	NA	NA	NA	NA	NA	NA	NA	NA	NA	NA	NA	NA	NA	NA
NA	NA	NA	NA	NA	NA	NA	NA	NA	NA	NA	NA	NA	NA	NA	NA
NA	NA	NA	NA	NA	NA	NA	NA	NA	NA	NA	NA	NA	NA	NA	NA
NA	NA	NA	NA	NA	NA	NA	NA	NA	NA	NA	NA	NA	NA	NA	NA
NA	NA	NA	NA	NA	NA	NA	NA	NA	NA	NA	NA	NA	NA	NA	NA
NA	NA	NA	NA	NA	NA	NA	NA	NA	NA	NA	NA	NA	NA	NA	NA
NA	NA	NA	NA	NA	NA	NA	NA	NA	NA	NA	NA	NA	NA	NA	NA
NA	NA	NA	NA	NA	NA	NA	NA	NA	NA	NA	NA	NA	NA	NA	NA
NA	NA	NA	NA	NA	NA	NA	NA	NA	NA	NA	NA	NA	NA	NA	NA
NA	NA	NA	NA	NA	NA	NA	NA	NA	NA	NA	NA	NA	NA	NA	NA
NA	NA	NA	NA	NA	NA	NA	NA	NA	NA	NA	NA	NA	NA	NA	NA
NA	NA	NA	NA	NA	NA	NA	NA	NA	NA	NA	NA	NA	NA	NA	NA
NA	NA	NA	NA	NA	NA	NA	NA	NA	NA	NA	NA	NA	NA	NA	NA
NA	NA	NA	NA	NA	NA	NA	NA	NA	NA	NA	NA	NA	NA	NA	NA
NA	NA	NA	NA	NA	NA	NA	NA	NA	NA	NA	NA	NA	NA	NA	NA
NA	NA	NA	NA	NA	NA	NA	NA	NA	NA	NA	NA	NA	NA	NA	NA
NA	NA	NA	NA	NA	NA	NA	NA	NA	NA	NA	NA	NA	NA	NA	NA
NA	NA	NA	NA	NA	NA	NA	NA	NA	NA	NA	NA	NA	NA	NA	NA
NA	NA	NA	NA	NA	NA	NA	NA	NA	NA	NA	NA	NA	NA	NA	NA
NA	NA	NA	NA	NA	NA	NA	NA	NA	NA	NA	NA	NA	NA	NA	NA
NA	NA	NA	NA	NA	NA	NA	NA	NA	NA	NA	NA	NA	NA	NA	NA
NA	NA	NA	NA	NA	NA	NA	NA	NA	NA	NA	NA	NA	NA	NA	NA
NA	NA	NA	NA	NA	NA	NA	NA	NA	NA	NA	NA	NA	NA	NA	NA
NA	NA	NA	NA	NA	NA	NA	NA	NA	NA	NA	NA	NA	NA	NA	NA
NA	NA	NA	NA	NA	NA	NA	NA	NA	NA	NA	NA	NA	NA	NA	NA
NA	NA	NA	NA	NA	NA	NA	NA	NA	NA	NA	NA	NA	NA	NA	NA
NA	NA	NA	NA	NA	NA	NA	NA	NA	NA	NA	NA	NA	NA	NA	NA
NA	NA	NA	NA	NA	NA	NA	NA	NA	NA	NA	NA	NA	NA	NA	NA
NA	NA	NA	NA	NA	NA	NA	NA	NA	NA	NA	NA	NA	NA	NA	NA
NA	NA	NA	NA	NA	NA	NA	NA	NA	NA	NA	NA	NA	NA	NA	NA
NA	NA	NA	NA	NA	NA	NA	NA	NA	NA	NA	NA	NA	NA	NA	NA
NA	NA	NA	NA	NA	NA	NA	NA	NA	NA	NA	NA	NA	NA	NA	NA
NA	NA	NA	NA	NA	NA	NA	NA	NA	NA	NA	NA	NA	NA	NA	NA
NA	NA	NA	NA	NA	NA	NA	NA	NA	NA	NA	NA	NA	NA	NA	NA
NA	NA	NA	NA	NA	NA	NA	NA	NA	NA	NA	NA	NA	NA	NA	NA
NA	NA	NA	NA	NA	NA	NA	NA	NA	NA	NA	NA	NA	NA	NA	NA
NA	NA	NA	NA	NA	NA	NA	NA	NA	NA	NA	NA	NA	NA	NA	NA
NA	NA	NA	NA	NA	NA	NA	NA	NA	NA	NA	NA	NA	NA	NA	NA
NA	NA	NA	NA	NA	NA	NA	NA	NA	NA	NA	NA	NA	NA	NA	NA
NA	NA	NA	NA	NA	NA	NA	NA	NA	NA	NA	NA	NA	NA	NA	NA
NA	NA	NA	NA	NA	NA	NA	NA	NA	NA	NA	NA	NA	NA	NA	NA
NA	NA	NA	NA	NA	NA	NA	NA	NA	NA	NA	NA	NA	NA	NA	NA
NA	NA	NA	NA	NA	NA	NA	NA	NA	NA	NA	NA	NA	NA	NA	NA
NA	NA	NA	NA	NA	NA	NA	NA	NA	NA	NA	NA	NA	NA	NA	NA
NA	NA	NA	NA	NA	NA	NA	NA	NA	NA	NA	NA	NA	NA	NA	NA
NA	NA	NA	NA	NA	NA	NA	NA	NA	NA	NA	NA	NA	NA	NA	NA
NA	NA	NA	NA	NA	NA	NA	NA	NA	NA	NA	NA	NA	NA	NA	NA
NA	NA	NA	NA	NA	NA	NA	NA	NA	NA	NA	NA	NA	NA	NA	NA
NA	NA	NA	NA	NA	NA	NA	NA	NA	NA	NA	NA	NA	NA	NA	NA
NA	NA	NA	NA	NA	NA	NA	NA	NA	NA	NA	NA	NA	NA	NA	NA
NA	NA	NA	NA	NA	NA	NA	NA	NA	NA	NA	NA	NA	NA	NA	NA
NA	NA	NA	NA	NA	NA	NA	NA	NA	NA	NA	NA	NA	NA	NA	NA
NA	NA	NA	NA	NA	NA	NA	NA	NA	NA	NA	NA	NA	NA	NA	NA
NA	NA	NA	NA	NA	NA	NA	NA	NA	NA	NA	NA	NA	NA	NA	NA
NA	NA	NA	NA	NA	NA	NA	NA	NA	NA	NA	NA	NA	NA	NA	NA
NA	NA	NA	NA	NA	NA	NA	NA	NA	NA	NA	NA	NA	NA	NA	NA
NA	NA	NA	NA	NA	NA	NA	NA	NA	NA	NA	NA	NA	NA	NA	NA
NA	NA	NA	NA	NA	NA	NA	NA	NA	NA	NA	NA	NA	NA	NA	NA
NA	NA	NA	NA	NA	NA	NA	NA	NA	NA	NA	NA	NA	NA	NA	NA
NA	NA	NA	NA	NA	NA	NA	NA	NA	NA	NA	NA	NA	NA	NA	NA
NA	NA	NA	NA	NA	NA	NA	NA	NA	NA	NA	NA	NA	NA	NA	NA
NA	NA	NA	NA	NA	NA	NA	NA	NA	NA	NA	NA	NA	NA	NA	NA
NA	NA	NA	NA	NA	NA	NA	NA	NA	NA	NA	NA	NA	NA	NA	NA
NA	NA	NA	NA	NA	NA	NA	NA	NA	NA	NA	NA	NA	NA	NA	NA
NA	NA	NA	NA	NA	NA	NA	NA	NA	NA	NA	NA	NA	NA	NA	NA
NA	NA	NA	NA	NA	NA	NA	NA	NA	NA	NA	NA	NA	NA	NA	NA
NA	NA	NA	NA	NA	NA	NA	NA	NA	NA	NA	NA	NA	NA	NA	NA
NA	NA	NA	NA	NA	NA	NA	NA	NA	NA	NA	NA	NA	NA	NA	NA
NA	NA	NA	NA	NA	NA	NA	NA	NA	NA	NA	NA	NA	NA	NA	NA
NA	NA	NA	NA	NA	NA	NA	NA	NA	NA	NA	NA	NA	NA	NA	NA
NA	NA	NA	NA	NA	NA	NA	NA	NA	NA	NA	NA	NA	NA	NA	NA
NA	NA	NA	NA	NA	NA	NA	NA	NA	NA	NA	NA	NA	NA	NA	NA
NA	NA	NA	NA	NA	NA	NA	NA	NA	NA	NA	NA	NA	NA	NA	NA
NA	NA	NA	NA	NA	NA	NA	NA	NA	NA	NA	NA	NA	NA	NA	NA
NA	NA	NA	NA	NA	NA	NA	NA	NA	NA	NA	NA	NA	NA	NA	NA
NA	NA	NA	NA	NA	NA	NA	NA	NA	NA	NA	NA	NA	NA	NA	NA
NA	NA	NA	NA	NA	NA	NA	NA	NA	NA	NA	NA	NA	NA	NA	NA
NA	NA	NA	NA	NA	NA	NA	NA	NA	NA	NA	NA	NA	NA	NA	NA
NA	NA	NA	NA	NA	NA	NA	NA	NA	NA	NA	NA	NA	NA	NA	NA
NA	NA	NA	NA	NA	NA	NA	NA	NA	NA	NA	NA	NA	NA	NA	NA
NA	NA	NA	NA	NA	NA	NA	NA	NA	NA	NA	NA	NA	NA	NA	NA
NA	NA	NA	NA	NA	NA	NA	NA	NA	NA	NA	NA	NA	NA	NA	NA
NA	NA	NA	NA	NA	NA	NA	NA	NA	NA	NA	NA	NA	NA	NA	NA
NA	NA	NA	NA	NA	NA	NA	NA	NA	NA	NA	NA	NA	NA	NA	NA
NA	NA	NA	NA	NA	NA	NA	NA	NA	NA	NA	NA	NA	NA	NA	NA
NA	NA	NA	NA	NA	NA	NA	NA	NA	NA	NA	NA	NA	NA	NA	NA
NA	NA	NA	NA	NA	NA	NA	NA	NA	NA	NA	NA	NA	NA	NA	NA
NA	NA	NA	NA	NA	NA	NA	NA	NA	NA	NA	NA	NA	NA	NA	NA
NA	NA	NA	NA	NA	NA	NA	NA	NA	NA	NA	NA	NA	NA	NA	NA
NA	NA	NA	NA	NA	NA	NA	NA	NA	NA	NA	NA	NA	NA	NA	NA
NA	NA	NA	NA	NA	NA	NA	NA	NA	NA	NA	NA	NA	NA	NA	NA
NA	NA	NA	NA	NA	NA	NA	NA	NA	NA	NA	NA	NA	NA	NA	NA
NA	NA	NA	NA	NA	NA	NA	NA	NA	NA	NA	NA	NA	NA	NA	NA
NA	NA	NA	NA	NA	NA	NA	NA	NA	NA	NA	NA	NA	NA	NA	NA
NA	NA	NA	NA	NA	NA	NA	NA	NA	NA	NA	NA	NA	NA	NA	NA
NA	NA	NA	NA	NA	NA	NA	NA	NA	NA	NA	NA	NA	NA	NA	NA
NA	NA	NA	NA	NA	NA	NA	NA	NA	NA	NA	NA	NA	NA	NA	NA
NA	NA	NA	NA	NA	NA	NA	NA	NA	NA	NA	NA	NA	NA	NA	NA
NA	NA	NA	NA	NA	NA	NA	NA	NA	NA	NA	NA	NA	NA	NA	NA
NA	NA	NA	NA	NA	NA	NA	NA	NA	NA	NA	NA	NA	NA	NA	NA
NA	NA	NA	NA	NA	NA	NA	NA	NA	NA	NA	NA	NA	NA	NA	NA
NA	NA	NA	NA	NA	NA	NA	NA	NA	NA	NA	NA	NA	NA	NA	NA
NA	NA	NA	NA	NA	NA	NA	NA	NA	NA	NA	NA	NA	NA	NA	NA
NA	NA	NA	NA	NA	NA	NA	NA	NA	NA	NA	NA	NA	NA	NA	NA
NA	NA	NA	NA	NA	NA	NA	NA	NA	NA	NA	NA	NA	NA	NA	NA
NA	NA	NA	NA	NA	NA	NA	NA	NA	NA	NA	NA	NA	NA	NA	NA
NA	NA	NA	NA	NA	NA	NA	NA	NA	NA	NA	NA	NA	NA	NA	NA
NA	NA	NA	NA	NA	NA	NA	NA	NA	NA	NA	NA	NA	NA	NA	NA
NA	NA	NA	NA	NA	NA	NA	NA	NA	NA	NA	NA	NA	NA	NA	NA
NA	NA	NA	NA	NA	NA	NA	NA	NA	NA	NA	NA	NA	NA	NA	NA
NA	NA	NA	NA	NA	NA	NA	NA	NA	NA	NA	NA	NA	NA	NA	NA
NA	NA	NA	NA	NA	NA	NA	NA	NA	NA	NA	NA	NA	NA	NA	NA
NA	NA	NA	NA	NA	NA	NA	NA	NA	NA	NA	NA	NA	NA	NA	NA
NA	NA	NA	NA	NA	NA	NA	NA	NA	NA	NA	NA	NA	NA	NA	NA
NA	NA	NA	NA	NA	NA	NA	NA	NA	NA	NA	NA	NA	NA	NA	NA
NA	NA	NA	NA	NA	NA	NA	NA	NA	NA	NA	NA	NA	NA	NA	NA
NA	NA	NA	NA	NA	NA	NA	NA	NA	NA	NA	NA	NA	NA	NA	NA
NA	NA	NA	NA	NA	NA	NA	NA	NA	NA	NA	NA	NA	NA	NA	NA
NA	NA	NA	NA	NA	NA	NA	NA	NA	NA	NA	NA	NA	NA	NA	NA
NA	NA	NA	NA	NA	NA	NA	NA	NA	NA	NA	NA	NA	NA	NA	NA
NA	NA	NA	NA	NA	NA	NA	NA	NA	NA	NA	NA	NA	NA	NA	NA
NA	NA	NA	NA	NA	NA	NA	NA	NA	NA	NA	NA	NA	NA	NA	NA
NA	NA	NA	NA	NA	NA	NA	NA	NA	NA	NA	NA	NA	NA	NA	NA
NA	NA	NA	NA	NA	NA	NA	NA	NA	NA	NA	NA	NA	NA	NA	NA
NA	NA	NA	NA	NA	NA	NA	NA	NA	NA	NA	NA	NA	NA	NA	NA
NA	NA	NA	NA	NA	NA	NA	NA	NA	NA	NA	NA	NA	NA	NA	NA
NA	NA	NA	NA	NA	NA	NA	NA	NA	NA	NA	NA	NA	NA	NA	NA
NA	NA	NA	NA	NA	NA	NA	NA	NA	NA	NA	NA	NA	NA	NA	NA
NA	NA	NA	NA	NA	NA	NA	NA	NA	NA	NA	NA	NA	NA	NA	NA
NA	NA	NA	NA	NA	NA	NA	NA	NA	NA	NA	NA	NA	NA	NA	NA
NA	NA	NA	NA	NA	NA	NA	NA	NA	NA	NA	NA	NA	NA	NA	NA
NA	NA	NA	NA	NA	NA	NA	NA	NA	NA	NA	NA	NA	NA	NA	NA
NA	NA	NA	NA	NA	NA	NA	NA	NA	NA	NA	NA	NA	NA	NA	NA
NA	NA	NA	NA	NA	NA	NA	NA	NA	NA	NA	NA	NA	NA	NA	NA
NA	NA	NA	NA	NA	NA	NA	NA	NA	NA	NA	NA	NA	NA	NA	NA
NA	NA	NA	NA	NA	NA	NA	NA	NA	NA	NA	NA	NA	NA	NA	NA
NA	NA	NA	NA	NA	NA	NA	NA	NA	NA	NA	NA	NA	NA	NA	NA
NA	NA	NA	NA	NA	NA	NA	NA	NA	NA	NA	NA	NA	NA	NA	NA
NA	NA	NA	NA	NA	NA	NA	NA	NA	NA	NA	NA	NA	NA	NA	NA
NA	NA	NA	NA	NA	NA	NA	NA	NA	NA	NA	NA	NA	NA	NA	NA
NA	NA	NA	NA	NA	NA	NA	NA	NA	NA	NA	NA	NA	NA	NA	NA
NA	NA	NA	NA	NA	NA	NA	NA	NA	NA	NA	NA	NA	NA	NA	NA
NA	NA	NA	NA	NA	NA	NA	NA	NA	NA	NA	NA	NA	NA	NA	NA
NA	NA	NA	NA	NA	NA	NA	NA	NA	NA	NA	NA	NA	NA	NA	NA
NA	NA	NA	NA	NA	NA	NA	NA	NA	NA	NA	NA	NA	NA	NA	NA
NA	NA	NA	NA	NA	NA	NA	NA	NA	NA	NA	NA	NA	NA	NA	NA
NA	NA	NA	NA	NA	NA	NA	NA	NA	NA	NA	NA	NA	NA	NA	NA
NA	NA	NA	NA	NA	NA	NA	NA	NA	NA	NA	NA	NA	NA	NA	NA
NA	NA	NA	NA	NA	NA	NA	NA	NA	NA	NA	NA	NA	NA	NA	NA
NA	NA	NA	NA	NA	NA	NA	NA	NA	NA	NA	NA	NA	NA	NA	NA
