X1	X2	X3	X4	X1.1	X2.1	X3.1	X4.1	X1.2	X2.2	X3.2	X4.2	X1.3	X2.3	X3.3	X4.3
NA	NA	NA	NA	NA	NA	NA	NA	NA	NA	NA	NA	NA	NA	NA	NA
NA	NA	NA	NA	NA	NA	NA	NA	NA	NA	NA	NA	NA	NA	NA	NA
NA	NA	NA	NA	NA	NA	NA	NA	NA	NA	NA	NA	NA	NA	NA	NA
NA	NA	NA	NA	NA	NA	NA	NA	NA	NA	NA	NA	NA	NA	NA	NA
NA	NA	NA	NA	NA	NA	NA	NA	NA	NA	NA	NA	NA	NA	NA	NA
NA	NA	NA	NA	NA	NA	NA	NA	NA	NA	NA	NA	NA	NA	NA	NA
NA	NA	NA	NA	NA	NA	NA	NA	NA	NA	NA	NA	NA	NA	NA	NA
NA	NA	NA	NA	NA	NA	NA	NA	NA	NA	NA	NA	NA	NA	NA	NA
NA	NA	NA	NA	NA	NA	NA	NA	NA	NA	NA	NA	NA	NA	NA	NA
NA	NA	NA	NA	NA	NA	NA	NA	NA	NA	NA	NA	NA	NA	NA	NA
NA	NA	NA	NA	NA	NA	NA	NA	NA	NA	NA	NA	NA	NA	NA	NA
NA	NA	NA	NA	NA	NA	NA	NA	NA	NA	NA	NA	NA	NA	NA	NA
NA	NA	NA	NA	NA	NA	NA	NA	NA	NA	NA	NA	NA	NA	NA	NA
NA	NA	NA	NA	NA	NA	NA	NA	NA	NA	NA	NA	NA	NA	NA	NA
NA	NA	NA	NA	NA	NA	NA	NA	NA	NA	NA	NA	NA	NA	NA	NA
NA	NA	NA	NA	NA	NA	NA	NA	NA	NA	NA	NA	NA	NA	NA	NA
NA	NA	NA	NA	NA	NA	NA	NA	NA	NA	NA	NA	NA	NA	NA	NA
NA	NA	NA	NA	NA	NA	NA	NA	NA	NA	NA	NA	NA	NA	NA	NA
NA	NA	NA	NA	NA	NA	NA	NA	NA	NA	NA	NA	NA	NA	NA	NA
NA	NA	NA	NA	NA	NA	NA	NA	NA	NA	NA	NA	NA	NA	NA	NA
NA	NA	NA	NA	NA	NA	NA	NA	NA	NA	NA	NA	NA	NA	NA	NA
NA	NA	NA	NA	NA	NA	NA	NA	NA	NA	NA	NA	NA	NA	NA	NA
NA	NA	NA	NA	NA	NA	NA	NA	NA	NA	NA	NA	NA	NA	NA	NA
NA	NA	NA	NA	NA	NA	NA	NA	NA	NA	NA	NA	NA	NA	NA	NA
NA	NA	NA	NA	NA	NA	NA	NA	NA	NA	NA	NA	NA	NA	NA	NA
NA	NA	NA	NA	NA	NA	NA	NA	NA	NA	NA	NA	NA	NA	NA	NA
NA	NA	NA	NA	NA	NA	NA	NA	NA	NA	NA	NA	NA	NA	NA	NA
NA	NA	NA	NA	NA	NA	NA	NA	NA	NA	NA	NA	NA	NA	NA	NA
NA	NA	NA	NA	NA	NA	NA	NA	NA	NA	NA	NA	NA	NA	NA	NA
NA	NA	NA	NA	NA	NA	NA	NA	NA	NA	NA	NA	NA	NA	NA	NA
NA	NA	NA	NA	NA	NA	NA	NA	NA	NA	NA	NA	NA	NA	NA	NA
NA	NA	NA	NA	NA	NA	NA	NA	NA	NA	NA	NA	NA	NA	NA	NA
NA	NA	NA	NA	NA	NA	NA	NA	NA	NA	NA	NA	NA	NA	NA	NA
NA	NA	NA	NA	NA	NA	NA	NA	NA	NA	NA	NA	NA	NA	NA	NA
NA	NA	NA	NA	NA	NA	NA	NA	NA	NA	NA	NA	NA	NA	NA	NA
NA	NA	NA	NA	NA	NA	NA	NA	NA	NA	NA	NA	NA	NA	NA	NA
NA	NA	NA	NA	NA	NA	NA	NA	NA	NA	NA	NA	NA	NA	NA	NA
NA	NA	NA	NA	NA	NA	NA	NA	NA	NA	NA	NA	NA	NA	NA	NA
NA	NA	NA	NA	NA	NA	NA	NA	NA	NA	NA	NA	NA	NA	NA	NA
NA	NA	NA	NA	NA	NA	NA	NA	NA	NA	NA	NA	NA	NA	NA	NA
NA	NA	NA	NA	NA	NA	NA	NA	NA	NA	NA	NA	NA	NA	NA	NA
NA	NA	NA	NA	NA	NA	NA	NA	NA	NA	NA	NA	NA	NA	NA	NA
NA	NA	NA	NA	NA	NA	NA	NA	NA	NA	NA	NA	NA	NA	NA	NA
NA	NA	NA	NA	NA	NA	NA	NA	NA	NA	NA	NA	NA	NA	NA	NA
NA	NA	NA	NA	NA	NA	NA	NA	NA	NA	NA	NA	NA	NA	NA	NA
NA	NA	NA	NA	NA	NA	NA	NA	NA	NA	NA	NA	NA	NA	NA	NA
NA	NA	NA	NA	NA	NA	NA	NA	NA	NA	NA	NA	NA	NA	NA	NA
NA	NA	NA	NA	NA	NA	NA	NA	NA	NA	NA	NA	NA	NA	NA	NA
NA	NA	NA	NA	NA	NA	NA	NA	NA	NA	NA	NA	NA	NA	NA	NA
NA	NA	NA	NA	NA	NA	NA	NA	NA	NA	NA	NA	NA	NA	NA	NA
NA	NA	NA	NA	NA	NA	NA	NA	NA	NA	NA	NA	NA	NA	NA	NA
NA	NA	NA	NA	NA	NA	NA	NA	NA	NA	NA	NA	NA	NA	NA	NA
NA	NA	NA	NA	NA	NA	NA	NA	NA	NA	NA	NA	NA	NA	NA	NA
NA	NA	NA	NA	NA	NA	NA	NA	NA	NA	NA	NA	NA	NA	NA	NA
NA	NA	NA	NA	NA	NA	NA	NA	NA	NA	NA	NA	NA	NA	NA	NA
NA	NA	NA	NA	NA	NA	NA	NA	NA	NA	NA	NA	NA	NA	NA	NA
NA	NA	NA	NA	NA	NA	NA	NA	NA	NA	NA	NA	NA	NA	NA	NA
NA	NA	NA	NA	NA	NA	NA	NA	NA	NA	NA	NA	NA	NA	NA	NA
NA	NA	NA	NA	NA	NA	NA	NA	NA	NA	NA	NA	NA	NA	NA	NA
NA	NA	NA	NA	NA	NA	NA	NA	NA	NA	NA	NA	NA	NA	NA	NA
NA	NA	NA	NA	NA	NA	NA	NA	NA	NA	NA	NA	NA	NA	NA	NA
NA	NA	NA	NA	NA	NA	NA	NA	NA	NA	NA	NA	NA	NA	NA	NA
NA	NA	NA	NA	NA	NA	NA	NA	NA	NA	NA	NA	NA	NA	NA	NA
NA	NA	NA	NA	NA	NA	NA	NA	NA	NA	NA	NA	NA	NA	NA	NA
NA	NA	NA	NA	NA	NA	NA	NA	NA	NA	NA	NA	NA	NA	NA	NA
NA	NA	NA	NA	NA	NA	NA	NA	NA	NA	NA	NA	NA	NA	NA	NA
NA	NA	NA	NA	NA	NA	NA	NA	NA	NA	NA	NA	NA	NA	NA	NA
NA	NA	NA	NA	NA	NA	NA	NA	NA	NA	NA	NA	NA	NA	NA	NA
NA	NA	NA	NA	NA	NA	NA	NA	NA	NA	NA	NA	NA	NA	NA	NA
NA	NA	NA	NA	NA	NA	NA	NA	NA	NA	NA	NA	NA	NA	NA	NA
NA	NA	NA	NA	NA	NA	NA	NA	NA	NA	NA	NA	NA	NA	NA	NA
NA	NA	NA	NA	NA	NA	NA	NA	NA	NA	NA	NA	NA	NA	NA	NA
NA	NA	NA	NA	NA	NA	NA	NA	NA	NA	NA	NA	NA	NA	NA	NA
NA	NA	NA	NA	NA	NA	NA	NA	NA	NA	NA	NA	NA	NA	NA	NA
NA	NA	NA	NA	NA	NA	NA	NA	NA	NA	NA	NA	NA	NA	NA	NA
NA	NA	NA	NA	NA	NA	NA	NA	NA	NA	NA	NA	NA	NA	NA	NA
NA	NA	NA	NA	NA	NA	NA	NA	NA	NA	NA	NA	NA	NA	NA	NA
NA	NA	NA	NA	NA	NA	NA	NA	NA	NA	NA	NA	NA	NA	NA	NA
NA	NA	NA	NA	NA	NA	NA	NA	NA	NA	NA	NA	NA	NA	NA	NA
NA	NA	NA	NA	NA	NA	NA	NA	NA	NA	NA	NA	NA	NA	NA	NA
NA	NA	NA	NA	NA	NA	NA	NA	NA	NA	NA	NA	NA	NA	NA	NA
NA	NA	NA	NA	NA	NA	NA	NA	NA	NA	NA	NA	NA	NA	NA	NA
NA	NA	NA	NA	NA	NA	NA	NA	NA	NA	NA	NA	NA	NA	NA	NA
NA	NA	NA	NA	NA	NA	NA	NA	NA	NA	NA	NA	NA	NA	NA	NA
NA	NA	NA	NA	NA	NA	NA	NA	NA	NA	NA	NA	NA	NA	NA	NA
NA	NA	NA	NA	NA	NA	NA	NA	NA	NA	NA	NA	NA	NA	NA	NA
NA	NA	NA	NA	NA	NA	NA	NA	NA	NA	NA	NA	NA	NA	NA	NA
NA	NA	NA	NA	NA	NA	NA	NA	NA	NA	NA	NA	NA	NA	NA	NA
NA	NA	NA	NA	NA	NA	NA	NA	NA	NA	NA	NA	NA	NA	NA	NA
NA	NA	NA	NA	NA	NA	NA	NA	NA	NA	NA	NA	NA	NA	NA	NA
NA	NA	NA	NA	NA	NA	NA	NA	NA	NA	NA	NA	NA	NA	NA	NA
NA	NA	NA	NA	NA	NA	NA	NA	NA	NA	NA	NA	NA	NA	NA	NA
NA	NA	NA	NA	NA	NA	NA	NA	NA	NA	NA	NA	NA	NA	NA	NA
NA	NA	NA	NA	NA	NA	NA	NA	NA	NA	NA	NA	NA	NA	NA	NA
NA	NA	NA	NA	NA	NA	NA	NA	NA	NA	NA	NA	NA	NA	NA	NA
NA	NA	NA	NA	NA	NA	NA	NA	NA	NA	NA	NA	NA	NA	NA	NA
NA	NA	NA	NA	NA	NA	NA	NA	NA	NA	NA	NA	NA	NA	NA	NA
NA	NA	NA	NA	NA	NA	NA	NA	NA	NA	NA	NA	NA	NA	NA	NA
NA	NA	NA	NA	NA	NA	NA	NA	NA	NA	NA	NA	NA	NA	NA	NA
NA	NA	NA	NA	NA	NA	NA	NA	NA	NA	NA	NA	NA	NA	NA	NA
2.10557433971016	0.0764015791024308	1.95582724466939	2.25532143475092	2.11069857552086	0.0983370732951214	1.91795791186242	2.3034392391793	2.11069857552086	0.0764015791024308	1.95466345181884	2.25530577516863	2.11140717178875	0.0715659269422632	1.97107612293418	2.25173822064332
1.93940604121812	0.0877931504606206	1.7673314663153	2.11148061612093	1.95012561167841	0.113165810550546	1.72832062299934	2.17193060035748	1.95012561167841	0.0877931504606206	1.79275998922131	2.13281180846137	1.94976071751516	0.0833989595509946	1.78619865655139	2.11332277847893
2.1036164421648	0.0943569151688209	1.91867688843391	2.28855599589569	2.20798078741003	0.125018891567437	1.96294375993786	2.45301781488221	2.20798078741003	0.0943569151688209	2.04521102904733	2.41433542935299	2.20522598765823	0.091711409681214	2.02534293137904	2.38510904393743
2.03001957240974	0.0788503559781798	1.87547287469251	2.18456627012698	2.01242083836564	0.102860299180377	1.8108146519721	2.21402702475918	2.01242083836564	0.0788503559781798	1.87076931017847	2.17895318392095	2.00876152295021	0.0717815801538361	1.8680054810051	2.14951756489531
1.92954006089648	0.0764667116933504	1.77966530597751	2.07941481581544	1.93566291108703	0.09825165144715	1.74308967425061	2.12823614792344	1.93566291108703	0.0764667116933504	1.78141685822509	2.08123575000549	1.9343719778231	0.0680383799637163	1.80096517469212	2.06777878095408
1.89707151354819	0.0846998660440183	1.73105977610191	2.06308325099446	1.94473436136401	0.108937022862508	1.7312177965535	2.15825092617453	1.94473436136401	0.0846998660440183	1.79354941910522	2.12668823680228	1.9451239486888	0.0801215478856305	1.78800108808258	2.10224680929503
1.9489120247535	0.0867194133863634	1.77894197451623	2.11888207499077	2.00926476027586	0.112764074211928	1.78824717482048	2.23028234573124	2.00926476027586	0.0867194133863634	1.83835290161929	2.19022850116485	2.00772344231383	0.0787767915438685	1.85324447996448	2.16220240466318
1.90728396444004	0.0708478758998675	1.7684221276763	2.04614580120378	1.90364308528709	0.0921346909181639	1.72305909108749	2.08422707948669	1.90364308528709	0.0708478758998675	1.75873679943987	2.04067380312514	1.90241164898061	0.0658422663738666	1.7733125456754	2.03151075228582
1.90110087361239	0.0840214246463171	1.73641888130561	2.06578286591917	1.87959648050561	0.108943603758933	1.6660670171381	2.09312594387312	1.87959648050561	0.0840214246463171	1.71281276528461	2.05098002909685	1.87921393936597	0.0729021746352352	1.73626436846614	2.02216351026581
2.04011606253102	0.0793133999944423	1.88466179854191	2.19557032652013	2.00671059347679	0.105913821111789	1.79911950409768	2.21430168285589	2.00671059347679	0.0793133999944423	1.8596167891694	2.16895125123399	2.00327682165683	0.0716299484179405	1.86281951031276	2.1437341330009
1.94777545937472	0.0797798172147755	1.79140701763376	2.10414390111568	1.92986432999187	0.105289928041923	1.7234960710297	2.13623258895404	1.92986432999187	0.0797798172147755	1.77687032401928	2.08507140661328	1.92732853560953	0.0734346217385585	1.78333097494823	2.07132609627084
2.09863146074329	0.0763248163014024	1.94903482079254	2.24822810069404	2.09987098074339	0.102487075772721	1.89899631222885	2.30074564925792	2.09987098074339	0.0763248163014024	1.96002240518068	2.25349577255147	2.0997080889497	0.0693731557238794	1.96367923783799	2.2357369400614
1.91734703732898	0.0836311597242971	1.75342996426936	2.0812641103886	1.98519404288563	0.106925768459838	1.77561953670435	2.19476854906691	1.98519404288563	0.0836311597242971	1.82418068494182	2.1562189820058	1.98217757151267	0.079318948033555	1.82662971016315	2.13772543286219
1.93139844157	0.0725099876651442	1.78927886574631	2.07351801739368	1.93644574886521	0.0952201744003728	1.74981420704048	2.12307729068994	1.93644574886521	0.0725099876651442	1.79323799505615	2.08424881088652	1.93540712586508	0.0667461085420732	1.80453617831692	2.06627807341324
1.96070906834149	0.0886621475368362	1.78693125916929	2.13448687751369	1.95746856359058	0.117518862742939	1.72713159261442	2.18780553456674	1.95746856359058	0.0886621475368362	1.78086862382911	2.12201318653496	1.95664958597525	0.0815141522406342	1.79679333750046	2.11650583445004
1.87030476628382	0.079136118793878	1.71519797344782	2.02541155911982	1.89292818237224	0.103524442617577	1.69002027484179	2.09583608990269	1.89292818237224	0.079136118793878	1.74654305724119	2.06067210678777	1.88911682094439	0.0731352286554418	1.7457063048824	2.03252733700638
1.99828107194007	0.0746343501665419	1.85199774561365	2.1445643982665	2.02506688579978	0.0988684062165835	1.83128480961527	2.21884896198428	2.02506688579978	0.0746343501665419	1.88038636511288	2.16616981955876	2.02163797017786	0.0660783512517234	1.89207760567615	2.15119833467958
1.79257229786474	0.0953074909785049	1.60576961554687	1.97937498018261	1.80441953950422	0.123820430276146	1.56173149616297	2.04710758284546	1.80441953950422	0.0953074909785049	1.61216174956636	1.98201351704313	1.80436105802229	0.0902486721731523	1.62735293606695	1.98136917997764
2.08849531408101	0.0836003878610302	1.92463855387339	2.25235207428862	2.12675890449691	0.111578788072339	1.90806447987512	2.34545332911869	2.12675890449691	0.0836003878610302	1.9608959268955	2.29292523622073	2.12374706071589	0.0768100341484365	1.97312466993836	2.27436945149341
2.04909449604144	0.087425905009684	1.87773972222246	2.22044926986043	2.07678948949031	0.111703311651369	1.85785099865362	2.29572798032699	2.07678948949031	0.087425905009684	1.91808022458756	2.24840779026088	2.07566775955556	0.0823558269923334	1.91416026669513	2.23717525241599
2.03028786949693	0.0805694782387056	1.87237169214907	2.18820404684479	1.9876189179329	0.104612232652865	1.78257894193328	2.19265889393251	1.9876189179329	0.0805694782387056	1.83789797019301	2.15128955099634	1.98402695888471	0.0740232903319126	1.83887698748292	2.12917693028649
1.91980634211735	0.0845289670451943	1.75412956670877	2.08548311752593	1.98359021660782	0.112762651683447	1.76257541930827	2.20460501390738	1.98359021660782	0.0845289670451943	1.81524915388218	2.15041222004675	1.98454506218812	0.0775747180149527	1.83242081324759	2.13666931112866
1.87105413259058	0.0804797880583508	1.71331374799622	2.02879451718495	1.89015826343701	0.105407326608975	1.68355990328342	2.0967566235906	1.89015826343701	0.0804797880583508	1.72777861792004	2.03587506379144	1.889919696051	0.0742135000949198	1.7443958109766	2.03544358112541
2.10074950481901	0.0997628585208719	1.9052143021181	2.29628470751992	2.11346816920851	0.126098777040561	1.86631456620901	2.36062177220801	2.11346816920851	0.0997628585208719	1.93588272508278	2.31968402778247	2.11406447529472	0.093827529839708	1.93003188251371	2.29809706807573
2.05940099324147	0.0830386967739022	1.89664514756462	2.22215683891832	2.04844670770867	0.111543002998772	1.82982242183108	2.26707099358627	2.04844670770867	0.0830386967739022	1.88453464154134	2.208845927259	2.04682656110871	0.0765887130413572	1.89663738996601	2.19701573225141
1.99371499960525	0.0806353113048254	1.83566978944779	2.15176020976271	2.00088433858311	0.106612434014669	1.79192396791436	2.20984470925187	2.00088433858311	0.0806353113048254	1.84140132378914	2.16257159374126	2.00007325231922	0.071070548090908	1.86071341312533	2.13943309151311
2.08535249353463	0.0744474833632716	1.93943542614261	2.23126956092664	2.05122905179537	0.0980541023534106	1.85904301118268	2.24341509240805	2.05122905179537	0.0744474833632716	1.91292334769156	2.19170626300612	2.05412969367143	0.0704632066423861	1.91596335601831	2.19229603132454
1.96828115497951	0.0784466581575212	1.81452570499077	2.12203660496825	1.95338835331734	0.100405693452875	1.7565931941497	2.15018351248497	1.95338835331734	0.0784466581575212	1.80264184117082	2.11187524670729	1.95283308487028	0.0725015001796203	1.81066583806411	2.09500033167645
2.08834859657957	0.0854398256414671	1.92088653832229	2.25581065483684	2.04135489503739	0.112868296401742	1.82013303408997	2.2625767559848	2.04135489503739	0.0854398256414671	1.87101998666498	2.20171206020953	2.04052181826825	0.0786302360776563	1.88632903485458	2.19471460168192
2.0361633948795	0.0827505044432643	1.8739724061707	2.1983543835883	2.01210262117087	0.108877108342392	1.79870348881978	2.22550175352196	2.01210262117087	0.0827505044432643	1.85146661221322	2.17773124795171	2.0118204805976	0.0775893018411402	1.85966471748687	2.16397624370834
2.07008336649786	0.0819620496698076	1.90943774914503	2.23072898385068	2.04376646238136	0.107621078666918	1.8328291481942	2.25470377656852	2.04376646238136	0.0819620496698076	1.88239899463385	2.1999361476713	2.04186358482436	0.0737388577422729	1.89726698255012	2.1864601870986
1.86221526545561	0.0775272887315053	1.71026177954186	2.01416875136936	1.86081479789996	0.101033083860025	1.66278995353432	2.05883964226561	1.86081479789996	0.0775272887315053	1.70744969076238	2.00965851936515	1.860536122536	0.0698627757771015	1.72354872979769	1.99752351527432
2.13794463345513	0.0772876651641652	1.98646080973337	2.2894284571769	2.04419678104719	0.102397518049112	1.84349764567093	2.24489591642345	2.04419678104719	0.0772876651641652	1.89363079255484	2.19766109360815	2.04376334422006	0.0705522620990008	1.90542404293598	2.18210264550415
2.02683189098597	0.0847940741954796	1.86063550556282	2.19302827640911	1.9458023289712	0.111554713459167	1.72715509059123	2.16444956735117	1.9458023289712	0.0847940741954796	1.77009153980541	2.10293213187267	1.94371850360092	0.0795169726901022	1.78778199440843	2.0996550127934
2.04381515796115	0.085270405721638	1.87668516274674	2.21094515317556	2.02063723307443	0.115007021506085	1.79522347092251	2.24605099522636	2.02063723307443	0.085270405721638	1.84276992266381	2.17807411692899	2.01702751335052	0.0785987979073292	1.86288835089962	2.17116667580143
2.05048308146105	0.0767366894523823	1.90007917013438	2.20088699278772	2.01320361747057	0.0985099015285021	1.82012421047471	2.20628302446644	2.01320361747057	0.0767366894523823	1.86283438765649	2.17588811806106	2.01370101831511	0.0736793419995313	1.86922217382481	2.1581798628054
1.90241263954689	0.0745985084208278	1.75619956304206	2.04862571605171	1.97522192773216	0.0972739895361397	1.78456490824133	2.16587894722299	1.97522192773216	0.0745985084208278	1.82781756481208	2.12438391924737	1.97394886391774	0.0703073347841801	1.83609264349348	2.11180508434201
1.86920398517007	0.0827629772131705	1.70698854983226	2.03141942050788	1.92877341389195	0.106435153419292	1.72016051319014	2.13738631459377	1.92877341389195	0.0827629772131705	1.77448822368568	2.09104550082433	1.92854868822788	0.0775365332354086	1.77649931776874	2.08059805868702
2.02369516968538	0.0900254561478567	1.84724527563559	2.20014506373518	1.997417292561	0.118899348398698	1.76437456969955	2.23046001542245	1.997417292561	0.0900254561478567	1.83594078424099	2.18042101637278	1.99667116098471	0.0819058731067852	1.83604337830139	2.15729894366802
2.07283635630621	0.0875791432289956	1.90118123557738	2.24449147703504	2.03670670495567	0.115699621311687	1.80993544718477	2.26347796272658	2.03670670495567	0.0875791432289956	1.86650076628995	2.20772767275717	2.0343319657773	0.0836590215077896	1.87025977219354	2.19840415936107
1.93808999311225	0.0811370144186723	1.77906144485165	2.09711854137285	1.98423858689408	0.103168987720754	1.7820273709614	2.18644980282676	1.98423858689408	0.0811370144186723	1.83773747126148	2.15076272238105	1.98311748094127	0.0756243568467855	1.83482150255368	2.13141345932887
1.94915008931533	0.0784741864503928	1.79534068387256	2.1029594947581	1.94461277118568	0.103461015024265	1.74182918173812	2.14739636063324	1.94461277118568	0.0784741864503928	1.79676314354898	2.10532737150175	1.94431021957254	0.0699233862417133	1.807202614659	2.08141782448608
2.09700993820648	0.0817376299852339	1.93680418343542	2.25721569297754	2.07557092613781	0.10733683045789	1.86519073844035	2.28595111383527	2.07557092613781	0.0817376299852339	1.91386024199884	2.22922818067817	2.07205684848635	0.0758571205970132	1.92330512539638	2.22080857157632
1.94082638059981	0.0753305683851964	1.79317846656482	2.08847429463479	1.94471888439963	0.0969930273332113	1.75461255082654	2.13482521797272	1.94471888439963	0.0753305683851964	1.80065710007626	2.09207530551033	1.94348697418614	0.0709559463826919	1.80435219567538	2.0826217526969
1.91518585809334	0.0870282591101539	1.74461047023744	2.08576124594924	1.89875261240381	0.119113659163943	1.66528984044248	2.13221538436514	1.89875261240381	0.0870282591101539	1.72714536382825	2.07166848129106	1.89769041365666	0.0764341101647633	1.74781158850043	2.0475692388129
2.04388722439145	0.106763294486869	1.83463116719718	2.25314328158571	2.15511343181737	0.139836191443508	1.88103449658809	2.42919236704664	2.15511343181737	0.106763294486869	1.96794937163253	2.40577782949891	2.1511860360386	0.103396640070346	1.94837921937206	2.35399285270513
1.96883581238782	0.0804266183336112	1.81119964045394	2.1264719843217	1.9552986727738	0.104869311626113	1.74975482198662	2.16084252356098	1.9552986727738	0.0804266183336112	1.80714746323376	2.10960050199439	1.95291588584147	0.0718315213023337	1.81207145770946	2.09376031397348
2.09559753190963	0.092015648524141	1.91524686080231	2.27594820301695	2.04268654525478	0.121242255020009	1.80505172541556	2.280321365094	2.04268654525478	0.092015648524141	1.87627561284239	2.23651828686512	2.041709182436	0.0863017840382671	1.87244886308306	2.21096950178893
2.03118082334132	0.0787929749439066	1.87674659245127	2.18561505423138	1.98742136370775	0.101143866247878	1.78917938586191	2.18566334155359	1.98742136370775	0.0787929749439066	1.82847721216314	2.13223434283769	1.98572258850838	0.0721330643159428	1.8442865106295	2.12715866638725
1.96448483719527	0.0790827650406532	1.80948261771559	2.11948705667495	1.95781299071239	0.10565267023053	1.75073375706056	2.16489222436423	1.95781299071239	0.0790827650406532	1.79879354978614	2.11446086486069	1.95569541225593	0.0712449030026046	1.81599945019494	2.09539137431693
2.09529754223791	0.0996621952070987	1.89995963963199	2.29063544484382	2.01589626558106	0.127019748689783	1.76693755814908	2.26485497301303	2.01589626558106	0.0996621952070987	1.81832303297644	2.1947676880853	2.0159339522836	0.093717877655281	1.83211725579105	2.19975064877614
2.00807466168405	0.0733109058447954	1.86438528622825	2.15176403713985	2.00835460496067	0.0946957739735305	1.82275088797255	2.19395832194879	2.00835460496067	0.0733109058447954	1.86636085597679	2.1590033901027	2.00661055761886	0.0674483590789974	1.87436560705601	2.13885550818171
1.9516774121302	0.0746556963069998	1.80535224736848	2.09800257689192	1.94372731516447	0.0982152662815161	1.7512253932527	2.13622923707624	1.94372731516447	0.0746556963069998	1.79747984622116	2.08923066267244	1.94589339116366	0.0664728730988548	1.81555304024196	2.07623374208536
2.00929490599913	0.0787215369317688	1.85500069361286	2.1635891183854	2.02404001177517	0.100796602862441	1.82647867016479	2.22160135338556	2.02404001177517	0.0787215369317688	1.87017046265925	2.17794851047867	2.02486651470671	0.0749145727682996	1.8779610633562	2.17177196605722
1.93526258527959	0.0822150656416179	1.77412105662202	2.09640411393716	2.00323377670632	0.107658703994847	1.79222271687642	2.21424483653622	2.00323377670632	0.0822150656416179	1.84519761888437	2.16397485663526	2.0004250185243	0.0733841861061367	1.85652319776344	2.14432683928515
2.08431977932221	0.0876723704493738	1.91248193324144	2.25615762540298	2.08699404771585	0.110735483761876	1.86995249954257	2.30403559588912	2.08699404771585	0.0876723704493738	1.91328755158873	2.25663448879774	2.08790179747699	0.0836572594752994	1.92383549913513	2.25196809581884
1.93365864003642	0.0968287389378192	1.74387431171829	2.12344296835454	1.94346346505364	0.122788145924902	1.70279869904083	2.18412823106645	1.94346346505364	0.0968287389378192	1.75637454417124	2.13382933781786	1.9410615426196	0.0950267569220395	1.75467741538874	2.12744566985047
2.09830209439276	0.0774775017857199	1.94644619089275	2.25015799789277	2.12660287339674	0.10313885205854	1.924450723362	2.32875502343147	2.12660287339674	0.0774775017857199	1.97420760864661	2.26878431121596	2.12622061925461	0.0705155451096827	1.98795339409141	2.26448784441782
1.9731147530803	0.090702782485128	1.79533729940944	2.15089220675115	2.06466943918607	0.120042357815292	1.82938641786809	2.29995246050404	2.06466943918607	0.090702782485128	1.90215401178597	2.25992367275673	2.06340542106627	0.0814732212769082	1.90362958443422	2.22318125769832
2.0895160428345	0.0760258234522579	1.94050542886808	2.23852665680093	2.1487151037862	0.0995641714242319	1.9535693277947	2.34386087977769	2.1487151037862	0.0760258234522579	2.01042413963043	2.29747516750229	2.14776156904285	0.0724877574513716	2.00562126483552	2.28990187325018
2.10989900037678	0.0783018751282162	1.95642732512548	2.26337067562809	2.0610033466795	0.103937812218106	1.85728523473201	2.26472145862698	2.0610033466795	0.0783018751282162	1.91017010008484	2.2162860598985	2.06238405450765	0.0719367414539812	1.9213231644023	2.203444944613
2.07819696572879	0.0841972744779424	1.91317030775202	2.24322362370556	2.12222238553482	0.111002635450754	1.90465722005134	2.3397875510183	2.12222238553482	0.0841972744779424	1.94935393432202	2.28749952009853	2.11859807043189	0.0776547875422949	1.96631764334059	2.27087849752318
2.00878894077946	0.0757132210889085	1.86039102744519	2.15718685411372	1.97193361113612	0.095931789877976	1.78390730297528	2.15995991929695	1.97193361113612	0.0757132210889085	1.8204351696296	2.11659636405271	1.97149143737645	0.0702210739022834	1.83379955069352	2.10918332405939
2.04608483987859	0.0781013478680585	1.8930061980572	2.19916348169998	1.9877327354314	0.104752053342371	1.78241871088035	2.19304675998244	1.9877327354314	0.0781013478680585	1.83226348183665	2.14039742527227	1.98932155691435	0.0713043949861081	1.84950231039844	2.12914080343027
1.96660589088142	0.0883258501458812	1.7934872245955	2.13972455716735	1.97941676492714	0.118586366420235	1.74698748674348	2.2118460431108	1.97941676492714	0.0883258501458812	1.80999313306315	2.16388521897284	1.9761949834163	0.0811678762006109	1.81702485633003	2.13536511050257
1.92923448861276	0.0861937441664677	1.76029475004648	2.09817422717904	1.97759761746333	0.115213182670956	1.75177977942826	2.20341545549841	1.97759761746333	0.0861937441664677	1.81267999374609	2.14748503391479	1.97606516176626	0.0801158582184516	1.81895263732308	2.13317768620945
2.05890539820245	0.0856881176103842	1.8909566876861	2.2268541087188	2.07737404593335	0.114170503708012	1.85359985866565	2.30114823320106	2.07737404593335	0.0856881176103842	1.92283854800478	2.26027079202846	2.07714438265118	0.077366069936889	1.92542699901944	2.22886176628292
1.96955399106555	0.0832173725264175	1.80644794091377	2.13266004121733	2.0077397360805	0.105417470103808	1.80112149467704	2.21435797748397	2.0077397360805	0.0832173725264175	1.84359213241683	2.16987469190884	2.00699737271049	0.0795311580992499	1.85103098593483	2.16296375948614
1.97412629618594	0.0784529109726056	1.82035859067964	2.12789400169225	1.95196945745342	0.104011715049688	1.74810649595603	2.1558324189508	1.95196945745342	0.0784529109726056	1.79911884648804	2.10410890972528	1.95074040992045	0.0754905712474732	1.80270033937493	2.09878048046598
1.94062135993094	0.0782127598438785	1.78732435063693	2.09391836922494	1.92211181839297	0.10432668800768	1.71763150989792	2.12659212688802	1.92211181839297	0.0782127598438785	1.77116576923475	2.07489684875449	1.9221361035682	0.072779136373641	1.77942337805908	2.06484882907731
2.04026969423636	0.0881198260432465	1.86755483519159	2.21298455328112	2.05618196526799	0.115532386807462	1.82973848712536	2.28262544341061	2.05618196526799	0.0881198260432465	1.890648047603	2.22766306358805	2.05675170218958	0.0830077594918602	1.89396716222568	2.21953624215347
2.02929084264944	0.0858537523140738	1.86101748811385	2.19756419718502	1.97314771270935	0.110291526018633	1.75697632171283	2.18931910370587	1.97314771270935	0.0858537523140738	1.80799957272456	2.13699926900511	1.97201579069933	0.0788847938134442	1.81730990345311	2.12672167794555
2.02948657074238	0.0766020121433618	1.87934662694139	2.17962651454337	1.99087009797932	0.0994467512224546	1.79595446558331	2.18578573037533	1.99087009797932	0.0766020121433618	1.83852918592519	2.13541807636521	1.99204838218581	0.0707220787962995	1.853372783122	2.13072398124962
1.99388472835422	0.0775732825135403	1.84184109462768	2.14592836208076	2.00681694501788	0.100008425332776	1.81080043136564	2.20283345867012	2.00681694501788	0.0775732825135403	1.85942631840967	2.16920561542801	2.00489376903969	0.0714507839619219	1.86479174610988	2.1449957919695
2.06831656163032	0.0729136792996781	1.92540575020295	2.21122737305769	2.02843963077067	0.0922422499402152	1.84764482088785	2.20923444065349	2.02843963077067	0.0729136792996781	1.88762804582066	2.17243862245062	2.0258659801759	0.0690793978740467	1.89041684067404	2.16131511967777
2.0392920776058	0.0872662617478905	1.86825020457993	2.21033395063166	2.07322825151537	0.115513800065123	1.84682120338773	2.29963529964301	2.07322825151537	0.0872662617478905	1.91481195879701	2.2616490683667	2.06999113564428	0.0817981396112199	1.90957176280433	2.23041050848423
2.10052956235478	0.0845210256881035	1.9348683520061	2.26619077270346	2.03000413285579	0.11034829567407	1.81372147333462	2.24628679237697	2.03000413285579	0.0845210256881035	1.86405425744173	2.19138562080157	2.02764075683682	0.0766091437140167	1.87741345168116	2.17786806199248
2.01430011333746	0.0832625329576513	1.85110554874046	2.17749467793445	2.01000702178919	0.110219196832835	1.79397739599683	2.22603664758155	2.01000702178919	0.0832625329576513	1.84929207160838	2.17284427687379	2.00953111800937	0.0791789002351838	1.8542585082317	2.16480372778704
2.04348922122144	0.0871147631985343	1.87274428535231	2.21423415709057	2.00950998023172	0.115675506538945	1.78278598741538	2.23623397304805	2.00950998023172	0.0871147631985343	1.8416014434172	2.17877877208306	2.00984034416086	0.0787351871406211	1.85544181094182	2.16423887737991
1.87241676536457	0.0817917334386813	1.71210496782475	2.03272856290439	1.95582412916656	0.107603102530169	1.74492204820743	2.1667262101257	1.95582412916656	0.0817917334386813	1.80411353295369	2.11926326231597	1.95366475176577	0.0763851880897393	1.80387259517692	2.10345690835462
2.17671046982608	0.0882396138042685	2.00376082676971	2.34966011288245	2.06015358180047	0.112818197181188	1.83902991532534	2.2812772482756	2.06015358180047	0.0882396138042685	1.89577195342454	2.24954865397328	2.05876301328444	0.0858848098743226	1.89032533365187	2.227200692917
1.97296693600535	0.0857604725931195	1.80487640972283	2.14105746228786	1.95015902486001	0.111248829990698	1.73211131807824	2.16820673164178	1.95015902486001	0.0857604725931195	1.78386167551643	2.12322566392193	1.95105302814848	0.0792495843049813	1.79563692622051	2.10646913007644
2.01805839915558	0.0750169347817988	1.87102520698325	2.1650915913279	2.01966366892686	0.0964196491877606	1.83068115651885	2.20864618133487	2.01966366892686	0.0750169347817988	1.87076922244253	2.16784533150288	2.01897324153782	0.0690836371731195	1.88351222342212	2.15443425965352
1.95715052046006	0.0754030136154499	1.80936061377377	2.10494042714634	1.93170597903296	0.0963443556771094	1.74287104190583	2.1205409161601	1.93170597903296	0.0754030136154499	1.78812538310729	2.0815651061508	1.93162744979414	0.0689130844350335	1.79650292673358	2.0667519728547
1.92286505766579	0.0846402741782776	1.75697012027637	2.08875999505522	2.01801809747544	0.108378917256869	1.80559541965198	2.23044077529891	2.01801809747544	0.0846402741782776	1.86749567620787	2.18977210122454	2.01700266280848	0.0769491384992086	1.86609908038916	2.1679062452278
1.95570355752569	0.0818620697800964	1.7952539007567	2.11615321429468	1.95994589871223	0.10768741807948	1.74887855927645	2.17101323814801	1.95994589871223	0.0818620697800964	1.79369978329403	2.11712547693703	1.95985846353458	0.0758012650229572	1.81121408231081	2.10850284475834
2.05578247594154	0.0787650476374704	1.9014029825721	2.21016196931098	2.00577897470812	0.106618940616748	1.79680585109929	2.21475209831695	2.00577897470812	0.0787650476374704	1.85026584207872	2.1578551258374	2.00693694751955	0.0737833484997349	1.86225304138859	2.15162085365052
2.07648696071498	0.0765150221916229	1.9265175172194	2.22645640421056	2.02600785626047	0.0998899851440242	1.83022348537818	2.22179222714276	2.02600785626047	0.0765150221916229	1.87631194660823	2.17257710337121	2.02619783930521	0.0712841694461112	1.88641582461209	2.16597985399834
2.00828596371792	0.0689436857131087	1.87315633972023	2.14341558771561	1.99285322065572	0.0906541562153825	1.81517107447357	2.17053536683787	1.99285322065572	0.0689436857131087	1.86559195514004	2.13304969497542	1.99199191532708	0.0651482878528233	1.86425450617213	2.11972932448202
2.03374002265912	0.0704775265131557	1.89560407069333	2.1718759746249	2.02728747866919	0.0921929524422148	1.84658929188245	2.20798566545593	2.02728747866919	0.0704775265131557	1.89716021944828	2.16825920758709	2.02412020957136	0.0657849092525523	1.89513613662892	2.15310428251379
1.9501452625313	0.0867686971078419	1.78007861619993	2.12021190886267	1.97407311987998	0.115956457887311	1.74679846242085	2.20134777733911	1.97407311987998	0.0867686971078419	1.80524204554077	2.14735121315977	1.97284393055629	0.0813556857851336	1.81329388059463	2.13239398051795
2.00954235008559	0.0803690916918649	1.85201893036954	2.16706576980165	2.04713461732618	0.107609031471138	1.83622091564275	2.25804831900961	2.04713461732618	0.0803690916918649	1.89015882670458	2.21222082875308	2.04769565797699	0.0741634805864227	1.90226532370975	2.19312599224424
1.9695367865349	0.0851436065399801	1.80265531771654	2.13641825535326	1.98846970562151	0.112173032593312	1.76861056173862	2.2083288495044	1.98846970562151	0.0851436065399801	1.81412556476751	2.15382692490831	1.98491614094305	0.0805103374191398	1.82703227720563	2.14280000468047
1.97154510738699	0.0779305911976515	1.8188011486396	2.12428906613439	1.95576649254437	0.0973186900723669	1.76502186000253	2.1465111250862	1.95576649254437	0.0779305911976515	1.80463410630264	2.09695632050462	1.95588083529672	0.0733006931605192	1.81214758725327	2.09961408334017
1.89090303564151	0.0784446515858768	1.73715151853319	2.04465455274982	1.88028521807879	0.101498346166574	1.68134845959231	2.07922197656528	1.88028521807879	0.0784446515858768	1.72326838570301	2.02616928692773	1.88076484534236	0.0714892051702985	1.74058634144423	2.02094334924049
2.00266701406734	0.0710762704595444	1.86335752396664	2.14197650416805	2.01237480599247	0.0948422294417022	1.82648403628674	2.19826557569821	2.01237480599247	0.0710762704595444	1.87620596433413	2.1558606742221	2.01142872401791	0.0643595217680714	1.88523638303906	2.13762106499676
1.9545490855339	0.0778014148698455	1.802058312389	2.1070398586788	1.98283705345545	0.0993957473320533	1.78802138868463	2.17765271822627	1.98283705345545	0.0778014148698455	1.82507329108947	2.13377866857528	1.98144457779177	0.0728180415430531	1.83865535218791	2.12423380339562
2.16931007801859	0.076534391774861	2.01930267013986	2.31931748589732	2.12739418221266	0.0985507881487503	1.93423463744111	2.32055372698421	2.12739418221266	0.076534391774861	1.98740916112562	2.28193192482791	2.12641062740789	0.0698739324920895	1.98939589647964	2.26342535833613
1.99783724843215	0.0749930648176828	1.85085084138949	2.14482365547481	2.00969967722744	0.097345650305159	1.81890220262933	2.20049715182555	2.00969967722744	0.0749930648176828	1.85885940187456	2.15333923564184	2.00940539707913	0.0692157105558731	1.87368361641513	2.14512717774312
2.06275236491703	0.0819563702936988	1.90211787914138	2.22338685069268	2.01673069690789	0.106478028374992	1.80803376129291	2.22542763252288	2.01673069690789	0.0819563702936988	1.85235801155751	2.17624354189597	2.01565562120401	0.0775058716939182	1.86366222514253	2.16764901726549
NA	NA	NA	NA	NA	NA	NA	NA	NA	NA	NA	NA	NA	NA	NA	NA
NA	NA	NA	NA	NA	NA	NA	NA	NA	NA	NA	NA	NA	NA	NA	NA
NA	NA	NA	NA	NA	NA	NA	NA	NA	NA	NA	NA	NA	NA	NA	NA
NA	NA	NA	NA	NA	NA	NA	NA	NA	NA	NA	NA	NA	NA	NA	NA
NA	NA	NA	NA	NA	NA	NA	NA	NA	NA	NA	NA	NA	NA	NA	NA
NA	NA	NA	NA	NA	NA	NA	NA	NA	NA	NA	NA	NA	NA	NA	NA
NA	NA	NA	NA	NA	NA	NA	NA	NA	NA	NA	NA	NA	NA	NA	NA
NA	NA	NA	NA	NA	NA	NA	NA	NA	NA	NA	NA	NA	NA	NA	NA
NA	NA	NA	NA	NA	NA	NA	NA	NA	NA	NA	NA	NA	NA	NA	NA
NA	NA	NA	NA	NA	NA	NA	NA	NA	NA	NA	NA	NA	NA	NA	NA
NA	NA	NA	NA	NA	NA	NA	NA	NA	NA	NA	NA	NA	NA	NA	NA
NA	NA	NA	NA	NA	NA	NA	NA	NA	NA	NA	NA	NA	NA	NA	NA
NA	NA	NA	NA	NA	NA	NA	NA	NA	NA	NA	NA	NA	NA	NA	NA
NA	NA	NA	NA	NA	NA	NA	NA	NA	NA	NA	NA	NA	NA	NA	NA
NA	NA	NA	NA	NA	NA	NA	NA	NA	NA	NA	NA	NA	NA	NA	NA
NA	NA	NA	NA	NA	NA	NA	NA	NA	NA	NA	NA	NA	NA	NA	NA
NA	NA	NA	NA	NA	NA	NA	NA	NA	NA	NA	NA	NA	NA	NA	NA
NA	NA	NA	NA	NA	NA	NA	NA	NA	NA	NA	NA	NA	NA	NA	NA
NA	NA	NA	NA	NA	NA	NA	NA	NA	NA	NA	NA	NA	NA	NA	NA
NA	NA	NA	NA	NA	NA	NA	NA	NA	NA	NA	NA	NA	NA	NA	NA
NA	NA	NA	NA	NA	NA	NA	NA	NA	NA	NA	NA	NA	NA	NA	NA
NA	NA	NA	NA	NA	NA	NA	NA	NA	NA	NA	NA	NA	NA	NA	NA
NA	NA	NA	NA	NA	NA	NA	NA	NA	NA	NA	NA	NA	NA	NA	NA
NA	NA	NA	NA	NA	NA	NA	NA	NA	NA	NA	NA	NA	NA	NA	NA
NA	NA	NA	NA	NA	NA	NA	NA	NA	NA	NA	NA	NA	NA	NA	NA
NA	NA	NA	NA	NA	NA	NA	NA	NA	NA	NA	NA	NA	NA	NA	NA
NA	NA	NA	NA	NA	NA	NA	NA	NA	NA	NA	NA	NA	NA	NA	NA
NA	NA	NA	NA	NA	NA	NA	NA	NA	NA	NA	NA	NA	NA	NA	NA
NA	NA	NA	NA	NA	NA	NA	NA	NA	NA	NA	NA	NA	NA	NA	NA
NA	NA	NA	NA	NA	NA	NA	NA	NA	NA	NA	NA	NA	NA	NA	NA
NA	NA	NA	NA	NA	NA	NA	NA	NA	NA	NA	NA	NA	NA	NA	NA
NA	NA	NA	NA	NA	NA	NA	NA	NA	NA	NA	NA	NA	NA	NA	NA
NA	NA	NA	NA	NA	NA	NA	NA	NA	NA	NA	NA	NA	NA	NA	NA
NA	NA	NA	NA	NA	NA	NA	NA	NA	NA	NA	NA	NA	NA	NA	NA
NA	NA	NA	NA	NA	NA	NA	NA	NA	NA	NA	NA	NA	NA	NA	NA
NA	NA	NA	NA	NA	NA	NA	NA	NA	NA	NA	NA	NA	NA	NA	NA
NA	NA	NA	NA	NA	NA	NA	NA	NA	NA	NA	NA	NA	NA	NA	NA
NA	NA	NA	NA	NA	NA	NA	NA	NA	NA	NA	NA	NA	NA	NA	NA
NA	NA	NA	NA	NA	NA	NA	NA	NA	NA	NA	NA	NA	NA	NA	NA
NA	NA	NA	NA	NA	NA	NA	NA	NA	NA	NA	NA	NA	NA	NA	NA
NA	NA	NA	NA	NA	NA	NA	NA	NA	NA	NA	NA	NA	NA	NA	NA
NA	NA	NA	NA	NA	NA	NA	NA	NA	NA	NA	NA	NA	NA	NA	NA
NA	NA	NA	NA	NA	NA	NA	NA	NA	NA	NA	NA	NA	NA	NA	NA
NA	NA	NA	NA	NA	NA	NA	NA	NA	NA	NA	NA	NA	NA	NA	NA
NA	NA	NA	NA	NA	NA	NA	NA	NA	NA	NA	NA	NA	NA	NA	NA
NA	NA	NA	NA	NA	NA	NA	NA	NA	NA	NA	NA	NA	NA	NA	NA
NA	NA	NA	NA	NA	NA	NA	NA	NA	NA	NA	NA	NA	NA	NA	NA
NA	NA	NA	NA	NA	NA	NA	NA	NA	NA	NA	NA	NA	NA	NA	NA
NA	NA	NA	NA	NA	NA	NA	NA	NA	NA	NA	NA	NA	NA	NA	NA
NA	NA	NA	NA	NA	NA	NA	NA	NA	NA	NA	NA	NA	NA	NA	NA
NA	NA	NA	NA	NA	NA	NA	NA	NA	NA	NA	NA	NA	NA	NA	NA
NA	NA	NA	NA	NA	NA	NA	NA	NA	NA	NA	NA	NA	NA	NA	NA
NA	NA	NA	NA	NA	NA	NA	NA	NA	NA	NA	NA	NA	NA	NA	NA
NA	NA	NA	NA	NA	NA	NA	NA	NA	NA	NA	NA	NA	NA	NA	NA
NA	NA	NA	NA	NA	NA	NA	NA	NA	NA	NA	NA	NA	NA	NA	NA
NA	NA	NA	NA	NA	NA	NA	NA	NA	NA	NA	NA	NA	NA	NA	NA
NA	NA	NA	NA	NA	NA	NA	NA	NA	NA	NA	NA	NA	NA	NA	NA
NA	NA	NA	NA	NA	NA	NA	NA	NA	NA	NA	NA	NA	NA	NA	NA
NA	NA	NA	NA	NA	NA	NA	NA	NA	NA	NA	NA	NA	NA	NA	NA
NA	NA	NA	NA	NA	NA	NA	NA	NA	NA	NA	NA	NA	NA	NA	NA
NA	NA	NA	NA	NA	NA	NA	NA	NA	NA	NA	NA	NA	NA	NA	NA
NA	NA	NA	NA	NA	NA	NA	NA	NA	NA	NA	NA	NA	NA	NA	NA
NA	NA	NA	NA	NA	NA	NA	NA	NA	NA	NA	NA	NA	NA	NA	NA
NA	NA	NA	NA	NA	NA	NA	NA	NA	NA	NA	NA	NA	NA	NA	NA
NA	NA	NA	NA	NA	NA	NA	NA	NA	NA	NA	NA	NA	NA	NA	NA
NA	NA	NA	NA	NA	NA	NA	NA	NA	NA	NA	NA	NA	NA	NA	NA
NA	NA	NA	NA	NA	NA	NA	NA	NA	NA	NA	NA	NA	NA	NA	NA
NA	NA	NA	NA	NA	NA	NA	NA	NA	NA	NA	NA	NA	NA	NA	NA
NA	NA	NA	NA	NA	NA	NA	NA	NA	NA	NA	NA	NA	NA	NA	NA
NA	NA	NA	NA	NA	NA	NA	NA	NA	NA	NA	NA	NA	NA	NA	NA
NA	NA	NA	NA	NA	NA	NA	NA	NA	NA	NA	NA	NA	NA	NA	NA
NA	NA	NA	NA	NA	NA	NA	NA	NA	NA	NA	NA	NA	NA	NA	NA
NA	NA	NA	NA	NA	NA	NA	NA	NA	NA	NA	NA	NA	NA	NA	NA
NA	NA	NA	NA	NA	NA	NA	NA	NA	NA	NA	NA	NA	NA	NA	NA
NA	NA	NA	NA	NA	NA	NA	NA	NA	NA	NA	NA	NA	NA	NA	NA
NA	NA	NA	NA	NA	NA	NA	NA	NA	NA	NA	NA	NA	NA	NA	NA
NA	NA	NA	NA	NA	NA	NA	NA	NA	NA	NA	NA	NA	NA	NA	NA
NA	NA	NA	NA	NA	NA	NA	NA	NA	NA	NA	NA	NA	NA	NA	NA
NA	NA	NA	NA	NA	NA	NA	NA	NA	NA	NA	NA	NA	NA	NA	NA
NA	NA	NA	NA	NA	NA	NA	NA	NA	NA	NA	NA	NA	NA	NA	NA
NA	NA	NA	NA	NA	NA	NA	NA	NA	NA	NA	NA	NA	NA	NA	NA
NA	NA	NA	NA	NA	NA	NA	NA	NA	NA	NA	NA	NA	NA	NA	NA
NA	NA	NA	NA	NA	NA	NA	NA	NA	NA	NA	NA	NA	NA	NA	NA
NA	NA	NA	NA	NA	NA	NA	NA	NA	NA	NA	NA	NA	NA	NA	NA
NA	NA	NA	NA	NA	NA	NA	NA	NA	NA	NA	NA	NA	NA	NA	NA
NA	NA	NA	NA	NA	NA	NA	NA	NA	NA	NA	NA	NA	NA	NA	NA
NA	NA	NA	NA	NA	NA	NA	NA	NA	NA	NA	NA	NA	NA	NA	NA
NA	NA	NA	NA	NA	NA	NA	NA	NA	NA	NA	NA	NA	NA	NA	NA
NA	NA	NA	NA	NA	NA	NA	NA	NA	NA	NA	NA	NA	NA	NA	NA
NA	NA	NA	NA	NA	NA	NA	NA	NA	NA	NA	NA	NA	NA	NA	NA
NA	NA	NA	NA	NA	NA	NA	NA	NA	NA	NA	NA	NA	NA	NA	NA
NA	NA	NA	NA	NA	NA	NA	NA	NA	NA	NA	NA	NA	NA	NA	NA
NA	NA	NA	NA	NA	NA	NA	NA	NA	NA	NA	NA	NA	NA	NA	NA
NA	NA	NA	NA	NA	NA	NA	NA	NA	NA	NA	NA	NA	NA	NA	NA
NA	NA	NA	NA	NA	NA	NA	NA	NA	NA	NA	NA	NA	NA	NA	NA
NA	NA	NA	NA	NA	NA	NA	NA	NA	NA	NA	NA	NA	NA	NA	NA
NA	NA	NA	NA	NA	NA	NA	NA	NA	NA	NA	NA	NA	NA	NA	NA
NA	NA	NA	NA	NA	NA	NA	NA	NA	NA	NA	NA	NA	NA	NA	NA
NA	NA	NA	NA	NA	NA	NA	NA	NA	NA	NA	NA	NA	NA	NA	NA
NA	NA	NA	NA	NA	NA	NA	NA	NA	NA	NA	NA	NA	NA	NA	NA
NA	NA	NA	NA	NA	NA	NA	NA	NA	NA	NA	NA	NA	NA	NA	NA
NA	NA	NA	NA	NA	NA	NA	NA	NA	NA	NA	NA	NA	NA	NA	NA
NA	NA	NA	NA	NA	NA	NA	NA	NA	NA	NA	NA	NA	NA	NA	NA
NA	NA	NA	NA	NA	NA	NA	NA	NA	NA	NA	NA	NA	NA	NA	NA
NA	NA	NA	NA	NA	NA	NA	NA	NA	NA	NA	NA	NA	NA	NA	NA
NA	NA	NA	NA	NA	NA	NA	NA	NA	NA	NA	NA	NA	NA	NA	NA
NA	NA	NA	NA	NA	NA	NA	NA	NA	NA	NA	NA	NA	NA	NA	NA
NA	NA	NA	NA	NA	NA	NA	NA	NA	NA	NA	NA	NA	NA	NA	NA
NA	NA	NA	NA	NA	NA	NA	NA	NA	NA	NA	NA	NA	NA	NA	NA
NA	NA	NA	NA	NA	NA	NA	NA	NA	NA	NA	NA	NA	NA	NA	NA
NA	NA	NA	NA	NA	NA	NA	NA	NA	NA	NA	NA	NA	NA	NA	NA
NA	NA	NA	NA	NA	NA	NA	NA	NA	NA	NA	NA	NA	NA	NA	NA
NA	NA	NA	NA	NA	NA	NA	NA	NA	NA	NA	NA	NA	NA	NA	NA
NA	NA	NA	NA	NA	NA	NA	NA	NA	NA	NA	NA	NA	NA	NA	NA
NA	NA	NA	NA	NA	NA	NA	NA	NA	NA	NA	NA	NA	NA	NA	NA
NA	NA	NA	NA	NA	NA	NA	NA	NA	NA	NA	NA	NA	NA	NA	NA
NA	NA	NA	NA	NA	NA	NA	NA	NA	NA	NA	NA	NA	NA	NA	NA
NA	NA	NA	NA	NA	NA	NA	NA	NA	NA	NA	NA	NA	NA	NA	NA
NA	NA	NA	NA	NA	NA	NA	NA	NA	NA	NA	NA	NA	NA	NA	NA
NA	NA	NA	NA	NA	NA	NA	NA	NA	NA	NA	NA	NA	NA	NA	NA
NA	NA	NA	NA	NA	NA	NA	NA	NA	NA	NA	NA	NA	NA	NA	NA
NA	NA	NA	NA	NA	NA	NA	NA	NA	NA	NA	NA	NA	NA	NA	NA
NA	NA	NA	NA	NA	NA	NA	NA	NA	NA	NA	NA	NA	NA	NA	NA
NA	NA	NA	NA	NA	NA	NA	NA	NA	NA	NA	NA	NA	NA	NA	NA
NA	NA	NA	NA	NA	NA	NA	NA	NA	NA	NA	NA	NA	NA	NA	NA
NA	NA	NA	NA	NA	NA	NA	NA	NA	NA	NA	NA	NA	NA	NA	NA
NA	NA	NA	NA	NA	NA	NA	NA	NA	NA	NA	NA	NA	NA	NA	NA
NA	NA	NA	NA	NA	NA	NA	NA	NA	NA	NA	NA	NA	NA	NA	NA
NA	NA	NA	NA	NA	NA	NA	NA	NA	NA	NA	NA	NA	NA	NA	NA
NA	NA	NA	NA	NA	NA	NA	NA	NA	NA	NA	NA	NA	NA	NA	NA
NA	NA	NA	NA	NA	NA	NA	NA	NA	NA	NA	NA	NA	NA	NA	NA
NA	NA	NA	NA	NA	NA	NA	NA	NA	NA	NA	NA	NA	NA	NA	NA
NA	NA	NA	NA	NA	NA	NA	NA	NA	NA	NA	NA	NA	NA	NA	NA
NA	NA	NA	NA	NA	NA	NA	NA	NA	NA	NA	NA	NA	NA	NA	NA
NA	NA	NA	NA	NA	NA	NA	NA	NA	NA	NA	NA	NA	NA	NA	NA
NA	NA	NA	NA	NA	NA	NA	NA	NA	NA	NA	NA	NA	NA	NA	NA
NA	NA	NA	NA	NA	NA	NA	NA	NA	NA	NA	NA	NA	NA	NA	NA
NA	NA	NA	NA	NA	NA	NA	NA	NA	NA	NA	NA	NA	NA	NA	NA
NA	NA	NA	NA	NA	NA	NA	NA	NA	NA	NA	NA	NA	NA	NA	NA
NA	NA	NA	NA	NA	NA	NA	NA	NA	NA	NA	NA	NA	NA	NA	NA
NA	NA	NA	NA	NA	NA	NA	NA	NA	NA	NA	NA	NA	NA	NA	NA
NA	NA	NA	NA	NA	NA	NA	NA	NA	NA	NA	NA	NA	NA	NA	NA
NA	NA	NA	NA	NA	NA	NA	NA	NA	NA	NA	NA	NA	NA	NA	NA
NA	NA	NA	NA	NA	NA	NA	NA	NA	NA	NA	NA	NA	NA	NA	NA
NA	NA	NA	NA	NA	NA	NA	NA	NA	NA	NA	NA	NA	NA	NA	NA
NA	NA	NA	NA	NA	NA	NA	NA	NA	NA	NA	NA	NA	NA	NA	NA
NA	NA	NA	NA	NA	NA	NA	NA	NA	NA	NA	NA	NA	NA	NA	NA
NA	NA	NA	NA	NA	NA	NA	NA	NA	NA	NA	NA	NA	NA	NA	NA
NA	NA	NA	NA	NA	NA	NA	NA	NA	NA	NA	NA	NA	NA	NA	NA
NA	NA	NA	NA	NA	NA	NA	NA	NA	NA	NA	NA	NA	NA	NA	NA
NA	NA	NA	NA	NA	NA	NA	NA	NA	NA	NA	NA	NA	NA	NA	NA
NA	NA	NA	NA	NA	NA	NA	NA	NA	NA	NA	NA	NA	NA	NA	NA
NA	NA	NA	NA	NA	NA	NA	NA	NA	NA	NA	NA	NA	NA	NA	NA
NA	NA	NA	NA	NA	NA	NA	NA	NA	NA	NA	NA	NA	NA	NA	NA
NA	NA	NA	NA	NA	NA	NA	NA	NA	NA	NA	NA	NA	NA	NA	NA
NA	NA	NA	NA	NA	NA	NA	NA	NA	NA	NA	NA	NA	NA	NA	NA
NA	NA	NA	NA	NA	NA	NA	NA	NA	NA	NA	NA	NA	NA	NA	NA
NA	NA	NA	NA	NA	NA	NA	NA	NA	NA	NA	NA	NA	NA	NA	NA
NA	NA	NA	NA	NA	NA	NA	NA	NA	NA	NA	NA	NA	NA	NA	NA
NA	NA	NA	NA	NA	NA	NA	NA	NA	NA	NA	NA	NA	NA	NA	NA
NA	NA	NA	NA	NA	NA	NA	NA	NA	NA	NA	NA	NA	NA	NA	NA
NA	NA	NA	NA	NA	NA	NA	NA	NA	NA	NA	NA	NA	NA	NA	NA
NA	NA	NA	NA	NA	NA	NA	NA	NA	NA	NA	NA	NA	NA	NA	NA
NA	NA	NA	NA	NA	NA	NA	NA	NA	NA	NA	NA	NA	NA	NA	NA
NA	NA	NA	NA	NA	NA	NA	NA	NA	NA	NA	NA	NA	NA	NA	NA
NA	NA	NA	NA	NA	NA	NA	NA	NA	NA	NA	NA	NA	NA	NA	NA
NA	NA	NA	NA	NA	NA	NA	NA	NA	NA	NA	NA	NA	NA	NA	NA
NA	NA	NA	NA	NA	NA	NA	NA	NA	NA	NA	NA	NA	NA	NA	NA
NA	NA	NA	NA	NA	NA	NA	NA	NA	NA	NA	NA	NA	NA	NA	NA
NA	NA	NA	NA	NA	NA	NA	NA	NA	NA	NA	NA	NA	NA	NA	NA
NA	NA	NA	NA	NA	NA	NA	NA	NA	NA	NA	NA	NA	NA	NA	NA
NA	NA	NA	NA	NA	NA	NA	NA	NA	NA	NA	NA	NA	NA	NA	NA
NA	NA	NA	NA	NA	NA	NA	NA	NA	NA	NA	NA	NA	NA	NA	NA
NA	NA	NA	NA	NA	NA	NA	NA	NA	NA	NA	NA	NA	NA	NA	NA
NA	NA	NA	NA	NA	NA	NA	NA	NA	NA	NA	NA	NA	NA	NA	NA
NA	NA	NA	NA	NA	NA	NA	NA	NA	NA	NA	NA	NA	NA	NA	NA
NA	NA	NA	NA	NA	NA	NA	NA	NA	NA	NA	NA	NA	NA	NA	NA
NA	NA	NA	NA	NA	NA	NA	NA	NA	NA	NA	NA	NA	NA	NA	NA
NA	NA	NA	NA	NA	NA	NA	NA	NA	NA	NA	NA	NA	NA	NA	NA
NA	NA	NA	NA	NA	NA	NA	NA	NA	NA	NA	NA	NA	NA	NA	NA
NA	NA	NA	NA	NA	NA	NA	NA	NA	NA	NA	NA	NA	NA	NA	NA
NA	NA	NA	NA	NA	NA	NA	NA	NA	NA	NA	NA	NA	NA	NA	NA
NA	NA	NA	NA	NA	NA	NA	NA	NA	NA	NA	NA	NA	NA	NA	NA
NA	NA	NA	NA	NA	NA	NA	NA	NA	NA	NA	NA	NA	NA	NA	NA
NA	NA	NA	NA	NA	NA	NA	NA	NA	NA	NA	NA	NA	NA	NA	NA
NA	NA	NA	NA	NA	NA	NA	NA	NA	NA	NA	NA	NA	NA	NA	NA
NA	NA	NA	NA	NA	NA	NA	NA	NA	NA	NA	NA	NA	NA	NA	NA
NA	NA	NA	NA	NA	NA	NA	NA	NA	NA	NA	NA	NA	NA	NA	NA
NA	NA	NA	NA	NA	NA	NA	NA	NA	NA	NA	NA	NA	NA	NA	NA
NA	NA	NA	NA	NA	NA	NA	NA	NA	NA	NA	NA	NA	NA	NA	NA
NA	NA	NA	NA	NA	NA	NA	NA	NA	NA	NA	NA	NA	NA	NA	NA
NA	NA	NA	NA	NA	NA	NA	NA	NA	NA	NA	NA	NA	NA	NA	NA
NA	NA	NA	NA	NA	NA	NA	NA	NA	NA	NA	NA	NA	NA	NA	NA
NA	NA	NA	NA	NA	NA	NA	NA	NA	NA	NA	NA	NA	NA	NA	NA
NA	NA	NA	NA	NA	NA	NA	NA	NA	NA	NA	NA	NA	NA	NA	NA
NA	NA	NA	NA	NA	NA	NA	NA	NA	NA	NA	NA	NA	NA	NA	NA
NA	NA	NA	NA	NA	NA	NA	NA	NA	NA	NA	NA	NA	NA	NA	NA
NA	NA	NA	NA	NA	NA	NA	NA	NA	NA	NA	NA	NA	NA	NA	NA
NA	NA	NA	NA	NA	NA	NA	NA	NA	NA	NA	NA	NA	NA	NA	NA
NA	NA	NA	NA	NA	NA	NA	NA	NA	NA	NA	NA	NA	NA	NA	NA
NA	NA	NA	NA	NA	NA	NA	NA	NA	NA	NA	NA	NA	NA	NA	NA
NA	NA	NA	NA	NA	NA	NA	NA	NA	NA	NA	NA	NA	NA	NA	NA
NA	NA	NA	NA	NA	NA	NA	NA	NA	NA	NA	NA	NA	NA	NA	NA
NA	NA	NA	NA	NA	NA	NA	NA	NA	NA	NA	NA	NA	NA	NA	NA
NA	NA	NA	NA	NA	NA	NA	NA	NA	NA	NA	NA	NA	NA	NA	NA
NA	NA	NA	NA	NA	NA	NA	NA	NA	NA	NA	NA	NA	NA	NA	NA
NA	NA	NA	NA	NA	NA	NA	NA	NA	NA	NA	NA	NA	NA	NA	NA
NA	NA	NA	NA	NA	NA	NA	NA	NA	NA	NA	NA	NA	NA	NA	NA
NA	NA	NA	NA	NA	NA	NA	NA	NA	NA	NA	NA	NA	NA	NA	NA
NA	NA	NA	NA	NA	NA	NA	NA	NA	NA	NA	NA	NA	NA	NA	NA
NA	NA	NA	NA	NA	NA	NA	NA	NA	NA	NA	NA	NA	NA	NA	NA
NA	NA	NA	NA	NA	NA	NA	NA	NA	NA	NA	NA	NA	NA	NA	NA
NA	NA	NA	NA	NA	NA	NA	NA	NA	NA	NA	NA	NA	NA	NA	NA
NA	NA	NA	NA	NA	NA	NA	NA	NA	NA	NA	NA	NA	NA	NA	NA
NA	NA	NA	NA	NA	NA	NA	NA	NA	NA	NA	NA	NA	NA	NA	NA
NA	NA	NA	NA	NA	NA	NA	NA	NA	NA	NA	NA	NA	NA	NA	NA
NA	NA	NA	NA	NA	NA	NA	NA	NA	NA	NA	NA	NA	NA	NA	NA
NA	NA	NA	NA	NA	NA	NA	NA	NA	NA	NA	NA	NA	NA	NA	NA
NA	NA	NA	NA	NA	NA	NA	NA	NA	NA	NA	NA	NA	NA	NA	NA
NA	NA	NA	NA	NA	NA	NA	NA	NA	NA	NA	NA	NA	NA	NA	NA
NA	NA	NA	NA	NA	NA	NA	NA	NA	NA	NA	NA	NA	NA	NA	NA
NA	NA	NA	NA	NA	NA	NA	NA	NA	NA	NA	NA	NA	NA	NA	NA
NA	NA	NA	NA	NA	NA	NA	NA	NA	NA	NA	NA	NA	NA	NA	NA
NA	NA	NA	NA	NA	NA	NA	NA	NA	NA	NA	NA	NA	NA	NA	NA
NA	NA	NA	NA	NA	NA	NA	NA	NA	NA	NA	NA	NA	NA	NA	NA
NA	NA	NA	NA	NA	NA	NA	NA	NA	NA	NA	NA	NA	NA	NA	NA
NA	NA	NA	NA	NA	NA	NA	NA	NA	NA	NA	NA	NA	NA	NA	NA
NA	NA	NA	NA	NA	NA	NA	NA	NA	NA	NA	NA	NA	NA	NA	NA
NA	NA	NA	NA	NA	NA	NA	NA	NA	NA	NA	NA	NA	NA	NA	NA
NA	NA	NA	NA	NA	NA	NA	NA	NA	NA	NA	NA	NA	NA	NA	NA
NA	NA	NA	NA	NA	NA	NA	NA	NA	NA	NA	NA	NA	NA	NA	NA
NA	NA	NA	NA	NA	NA	NA	NA	NA	NA	NA	NA	NA	NA	NA	NA
NA	NA	NA	NA	NA	NA	NA	NA	NA	NA	NA	NA	NA	NA	NA	NA
NA	NA	NA	NA	NA	NA	NA	NA	NA	NA	NA	NA	NA	NA	NA	NA
NA	NA	NA	NA	NA	NA	NA	NA	NA	NA	NA	NA	NA	NA	NA	NA
NA	NA	NA	NA	NA	NA	NA	NA	NA	NA	NA	NA	NA	NA	NA	NA
NA	NA	NA	NA	NA	NA	NA	NA	NA	NA	NA	NA	NA	NA	NA	NA
NA	NA	NA	NA	NA	NA	NA	NA	NA	NA	NA	NA	NA	NA	NA	NA
NA	NA	NA	NA	NA	NA	NA	NA	NA	NA	NA	NA	NA	NA	NA	NA
NA	NA	NA	NA	NA	NA	NA	NA	NA	NA	NA	NA	NA	NA	NA	NA
NA	NA	NA	NA	NA	NA	NA	NA	NA	NA	NA	NA	NA	NA	NA	NA
NA	NA	NA	NA	NA	NA	NA	NA	NA	NA	NA	NA	NA	NA	NA	NA
NA	NA	NA	NA	NA	NA	NA	NA	NA	NA	NA	NA	NA	NA	NA	NA
NA	NA	NA	NA	NA	NA	NA	NA	NA	NA	NA	NA	NA	NA	NA	NA
NA	NA	NA	NA	NA	NA	NA	NA	NA	NA	NA	NA	NA	NA	NA	NA
NA	NA	NA	NA	NA	NA	NA	NA	NA	NA	NA	NA	NA	NA	NA	NA
NA	NA	NA	NA	NA	NA	NA	NA	NA	NA	NA	NA	NA	NA	NA	NA
NA	NA	NA	NA	NA	NA	NA	NA	NA	NA	NA	NA	NA	NA	NA	NA
NA	NA	NA	NA	NA	NA	NA	NA	NA	NA	NA	NA	NA	NA	NA	NA
NA	NA	NA	NA	NA	NA	NA	NA	NA	NA	NA	NA	NA	NA	NA	NA
NA	NA	NA	NA	NA	NA	NA	NA	NA	NA	NA	NA	NA	NA	NA	NA
NA	NA	NA	NA	NA	NA	NA	NA	NA	NA	NA	NA	NA	NA	NA	NA
NA	NA	NA	NA	NA	NA	NA	NA	NA	NA	NA	NA	NA	NA	NA	NA
NA	NA	NA	NA	NA	NA	NA	NA	NA	NA	NA	NA	NA	NA	NA	NA
NA	NA	NA	NA	NA	NA	NA	NA	NA	NA	NA	NA	NA	NA	NA	NA
NA	NA	NA	NA	NA	NA	NA	NA	NA	NA	NA	NA	NA	NA	NA	NA
NA	NA	NA	NA	NA	NA	NA	NA	NA	NA	NA	NA	NA	NA	NA	NA
NA	NA	NA	NA	NA	NA	NA	NA	NA	NA	NA	NA	NA	NA	NA	NA
NA	NA	NA	NA	NA	NA	NA	NA	NA	NA	NA	NA	NA	NA	NA	NA
NA	NA	NA	NA	NA	NA	NA	NA	NA	NA	NA	NA	NA	NA	NA	NA
NA	NA	NA	NA	NA	NA	NA	NA	NA	NA	NA	NA	NA	NA	NA	NA
NA	NA	NA	NA	NA	NA	NA	NA	NA	NA	NA	NA	NA	NA	NA	NA
NA	NA	NA	NA	NA	NA	NA	NA	NA	NA	NA	NA	NA	NA	NA	NA
NA	NA	NA	NA	NA	NA	NA	NA	NA	NA	NA	NA	NA	NA	NA	NA
NA	NA	NA	NA	NA	NA	NA	NA	NA	NA	NA	NA	NA	NA	NA	NA
NA	NA	NA	NA	NA	NA	NA	NA	NA	NA	NA	NA	NA	NA	NA	NA
NA	NA	NA	NA	NA	NA	NA	NA	NA	NA	NA	NA	NA	NA	NA	NA
NA	NA	NA	NA	NA	NA	NA	NA	NA	NA	NA	NA	NA	NA	NA	NA
NA	NA	NA	NA	NA	NA	NA	NA	NA	NA	NA	NA	NA	NA	NA	NA
NA	NA	NA	NA	NA	NA	NA	NA	NA	NA	NA	NA	NA	NA	NA	NA
NA	NA	NA	NA	NA	NA	NA	NA	NA	NA	NA	NA	NA	NA	NA	NA
NA	NA	NA	NA	NA	NA	NA	NA	NA	NA	NA	NA	NA	NA	NA	NA
NA	NA	NA	NA	NA	NA	NA	NA	NA	NA	NA	NA	NA	NA	NA	NA
NA	NA	NA	NA	NA	NA	NA	NA	NA	NA	NA	NA	NA	NA	NA	NA
NA	NA	NA	NA	NA	NA	NA	NA	NA	NA	NA	NA	NA	NA	NA	NA
NA	NA	NA	NA	NA	NA	NA	NA	NA	NA	NA	NA	NA	NA	NA	NA
NA	NA	NA	NA	NA	NA	NA	NA	NA	NA	NA	NA	NA	NA	NA	NA
NA	NA	NA	NA	NA	NA	NA	NA	NA	NA	NA	NA	NA	NA	NA	NA
NA	NA	NA	NA	NA	NA	NA	NA	NA	NA	NA	NA	NA	NA	NA	NA
NA	NA	NA	NA	NA	NA	NA	NA	NA	NA	NA	NA	NA	NA	NA	NA
NA	NA	NA	NA	NA	NA	NA	NA	NA	NA	NA	NA	NA	NA	NA	NA
NA	NA	NA	NA	NA	NA	NA	NA	NA	NA	NA	NA	NA	NA	NA	NA
NA	NA	NA	NA	NA	NA	NA	NA	NA	NA	NA	NA	NA	NA	NA	NA
NA	NA	NA	NA	NA	NA	NA	NA	NA	NA	NA	NA	NA	NA	NA	NA
NA	NA	NA	NA	NA	NA	NA	NA	NA	NA	NA	NA	NA	NA	NA	NA
NA	NA	NA	NA	NA	NA	NA	NA	NA	NA	NA	NA	NA	NA	NA	NA
NA	NA	NA	NA	NA	NA	NA	NA	NA	NA	NA	NA	NA	NA	NA	NA
NA	NA	NA	NA	NA	NA	NA	NA	NA	NA	NA	NA	NA	NA	NA	NA
NA	NA	NA	NA	NA	NA	NA	NA	NA	NA	NA	NA	NA	NA	NA	NA
NA	NA	NA	NA	NA	NA	NA	NA	NA	NA	NA	NA	NA	NA	NA	NA
NA	NA	NA	NA	NA	NA	NA	NA	NA	NA	NA	NA	NA	NA	NA	NA
NA	NA	NA	NA	NA	NA	NA	NA	NA	NA	NA	NA	NA	NA	NA	NA
NA	NA	NA	NA	NA	NA	NA	NA	NA	NA	NA	NA	NA	NA	NA	NA
NA	NA	NA	NA	NA	NA	NA	NA	NA	NA	NA	NA	NA	NA	NA	NA
NA	NA	NA	NA	NA	NA	NA	NA	NA	NA	NA	NA	NA	NA	NA	NA
NA	NA	NA	NA	NA	NA	NA	NA	NA	NA	NA	NA	NA	NA	NA	NA
NA	NA	NA	NA	NA	NA	NA	NA	NA	NA	NA	NA	NA	NA	NA	NA
NA	NA	NA	NA	NA	NA	NA	NA	NA	NA	NA	NA	NA	NA	NA	NA
NA	NA	NA	NA	NA	NA	NA	NA	NA	NA	NA	NA	NA	NA	NA	NA
NA	NA	NA	NA	NA	NA	NA	NA	NA	NA	NA	NA	NA	NA	NA	NA
