X1	X2	X3	X4	X1.1	X2.1	X3.1	X4.1	X1.2	X2.2	X3.2	X4.2
NA	NA	NA	NA	NA	NA	NA	NA	NA	NA	NA	NA
NA	NA	NA	NA	NA	NA	NA	NA	NA	NA	NA	NA
NA	NA	NA	NA	NA	NA	NA	NA	NA	NA	NA	NA
NA	NA	NA	NA	NA	NA	NA	NA	NA	NA	NA	NA
NA	NA	NA	NA	NA	NA	NA	NA	NA	NA	NA	NA
NA	NA	NA	NA	NA	NA	NA	NA	NA	NA	NA	NA
NA	NA	NA	NA	NA	NA	NA	NA	NA	NA	NA	NA
NA	NA	NA	NA	NA	NA	NA	NA	NA	NA	NA	NA
NA	NA	NA	NA	NA	NA	NA	NA	NA	NA	NA	NA
NA	NA	NA	NA	NA	NA	NA	NA	NA	NA	NA	NA
NA	NA	NA	NA	NA	NA	NA	NA	NA	NA	NA	NA
NA	NA	NA	NA	NA	NA	NA	NA	NA	NA	NA	NA
NA	NA	NA	NA	NA	NA	NA	NA	NA	NA	NA	NA
NA	NA	NA	NA	NA	NA	NA	NA	NA	NA	NA	NA
NA	NA	NA	NA	NA	NA	NA	NA	NA	NA	NA	NA
NA	NA	NA	NA	NA	NA	NA	NA	NA	NA	NA	NA
NA	NA	NA	NA	NA	NA	NA	NA	NA	NA	NA	NA
NA	NA	NA	NA	NA	NA	NA	NA	NA	NA	NA	NA
NA	NA	NA	NA	NA	NA	NA	NA	NA	NA	NA	NA
NA	NA	NA	NA	NA	NA	NA	NA	NA	NA	NA	NA
NA	NA	NA	NA	NA	NA	NA	NA	NA	NA	NA	NA
NA	NA	NA	NA	NA	NA	NA	NA	NA	NA	NA	NA
NA	NA	NA	NA	NA	NA	NA	NA	NA	NA	NA	NA
NA	NA	NA	NA	NA	NA	NA	NA	NA	NA	NA	NA
NA	NA	NA	NA	NA	NA	NA	NA	NA	NA	NA	NA
NA	NA	NA	NA	NA	NA	NA	NA	NA	NA	NA	NA
NA	NA	NA	NA	NA	NA	NA	NA	NA	NA	NA	NA
NA	NA	NA	NA	NA	NA	NA	NA	NA	NA	NA	NA
NA	NA	NA	NA	NA	NA	NA	NA	NA	NA	NA	NA
NA	NA	NA	NA	NA	NA	NA	NA	NA	NA	NA	NA
NA	NA	NA	NA	NA	NA	NA	NA	NA	NA	NA	NA
NA	NA	NA	NA	NA	NA	NA	NA	NA	NA	NA	NA
NA	NA	NA	NA	NA	NA	NA	NA	NA	NA	NA	NA
NA	NA	NA	NA	NA	NA	NA	NA	NA	NA	NA	NA
NA	NA	NA	NA	NA	NA	NA	NA	NA	NA	NA	NA
NA	NA	NA	NA	NA	NA	NA	NA	NA	NA	NA	NA
NA	NA	NA	NA	NA	NA	NA	NA	NA	NA	NA	NA
NA	NA	NA	NA	NA	NA	NA	NA	NA	NA	NA	NA
NA	NA	NA	NA	NA	NA	NA	NA	NA	NA	NA	NA
NA	NA	NA	NA	NA	NA	NA	NA	NA	NA	NA	NA
NA	NA	NA	NA	NA	NA	NA	NA	NA	NA	NA	NA
NA	NA	NA	NA	NA	NA	NA	NA	NA	NA	NA	NA
NA	NA	NA	NA	NA	NA	NA	NA	NA	NA	NA	NA
NA	NA	NA	NA	NA	NA	NA	NA	NA	NA	NA	NA
NA	NA	NA	NA	NA	NA	NA	NA	NA	NA	NA	NA
NA	NA	NA	NA	NA	NA	NA	NA	NA	NA	NA	NA
NA	NA	NA	NA	NA	NA	NA	NA	NA	NA	NA	NA
NA	NA	NA	NA	NA	NA	NA	NA	NA	NA	NA	NA
NA	NA	NA	NA	NA	NA	NA	NA	NA	NA	NA	NA
NA	NA	NA	NA	NA	NA	NA	NA	NA	NA	NA	NA
NA	NA	NA	NA	NA	NA	NA	NA	NA	NA	NA	NA
NA	NA	NA	NA	NA	NA	NA	NA	NA	NA	NA	NA
NA	NA	NA	NA	NA	NA	NA	NA	NA	NA	NA	NA
NA	NA	NA	NA	NA	NA	NA	NA	NA	NA	NA	NA
NA	NA	NA	NA	NA	NA	NA	NA	NA	NA	NA	NA
NA	NA	NA	NA	NA	NA	NA	NA	NA	NA	NA	NA
NA	NA	NA	NA	NA	NA	NA	NA	NA	NA	NA	NA
NA	NA	NA	NA	NA	NA	NA	NA	NA	NA	NA	NA
NA	NA	NA	NA	NA	NA	NA	NA	NA	NA	NA	NA
NA	NA	NA	NA	NA	NA	NA	NA	NA	NA	NA	NA
NA	NA	NA	NA	NA	NA	NA	NA	NA	NA	NA	NA
NA	NA	NA	NA	NA	NA	NA	NA	NA	NA	NA	NA
NA	NA	NA	NA	NA	NA	NA	NA	NA	NA	NA	NA
NA	NA	NA	NA	NA	NA	NA	NA	NA	NA	NA	NA
NA	NA	NA	NA	NA	NA	NA	NA	NA	NA	NA	NA
NA	NA	NA	NA	NA	NA	NA	NA	NA	NA	NA	NA
NA	NA	NA	NA	NA	NA	NA	NA	NA	NA	NA	NA
NA	NA	NA	NA	NA	NA	NA	NA	NA	NA	NA	NA
NA	NA	NA	NA	NA	NA	NA	NA	NA	NA	NA	NA
NA	NA	NA	NA	NA	NA	NA	NA	NA	NA	NA	NA
NA	NA	NA	NA	NA	NA	NA	NA	NA	NA	NA	NA
NA	NA	NA	NA	NA	NA	NA	NA	NA	NA	NA	NA
NA	NA	NA	NA	NA	NA	NA	NA	NA	NA	NA	NA
NA	NA	NA	NA	NA	NA	NA	NA	NA	NA	NA	NA
NA	NA	NA	NA	NA	NA	NA	NA	NA	NA	NA	NA
NA	NA	NA	NA	NA	NA	NA	NA	NA	NA	NA	NA
NA	NA	NA	NA	NA	NA	NA	NA	NA	NA	NA	NA
NA	NA	NA	NA	NA	NA	NA	NA	NA	NA	NA	NA
NA	NA	NA	NA	NA	NA	NA	NA	NA	NA	NA	NA
NA	NA	NA	NA	NA	NA	NA	NA	NA	NA	NA	NA
NA	NA	NA	NA	NA	NA	NA	NA	NA	NA	NA	NA
NA	NA	NA	NA	NA	NA	NA	NA	NA	NA	NA	NA
NA	NA	NA	NA	NA	NA	NA	NA	NA	NA	NA	NA
NA	NA	NA	NA	NA	NA	NA	NA	NA	NA	NA	NA
NA	NA	NA	NA	NA	NA	NA	NA	NA	NA	NA	NA
NA	NA	NA	NA	NA	NA	NA	NA	NA	NA	NA	NA
NA	NA	NA	NA	NA	NA	NA	NA	NA	NA	NA	NA
NA	NA	NA	NA	NA	NA	NA	NA	NA	NA	NA	NA
NA	NA	NA	NA	NA	NA	NA	NA	NA	NA	NA	NA
NA	NA	NA	NA	NA	NA	NA	NA	NA	NA	NA	NA
NA	NA	NA	NA	NA	NA	NA	NA	NA	NA	NA	NA
NA	NA	NA	NA	NA	NA	NA	NA	NA	NA	NA	NA
NA	NA	NA	NA	NA	NA	NA	NA	NA	NA	NA	NA
NA	NA	NA	NA	NA	NA	NA	NA	NA	NA	NA	NA
NA	NA	NA	NA	NA	NA	NA	NA	NA	NA	NA	NA
NA	NA	NA	NA	NA	NA	NA	NA	NA	NA	NA	NA
NA	NA	NA	NA	NA	NA	NA	NA	NA	NA	NA	NA
NA	NA	NA	NA	NA	NA	NA	NA	NA	NA	NA	NA
NA	NA	NA	NA	NA	NA	NA	NA	NA	NA	NA	NA
NA	NA	NA	NA	NA	NA	NA	NA	NA	NA	NA	NA
1.9320808579684	0.218323198068574	1.504167389754	2.35999432618281	1.90265760306467	0.193406988277524	1.52357990604072	2.28173530008861	1.90265760306467	0.218323198068574	1.4562279511076	2.30027143818357
1.87551204423505	0.172485652141515	1.53744016603768	2.21358392243242	1.81613176774491	0.1532620472008	1.51573815523134	2.11652538025848	1.81613176774491	0.172485652141515	1.43996821813547	2.1178353470938
1.66460714262167	0.312927320584411	1.05126959427623	2.27794469096712	1.78352439155164	0.249071759736589	1.29534374246792	2.27170504063535	1.78352439155164	0.312927320584411	1.15212734633679	2.36502888874129
1.93805231181077	0.256640202939832	1.4350375140487	2.44106710957284	1.91872419769924	0.206113648822254	1.51474144600763	2.32270694939086	1.91872419769924	0.256640202939832	1.35516380951966	2.40766251402386
1.87694983795199	0.19212207872674	1.50039056364758	2.2535091122564	1.84247689265699	0.168449981814033	1.51231492830149	2.1726388570125	1.84247689265699	0.19212207872674	1.43041945330293	2.18784545564807
2.22616090113757	0.191547161782672	1.85072846404353	2.60159333823161	2.22189942108404	0.164333605502744	1.89980555429866	2.54399328786942	2.22189942108404	0.191547161782672	1.85775653343344	2.62231710367221
2.38439843146224	0.197733111190858	1.99684153352816	2.77195532939632	2.41980547828538	0.178895972931415	2.06916937133981	2.77044158523095	2.41980547828538	0.197733111190858	2.0458423933184	2.80608504039056
1.66674902429418	0.223312028245608	1.22905744893279	2.10444059965557	1.7927513511773	0.188193628701757	1.42389183892185	2.16161086343274	1.7927513511773	0.223312028245608	1.3754975454546	2.25896328255195
1.87763927538622	0.262136509806329	1.36385171616582	2.39142683460663	1.95156589665302	0.220549373210957	1.51928912515954	2.3838426681465	1.95156589665302	0.262136509806329	1.4667553612596	2.43586961431934
2.17141693294838	0.198681016310244	1.7820021409803	2.56083172491646	2.11437379718209	0.185033525302999	1.75170808758821	2.47703950677597	2.11437379718209	0.198681016310244	1.73249100952483	2.48023928450756
1.89044333873599	0.161438403881837	1.57402406712759	2.20686261034439	1.91682255982841	0.153232303351742	1.616487245259	2.21715787439783	1.91682255982841	0.161438403881837	1.59798358908782	2.23228431531114
1.82670203658359	0.207650394119704	1.41970726410897	2.23369680905821	1.8205615194872	0.178955072734322	1.46980957692793	2.17131346204647	1.8205615194872	0.207650394119704	1.39153300954129	2.20178196003428
2.2117730495795	0.206189254986098	1.80764210980675	2.61590398935225	2.15418148070807	0.183394103276089	1.79472903828694	2.51363392312921	2.15418148070807	0.206189254986098	1.75406545100833	2.55087757186342
2.09355403881984	0.18951992479137	1.72209498622876	2.46501309141092	1.96735565486041	0.168705014067941	1.63669382728724	2.29801748243357	1.96735565486041	0.18951992479137	1.58749287722327	2.33709503914072
2.22771802839259	0.181731870368511	1.87152356247031	2.58391249431487	2.17861129039631	0.170436978816986	1.84455481191501	2.5126677688776	2.17861129039631	0.181731870368511	1.83217495754559	2.53638409018503
2.26659308678428	0.211857254916274	1.85135286714838	2.68183330642017	2.24433562213082	0.174775692824764	1.90177526419429	2.58689598006736	2.24433562213082	0.211857254916274	1.78462367639051	2.63819753720792
1.75445347677461	0.200639366706883	1.36120031802912	2.1477066355201	1.82730531825874	0.17863855232069	1.47717375571019	2.17743688080729	1.82730531825874	0.200639366706883	1.45769289854005	2.2593926483163
1.90310334325787	0.220839918202177	1.4702571035816	2.33594958293414	1.94199523563525	0.197155068982346	1.55557130042985	2.32841917084064	1.94199523563525	0.220839918202177	1.49201908395511	2.35189290459039
1.83713457649548	0.177043420356662	1.49012947259643	2.18413968039454	1.88290437339172	0.163721026173197	1.56201116209225	2.20379758469119	1.88290437339172	0.177043420356662	1.55439279965412	2.2318166826852
1.70823656378045	0.195164054876078	1.32571501622334	2.09075811133756	1.69859340172196	0.176991981064578	1.35168911883538	2.04549768460853	1.69859340172196	0.195164054876078	1.33139994369343	2.08156922154551
1.96002822510497	0.191203084328855	1.58527017982042	2.33478627038953	1.96876233210859	0.177603121477907	1.62066021401189	2.31686445020528	1.96876233210859	0.191203084328855	1.58690544212477	2.321425986278
1.85089004378584	0.177879975794228	1.50224529122915	2.19953479634252	1.86255159959225	0.162107450870399	1.54482099588627	2.18028220329824	1.86255159959225	0.177879975794228	1.50753293350745	2.20331029977023
2.2379727100228	0.207800181263573	1.8306843547462	2.6452610652994	2.28615712960521	0.180670322422167	1.93204329765776	2.64027096155265	2.28615712960521	0.207800181263573	1.90181227353058	2.71276145536205
1.79290596149128	0.185102396358783	1.43010526462807	2.1557066583545	1.79112411149554	0.171056592185639	1.45585319081168	2.12639503217939	1.79112411149554	0.185102396358783	1.41889947113794	2.15850866530901
2.20027586084635	0.172907952844521	1.86137627327109	2.53917544842161	2.19363503127158	0.153295347812404	1.89317614955927	2.49409391298389	2.19363503127158	0.172907952844521	1.85107172588051	2.53310010292045
1.85657764868558	0.209292520090313	1.44636430930856	2.26679098806259	1.85932754758775	0.189915836370908	1.48709250830077	2.23156258687473	1.85932754758775	0.209292520090313	1.44087443075029	2.28639571824459
1.48224673896574	0.247869841227076	0.996421850160673	1.96807162777081	1.68463737245959	0.216512848081511	1.26027219021982	2.10900255469935	1.68463737245959	0.247869841227076	1.18707771285615	2.13246517646039
1.92136611891127	0.211396564915208	1.50702885167746	2.33570338614508	1.99163696012958	0.197645151313053	1.60425246355599	2.37902145670316	1.99163696012958	0.211396564915208	1.5848824072065	2.43185512425169
1.97074665787358	0.257883083686203	1.46529581384862	2.47619750189854	2.0395820890984	0.249176440946154	1.55119626484394	2.52796791335286	2.0395820890984	0.257883083686203	1.50579729816224	2.49518519760863
2.09424244403512	0.211904042671453	1.67891052039907	2.50957436767117	2.01443521119481	0.184028332816391	1.65373967887469	2.37513074351494	2.01443521119481	0.211904042671453	1.56459061027229	2.4180104234403
2.19970338073736	0.187639133638874	1.83193067880517	2.56747608266956	2.20037478216372	0.161056753811195	1.88470354469378	2.51604601963367	2.20037478216372	0.187639133638874	1.84519825942138	2.59956835257925
2.19225367186277	0.160931864540826	1.87682721736275	2.50768012636279	2.22471031655618	0.150989053549257	1.92877177159964	2.52064886151273	2.22471031655618	0.160931864540826	1.9250594076374	2.54769060001495
1.97600517597408	0.204980086059516	1.57424420729743	2.37776614465073	1.91254358807359	0.20249954944363	1.51564447116408	2.30944270498311	1.91254358807359	0.204980086059516	1.51676284692447	2.28776084283813
2.33958471761712	0.178174553234058	1.99036259327837	2.68880684195587	2.33866699746675	0.168830325115579	2.00775956024021	2.66957443469328	2.33866699746675	0.178174553234058	1.99675552977983	2.67906844723066
1.80220294883274	0.244297384348468	1.32338007550975	2.28102582215574	1.83143616848696	0.199160483973896	1.44108161989813	2.2217907170758	1.83143616848696	0.244297384348468	1.3732218542822	2.29892486998762
1.8512469118107	0.24030572830942	1.38024768432424	2.32224613929717	1.89633837037053	0.207359627513801	1.48991350044348	2.30276324029758	1.89633837037053	0.24030572830942	1.43839414587689	2.36267271781335
2.25168988372185	0.210310314169486	1.83948166794965	2.66389809949404	2.27870836175792	0.195409189718255	1.89570634991014	2.6617103736057	2.27870836175792	0.210310314169486	1.82622878744481	2.65740905143364
2.10167697517267	0.241577670118455	1.6281847417405	2.57516920860484	2.1810617617699	0.215584856492933	1.75851544304375	2.60360808049605	2.1810617617699	0.241577670118455	1.71188925434003	2.64999107941896
2.14745574419056	0.184003693420479	1.78680850508642	2.5081029832947	2.13131763768996	0.182825900871056	1.77297887198269	2.48965640339723	2.13131763768996	0.184003693420479	1.72288685867442	2.45919183035741
2.15842228622945	0.211575322200983	1.74373465471553	2.57310991774338	2.11914856807665	0.169497103484006	1.78693424524799	2.4513628909053	2.11914856807665	0.211575322200983	1.63416715502637	2.47490963436475
2.1848841723157	0.196670917617356	1.79940917378568	2.57035917084572	2.15243489851241	0.194343246201285	1.77152213595789	2.53334766106692	2.15243489851241	0.196670917617356	1.76995346789315	2.53716202147859
2.10893673771499	0.287335978306089	1.54575822023506	2.67211525519493	2.06389943011735	0.241093473824766	1.59135622142081	2.53644263881389	2.06389943011735	0.287335978306089	1.60045012246401	2.73362415210249
2.17453733510977	0.209317678965745	1.76427468433691	2.58479998588263	2.09367479051675	0.186096556586546	1.72892553960711	2.45842404142638	2.09367479051675	0.209317678965745	1.67037292541829	2.48202520720867
1.9047716383306	0.242552985361243	1.42936778702257	2.38017548963864	1.9622868604667	0.219165412749825	1.53272265147704	2.39185106945635	1.9622868604667	0.242552985361243	1.5305844527845	2.48668254347856
1.65578253876865	0.219948916257086	1.22468266290476	2.08688241463254	1.6697883877439	0.207270304742599	1.26353859044841	2.07603818503939	1.6697883877439	0.219948916257086	1.25307659858589	2.11318990225304
1.81156414023711	0.333803265461503	1.15730973993257	2.46581854054166	1.72528900458457	0.283838795612601	1.16896496518387	2.28161304398527	1.72528900458457	0.333803265461503	0.976229175134888	2.31676541227152
1.85402966059414	0.228029639497644	1.40709156717876	2.30096775400952	1.79248145930255	0.223589910827672	1.35424523408032	2.23071768452479	1.79248145930255	0.228029639497644	1.39005390397933	2.26357857142544
1.80416044313191	0.221019046750231	1.37096311150146	2.23735777476236	1.87154251452675	0.210038188656248	1.4598676647605	2.28321736429299	1.87154251452675	0.221019046750231	1.49527028222304	2.34839930253568
2.02174348123829	0.160351839088066	1.70745387662568	2.3360330858509	2.04486852183622	0.150217958549553	1.75044132307909	2.33929572059334	2.04486852183622	0.160351839088066	1.72461966729979	2.37423614381735
2.25365627696056	0.15139913016851	1.95691398183028	2.55039857209084	2.27089746234028	0.142331145016936	1.99192841810709	2.54986650657348	2.27089746234028	0.15139913016851	1.99312020524474	2.56259164308113
1.93092145171588	0.308138752887519	1.32696949605635	2.53487340737542	1.7594156830218	0.237034136944919	1.29482877460976	2.22400259143384	1.7594156830218	0.308138752887519	1.21951537342629	2.48611354464716
1.75441912331128	0.194967568094959	1.37228268984516	2.1365555567774	1.6946022358111	0.18325536556938	1.33542171929512	2.05378275232709	1.6946022358111	0.194967568094959	1.27857984827721	2.05724253669967
1.7589111397409	0.236798961624599	1.29478517495669	2.22303710452512	1.8436981756556	0.215297651439595	1.421714778834	2.26568157247721	1.8436981756556	0.236798961624599	1.37373289169806	2.28688409545646
2.15976557690013	0.18933758889979	1.78866390265654	2.53086725114371	2.18728538218676	0.183170414102216	1.82827137054642	2.5462993938271	2.18728538218676	0.18933758889979	1.85035498382389	2.56916283418326
2.07908612642408	0.191844858800332	1.70307020317542	2.45510204967273	2.04715095081134	0.171769176734595	1.71048336441153	2.38381853721114	2.04715095081134	0.191844858800332	1.67744150302644	2.40775702490385
1.76441978884315	0.279585285275858	1.21643262970247	2.31240694798383	1.74486212715045	0.236395349629279	1.28152724187706	2.20819701242384	1.74486212715045	0.279585285275858	1.19527739142054	2.31900656039938
2.02796232301243	0.191742481975224	1.65214705834099	2.40377758768387	2.07562310450458	0.172513343434658	1.73749695137265	2.41374925763651	2.07562310450458	0.191742481975224	1.74106412877026	2.50589541543181
2.25781636819905	0.184651710046934	1.89589901650706	2.61973371989104	2.19848840684149	0.174973370917162	1.85554059984385	2.54143621383913	2.19848840684149	0.184651710046934	1.83528833358215	2.54922825175646
1.86098708598786	0.205251185484202	1.45869476243882	2.26327940953689	1.88205651039678	0.189193227421517	1.51123778465061	2.25287523614296	1.88205651039678	0.205251185484202	1.48580676460384	2.28500289318799
2.31621964883048	0.189797039276398	1.94421745184874	2.68822184581222	2.25971524398144	0.167219423956334	1.93196517302702	2.58746531493585	2.25971524398144	0.189797039276398	1.91094641089009	2.61986375711042
1.9285218023658	0.218936558961788	1.49940614680069	2.3576374579309	1.92415967303504	0.199507750300658	1.53312448244575	2.31519486362433	1.92415967303504	0.218936558961788	1.4737237719536	2.33423538469253
1.98241359130921	0.19452181219434	1.60115083940831	2.36367634321012	2.00331060341531	0.176384851126355	1.65759629520765	2.34902491162296	2.00331060341531	0.19452181219434	1.6445181190742	2.40363202074504
2.18293250554356	0.229612702130195	1.73289160936838	2.63297340171875	2.19256246047172	0.203375340515012	1.7939467930623	2.59117812788115	2.19256246047172	0.229612702130195	1.74611533771714	2.67991453116671
1.79104673607029	0.257195612662822	1.28694333525116	2.29515013688942	1.87135384224067	0.224620144322969	1.43109835936765	2.31160932511369	1.87135384224067	0.257195612662822	1.4225596481263	2.37156919641659
2.10190422193353	0.189784332899264	1.72992692945098	2.47388151441609	2.03195908110749	0.164064550827264	1.71039256148605	2.35352560072892	2.03195908110749	0.189784332899264	1.67163140505325	2.42371214476017
1.95408512285525	0.193344483634437	1.57512993493175	2.33304031077874	1.94738868530347	0.185138055362597	1.58451809679277	2.31025927381416	1.94738868530347	0.193344483634437	1.57799763127851	2.33526920620798
1.90044840087733	0.189569940675617	1.52889131715312	2.27200548460153	1.88683743422113	0.17161026270398	1.55048131932133	2.22319354912093	1.88683743422113	0.189569940675617	1.54410874799124	2.28665467476928
2.19466301745658	0.221267724920031	1.76097827661332	2.62834775829984	2.17683627000747	0.201674800846028	1.78155366034925	2.57211887966569	2.17683627000747	0.221267724920031	1.72416643125432	2.586021264765
1.92531088572662	0.253294177488958	1.42885429784826	2.42176747360498	1.97367655499634	0.211187396590067	1.55974925767981	2.38760385231287	1.97367655499634	0.253294177488958	1.52261387832947	2.44425967726319
1.90998397690589	0.160371908344365	1.59565503655094	2.22431291726085	1.92183300090752	0.158317962891651	1.61152979363989	2.23213620817516	1.92183300090752	0.160371908344365	1.60557937945173	2.22916103421177
1.89914067938937	0.202880454492308	1.50149498858444	2.29678637019429	1.99363952372321	0.168904531607018	1.66258664177346	2.32469240567297	1.99363952372321	0.202880454492308	1.59831707990316	2.42764760827026
1.96958910755295	0.26667980492096	1.44689668990787	2.49228152519804	1.92374323550484	0.233783930550524	1.46552673162582	2.38195973938387	1.92374323550484	0.26667980492096	1.28440220597846	2.34697475267536
1.93338516512909	0.176695943768881	1.58706111534208	2.2797092149161	1.91152661046676	0.165902653577281	1.5863574094553	2.23669581147823	1.91152661046676	0.176695943768881	1.56072716197276	2.24677327845001
2.10173837938461	0.207611670029583	1.69481950612662	2.50865725264259	2.07749589539147	0.196895050142976	1.69158159711123	2.4634101936717	2.07749589539147	0.207611670029583	1.61354053934425	2.47017546216644
1.84761383898071	0.244013362868955	1.36934764775756	2.32588003020386	1.97558113204463	0.201181446197598	1.58126549749734	2.36989676659192	1.97558113204463	0.244013362868955	1.54309790592319	2.46141209313311
1.81062777118251	0.193094454459143	1.43216264044259	2.18909290192243	1.8133984613505	0.174963369048056	1.47047025801632	2.15632666468469	1.8133984613505	0.193094454459143	1.42062063436534	2.17281410359594
1.71069605984341	0.279693218300871	1.1624973519737	2.25889476771311	1.66954223755485	0.24346136392559	1.19235796426069	2.146726510849	1.66954223755485	0.279693218300871	1.09210955810898	2.21435890697982
2.24509898382653	0.232852895369435	1.78870730890244	2.70149065875063	2.2137160873557	0.214471435969706	1.79335207285508	2.63408010185633	2.2137160873557	0.232852895369435	1.76817467024489	2.66387233857767
1.98820194552334	0.279459642429529	1.44046104636146	2.53594284468521	2.05230173344028	0.224579734622028	1.6121254535811	2.49247801329945	2.05230173344028	0.279459642429529	1.587687261061	2.70048821384125
2.16540856081427	0.189637241154696	1.79371956815107	2.53709755347747	2.18654876064358	0.177185426210849	1.83926532527032	2.53383219601685	2.18654876064358	0.189637241154696	1.83036320738481	2.55237200033349
1.72872956492534	0.206945667883838	1.32311605587302	2.13434307397767	1.77168571201521	0.193281284125022	1.39285439513016	2.15051702890025	1.77168571201521	0.206945667883838	1.3430715813997	2.14616823978861
2.05687256214488	0.210987481863409	1.6433370976926	2.47040802659716	2.10124444355732	0.201400168923632	1.706500112467	2.49598877464764	2.10124444355732	0.210987481863409	1.73578081543566	2.55374565779213
1.85795331839059	0.187149935514803	1.49113944478158	2.2247671919996	1.85208251271	0.182713261953876	1.4939645192804	2.2102005061396	1.85208251271	0.187149935514803	1.47125751714474	2.21360002642629
2.00099968053226	0.192609199354699	1.62348564979705	2.37851371126747	1.95628168656757	0.189827278572972	1.58422022056455	2.3283431525706	1.95628168656757	0.192609199354699	1.56813435739972	2.3437363623749
1.92482430568499	0.176504154628127	1.57887616261386	2.27077244875612	1.93154952425095	0.172459831942912	1.59352825364284	2.26957079485905	1.93154952425095	0.176504154628127	1.56898145968581	2.26232591988607
1.84445260746656	0.20948492595936	1.43386215258621	2.2550430623469	1.91009988917518	0.180415463303306	1.5564855811007	2.26371419724966	1.91009988917518	0.20948492595936	1.4513725435803	2.29393831452714
2.11343754555269	0.205061852076623	1.71151631548251	2.51535877562287	2.1333119515632	0.187845703492224	1.76513437271844	2.50148953040796	2.1333119515632	0.205061852076623	1.7150081646903	2.52846341409695
1.94885982301693	0.24265132775841	1.47326322061044	2.42445642542341	1.97979852350987	0.209397909328794	1.56937862122544	2.39021842579431	1.97979852350987	0.24265132775841	1.51781820162629	2.46274056346545
2.10173703613871	0.161637850103218	1.78492684993641	2.41854722234102	2.09955769873195	0.150536519904323	1.80450611971948	2.39460927774443	2.09955769873195	0.161637850103218	1.78762652820164	2.44064749773342
2.0824746524361	0.200310094388426	1.68986686743478	2.47508243743741	2.05092790845015	0.18149401277683	1.69519964340756	2.40665617349274	2.05092790845015	0.200310094388426	1.66287688321973	2.43794736630263
1.92395830108288	0.20167108407411	1.52868297629762	2.31923362586813	1.95013008827888	0.174597454599409	1.60791907726404	2.29234109929372	1.95013008827888	0.20167108407411	1.5514775170081	2.33291646731066
1.99459947119464	0.194481344569473	1.61341603583847	2.37578290655081	2.00552047236606	0.173351000778067	1.66575251084104	2.34528843389107	2.00552047236606	0.194481344569473	1.67095869454917	2.43388004479266
1.90107673565967	0.190613636796996	1.52747400753756	2.27467946378178	1.94376012699755	0.162198426954223	1.62585121016728	2.26166904382783	1.94376012699755	0.190613636796996	1.612529462671	2.35973021368178
1.88691320590228	0.288216476633525	1.32200891170057	2.45181750010399	1.92962652641386	0.236709494874908	1.46567591645904	2.39357713636868	1.92962652641386	0.288216476633525	1.30742823955771	2.47325045442889
2.04028086096115	0.243956384131285	1.56212634806383	2.51843537385846	2.11439182738421	0.205376241173672	1.71185439468381	2.51692926008461	2.11439182738421	0.243956384131285	1.67531389233909	2.64034518167779
2.13458557792758	0.210934103757645	1.72115473456259	2.54801642129256	2.12496722100853	0.189847499489601	1.75286612200891	2.49706832000815	2.12496722100853	0.210934103757645	1.71878547946204	2.54374087776639
1.88707637360686	0.195573038346029	1.50375321844864	2.27039952876507	1.83656170459772	0.180946419154791	1.48190672305433	2.19121668614111	1.83656170459772	0.195573038346029	1.43536564841285	2.20103230014859
2.21172585566513	0.205829512017588	1.80830001211066	2.6151516992196	2.22488712335049	0.19560902218132	1.84149343987511	2.60828080682588	2.22488712335049	0.205829512017588	1.78540228610815	2.59489934125964
1.85629477390267	0.228890904493203	1.40766860109599	2.30492094670935	1.92182468903993	0.214748055023318	1.50091850119423	2.34273087688563	1.92182468903993	0.228890904493203	1.49575995917172	2.36797347569885
2.0873614277384	0.167149772444653	1.75974787374688	2.41497498172992	2.07273150292803	0.162244444108095	1.75473239247616	2.39073061337989	2.07273150292803	0.167149772444653	1.72676522254913	2.40264502811991
NA	NA	NA	NA	NA	NA	NA	NA	NA	NA	NA	NA
NA	NA	NA	NA	NA	NA	NA	NA	NA	NA	NA	NA
NA	NA	NA	NA	NA	NA	NA	NA	NA	NA	NA	NA
NA	NA	NA	NA	NA	NA	NA	NA	NA	NA	NA	NA
NA	NA	NA	NA	NA	NA	NA	NA	NA	NA	NA	NA
NA	NA	NA	NA	NA	NA	NA	NA	NA	NA	NA	NA
NA	NA	NA	NA	NA	NA	NA	NA	NA	NA	NA	NA
NA	NA	NA	NA	NA	NA	NA	NA	NA	NA	NA	NA
NA	NA	NA	NA	NA	NA	NA	NA	NA	NA	NA	NA
NA	NA	NA	NA	NA	NA	NA	NA	NA	NA	NA	NA
NA	NA	NA	NA	NA	NA	NA	NA	NA	NA	NA	NA
NA	NA	NA	NA	NA	NA	NA	NA	NA	NA	NA	NA
NA	NA	NA	NA	NA	NA	NA	NA	NA	NA	NA	NA
NA	NA	NA	NA	NA	NA	NA	NA	NA	NA	NA	NA
NA	NA	NA	NA	NA	NA	NA	NA	NA	NA	NA	NA
NA	NA	NA	NA	NA	NA	NA	NA	NA	NA	NA	NA
NA	NA	NA	NA	NA	NA	NA	NA	NA	NA	NA	NA
NA	NA	NA	NA	NA	NA	NA	NA	NA	NA	NA	NA
NA	NA	NA	NA	NA	NA	NA	NA	NA	NA	NA	NA
NA	NA	NA	NA	NA	NA	NA	NA	NA	NA	NA	NA
NA	NA	NA	NA	NA	NA	NA	NA	NA	NA	NA	NA
NA	NA	NA	NA	NA	NA	NA	NA	NA	NA	NA	NA
NA	NA	NA	NA	NA	NA	NA	NA	NA	NA	NA	NA
NA	NA	NA	NA	NA	NA	NA	NA	NA	NA	NA	NA
NA	NA	NA	NA	NA	NA	NA	NA	NA	NA	NA	NA
NA	NA	NA	NA	NA	NA	NA	NA	NA	NA	NA	NA
NA	NA	NA	NA	NA	NA	NA	NA	NA	NA	NA	NA
NA	NA	NA	NA	NA	NA	NA	NA	NA	NA	NA	NA
NA	NA	NA	NA	NA	NA	NA	NA	NA	NA	NA	NA
NA	NA	NA	NA	NA	NA	NA	NA	NA	NA	NA	NA
NA	NA	NA	NA	NA	NA	NA	NA	NA	NA	NA	NA
NA	NA	NA	NA	NA	NA	NA	NA	NA	NA	NA	NA
NA	NA	NA	NA	NA	NA	NA	NA	NA	NA	NA	NA
NA	NA	NA	NA	NA	NA	NA	NA	NA	NA	NA	NA
NA	NA	NA	NA	NA	NA	NA	NA	NA	NA	NA	NA
NA	NA	NA	NA	NA	NA	NA	NA	NA	NA	NA	NA
NA	NA	NA	NA	NA	NA	NA	NA	NA	NA	NA	NA
NA	NA	NA	NA	NA	NA	NA	NA	NA	NA	NA	NA
NA	NA	NA	NA	NA	NA	NA	NA	NA	NA	NA	NA
NA	NA	NA	NA	NA	NA	NA	NA	NA	NA	NA	NA
NA	NA	NA	NA	NA	NA	NA	NA	NA	NA	NA	NA
NA	NA	NA	NA	NA	NA	NA	NA	NA	NA	NA	NA
NA	NA	NA	NA	NA	NA	NA	NA	NA	NA	NA	NA
NA	NA	NA	NA	NA	NA	NA	NA	NA	NA	NA	NA
NA	NA	NA	NA	NA	NA	NA	NA	NA	NA	NA	NA
NA	NA	NA	NA	NA	NA	NA	NA	NA	NA	NA	NA
NA	NA	NA	NA	NA	NA	NA	NA	NA	NA	NA	NA
NA	NA	NA	NA	NA	NA	NA	NA	NA	NA	NA	NA
NA	NA	NA	NA	NA	NA	NA	NA	NA	NA	NA	NA
NA	NA	NA	NA	NA	NA	NA	NA	NA	NA	NA	NA
NA	NA	NA	NA	NA	NA	NA	NA	NA	NA	NA	NA
NA	NA	NA	NA	NA	NA	NA	NA	NA	NA	NA	NA
NA	NA	NA	NA	NA	NA	NA	NA	NA	NA	NA	NA
NA	NA	NA	NA	NA	NA	NA	NA	NA	NA	NA	NA
NA	NA	NA	NA	NA	NA	NA	NA	NA	NA	NA	NA
NA	NA	NA	NA	NA	NA	NA	NA	NA	NA	NA	NA
NA	NA	NA	NA	NA	NA	NA	NA	NA	NA	NA	NA
NA	NA	NA	NA	NA	NA	NA	NA	NA	NA	NA	NA
NA	NA	NA	NA	NA	NA	NA	NA	NA	NA	NA	NA
NA	NA	NA	NA	NA	NA	NA	NA	NA	NA	NA	NA
NA	NA	NA	NA	NA	NA	NA	NA	NA	NA	NA	NA
NA	NA	NA	NA	NA	NA	NA	NA	NA	NA	NA	NA
NA	NA	NA	NA	NA	NA	NA	NA	NA	NA	NA	NA
NA	NA	NA	NA	NA	NA	NA	NA	NA	NA	NA	NA
NA	NA	NA	NA	NA	NA	NA	NA	NA	NA	NA	NA
NA	NA	NA	NA	NA	NA	NA	NA	NA	NA	NA	NA
NA	NA	NA	NA	NA	NA	NA	NA	NA	NA	NA	NA
NA	NA	NA	NA	NA	NA	NA	NA	NA	NA	NA	NA
NA	NA	NA	NA	NA	NA	NA	NA	NA	NA	NA	NA
NA	NA	NA	NA	NA	NA	NA	NA	NA	NA	NA	NA
NA	NA	NA	NA	NA	NA	NA	NA	NA	NA	NA	NA
NA	NA	NA	NA	NA	NA	NA	NA	NA	NA	NA	NA
NA	NA	NA	NA	NA	NA	NA	NA	NA	NA	NA	NA
NA	NA	NA	NA	NA	NA	NA	NA	NA	NA	NA	NA
NA	NA	NA	NA	NA	NA	NA	NA	NA	NA	NA	NA
NA	NA	NA	NA	NA	NA	NA	NA	NA	NA	NA	NA
NA	NA	NA	NA	NA	NA	NA	NA	NA	NA	NA	NA
NA	NA	NA	NA	NA	NA	NA	NA	NA	NA	NA	NA
NA	NA	NA	NA	NA	NA	NA	NA	NA	NA	NA	NA
NA	NA	NA	NA	NA	NA	NA	NA	NA	NA	NA	NA
NA	NA	NA	NA	NA	NA	NA	NA	NA	NA	NA	NA
NA	NA	NA	NA	NA	NA	NA	NA	NA	NA	NA	NA
NA	NA	NA	NA	NA	NA	NA	NA	NA	NA	NA	NA
NA	NA	NA	NA	NA	NA	NA	NA	NA	NA	NA	NA
NA	NA	NA	NA	NA	NA	NA	NA	NA	NA	NA	NA
NA	NA	NA	NA	NA	NA	NA	NA	NA	NA	NA	NA
NA	NA	NA	NA	NA	NA	NA	NA	NA	NA	NA	NA
NA	NA	NA	NA	NA	NA	NA	NA	NA	NA	NA	NA
NA	NA	NA	NA	NA	NA	NA	NA	NA	NA	NA	NA
NA	NA	NA	NA	NA	NA	NA	NA	NA	NA	NA	NA
NA	NA	NA	NA	NA	NA	NA	NA	NA	NA	NA	NA
NA	NA	NA	NA	NA	NA	NA	NA	NA	NA	NA	NA
NA	NA	NA	NA	NA	NA	NA	NA	NA	NA	NA	NA
NA	NA	NA	NA	NA	NA	NA	NA	NA	NA	NA	NA
NA	NA	NA	NA	NA	NA	NA	NA	NA	NA	NA	NA
NA	NA	NA	NA	NA	NA	NA	NA	NA	NA	NA	NA
NA	NA	NA	NA	NA	NA	NA	NA	NA	NA	NA	NA
NA	NA	NA	NA	NA	NA	NA	NA	NA	NA	NA	NA
NA	NA	NA	NA	NA	NA	NA	NA	NA	NA	NA	NA
NA	NA	NA	NA	NA	NA	NA	NA	NA	NA	NA	NA
NA	NA	NA	NA	NA	NA	NA	NA	NA	NA	NA	NA
NA	NA	NA	NA	NA	NA	NA	NA	NA	NA	NA	NA
NA	NA	NA	NA	NA	NA	NA	NA	NA	NA	NA	NA
NA	NA	NA	NA	NA	NA	NA	NA	NA	NA	NA	NA
NA	NA	NA	NA	NA	NA	NA	NA	NA	NA	NA	NA
NA	NA	NA	NA	NA	NA	NA	NA	NA	NA	NA	NA
NA	NA	NA	NA	NA	NA	NA	NA	NA	NA	NA	NA
NA	NA	NA	NA	NA	NA	NA	NA	NA	NA	NA	NA
NA	NA	NA	NA	NA	NA	NA	NA	NA	NA	NA	NA
NA	NA	NA	NA	NA	NA	NA	NA	NA	NA	NA	NA
NA	NA	NA	NA	NA	NA	NA	NA	NA	NA	NA	NA
NA	NA	NA	NA	NA	NA	NA	NA	NA	NA	NA	NA
NA	NA	NA	NA	NA	NA	NA	NA	NA	NA	NA	NA
NA	NA	NA	NA	NA	NA	NA	NA	NA	NA	NA	NA
NA	NA	NA	NA	NA	NA	NA	NA	NA	NA	NA	NA
NA	NA	NA	NA	NA	NA	NA	NA	NA	NA	NA	NA
NA	NA	NA	NA	NA	NA	NA	NA	NA	NA	NA	NA
NA	NA	NA	NA	NA	NA	NA	NA	NA	NA	NA	NA
NA	NA	NA	NA	NA	NA	NA	NA	NA	NA	NA	NA
NA	NA	NA	NA	NA	NA	NA	NA	NA	NA	NA	NA
NA	NA	NA	NA	NA	NA	NA	NA	NA	NA	NA	NA
NA	NA	NA	NA	NA	NA	NA	NA	NA	NA	NA	NA
NA	NA	NA	NA	NA	NA	NA	NA	NA	NA	NA	NA
NA	NA	NA	NA	NA	NA	NA	NA	NA	NA	NA	NA
NA	NA	NA	NA	NA	NA	NA	NA	NA	NA	NA	NA
NA	NA	NA	NA	NA	NA	NA	NA	NA	NA	NA	NA
NA	NA	NA	NA	NA	NA	NA	NA	NA	NA	NA	NA
NA	NA	NA	NA	NA	NA	NA	NA	NA	NA	NA	NA
NA	NA	NA	NA	NA	NA	NA	NA	NA	NA	NA	NA
NA	NA	NA	NA	NA	NA	NA	NA	NA	NA	NA	NA
NA	NA	NA	NA	NA	NA	NA	NA	NA	NA	NA	NA
NA	NA	NA	NA	NA	NA	NA	NA	NA	NA	NA	NA
NA	NA	NA	NA	NA	NA	NA	NA	NA	NA	NA	NA
NA	NA	NA	NA	NA	NA	NA	NA	NA	NA	NA	NA
NA	NA	NA	NA	NA	NA	NA	NA	NA	NA	NA	NA
NA	NA	NA	NA	NA	NA	NA	NA	NA	NA	NA	NA
NA	NA	NA	NA	NA	NA	NA	NA	NA	NA	NA	NA
NA	NA	NA	NA	NA	NA	NA	NA	NA	NA	NA	NA
NA	NA	NA	NA	NA	NA	NA	NA	NA	NA	NA	NA
NA	NA	NA	NA	NA	NA	NA	NA	NA	NA	NA	NA
NA	NA	NA	NA	NA	NA	NA	NA	NA	NA	NA	NA
NA	NA	NA	NA	NA	NA	NA	NA	NA	NA	NA	NA
NA	NA	NA	NA	NA	NA	NA	NA	NA	NA	NA	NA
NA	NA	NA	NA	NA	NA	NA	NA	NA	NA	NA	NA
NA	NA	NA	NA	NA	NA	NA	NA	NA	NA	NA	NA
NA	NA	NA	NA	NA	NA	NA	NA	NA	NA	NA	NA
NA	NA	NA	NA	NA	NA	NA	NA	NA	NA	NA	NA
NA	NA	NA	NA	NA	NA	NA	NA	NA	NA	NA	NA
NA	NA	NA	NA	NA	NA	NA	NA	NA	NA	NA	NA
NA	NA	NA	NA	NA	NA	NA	NA	NA	NA	NA	NA
NA	NA	NA	NA	NA	NA	NA	NA	NA	NA	NA	NA
NA	NA	NA	NA	NA	NA	NA	NA	NA	NA	NA	NA
NA	NA	NA	NA	NA	NA	NA	NA	NA	NA	NA	NA
NA	NA	NA	NA	NA	NA	NA	NA	NA	NA	NA	NA
NA	NA	NA	NA	NA	NA	NA	NA	NA	NA	NA	NA
NA	NA	NA	NA	NA	NA	NA	NA	NA	NA	NA	NA
NA	NA	NA	NA	NA	NA	NA	NA	NA	NA	NA	NA
NA	NA	NA	NA	NA	NA	NA	NA	NA	NA	NA	NA
NA	NA	NA	NA	NA	NA	NA	NA	NA	NA	NA	NA
NA	NA	NA	NA	NA	NA	NA	NA	NA	NA	NA	NA
NA	NA	NA	NA	NA	NA	NA	NA	NA	NA	NA	NA
NA	NA	NA	NA	NA	NA	NA	NA	NA	NA	NA	NA
NA	NA	NA	NA	NA	NA	NA	NA	NA	NA	NA	NA
NA	NA	NA	NA	NA	NA	NA	NA	NA	NA	NA	NA
NA	NA	NA	NA	NA	NA	NA	NA	NA	NA	NA	NA
NA	NA	NA	NA	NA	NA	NA	NA	NA	NA	NA	NA
NA	NA	NA	NA	NA	NA	NA	NA	NA	NA	NA	NA
NA	NA	NA	NA	NA	NA	NA	NA	NA	NA	NA	NA
NA	NA	NA	NA	NA	NA	NA	NA	NA	NA	NA	NA
NA	NA	NA	NA	NA	NA	NA	NA	NA	NA	NA	NA
NA	NA	NA	NA	NA	NA	NA	NA	NA	NA	NA	NA
NA	NA	NA	NA	NA	NA	NA	NA	NA	NA	NA	NA
NA	NA	NA	NA	NA	NA	NA	NA	NA	NA	NA	NA
NA	NA	NA	NA	NA	NA	NA	NA	NA	NA	NA	NA
NA	NA	NA	NA	NA	NA	NA	NA	NA	NA	NA	NA
NA	NA	NA	NA	NA	NA	NA	NA	NA	NA	NA	NA
NA	NA	NA	NA	NA	NA	NA	NA	NA	NA	NA	NA
NA	NA	NA	NA	NA	NA	NA	NA	NA	NA	NA	NA
NA	NA	NA	NA	NA	NA	NA	NA	NA	NA	NA	NA
NA	NA	NA	NA	NA	NA	NA	NA	NA	NA	NA	NA
NA	NA	NA	NA	NA	NA	NA	NA	NA	NA	NA	NA
NA	NA	NA	NA	NA	NA	NA	NA	NA	NA	NA	NA
NA	NA	NA	NA	NA	NA	NA	NA	NA	NA	NA	NA
NA	NA	NA	NA	NA	NA	NA	NA	NA	NA	NA	NA
NA	NA	NA	NA	NA	NA	NA	NA	NA	NA	NA	NA
NA	NA	NA	NA	NA	NA	NA	NA	NA	NA	NA	NA
NA	NA	NA	NA	NA	NA	NA	NA	NA	NA	NA	NA
NA	NA	NA	NA	NA	NA	NA	NA	NA	NA	NA	NA
NA	NA	NA	NA	NA	NA	NA	NA	NA	NA	NA	NA
NA	NA	NA	NA	NA	NA	NA	NA	NA	NA	NA	NA
NA	NA	NA	NA	NA	NA	NA	NA	NA	NA	NA	NA
NA	NA	NA	NA	NA	NA	NA	NA	NA	NA	NA	NA
NA	NA	NA	NA	NA	NA	NA	NA	NA	NA	NA	NA
NA	NA	NA	NA	NA	NA	NA	NA	NA	NA	NA	NA
NA	NA	NA	NA	NA	NA	NA	NA	NA	NA	NA	NA
NA	NA	NA	NA	NA	NA	NA	NA	NA	NA	NA	NA
NA	NA	NA	NA	NA	NA	NA	NA	NA	NA	NA	NA
NA	NA	NA	NA	NA	NA	NA	NA	NA	NA	NA	NA
NA	NA	NA	NA	NA	NA	NA	NA	NA	NA	NA	NA
NA	NA	NA	NA	NA	NA	NA	NA	NA	NA	NA	NA
NA	NA	NA	NA	NA	NA	NA	NA	NA	NA	NA	NA
NA	NA	NA	NA	NA	NA	NA	NA	NA	NA	NA	NA
NA	NA	NA	NA	NA	NA	NA	NA	NA	NA	NA	NA
NA	NA	NA	NA	NA	NA	NA	NA	NA	NA	NA	NA
NA	NA	NA	NA	NA	NA	NA	NA	NA	NA	NA	NA
NA	NA	NA	NA	NA	NA	NA	NA	NA	NA	NA	NA
NA	NA	NA	NA	NA	NA	NA	NA	NA	NA	NA	NA
NA	NA	NA	NA	NA	NA	NA	NA	NA	NA	NA	NA
NA	NA	NA	NA	NA	NA	NA	NA	NA	NA	NA	NA
NA	NA	NA	NA	NA	NA	NA	NA	NA	NA	NA	NA
NA	NA	NA	NA	NA	NA	NA	NA	NA	NA	NA	NA
NA	NA	NA	NA	NA	NA	NA	NA	NA	NA	NA	NA
NA	NA	NA	NA	NA	NA	NA	NA	NA	NA	NA	NA
NA	NA	NA	NA	NA	NA	NA	NA	NA	NA	NA	NA
NA	NA	NA	NA	NA	NA	NA	NA	NA	NA	NA	NA
NA	NA	NA	NA	NA	NA	NA	NA	NA	NA	NA	NA
NA	NA	NA	NA	NA	NA	NA	NA	NA	NA	NA	NA
NA	NA	NA	NA	NA	NA	NA	NA	NA	NA	NA	NA
NA	NA	NA	NA	NA	NA	NA	NA	NA	NA	NA	NA
NA	NA	NA	NA	NA	NA	NA	NA	NA	NA	NA	NA
NA	NA	NA	NA	NA	NA	NA	NA	NA	NA	NA	NA
NA	NA	NA	NA	NA	NA	NA	NA	NA	NA	NA	NA
NA	NA	NA	NA	NA	NA	NA	NA	NA	NA	NA	NA
NA	NA	NA	NA	NA	NA	NA	NA	NA	NA	NA	NA
NA	NA	NA	NA	NA	NA	NA	NA	NA	NA	NA	NA
NA	NA	NA	NA	NA	NA	NA	NA	NA	NA	NA	NA
NA	NA	NA	NA	NA	NA	NA	NA	NA	NA	NA	NA
NA	NA	NA	NA	NA	NA	NA	NA	NA	NA	NA	NA
NA	NA	NA	NA	NA	NA	NA	NA	NA	NA	NA	NA
NA	NA	NA	NA	NA	NA	NA	NA	NA	NA	NA	NA
NA	NA	NA	NA	NA	NA	NA	NA	NA	NA	NA	NA
NA	NA	NA	NA	NA	NA	NA	NA	NA	NA	NA	NA
NA	NA	NA	NA	NA	NA	NA	NA	NA	NA	NA	NA
NA	NA	NA	NA	NA	NA	NA	NA	NA	NA	NA	NA
NA	NA	NA	NA	NA	NA	NA	NA	NA	NA	NA	NA
NA	NA	NA	NA	NA	NA	NA	NA	NA	NA	NA	NA
NA	NA	NA	NA	NA	NA	NA	NA	NA	NA	NA	NA
NA	NA	NA	NA	NA	NA	NA	NA	NA	NA	NA	NA
NA	NA	NA	NA	NA	NA	NA	NA	NA	NA	NA	NA
NA	NA	NA	NA	NA	NA	NA	NA	NA	NA	NA	NA
NA	NA	NA	NA	NA	NA	NA	NA	NA	NA	NA	NA
NA	NA	NA	NA	NA	NA	NA	NA	NA	NA	NA	NA
NA	NA	NA	NA	NA	NA	NA	NA	NA	NA	NA	NA
NA	NA	NA	NA	NA	NA	NA	NA	NA	NA	NA	NA
NA	NA	NA	NA	NA	NA	NA	NA	NA	NA	NA	NA
NA	NA	NA	NA	NA	NA	NA	NA	NA	NA	NA	NA
NA	NA	NA	NA	NA	NA	NA	NA	NA	NA	NA	NA
NA	NA	NA	NA	NA	NA	NA	NA	NA	NA	NA	NA
NA	NA	NA	NA	NA	NA	NA	NA	NA	NA	NA	NA
NA	NA	NA	NA	NA	NA	NA	NA	NA	NA	NA	NA
NA	NA	NA	NA	NA	NA	NA	NA	NA	NA	NA	NA
NA	NA	NA	NA	NA	NA	NA	NA	NA	NA	NA	NA
NA	NA	NA	NA	NA	NA	NA	NA	NA	NA	NA	NA
NA	NA	NA	NA	NA	NA	NA	NA	NA	NA	NA	NA
NA	NA	NA	NA	NA	NA	NA	NA	NA	NA	NA	NA
NA	NA	NA	NA	NA	NA	NA	NA	NA	NA	NA	NA
NA	NA	NA	NA	NA	NA	NA	NA	NA	NA	NA	NA
NA	NA	NA	NA	NA	NA	NA	NA	NA	NA	NA	NA
NA	NA	NA	NA	NA	NA	NA	NA	NA	NA	NA	NA
NA	NA	NA	NA	NA	NA	NA	NA	NA	NA	NA	NA
NA	NA	NA	NA	NA	NA	NA	NA	NA	NA	NA	NA
NA	NA	NA	NA	NA	NA	NA	NA	NA	NA	NA	NA
NA	NA	NA	NA	NA	NA	NA	NA	NA	NA	NA	NA
NA	NA	NA	NA	NA	NA	NA	NA	NA	NA	NA	NA
NA	NA	NA	NA	NA	NA	NA	NA	NA	NA	NA	NA
NA	NA	NA	NA	NA	NA	NA	NA	NA	NA	NA	NA
NA	NA	NA	NA	NA	NA	NA	NA	NA	NA	NA	NA
NA	NA	NA	NA	NA	NA	NA	NA	NA	NA	NA	NA
NA	NA	NA	NA	NA	NA	NA	NA	NA	NA	NA	NA
NA	NA	NA	NA	NA	NA	NA	NA	NA	NA	NA	NA
NA	NA	NA	NA	NA	NA	NA	NA	NA	NA	NA	NA
NA	NA	NA	NA	NA	NA	NA	NA	NA	NA	NA	NA
NA	NA	NA	NA	NA	NA	NA	NA	NA	NA	NA	NA
NA	NA	NA	NA	NA	NA	NA	NA	NA	NA	NA	NA
NA	NA	NA	NA	NA	NA	NA	NA	NA	NA	NA	NA
NA	NA	NA	NA	NA	NA	NA	NA	NA	NA	NA	NA
NA	NA	NA	NA	NA	NA	NA	NA	NA	NA	NA	NA
NA	NA	NA	NA	NA	NA	NA	NA	NA	NA	NA	NA
NA	NA	NA	NA	NA	NA	NA	NA	NA	NA	NA	NA
NA	NA	NA	NA	NA	NA	NA	NA	NA	NA	NA	NA
NA	NA	NA	NA	NA	NA	NA	NA	NA	NA	NA	NA
NA	NA	NA	NA	NA	NA	NA	NA	NA	NA	NA	NA
NA	NA	NA	NA	NA	NA	NA	NA	NA	NA	NA	NA
NA	NA	NA	NA	NA	NA	NA	NA	NA	NA	NA	NA
NA	NA	NA	NA	NA	NA	NA	NA	NA	NA	NA	NA
NA	NA	NA	NA	NA	NA	NA	NA	NA	NA	NA	NA
NA	NA	NA	NA	NA	NA	NA	NA	NA	NA	NA	NA
NA	NA	NA	NA	NA	NA	NA	NA	NA	NA	NA	NA
NA	NA	NA	NA	NA	NA	NA	NA	NA	NA	NA	NA
NA	NA	NA	NA	NA	NA	NA	NA	NA	NA	NA	NA
NA	NA	NA	NA	NA	NA	NA	NA	NA	NA	NA	NA
NA	NA	NA	NA	NA	NA	NA	NA	NA	NA	NA	NA
NA	NA	NA	NA	NA	NA	NA	NA	NA	NA	NA	NA
NA	NA	NA	NA	NA	NA	NA	NA	NA	NA	NA	NA
NA	NA	NA	NA	NA	NA	NA	NA	NA	NA	NA	NA
NA	NA	NA	NA	NA	NA	NA	NA	NA	NA	NA	NA
NA	NA	NA	NA	NA	NA	NA	NA	NA	NA	NA	NA
NA	NA	NA	NA	NA	NA	NA	NA	NA	NA	NA	NA
NA	NA	NA	NA	NA	NA	NA	NA	NA	NA	NA	NA
NA	NA	NA	NA	NA	NA	NA	NA	NA	NA	NA	NA
