X1	X2	X3	X4	X1.1	X2.1	X3.1	X4.1	X1.2	X2.2	X3.2	X4.2
NA	NA	NA	NA	NA	NA	NA	NA	NA	NA	NA	NA
NA	NA	NA	NA	NA	NA	NA	NA	NA	NA	NA	NA
NA	NA	NA	NA	NA	NA	NA	NA	NA	NA	NA	NA
NA	NA	NA	NA	NA	NA	NA	NA	NA	NA	NA	NA
NA	NA	NA	NA	NA	NA	NA	NA	NA	NA	NA	NA
NA	NA	NA	NA	NA	NA	NA	NA	NA	NA	NA	NA
NA	NA	NA	NA	NA	NA	NA	NA	NA	NA	NA	NA
NA	NA	NA	NA	NA	NA	NA	NA	NA	NA	NA	NA
NA	NA	NA	NA	NA	NA	NA	NA	NA	NA	NA	NA
NA	NA	NA	NA	NA	NA	NA	NA	NA	NA	NA	NA
NA	NA	NA	NA	NA	NA	NA	NA	NA	NA	NA	NA
NA	NA	NA	NA	NA	NA	NA	NA	NA	NA	NA	NA
NA	NA	NA	NA	NA	NA	NA	NA	NA	NA	NA	NA
NA	NA	NA	NA	NA	NA	NA	NA	NA	NA	NA	NA
NA	NA	NA	NA	NA	NA	NA	NA	NA	NA	NA	NA
NA	NA	NA	NA	NA	NA	NA	NA	NA	NA	NA	NA
NA	NA	NA	NA	NA	NA	NA	NA	NA	NA	NA	NA
NA	NA	NA	NA	NA	NA	NA	NA	NA	NA	NA	NA
NA	NA	NA	NA	NA	NA	NA	NA	NA	NA	NA	NA
NA	NA	NA	NA	NA	NA	NA	NA	NA	NA	NA	NA
NA	NA	NA	NA	NA	NA	NA	NA	NA	NA	NA	NA
NA	NA	NA	NA	NA	NA	NA	NA	NA	NA	NA	NA
NA	NA	NA	NA	NA	NA	NA	NA	NA	NA	NA	NA
NA	NA	NA	NA	NA	NA	NA	NA	NA	NA	NA	NA
NA	NA	NA	NA	NA	NA	NA	NA	NA	NA	NA	NA
NA	NA	NA	NA	NA	NA	NA	NA	NA	NA	NA	NA
NA	NA	NA	NA	NA	NA	NA	NA	NA	NA	NA	NA
NA	NA	NA	NA	NA	NA	NA	NA	NA	NA	NA	NA
NA	NA	NA	NA	NA	NA	NA	NA	NA	NA	NA	NA
NA	NA	NA	NA	NA	NA	NA	NA	NA	NA	NA	NA
NA	NA	NA	NA	NA	NA	NA	NA	NA	NA	NA	NA
NA	NA	NA	NA	NA	NA	NA	NA	NA	NA	NA	NA
NA	NA	NA	NA	NA	NA	NA	NA	NA	NA	NA	NA
NA	NA	NA	NA	NA	NA	NA	NA	NA	NA	NA	NA
NA	NA	NA	NA	NA	NA	NA	NA	NA	NA	NA	NA
NA	NA	NA	NA	NA	NA	NA	NA	NA	NA	NA	NA
NA	NA	NA	NA	NA	NA	NA	NA	NA	NA	NA	NA
NA	NA	NA	NA	NA	NA	NA	NA	NA	NA	NA	NA
NA	NA	NA	NA	NA	NA	NA	NA	NA	NA	NA	NA
NA	NA	NA	NA	NA	NA	NA	NA	NA	NA	NA	NA
NA	NA	NA	NA	NA	NA	NA	NA	NA	NA	NA	NA
NA	NA	NA	NA	NA	NA	NA	NA	NA	NA	NA	NA
NA	NA	NA	NA	NA	NA	NA	NA	NA	NA	NA	NA
NA	NA	NA	NA	NA	NA	NA	NA	NA	NA	NA	NA
NA	NA	NA	NA	NA	NA	NA	NA	NA	NA	NA	NA
NA	NA	NA	NA	NA	NA	NA	NA	NA	NA	NA	NA
NA	NA	NA	NA	NA	NA	NA	NA	NA	NA	NA	NA
NA	NA	NA	NA	NA	NA	NA	NA	NA	NA	NA	NA
NA	NA	NA	NA	NA	NA	NA	NA	NA	NA	NA	NA
NA	NA	NA	NA	NA	NA	NA	NA	NA	NA	NA	NA
NA	NA	NA	NA	NA	NA	NA	NA	NA	NA	NA	NA
NA	NA	NA	NA	NA	NA	NA	NA	NA	NA	NA	NA
NA	NA	NA	NA	NA	NA	NA	NA	NA	NA	NA	NA
NA	NA	NA	NA	NA	NA	NA	NA	NA	NA	NA	NA
NA	NA	NA	NA	NA	NA	NA	NA	NA	NA	NA	NA
NA	NA	NA	NA	NA	NA	NA	NA	NA	NA	NA	NA
NA	NA	NA	NA	NA	NA	NA	NA	NA	NA	NA	NA
NA	NA	NA	NA	NA	NA	NA	NA	NA	NA	NA	NA
NA	NA	NA	NA	NA	NA	NA	NA	NA	NA	NA	NA
NA	NA	NA	NA	NA	NA	NA	NA	NA	NA	NA	NA
NA	NA	NA	NA	NA	NA	NA	NA	NA	NA	NA	NA
NA	NA	NA	NA	NA	NA	NA	NA	NA	NA	NA	NA
NA	NA	NA	NA	NA	NA	NA	NA	NA	NA	NA	NA
NA	NA	NA	NA	NA	NA	NA	NA	NA	NA	NA	NA
NA	NA	NA	NA	NA	NA	NA	NA	NA	NA	NA	NA
NA	NA	NA	NA	NA	NA	NA	NA	NA	NA	NA	NA
NA	NA	NA	NA	NA	NA	NA	NA	NA	NA	NA	NA
NA	NA	NA	NA	NA	NA	NA	NA	NA	NA	NA	NA
NA	NA	NA	NA	NA	NA	NA	NA	NA	NA	NA	NA
NA	NA	NA	NA	NA	NA	NA	NA	NA	NA	NA	NA
NA	NA	NA	NA	NA	NA	NA	NA	NA	NA	NA	NA
NA	NA	NA	NA	NA	NA	NA	NA	NA	NA	NA	NA
NA	NA	NA	NA	NA	NA	NA	NA	NA	NA	NA	NA
NA	NA	NA	NA	NA	NA	NA	NA	NA	NA	NA	NA
NA	NA	NA	NA	NA	NA	NA	NA	NA	NA	NA	NA
NA	NA	NA	NA	NA	NA	NA	NA	NA	NA	NA	NA
NA	NA	NA	NA	NA	NA	NA	NA	NA	NA	NA	NA
NA	NA	NA	NA	NA	NA	NA	NA	NA	NA	NA	NA
NA	NA	NA	NA	NA	NA	NA	NA	NA	NA	NA	NA
NA	NA	NA	NA	NA	NA	NA	NA	NA	NA	NA	NA
NA	NA	NA	NA	NA	NA	NA	NA	NA	NA	NA	NA
NA	NA	NA	NA	NA	NA	NA	NA	NA	NA	NA	NA
NA	NA	NA	NA	NA	NA	NA	NA	NA	NA	NA	NA
NA	NA	NA	NA	NA	NA	NA	NA	NA	NA	NA	NA
NA	NA	NA	NA	NA	NA	NA	NA	NA	NA	NA	NA
NA	NA	NA	NA	NA	NA	NA	NA	NA	NA	NA	NA
NA	NA	NA	NA	NA	NA	NA	NA	NA	NA	NA	NA
NA	NA	NA	NA	NA	NA	NA	NA	NA	NA	NA	NA
NA	NA	NA	NA	NA	NA	NA	NA	NA	NA	NA	NA
NA	NA	NA	NA	NA	NA	NA	NA	NA	NA	NA	NA
NA	NA	NA	NA	NA	NA	NA	NA	NA	NA	NA	NA
NA	NA	NA	NA	NA	NA	NA	NA	NA	NA	NA	NA
NA	NA	NA	NA	NA	NA	NA	NA	NA	NA	NA	NA
NA	NA	NA	NA	NA	NA	NA	NA	NA	NA	NA	NA
NA	NA	NA	NA	NA	NA	NA	NA	NA	NA	NA	NA
NA	NA	NA	NA	NA	NA	NA	NA	NA	NA	NA	NA
NA	NA	NA	NA	NA	NA	NA	NA	NA	NA	NA	NA
NA	NA	NA	NA	NA	NA	NA	NA	NA	NA	NA	NA
NA	NA	NA	NA	NA	NA	NA	NA	NA	NA	NA	NA
NA	NA	NA	NA	NA	NA	NA	NA	NA	NA	NA	NA
1.9129560248494	0.240987117444873	1.44062127465745	2.38529077504135	1.90488582840709	0.20199346453886	1.50897863791092	2.30079301890325	1.90488582840709	0.240987117444873	1.42555209897708	2.39761829098589
1.94071862095304	0.254892229431378	1.44112985126753	2.44030739063854	1.89546331439996	0.195848200542822	1.51160084133603	2.2793257874639	1.89546331439996	0.254892229431378	1.39708775477829	2.37816774924782
2.01932149176376	0.608587405415563	0.826490177149252	3.21215280637826	1.75136024514555	0.40152757820807	0.964366191857729	2.53835429843336	1.75136024514555	0.608587405415563	0.18588245937204	2.75321159983885
1.76292431692891	0.449970822951877	0.880981503943236	2.64486712991459	1.72700031534546	0.344247472769815	1.05227526871663	2.4017253619743	1.72700031534546	0.449970822951877	0.724138546624849	2.4780886404396
1.94917665121824	0.303485315011937	1.35434543379484	2.54400786864163	1.93482368481316	0.228638903456691	1.48669143403805	2.38295593558828	1.93482368481316	0.303485315011937	1.38311058777119	2.62383712658031
2.27589779236875	0.308447238567431	1.67134120477658	2.88045437996091	2.25604398316876	0.212632576989517	1.83928413226931	2.67280383406821	2.25604398316876	0.308447238567431	1.70981534299559	2.95377672003925
2.60583240982262	0.327888742849589	1.96317047383743	3.24849434580782	2.49366978152821	0.231901488779035	2.0391428635213	2.94819669953511	2.49366978152821	0.327888742849589	1.87456820661074	3.11971922946551
1.66399759133582	0.262129690843355	1.15022339728285	2.1777717853888	1.61835044394063	0.19242390069677	1.24119959857496	1.9955012893063	1.61835044394063	0.262129690843355	1.09245748361935	2.11372026851894
1.92944374962693	0.307973510222021	1.32581566959177	2.53307182966209	1.8473597247145	0.209406686265899	1.43692261963334	2.25779682979566	1.8473597247145	0.307973510222021	1.19045884407533	2.38266340798943
2.06071612558965	0.262482923647362	1.54624959524082	2.57518265593848	2.03687613501517	0.209823296821903	1.62562247324424	2.4481297967861	2.03687613501517	0.262482923647362	1.53394184652	2.55605242083353
1.96595965064288	0.224803645943749	1.52534450459313	2.40657479669263	1.978960224283	0.16674639536313	1.65213728937126	2.30578315919473	1.978960224283	0.224803645943749	1.53505253124869	2.41138834995947
1.80243156781804	0.258421564315704	1.29592530175926	2.30893783387682	1.72981586586301	0.206629249810839	1.32482253623377	2.13480919549226	1.72981586586301	0.258421564315704	1.17086548031041	2.2005612942631
1.93072114808297	0.325423099600934	1.29289187286514	2.5685504233008	1.95767118546549	0.234594257980988	1.49786643982275	2.41747593110823	1.95767118546549	0.325423099600934	1.21590224856179	2.54663979868093
1.85441622779371	0.237903900155573	1.38812458348879	2.32070787209863	1.76679851621964	0.1909363961678	1.39256317973075	2.14103385270852	1.76679851621964	0.237903900155573	1.28542339230173	2.21454000440304
2.28502132990098	0.209551879165465	1.87429964673667	2.6957430130653	2.20355720701283	0.167725080206363	1.87481604980836	2.5322983642173	2.20355720701283	0.209551879165465	1.77666250784446	2.6259402639877
2.21562186422901	0.305893306250267	1.61607098397849	2.81517274447954	2.19800018838337	0.219433715576284	1.76791010585385	2.62809027091288	2.19800018838337	0.305893306250267	1.60096307303731	2.83642801642899
1.87975169922517	0.243332515045117	1.40281996973674	2.3566834287136	1.88795099752272	0.197620839571314	1.50061415196295	2.27528784308249	1.88795099752272	0.243332515045117	1.38424306429916	2.33352019189113
1.96281226116736	0.329660692434026	1.31667730399667	2.60894721833805	1.91160388352556	0.23160860732704	1.45765101316456	2.36555675388655	1.91160388352556	0.329660692434026	1.2889679248115	2.54812390638239
1.91606120382865	0.216973154293407	1.49079382141358	2.34132858624373	1.97858339223155	0.188411037915142	1.60929775791787	2.34786902654523	1.97858339223155	0.216973154293407	1.56428639251621	2.39439615012204
1.74566624168433	0.354983645269862	1.04989829695541	2.44143418641326	1.83454518422522	0.28478858958552	1.2763595486376	2.39273081981284	1.83454518422522	0.354983645269862	1.17654139268605	2.60067254272931
2.01298149921383	0.261230767624206	1.50096919467039	2.52499380375727	2.01123487872014	0.194629922560506	1.62976023050155	2.39270952693873	2.01123487872014	0.261230767624206	1.50509932408757	2.56069018880761
1.91596685439164	0.234762323284711	1.45583270075361	2.37610100802967	1.87309810016442	0.186481055697836	1.50759523099667	2.23860096933218	1.87309810016442	0.234762323284711	1.3915831993119	2.28943564720298
2.36985509890382	0.243104836261746	1.8933696198308	2.84634057797684	2.35859279868273	0.192224130670407	1.98183350256873	2.73535209479673	2.35859279868273	0.243104836261746	1.90365100437202	2.86033626070427
1.83905627973132	0.263883361095767	1.32184489198362	2.35626766747903	1.76948138989816	0.188546429607994	1.3999303878665	2.13903239192983	1.76948138989816	0.263883361095767	1.2181364360404	2.25307896796418
2.1947886525426	0.235305369338386	1.73359012863936	2.65598717644583	2.15789865422476	0.190154247654412	1.78519632882212	2.53060097962741	2.15789865422476	0.235305369338386	1.67607261929233	2.60626351580824
1.69931105762972	0.324371465228487	1.06354298578189	2.33507912947756	1.77018359148095	0.243501449752731	1.2929207499656	2.2474464329963	1.77018359148095	0.324371465228487	1.04918914817859	2.35819692243913
1.65885489053652	0.310161501954344	1.050938346706	2.26677143436703	1.68415818280122	0.25031770519936	1.19353548061047	2.17478088499196	1.68415818280122	0.310161501954344	1.03796175837735	2.26283203715588
2.18441904753333	0.29227531309053	1.6115594338759	2.75727866119077	2.13497192042209	0.241819672298171	1.66100536271767	2.6089384781265	2.13497192042209	0.29227531309053	1.58889800670515	2.74001633677359
2.08958049969825	0.304522318499111	1.49271675544	2.68644424395651	2.03315216238229	0.256597812451788	1.53022044997678	2.53608387478779	2.03315216238229	0.304522318499111	1.47210334345802	2.57549429051986
1.95370616640029	0.255004456414892	1.4538974318271	2.45351490097348	1.90934800385426	0.202745809197318	1.51196621782752	2.306729789881	1.90934800385426	0.255004456414892	1.39507530223532	2.35780980951722
2.30303807869935	0.272644549979859	1.76865476073883	2.83742139665988	2.26102056288277	0.208127057600203	1.85309152998637	2.66894959577916	2.26102056288277	0.272644549979859	1.71591930658994	2.78420505091904
2.19374666960198	0.238505002064065	1.72627686555641	2.66121647364755	2.20572670477307	0.168906938118702	1.87466910606041	2.53678430348573	2.20572670477307	0.238505002064065	1.69205514674301	2.64757429635982
1.81733740858826	0.315536243078289	1.19888637215481	2.4357884450217	1.80216316709979	0.248303458441249	1.31548838855494	2.28883794564464	1.80216316709979	0.315536243078289	1.11527517076586	2.35035164716911
2.41462102945742	0.190692072697054	2.04086456697119	2.78837749194364	2.36396487223676	0.155448234200667	2.05928633320345	2.66864341127007	2.36396487223676	0.190692072697054	1.99543719103388	2.75471071124234
1.5051735466921	0.473404943926942	0.577299856595289	2.4330472367889	1.59726045394116	0.33102135484027	0.948458598454225	2.24606230942808	1.59726045394116	0.473404943926942	0.49081689176944	2.44640101747824
1.90136600572722	0.456698143963985	1.00623764355781	2.79649436789664	1.95453460064152	0.303925059967683	1.35884148310486	2.55022771817818	1.95453460064152	0.456698143963985	0.938120888808054	2.80985512885857
2.02889671269364	0.340012199864753	1.36247280095873	2.69532062442856	2.16683125646133	0.265765123036815	1.64593161530917	2.68773089761349	2.16683125646133	0.340012199864753	1.48470092230192	2.78477470574154
2.19044324931205	0.243758459053739	1.71267666956672	2.66820982905738	2.25874415509617	0.201540773357158	1.86372423931614	2.6537640708762	2.25874415509617	0.243758459053739	1.78464585094243	2.72221069784413
2.04378670415908	0.257579588333741	1.53893071102494	2.54864269729321	2.01061415976526	0.206019592317158	1.60681575882363	2.41441256070689	2.01061415976526	0.257579588333741	1.47790331633472	2.47223131035907
2.13849312301744	0.315237697846432	1.52062723523843	2.75635901079645	2.08247663620651	0.232472940151107	1.62682967351034	2.53812359890268	2.08247663620651	0.315237697846432	1.28968514588522	2.6068878271825
2.1677754762375	0.200339408250194	1.77511023606712	2.56044071640788	2.18159946151719	0.174116829850568	1.84033047501007	2.5228684480243	2.18159946151719	0.200339408250194	1.7790218380583	2.60120799735074
2.49499015768709	0.410354673996782	1.69069499665339	3.29928531872078	2.22491175932018	0.298095812184105	1.64064396743933	2.80917955120102	2.22491175932018	0.410354673996782	1.49731334172068	3.10566541429255
1.97867615925776	0.243238259164231	1.50192917129587	2.45542314721965	1.98132318596795	0.185724371626401	1.6173034175802	2.34534295435569	1.98132318596795	0.243238259164231	1.46248446048371	2.44070875216739
2.02958050311381	0.369811317375859	1.30475032105713	2.7544106851705	2.07291239353827	0.288892137851563	1.50668380334921	2.63914098372733	2.07291239353827	0.369811317375859	1.38619483441059	2.90482387524399
1.50645052487344	0.335870470701455	0.848144402298594	2.1647566474483	1.5169665746892	0.261484061449954	1.00445781424729	2.02947533513111	1.5169665746892	0.335870470701455	0.822090226738824	2.14564942574509
1.7245656618509	0.461815959833755	0.819406380576735	2.62972494312506	1.64617527405525	0.346400990747169	0.967229332190794	2.3251212159197	1.64617527405525	0.461815959833755	0.758130049826922	2.66355838511562
1.79099276662421	0.266156578008974	1.26932587372662	2.3126596595218	1.7532044106445	0.232345838222912	1.29780656772759	2.20860225356141	1.7532044106445	0.266156578008974	1.21508656098696	2.27677313078935
1.97694402250168	0.410128501491103	1.17309215957912	2.78079588542424	2.01109590217915	0.335281355907024	1.35394444460139	2.66824735975692	2.01109590217915	0.410128501491103	1.3275430562415	2.95774418839163
2.0381114066129	0.223501766919806	1.60004794345008	2.47617486977572	2.08129606277346	0.175903955815055	1.73652430937595	2.42606781617097	2.08129606277346	0.223501766919806	1.64164681171837	2.53419590304143
2.31564335963695	0.216782126767818	1.89075039117203	2.74053632810188	2.28008664076242	0.168374519086668	1.95007258335255	2.61010069817229	2.28008664076242	0.216782126767818	1.84242580472115	2.69532441768371
1.98356322520077	0.491074676463338	1.02105685933263	2.94606959106891	1.85806713948931	0.351570480614634	1.16898899748463	2.547145281494	1.85806713948931	0.491074676463338	1.03031745986034	3.03689211785691
1.56150010057297	0.245131247525695	1.08104285542261	2.04195734572333	1.59959091879828	0.192336677737858	1.22261103043208	1.97657080716449	1.59959091879828	0.245131247525695	1.07664137736131	2.09454536310528
1.62502557876732	0.331658607759492	0.974974707558719	2.27507644997593	1.78794896343524	0.246191090928126	1.30541442521612	2.27048350165437	1.78794896343524	0.331658607759492	1.04880525587742	2.41089652200188
2.12063854343212	0.256469127269047	1.61795905398478	2.62331803287945	2.21976963921321	0.218150197752411	1.79219525161849	2.64734402680793	2.21976963921321	0.256469127269047	1.75845952123561	2.72595503171675
2.06469570700023	0.282306692689609	1.5113745893286	2.61801682467186	1.96927972948837	0.219397190012554	1.53926123706376	2.39929822191298	1.96927972948837	0.282306692689609	1.40263356146111	2.51958816133279
1.91956420198268	0.353866416038967	1.22598602654631	2.61314237741906	1.88141435403449	0.281595812308557	1.32948656190972	2.43334214615926	1.88141435403449	0.353866416038967	1.25701648121953	2.60700498000936
2.04988320660414	0.338575245381515	1.38627572565637	2.7134906875519	2.15794256534824	0.262071019130256	1.64428336785294	2.67160176284354	2.15794256534824	0.338575245381515	1.51947865798285	2.9192028097382
2.18405034401735	0.247167643903442	1.6996017619666	2.66849892606809	2.20351098387868	0.203151159231454	1.80533471178503	2.60168725597233	2.20351098387868	0.247167643903442	1.72988148410818	2.66884067435535
1.98777897731229	0.250189226237094	1.49740809388759	2.478149860737	1.90274143925908	0.208583438686741	1.49391789943307	2.31156497908509	1.90274143925908	0.250189226237094	1.42448105989129	2.43263476086223
2.20185966816274	0.216703191729384	1.77712141237314	2.62659792395233	2.18255307798483	0.180070246344367	1.82961539514987	2.53549076081979	2.18255307798483	0.216703191729384	1.74661383811022	2.57505326207915
1.96769563191415	0.324090715932391	1.33247782868667	2.60291343514164	1.8791230980967	0.232588262846664	1.42325010291724	2.33499609327617	1.8791230980967	0.324090715932391	1.25264489075132	2.47059635671698
1.99028382179315	0.24496596894764	1.51015052265577	2.47041712093052	2.01562538136724	0.190552816141809	1.64214186172929	2.38910890100518	2.01562538136724	0.24496596894764	1.53740012842787	2.48943752791663
2.25410753621449	0.46557688119906	1.34157684906433	3.16663822336464	2.30276363038016	0.338099099735809	1.64008939489797	2.96543786586235	2.30276363038016	0.46557688119906	1.41862929117264	3.33630147290969
1.79274354256212	0.279677656839708	1.24457533515629	2.34091174996794	1.75111671508775	0.205440808057027	1.34845273129597	2.15378069887952	1.75111671508775	0.279677656839708	1.17330730470808	2.28486459409998
1.87664682439611	0.224409607155579	1.43680399437118	2.31648965442105	1.91097467170455	0.162891131901497	1.59170805317762	2.23024129023149	1.91097467170455	0.224409607155579	1.47453960081126	2.35811472524318
2.00795620889526	0.301111026842525	1.41777859628391	2.59813382150661	1.86951720209897	0.222110471389471	1.43418067817561	2.30485372602233	1.86951720209897	0.301111026842525	1.27285141884226	2.49715979027993
1.98447565602453	0.225933228368226	1.54164652842281	2.42730478362625	2.01721036034093	0.186730760848972	1.65121806907694	2.38320265160491	2.01721036034093	0.225933228368226	1.61043729466392	2.50604007289557
2.06915126595234	0.304702444299857	1.47193447512462	2.66636805678006	2.10190922300319	0.24213940051204	1.6273159979996	2.57650244800679	2.10190922300319	0.304702444299857	1.46589928065448	2.73903838997363
1.63385048575755	0.424320204584688	0.802182884771559	2.46551808674354	1.87232699094436	0.30278453456459	1.27886930319776	2.46578467869096	1.87232699094436	0.424320204584688	0.997906778569715	2.63313455232645
2.11962899612783	0.290465418041782	1.55031677676594	2.68894121548972	2.08939702415315	0.21132376348221	1.67520244772802	2.50359160057829	2.08939702415315	0.290465418041782	1.47846281735291	2.65364095088975
2.05143347160162	0.326129913180521	1.4122188417678	2.69064810143544	2.06193040662671	0.223327975158686	1.62420757531568	2.49965323793773	2.06193040662671	0.326129913180521	1.49785584347759	2.80183442486378
1.75340349010345	0.355207341230606	1.05719710129146	2.44960987891544	1.67291273988117	0.276265595162114	1.13143217336343	2.21439330639891	1.67291273988117	0.355207341230606	0.966064770700416	2.34286945664373
2.03399998764203	0.182189220112736	1.67690911622106	2.39109085906299	2.00162006792777	0.148724061898109	1.71012090660748	2.29311922924806	2.00162006792777	0.182189220112736	1.64953948941878	2.35396296799544
1.93971282690668	0.305212595829307	1.34149613908124	2.53792951473212	1.93366179290151	0.24673818631116	1.45005494773164	2.41726863807139	1.93366179290151	0.305212595829307	1.28979398153707	2.54619270721092
1.96386080086808	0.328625557536082	1.31975470809736	2.6079668936388	2.01365637416928	0.23309009765919	1.55679978275727	2.4705129655813	2.01365637416928	0.328625557536082	1.41687843926644	2.75295032753842
1.87564320063295	0.256210874000563	1.37346988759185	2.37781651367405	1.84597863700713	0.197759397790283	1.45837021733818	2.23358705667609	1.84597863700713	0.256210874000563	1.35992541360071	2.38293328667129
1.33317643167948	0.487928028193467	0.376837496420285	2.28951536693867	1.41385313804729	0.35184102849387	0.724244722199304	2.10346155389528	1.41385313804729	0.487928028193467	0.449575153292319	2.28477671008685
2.25056868340963	0.297657283144233	1.66716040844694	2.83397695837233	2.25357047358244	0.214219290829366	1.83370066355688	2.673440283608	2.25357047358244	0.297657283144233	1.65173557672693	2.80516496573226
2.21087909720071	0.449738894749615	1.32939086349146	3.09236733090995	2.08154588123425	0.344684616425469	1.40596403304033	2.75712772942817	2.08154588123425	0.449738894749615	1.31152139168137	2.96088511978626
2.11239716389509	0.22291588701668	1.67548202534239	2.54931230244778	2.19676772747691	0.186909922183315	1.83042427999761	2.56311117495621	2.19676772747691	0.22291588701668	1.78057049001414	2.6238221019028
1.80106122006162	0.230445216324454	1.34938859606569	2.25273384405755	1.79687741225514	0.187403379367132	1.42956678869556	2.16418803581472	1.79687741225514	0.230445216324454	1.32433225054896	2.26291447434013
2.15502266131794	0.283918138929405	1.59854310901631	2.71150221361958	2.08257094598622	0.244232429132236	1.60387538488704	2.5612665070854	2.08257094598622	0.283918138929405	1.53715632125677	2.69208949770219
1.92719734755082	0.236929515803142	1.46281549657666	2.39157919852498	1.90790646430858	0.193562599699206	1.52852376889813	2.28728915971902	1.90790646430858	0.236929515803142	1.49006042188536	2.37023802471141
2.00179361460424	0.276266779973376	1.46031072585643	2.54327650335206	2.02176117678785	0.234004936347599	1.56311150154656	2.48041085202915	2.02176117678785	0.276266779973376	1.50809762848014	2.62904939532459
1.97914270190747	0.225112044782436	1.53792309413389	2.42036230968104	1.93633693248045	0.181983676910481	1.5796489257359	2.29302493922499	1.93633693248045	0.225112044782436	1.47848529791591	2.35611288541357
1.90107361588086	0.251937135926452	1.40727682946501	2.39487040229671	1.92348302630031	0.206635312258607	1.51847781427344	2.32848823832718	1.92348302630031	0.251937135926452	1.39766125536231	2.40069664531952
2.38651496654651	0.350535925410168	1.69946455274258	3.07356538035044	2.29154369438794	0.261957301486799	1.77810738347381	2.80498000530206	2.29154369438794	0.350535925410168	1.59780304056604	3.04801814710528
2.20043899017705	0.333901763161088	1.54599153438131	2.85488644597278	2.16869568545323	0.237132266461536	1.70391644318862	2.63347492771784	2.16869568545323	0.333901763161088	1.55097869746124	2.87562421851239
2.06601065331985	0.187833733796158	1.69785653507938	2.43416477156032	2.07349502790866	0.154404367302791	1.77086246799519	2.37612758782213	2.07349502790866	0.187833733796158	1.70161245733563	2.45836034853626
2.0010930603602	0.361380824484238	1.2927866443711	2.70939947634931	2.02773672168344	0.266477590017465	1.50544064524921	2.55003279811767	2.02773672168344	0.361380824484238	1.22166160928072	2.68152114533346
1.8740566875561	0.250557723566771	1.38296354936523	2.36514982574697	1.9060039687406	0.185257393300759	1.54289947787111	2.26910845961009	1.9060039687406	0.250557723566771	1.33524290869094	2.37210001160876
2.32945913345745	0.368608165572582	1.60698712893519	3.05193113797972	2.20408419729096	0.256892924853292	1.7005740645785	2.70759433000341	2.20408419729096	0.368608165572582	1.43563879012584	2.90194029489571
2.15147941728111	0.27582974885907	1.61085310951733	2.69210572504489	2.24564240231732	0.198016538949064	1.85752998597715	2.63375481865748	2.24564240231732	0.27582974885907	1.68326230726293	2.83072745523918
1.88376040182381	0.490437956349734	0.922502007378334	2.84501879626929	1.85397497347862	0.340098133192447	1.18738263242143	2.52056731453582	1.85397497347862	0.490437956349734	0.748986160607124	2.78370390950595
2.25259024842517	0.476376473182378	1.31889236098771	3.18628813586263	2.29415275044666	0.330225113293588	1.64691152839123	2.94139397250209	2.29415275044666	0.476376473182378	1.37668696298359	3.32186887725189
2.05862774058878	0.269473800763936	1.53045909109146	2.58679639008609	2.0569672348554	0.222429571288085	1.62100527513075	2.49292919458004	2.0569672348554	0.269473800763936	1.48323868359046	2.55271752062063
1.72753470269262	0.256579684926015	1.22463852023763	2.23043088514761	1.72160187444434	0.201362178040546	1.32693200548487	2.11627174340381	1.72160187444434	0.256579684926015	1.15457544387307	2.19923123178311
2.25775586027868	0.260945029308876	1.74630360283328	2.76920811772408	2.28250577008314	0.214007936572638	1.86305021440077	2.70196132576551	2.28250577008314	0.260945029308876	1.79041502850931	2.80176777031984
1.96431189240892	0.336201606215751	1.30535674422605	2.6232670405918	2.01556498328495	0.266079778692243	1.49404861704815	2.53708134952175	2.01556498328495	0.336201606215751	1.39761210341827	2.7220170835253
2.07143165939061	0.243281255376565	1.59460039885254	2.54826291992868	2.10031641000452	0.193107490854439	1.72182572792981	2.47880709207922	2.10031641000452	0.243281255376565	1.59168856518297	2.56098712194001
NA	NA	NA	NA	NA	NA	NA	NA	NA	NA	NA	NA
NA	NA	NA	NA	NA	NA	NA	NA	NA	NA	NA	NA
NA	NA	NA	NA	NA	NA	NA	NA	NA	NA	NA	NA
NA	NA	NA	NA	NA	NA	NA	NA	NA	NA	NA	NA
NA	NA	NA	NA	NA	NA	NA	NA	NA	NA	NA	NA
NA	NA	NA	NA	NA	NA	NA	NA	NA	NA	NA	NA
NA	NA	NA	NA	NA	NA	NA	NA	NA	NA	NA	NA
NA	NA	NA	NA	NA	NA	NA	NA	NA	NA	NA	NA
NA	NA	NA	NA	NA	NA	NA	NA	NA	NA	NA	NA
NA	NA	NA	NA	NA	NA	NA	NA	NA	NA	NA	NA
NA	NA	NA	NA	NA	NA	NA	NA	NA	NA	NA	NA
NA	NA	NA	NA	NA	NA	NA	NA	NA	NA	NA	NA
NA	NA	NA	NA	NA	NA	NA	NA	NA	NA	NA	NA
NA	NA	NA	NA	NA	NA	NA	NA	NA	NA	NA	NA
NA	NA	NA	NA	NA	NA	NA	NA	NA	NA	NA	NA
NA	NA	NA	NA	NA	NA	NA	NA	NA	NA	NA	NA
NA	NA	NA	NA	NA	NA	NA	NA	NA	NA	NA	NA
NA	NA	NA	NA	NA	NA	NA	NA	NA	NA	NA	NA
NA	NA	NA	NA	NA	NA	NA	NA	NA	NA	NA	NA
NA	NA	NA	NA	NA	NA	NA	NA	NA	NA	NA	NA
NA	NA	NA	NA	NA	NA	NA	NA	NA	NA	NA	NA
NA	NA	NA	NA	NA	NA	NA	NA	NA	NA	NA	NA
NA	NA	NA	NA	NA	NA	NA	NA	NA	NA	NA	NA
NA	NA	NA	NA	NA	NA	NA	NA	NA	NA	NA	NA
NA	NA	NA	NA	NA	NA	NA	NA	NA	NA	NA	NA
NA	NA	NA	NA	NA	NA	NA	NA	NA	NA	NA	NA
NA	NA	NA	NA	NA	NA	NA	NA	NA	NA	NA	NA
NA	NA	NA	NA	NA	NA	NA	NA	NA	NA	NA	NA
NA	NA	NA	NA	NA	NA	NA	NA	NA	NA	NA	NA
NA	NA	NA	NA	NA	NA	NA	NA	NA	NA	NA	NA
NA	NA	NA	NA	NA	NA	NA	NA	NA	NA	NA	NA
NA	NA	NA	NA	NA	NA	NA	NA	NA	NA	NA	NA
NA	NA	NA	NA	NA	NA	NA	NA	NA	NA	NA	NA
NA	NA	NA	NA	NA	NA	NA	NA	NA	NA	NA	NA
NA	NA	NA	NA	NA	NA	NA	NA	NA	NA	NA	NA
NA	NA	NA	NA	NA	NA	NA	NA	NA	NA	NA	NA
NA	NA	NA	NA	NA	NA	NA	NA	NA	NA	NA	NA
NA	NA	NA	NA	NA	NA	NA	NA	NA	NA	NA	NA
NA	NA	NA	NA	NA	NA	NA	NA	NA	NA	NA	NA
NA	NA	NA	NA	NA	NA	NA	NA	NA	NA	NA	NA
NA	NA	NA	NA	NA	NA	NA	NA	NA	NA	NA	NA
NA	NA	NA	NA	NA	NA	NA	NA	NA	NA	NA	NA
NA	NA	NA	NA	NA	NA	NA	NA	NA	NA	NA	NA
NA	NA	NA	NA	NA	NA	NA	NA	NA	NA	NA	NA
NA	NA	NA	NA	NA	NA	NA	NA	NA	NA	NA	NA
NA	NA	NA	NA	NA	NA	NA	NA	NA	NA	NA	NA
NA	NA	NA	NA	NA	NA	NA	NA	NA	NA	NA	NA
NA	NA	NA	NA	NA	NA	NA	NA	NA	NA	NA	NA
NA	NA	NA	NA	NA	NA	NA	NA	NA	NA	NA	NA
NA	NA	NA	NA	NA	NA	NA	NA	NA	NA	NA	NA
NA	NA	NA	NA	NA	NA	NA	NA	NA	NA	NA	NA
NA	NA	NA	NA	NA	NA	NA	NA	NA	NA	NA	NA
NA	NA	NA	NA	NA	NA	NA	NA	NA	NA	NA	NA
NA	NA	NA	NA	NA	NA	NA	NA	NA	NA	NA	NA
NA	NA	NA	NA	NA	NA	NA	NA	NA	NA	NA	NA
NA	NA	NA	NA	NA	NA	NA	NA	NA	NA	NA	NA
NA	NA	NA	NA	NA	NA	NA	NA	NA	NA	NA	NA
NA	NA	NA	NA	NA	NA	NA	NA	NA	NA	NA	NA
NA	NA	NA	NA	NA	NA	NA	NA	NA	NA	NA	NA
NA	NA	NA	NA	NA	NA	NA	NA	NA	NA	NA	NA
NA	NA	NA	NA	NA	NA	NA	NA	NA	NA	NA	NA
NA	NA	NA	NA	NA	NA	NA	NA	NA	NA	NA	NA
NA	NA	NA	NA	NA	NA	NA	NA	NA	NA	NA	NA
NA	NA	NA	NA	NA	NA	NA	NA	NA	NA	NA	NA
NA	NA	NA	NA	NA	NA	NA	NA	NA	NA	NA	NA
NA	NA	NA	NA	NA	NA	NA	NA	NA	NA	NA	NA
NA	NA	NA	NA	NA	NA	NA	NA	NA	NA	NA	NA
NA	NA	NA	NA	NA	NA	NA	NA	NA	NA	NA	NA
NA	NA	NA	NA	NA	NA	NA	NA	NA	NA	NA	NA
NA	NA	NA	NA	NA	NA	NA	NA	NA	NA	NA	NA
NA	NA	NA	NA	NA	NA	NA	NA	NA	NA	NA	NA
NA	NA	NA	NA	NA	NA	NA	NA	NA	NA	NA	NA
NA	NA	NA	NA	NA	NA	NA	NA	NA	NA	NA	NA
NA	NA	NA	NA	NA	NA	NA	NA	NA	NA	NA	NA
NA	NA	NA	NA	NA	NA	NA	NA	NA	NA	NA	NA
NA	NA	NA	NA	NA	NA	NA	NA	NA	NA	NA	NA
NA	NA	NA	NA	NA	NA	NA	NA	NA	NA	NA	NA
NA	NA	NA	NA	NA	NA	NA	NA	NA	NA	NA	NA
NA	NA	NA	NA	NA	NA	NA	NA	NA	NA	NA	NA
NA	NA	NA	NA	NA	NA	NA	NA	NA	NA	NA	NA
NA	NA	NA	NA	NA	NA	NA	NA	NA	NA	NA	NA
NA	NA	NA	NA	NA	NA	NA	NA	NA	NA	NA	NA
NA	NA	NA	NA	NA	NA	NA	NA	NA	NA	NA	NA
NA	NA	NA	NA	NA	NA	NA	NA	NA	NA	NA	NA
NA	NA	NA	NA	NA	NA	NA	NA	NA	NA	NA	NA
NA	NA	NA	NA	NA	NA	NA	NA	NA	NA	NA	NA
NA	NA	NA	NA	NA	NA	NA	NA	NA	NA	NA	NA
NA	NA	NA	NA	NA	NA	NA	NA	NA	NA	NA	NA
NA	NA	NA	NA	NA	NA	NA	NA	NA	NA	NA	NA
NA	NA	NA	NA	NA	NA	NA	NA	NA	NA	NA	NA
NA	NA	NA	NA	NA	NA	NA	NA	NA	NA	NA	NA
NA	NA	NA	NA	NA	NA	NA	NA	NA	NA	NA	NA
NA	NA	NA	NA	NA	NA	NA	NA	NA	NA	NA	NA
NA	NA	NA	NA	NA	NA	NA	NA	NA	NA	NA	NA
NA	NA	NA	NA	NA	NA	NA	NA	NA	NA	NA	NA
NA	NA	NA	NA	NA	NA	NA	NA	NA	NA	NA	NA
NA	NA	NA	NA	NA	NA	NA	NA	NA	NA	NA	NA
NA	NA	NA	NA	NA	NA	NA	NA	NA	NA	NA	NA
NA	NA	NA	NA	NA	NA	NA	NA	NA	NA	NA	NA
NA	NA	NA	NA	NA	NA	NA	NA	NA	NA	NA	NA
NA	NA	NA	NA	NA	NA	NA	NA	NA	NA	NA	NA
NA	NA	NA	NA	NA	NA	NA	NA	NA	NA	NA	NA
NA	NA	NA	NA	NA	NA	NA	NA	NA	NA	NA	NA
NA	NA	NA	NA	NA	NA	NA	NA	NA	NA	NA	NA
NA	NA	NA	NA	NA	NA	NA	NA	NA	NA	NA	NA
NA	NA	NA	NA	NA	NA	NA	NA	NA	NA	NA	NA
NA	NA	NA	NA	NA	NA	NA	NA	NA	NA	NA	NA
NA	NA	NA	NA	NA	NA	NA	NA	NA	NA	NA	NA
NA	NA	NA	NA	NA	NA	NA	NA	NA	NA	NA	NA
NA	NA	NA	NA	NA	NA	NA	NA	NA	NA	NA	NA
NA	NA	NA	NA	NA	NA	NA	NA	NA	NA	NA	NA
NA	NA	NA	NA	NA	NA	NA	NA	NA	NA	NA	NA
NA	NA	NA	NA	NA	NA	NA	NA	NA	NA	NA	NA
NA	NA	NA	NA	NA	NA	NA	NA	NA	NA	NA	NA
NA	NA	NA	NA	NA	NA	NA	NA	NA	NA	NA	NA
NA	NA	NA	NA	NA	NA	NA	NA	NA	NA	NA	NA
NA	NA	NA	NA	NA	NA	NA	NA	NA	NA	NA	NA
NA	NA	NA	NA	NA	NA	NA	NA	NA	NA	NA	NA
NA	NA	NA	NA	NA	NA	NA	NA	NA	NA	NA	NA
NA	NA	NA	NA	NA	NA	NA	NA	NA	NA	NA	NA
NA	NA	NA	NA	NA	NA	NA	NA	NA	NA	NA	NA
NA	NA	NA	NA	NA	NA	NA	NA	NA	NA	NA	NA
NA	NA	NA	NA	NA	NA	NA	NA	NA	NA	NA	NA
NA	NA	NA	NA	NA	NA	NA	NA	NA	NA	NA	NA
NA	NA	NA	NA	NA	NA	NA	NA	NA	NA	NA	NA
NA	NA	NA	NA	NA	NA	NA	NA	NA	NA	NA	NA
NA	NA	NA	NA	NA	NA	NA	NA	NA	NA	NA	NA
NA	NA	NA	NA	NA	NA	NA	NA	NA	NA	NA	NA
NA	NA	NA	NA	NA	NA	NA	NA	NA	NA	NA	NA
NA	NA	NA	NA	NA	NA	NA	NA	NA	NA	NA	NA
NA	NA	NA	NA	NA	NA	NA	NA	NA	NA	NA	NA
NA	NA	NA	NA	NA	NA	NA	NA	NA	NA	NA	NA
NA	NA	NA	NA	NA	NA	NA	NA	NA	NA	NA	NA
NA	NA	NA	NA	NA	NA	NA	NA	NA	NA	NA	NA
NA	NA	NA	NA	NA	NA	NA	NA	NA	NA	NA	NA
NA	NA	NA	NA	NA	NA	NA	NA	NA	NA	NA	NA
NA	NA	NA	NA	NA	NA	NA	NA	NA	NA	NA	NA
NA	NA	NA	NA	NA	NA	NA	NA	NA	NA	NA	NA
NA	NA	NA	NA	NA	NA	NA	NA	NA	NA	NA	NA
NA	NA	NA	NA	NA	NA	NA	NA	NA	NA	NA	NA
NA	NA	NA	NA	NA	NA	NA	NA	NA	NA	NA	NA
NA	NA	NA	NA	NA	NA	NA	NA	NA	NA	NA	NA
NA	NA	NA	NA	NA	NA	NA	NA	NA	NA	NA	NA
NA	NA	NA	NA	NA	NA	NA	NA	NA	NA	NA	NA
NA	NA	NA	NA	NA	NA	NA	NA	NA	NA	NA	NA
NA	NA	NA	NA	NA	NA	NA	NA	NA	NA	NA	NA
NA	NA	NA	NA	NA	NA	NA	NA	NA	NA	NA	NA
NA	NA	NA	NA	NA	NA	NA	NA	NA	NA	NA	NA
NA	NA	NA	NA	NA	NA	NA	NA	NA	NA	NA	NA
NA	NA	NA	NA	NA	NA	NA	NA	NA	NA	NA	NA
NA	NA	NA	NA	NA	NA	NA	NA	NA	NA	NA	NA
NA	NA	NA	NA	NA	NA	NA	NA	NA	NA	NA	NA
NA	NA	NA	NA	NA	NA	NA	NA	NA	NA	NA	NA
NA	NA	NA	NA	NA	NA	NA	NA	NA	NA	NA	NA
NA	NA	NA	NA	NA	NA	NA	NA	NA	NA	NA	NA
NA	NA	NA	NA	NA	NA	NA	NA	NA	NA	NA	NA
NA	NA	NA	NA	NA	NA	NA	NA	NA	NA	NA	NA
NA	NA	NA	NA	NA	NA	NA	NA	NA	NA	NA	NA
NA	NA	NA	NA	NA	NA	NA	NA	NA	NA	NA	NA
NA	NA	NA	NA	NA	NA	NA	NA	NA	NA	NA	NA
NA	NA	NA	NA	NA	NA	NA	NA	NA	NA	NA	NA
NA	NA	NA	NA	NA	NA	NA	NA	NA	NA	NA	NA
NA	NA	NA	NA	NA	NA	NA	NA	NA	NA	NA	NA
NA	NA	NA	NA	NA	NA	NA	NA	NA	NA	NA	NA
NA	NA	NA	NA	NA	NA	NA	NA	NA	NA	NA	NA
NA	NA	NA	NA	NA	NA	NA	NA	NA	NA	NA	NA
NA	NA	NA	NA	NA	NA	NA	NA	NA	NA	NA	NA
NA	NA	NA	NA	NA	NA	NA	NA	NA	NA	NA	NA
NA	NA	NA	NA	NA	NA	NA	NA	NA	NA	NA	NA
NA	NA	NA	NA	NA	NA	NA	NA	NA	NA	NA	NA
NA	NA	NA	NA	NA	NA	NA	NA	NA	NA	NA	NA
NA	NA	NA	NA	NA	NA	NA	NA	NA	NA	NA	NA
NA	NA	NA	NA	NA	NA	NA	NA	NA	NA	NA	NA
NA	NA	NA	NA	NA	NA	NA	NA	NA	NA	NA	NA
NA	NA	NA	NA	NA	NA	NA	NA	NA	NA	NA	NA
NA	NA	NA	NA	NA	NA	NA	NA	NA	NA	NA	NA
NA	NA	NA	NA	NA	NA	NA	NA	NA	NA	NA	NA
NA	NA	NA	NA	NA	NA	NA	NA	NA	NA	NA	NA
NA	NA	NA	NA	NA	NA	NA	NA	NA	NA	NA	NA
NA	NA	NA	NA	NA	NA	NA	NA	NA	NA	NA	NA
NA	NA	NA	NA	NA	NA	NA	NA	NA	NA	NA	NA
NA	NA	NA	NA	NA	NA	NA	NA	NA	NA	NA	NA
NA	NA	NA	NA	NA	NA	NA	NA	NA	NA	NA	NA
NA	NA	NA	NA	NA	NA	NA	NA	NA	NA	NA	NA
NA	NA	NA	NA	NA	NA	NA	NA	NA	NA	NA	NA
NA	NA	NA	NA	NA	NA	NA	NA	NA	NA	NA	NA
NA	NA	NA	NA	NA	NA	NA	NA	NA	NA	NA	NA
NA	NA	NA	NA	NA	NA	NA	NA	NA	NA	NA	NA
NA	NA	NA	NA	NA	NA	NA	NA	NA	NA	NA	NA
NA	NA	NA	NA	NA	NA	NA	NA	NA	NA	NA	NA
NA	NA	NA	NA	NA	NA	NA	NA	NA	NA	NA	NA
NA	NA	NA	NA	NA	NA	NA	NA	NA	NA	NA	NA
NA	NA	NA	NA	NA	NA	NA	NA	NA	NA	NA	NA
NA	NA	NA	NA	NA	NA	NA	NA	NA	NA	NA	NA
NA	NA	NA	NA	NA	NA	NA	NA	NA	NA	NA	NA
NA	NA	NA	NA	NA	NA	NA	NA	NA	NA	NA	NA
NA	NA	NA	NA	NA	NA	NA	NA	NA	NA	NA	NA
NA	NA	NA	NA	NA	NA	NA	NA	NA	NA	NA	NA
NA	NA	NA	NA	NA	NA	NA	NA	NA	NA	NA	NA
NA	NA	NA	NA	NA	NA	NA	NA	NA	NA	NA	NA
NA	NA	NA	NA	NA	NA	NA	NA	NA	NA	NA	NA
NA	NA	NA	NA	NA	NA	NA	NA	NA	NA	NA	NA
NA	NA	NA	NA	NA	NA	NA	NA	NA	NA	NA	NA
NA	NA	NA	NA	NA	NA	NA	NA	NA	NA	NA	NA
NA	NA	NA	NA	NA	NA	NA	NA	NA	NA	NA	NA
NA	NA	NA	NA	NA	NA	NA	NA	NA	NA	NA	NA
NA	NA	NA	NA	NA	NA	NA	NA	NA	NA	NA	NA
NA	NA	NA	NA	NA	NA	NA	NA	NA	NA	NA	NA
NA	NA	NA	NA	NA	NA	NA	NA	NA	NA	NA	NA
NA	NA	NA	NA	NA	NA	NA	NA	NA	NA	NA	NA
NA	NA	NA	NA	NA	NA	NA	NA	NA	NA	NA	NA
NA	NA	NA	NA	NA	NA	NA	NA	NA	NA	NA	NA
NA	NA	NA	NA	NA	NA	NA	NA	NA	NA	NA	NA
NA	NA	NA	NA	NA	NA	NA	NA	NA	NA	NA	NA
NA	NA	NA	NA	NA	NA	NA	NA	NA	NA	NA	NA
NA	NA	NA	NA	NA	NA	NA	NA	NA	NA	NA	NA
NA	NA	NA	NA	NA	NA	NA	NA	NA	NA	NA	NA
NA	NA	NA	NA	NA	NA	NA	NA	NA	NA	NA	NA
NA	NA	NA	NA	NA	NA	NA	NA	NA	NA	NA	NA
NA	NA	NA	NA	NA	NA	NA	NA	NA	NA	NA	NA
NA	NA	NA	NA	NA	NA	NA	NA	NA	NA	NA	NA
NA	NA	NA	NA	NA	NA	NA	NA	NA	NA	NA	NA
NA	NA	NA	NA	NA	NA	NA	NA	NA	NA	NA	NA
NA	NA	NA	NA	NA	NA	NA	NA	NA	NA	NA	NA
NA	NA	NA	NA	NA	NA	NA	NA	NA	NA	NA	NA
NA	NA	NA	NA	NA	NA	NA	NA	NA	NA	NA	NA
NA	NA	NA	NA	NA	NA	NA	NA	NA	NA	NA	NA
NA	NA	NA	NA	NA	NA	NA	NA	NA	NA	NA	NA
NA	NA	NA	NA	NA	NA	NA	NA	NA	NA	NA	NA
NA	NA	NA	NA	NA	NA	NA	NA	NA	NA	NA	NA
NA	NA	NA	NA	NA	NA	NA	NA	NA	NA	NA	NA
NA	NA	NA	NA	NA	NA	NA	NA	NA	NA	NA	NA
NA	NA	NA	NA	NA	NA	NA	NA	NA	NA	NA	NA
NA	NA	NA	NA	NA	NA	NA	NA	NA	NA	NA	NA
NA	NA	NA	NA	NA	NA	NA	NA	NA	NA	NA	NA
NA	NA	NA	NA	NA	NA	NA	NA	NA	NA	NA	NA
NA	NA	NA	NA	NA	NA	NA	NA	NA	NA	NA	NA
NA	NA	NA	NA	NA	NA	NA	NA	NA	NA	NA	NA
NA	NA	NA	NA	NA	NA	NA	NA	NA	NA	NA	NA
NA	NA	NA	NA	NA	NA	NA	NA	NA	NA	NA	NA
NA	NA	NA	NA	NA	NA	NA	NA	NA	NA	NA	NA
NA	NA	NA	NA	NA	NA	NA	NA	NA	NA	NA	NA
NA	NA	NA	NA	NA	NA	NA	NA	NA	NA	NA	NA
NA	NA	NA	NA	NA	NA	NA	NA	NA	NA	NA	NA
NA	NA	NA	NA	NA	NA	NA	NA	NA	NA	NA	NA
NA	NA	NA	NA	NA	NA	NA	NA	NA	NA	NA	NA
NA	NA	NA	NA	NA	NA	NA	NA	NA	NA	NA	NA
NA	NA	NA	NA	NA	NA	NA	NA	NA	NA	NA	NA
NA	NA	NA	NA	NA	NA	NA	NA	NA	NA	NA	NA
NA	NA	NA	NA	NA	NA	NA	NA	NA	NA	NA	NA
NA	NA	NA	NA	NA	NA	NA	NA	NA	NA	NA	NA
NA	NA	NA	NA	NA	NA	NA	NA	NA	NA	NA	NA
NA	NA	NA	NA	NA	NA	NA	NA	NA	NA	NA	NA
NA	NA	NA	NA	NA	NA	NA	NA	NA	NA	NA	NA
NA	NA	NA	NA	NA	NA	NA	NA	NA	NA	NA	NA
NA	NA	NA	NA	NA	NA	NA	NA	NA	NA	NA	NA
NA	NA	NA	NA	NA	NA	NA	NA	NA	NA	NA	NA
NA	NA	NA	NA	NA	NA	NA	NA	NA	NA	NA	NA
NA	NA	NA	NA	NA	NA	NA	NA	NA	NA	NA	NA
NA	NA	NA	NA	NA	NA	NA	NA	NA	NA	NA	NA
NA	NA	NA	NA	NA	NA	NA	NA	NA	NA	NA	NA
NA	NA	NA	NA	NA	NA	NA	NA	NA	NA	NA	NA
NA	NA	NA	NA	NA	NA	NA	NA	NA	NA	NA	NA
NA	NA	NA	NA	NA	NA	NA	NA	NA	NA	NA	NA
NA	NA	NA	NA	NA	NA	NA	NA	NA	NA	NA	NA
NA	NA	NA	NA	NA	NA	NA	NA	NA	NA	NA	NA
NA	NA	NA	NA	NA	NA	NA	NA	NA	NA	NA	NA
NA	NA	NA	NA	NA	NA	NA	NA	NA	NA	NA	NA
NA	NA	NA	NA	NA	NA	NA	NA	NA	NA	NA	NA
NA	NA	NA	NA	NA	NA	NA	NA	NA	NA	NA	NA
NA	NA	NA	NA	NA	NA	NA	NA	NA	NA	NA	NA
NA	NA	NA	NA	NA	NA	NA	NA	NA	NA	NA	NA
NA	NA	NA	NA	NA	NA	NA	NA	NA	NA	NA	NA
NA	NA	NA	NA	NA	NA	NA	NA	NA	NA	NA	NA
NA	NA	NA	NA	NA	NA	NA	NA	NA	NA	NA	NA
NA	NA	NA	NA	NA	NA	NA	NA	NA	NA	NA	NA
NA	NA	NA	NA	NA	NA	NA	NA	NA	NA	NA	NA
NA	NA	NA	NA	NA	NA	NA	NA	NA	NA	NA	NA
NA	NA	NA	NA	NA	NA	NA	NA	NA	NA	NA	NA
NA	NA	NA	NA	NA	NA	NA	NA	NA	NA	NA	NA
NA	NA	NA	NA	NA	NA	NA	NA	NA	NA	NA	NA
NA	NA	NA	NA	NA	NA	NA	NA	NA	NA	NA	NA
NA	NA	NA	NA	NA	NA	NA	NA	NA	NA	NA	NA
NA	NA	NA	NA	NA	NA	NA	NA	NA	NA	NA	NA
NA	NA	NA	NA	NA	NA	NA	NA	NA	NA	NA	NA
NA	NA	NA	NA	NA	NA	NA	NA	NA	NA	NA	NA
NA	NA	NA	NA	NA	NA	NA	NA	NA	NA	NA	NA
NA	NA	NA	NA	NA	NA	NA	NA	NA	NA	NA	NA
NA	NA	NA	NA	NA	NA	NA	NA	NA	NA	NA	NA
NA	NA	NA	NA	NA	NA	NA	NA	NA	NA	NA	NA
NA	NA	NA	NA	NA	NA	NA	NA	NA	NA	NA	NA
NA	NA	NA	NA	NA	NA	NA	NA	NA	NA	NA	NA
NA	NA	NA	NA	NA	NA	NA	NA	NA	NA	NA	NA
NA	NA	NA	NA	NA	NA	NA	NA	NA	NA	NA	NA
NA	NA	NA	NA	NA	NA	NA	NA	NA	NA	NA	NA
NA	NA	NA	NA	NA	NA	NA	NA	NA	NA	NA	NA
NA	NA	NA	NA	NA	NA	NA	NA	NA	NA	NA	NA
NA	NA	NA	NA	NA	NA	NA	NA	NA	NA	NA	NA
NA	NA	NA	NA	NA	NA	NA	NA	NA	NA	NA	NA
NA	NA	NA	NA	NA	NA	NA	NA	NA	NA	NA	NA
