X1	X2	X3	X4	X1.1	X2.1	X3.1	X4.1	X1.2	X2.2	X3.2	X4.2
NA	NA	NA	NA	NA	NA	NA	NA	NA	NA	NA	NA
NA	NA	NA	NA	NA	NA	NA	NA	NA	NA	NA	NA
NA	NA	NA	NA	NA	NA	NA	NA	NA	NA	NA	NA
NA	NA	NA	NA	NA	NA	NA	NA	NA	NA	NA	NA
NA	NA	NA	NA	NA	NA	NA	NA	NA	NA	NA	NA
NA	NA	NA	NA	NA	NA	NA	NA	NA	NA	NA	NA
NA	NA	NA	NA	NA	NA	NA	NA	NA	NA	NA	NA
NA	NA	NA	NA	NA	NA	NA	NA	NA	NA	NA	NA
NA	NA	NA	NA	NA	NA	NA	NA	NA	NA	NA	NA
NA	NA	NA	NA	NA	NA	NA	NA	NA	NA	NA	NA
NA	NA	NA	NA	NA	NA	NA	NA	NA	NA	NA	NA
NA	NA	NA	NA	NA	NA	NA	NA	NA	NA	NA	NA
NA	NA	NA	NA	NA	NA	NA	NA	NA	NA	NA	NA
NA	NA	NA	NA	NA	NA	NA	NA	NA	NA	NA	NA
NA	NA	NA	NA	NA	NA	NA	NA	NA	NA	NA	NA
NA	NA	NA	NA	NA	NA	NA	NA	NA	NA	NA	NA
NA	NA	NA	NA	NA	NA	NA	NA	NA	NA	NA	NA
NA	NA	NA	NA	NA	NA	NA	NA	NA	NA	NA	NA
NA	NA	NA	NA	NA	NA	NA	NA	NA	NA	NA	NA
NA	NA	NA	NA	NA	NA	NA	NA	NA	NA	NA	NA
NA	NA	NA	NA	NA	NA	NA	NA	NA	NA	NA	NA
NA	NA	NA	NA	NA	NA	NA	NA	NA	NA	NA	NA
NA	NA	NA	NA	NA	NA	NA	NA	NA	NA	NA	NA
NA	NA	NA	NA	NA	NA	NA	NA	NA	NA	NA	NA
NA	NA	NA	NA	NA	NA	NA	NA	NA	NA	NA	NA
NA	NA	NA	NA	NA	NA	NA	NA	NA	NA	NA	NA
NA	NA	NA	NA	NA	NA	NA	NA	NA	NA	NA	NA
NA	NA	NA	NA	NA	NA	NA	NA	NA	NA	NA	NA
NA	NA	NA	NA	NA	NA	NA	NA	NA	NA	NA	NA
NA	NA	NA	NA	NA	NA	NA	NA	NA	NA	NA	NA
NA	NA	NA	NA	NA	NA	NA	NA	NA	NA	NA	NA
NA	NA	NA	NA	NA	NA	NA	NA	NA	NA	NA	NA
NA	NA	NA	NA	NA	NA	NA	NA	NA	NA	NA	NA
NA	NA	NA	NA	NA	NA	NA	NA	NA	NA	NA	NA
NA	NA	NA	NA	NA	NA	NA	NA	NA	NA	NA	NA
NA	NA	NA	NA	NA	NA	NA	NA	NA	NA	NA	NA
NA	NA	NA	NA	NA	NA	NA	NA	NA	NA	NA	NA
NA	NA	NA	NA	NA	NA	NA	NA	NA	NA	NA	NA
NA	NA	NA	NA	NA	NA	NA	NA	NA	NA	NA	NA
NA	NA	NA	NA	NA	NA	NA	NA	NA	NA	NA	NA
NA	NA	NA	NA	NA	NA	NA	NA	NA	NA	NA	NA
NA	NA	NA	NA	NA	NA	NA	NA	NA	NA	NA	NA
NA	NA	NA	NA	NA	NA	NA	NA	NA	NA	NA	NA
NA	NA	NA	NA	NA	NA	NA	NA	NA	NA	NA	NA
NA	NA	NA	NA	NA	NA	NA	NA	NA	NA	NA	NA
NA	NA	NA	NA	NA	NA	NA	NA	NA	NA	NA	NA
NA	NA	NA	NA	NA	NA	NA	NA	NA	NA	NA	NA
NA	NA	NA	NA	NA	NA	NA	NA	NA	NA	NA	NA
NA	NA	NA	NA	NA	NA	NA	NA	NA	NA	NA	NA
NA	NA	NA	NA	NA	NA	NA	NA	NA	NA	NA	NA
NA	NA	NA	NA	NA	NA	NA	NA	NA	NA	NA	NA
NA	NA	NA	NA	NA	NA	NA	NA	NA	NA	NA	NA
NA	NA	NA	NA	NA	NA	NA	NA	NA	NA	NA	NA
NA	NA	NA	NA	NA	NA	NA	NA	NA	NA	NA	NA
NA	NA	NA	NA	NA	NA	NA	NA	NA	NA	NA	NA
NA	NA	NA	NA	NA	NA	NA	NA	NA	NA	NA	NA
NA	NA	NA	NA	NA	NA	NA	NA	NA	NA	NA	NA
NA	NA	NA	NA	NA	NA	NA	NA	NA	NA	NA	NA
NA	NA	NA	NA	NA	NA	NA	NA	NA	NA	NA	NA
NA	NA	NA	NA	NA	NA	NA	NA	NA	NA	NA	NA
NA	NA	NA	NA	NA	NA	NA	NA	NA	NA	NA	NA
NA	NA	NA	NA	NA	NA	NA	NA	NA	NA	NA	NA
NA	NA	NA	NA	NA	NA	NA	NA	NA	NA	NA	NA
NA	NA	NA	NA	NA	NA	NA	NA	NA	NA	NA	NA
NA	NA	NA	NA	NA	NA	NA	NA	NA	NA	NA	NA
NA	NA	NA	NA	NA	NA	NA	NA	NA	NA	NA	NA
NA	NA	NA	NA	NA	NA	NA	NA	NA	NA	NA	NA
NA	NA	NA	NA	NA	NA	NA	NA	NA	NA	NA	NA
NA	NA	NA	NA	NA	NA	NA	NA	NA	NA	NA	NA
NA	NA	NA	NA	NA	NA	NA	NA	NA	NA	NA	NA
NA	NA	NA	NA	NA	NA	NA	NA	NA	NA	NA	NA
NA	NA	NA	NA	NA	NA	NA	NA	NA	NA	NA	NA
NA	NA	NA	NA	NA	NA	NA	NA	NA	NA	NA	NA
NA	NA	NA	NA	NA	NA	NA	NA	NA	NA	NA	NA
NA	NA	NA	NA	NA	NA	NA	NA	NA	NA	NA	NA
NA	NA	NA	NA	NA	NA	NA	NA	NA	NA	NA	NA
NA	NA	NA	NA	NA	NA	NA	NA	NA	NA	NA	NA
NA	NA	NA	NA	NA	NA	NA	NA	NA	NA	NA	NA
NA	NA	NA	NA	NA	NA	NA	NA	NA	NA	NA	NA
NA	NA	NA	NA	NA	NA	NA	NA	NA	NA	NA	NA
NA	NA	NA	NA	NA	NA	NA	NA	NA	NA	NA	NA
NA	NA	NA	NA	NA	NA	NA	NA	NA	NA	NA	NA
NA	NA	NA	NA	NA	NA	NA	NA	NA	NA	NA	NA
NA	NA	NA	NA	NA	NA	NA	NA	NA	NA	NA	NA
NA	NA	NA	NA	NA	NA	NA	NA	NA	NA	NA	NA
NA	NA	NA	NA	NA	NA	NA	NA	NA	NA	NA	NA
NA	NA	NA	NA	NA	NA	NA	NA	NA	NA	NA	NA
NA	NA	NA	NA	NA	NA	NA	NA	NA	NA	NA	NA
NA	NA	NA	NA	NA	NA	NA	NA	NA	NA	NA	NA
NA	NA	NA	NA	NA	NA	NA	NA	NA	NA	NA	NA
NA	NA	NA	NA	NA	NA	NA	NA	NA	NA	NA	NA
NA	NA	NA	NA	NA	NA	NA	NA	NA	NA	NA	NA
NA	NA	NA	NA	NA	NA	NA	NA	NA	NA	NA	NA
NA	NA	NA	NA	NA	NA	NA	NA	NA	NA	NA	NA
NA	NA	NA	NA	NA	NA	NA	NA	NA	NA	NA	NA
NA	NA	NA	NA	NA	NA	NA	NA	NA	NA	NA	NA
NA	NA	NA	NA	NA	NA	NA	NA	NA	NA	NA	NA
NA	NA	NA	NA	NA	NA	NA	NA	NA	NA	NA	NA
NA	NA	NA	NA	NA	NA	NA	NA	NA	NA	NA	NA
NA	NA	NA	NA	NA	NA	NA	NA	NA	NA	NA	NA
2.32168207510168	0.178787212149032	1.97125913928958	2.67210501091379	2.24607797380187	0.171086195459878	1.91074903070051	2.58140691690323	2.24607797380187	0.178787212149032	1.89541327754223	2.59753836048054
2.07871164177251	0.145011487492915	1.7944891262864	2.36293415725863	2.08142866845251	0.153119664243382	1.78131412653548	2.38154321036954	2.08142866845251	0.145011487492915	1.78926029376549	2.35725925533691
2.01410871166268	0.155906164620873	1.70853262900576	2.31968479431959	1.97845166149097	0.155258171363407	1.67414564561869	2.28275767736325	1.97845166149097	0.155906164620873	1.68057251090234	2.26776348877247
1.7197323028706	0.165559101202586	1.39523646451353	2.04422814122767	1.71379766128786	0.157982646697606	1.40415167376056	2.02344364881517	1.71379766128786	0.165559101202586	1.40553008771801	2.04307837588656
1.91659441692122	0.142474468309954	1.63734445903371	2.19584437480873	1.89393766484693	0.139578759813407	1.62036329561265	2.16751203408121	1.89393766484693	0.142474468309954	1.60155567911523	2.16451046220424
1.95307565741982	0.166150216525867	1.62742123302912	2.27873008181052	1.9326540774166	0.16389876663026	1.61141249482129	2.25389566001191	1.9326540774166	0.166150216525867	1.6038079078911	2.27072843187869
2.17059514004953	0.157647448792166	1.86160614041689	2.47958413968218	2.16662178795107	0.163583051398248	1.8459990072105	2.48724456869164	2.16662178795107	0.157647448792166	1.83203812009773	2.47089394000685
1.9785584493704	0.193952164277699	1.59841220738611	2.35870469135469	1.8843657547722	0.178100939457606	1.53528791343529	2.23344359610911	1.8843657547722	0.193952164277699	1.47317340122907	2.22305376446261
2.02365346491831	0.184670855705146	1.66169858773622	2.38560834210039	1.96464430256323	0.173426100584517	1.62472914541758	2.30455945970888	1.96464430256323	0.184670855705146	1.55540838215127	2.28393305038808
2.05230406409499	0.162461044734124	1.73388041641611	2.37072771177388	2.03861962578471	0.170902861436687	1.70365001736881	2.37358923420062	2.03861962578471	0.162461044734124	1.70122448685884	2.35737151093674
2.07727414370474	0.166235522277211	1.75145252004141	2.40309576736808	2.06476180603032	0.167967697554822	1.73554511882287	2.39397849323778	2.06476180603032	0.166235522277211	1.74777300745311	2.40026885730772
1.79632872630298	0.175790590446248	1.45177916902833	2.14087828357762	1.76203586787926	0.171659919151884	1.42558242634156	2.09848930941695	1.76203586787926	0.175790590446248	1.40563037377108	2.07730223288525
2.15852517914843	0.149220744501309	1.86605251992587	2.450997838371	2.13467466961853	0.158733622739193	1.82355676904971	2.44579257018734	2.13467466961853	0.149220744501309	1.85010334243053	2.42759000148812
2.02695865096748	0.148744966200527	1.73541851721445	2.31849878472052	2.0006282728587	0.150361784749742	1.70591917474921	2.2953373709682	2.0006282728587	0.148744966200527	1.72689954001042	2.28188303506031
2.12490032369849	0.171702535500884	1.78836335411676	2.46143729328023	2.10695764995432	0.175480053141456	1.76301674579707	2.45089855411158	2.10695764995432	0.171702535500884	1.75546426837594	2.42030668155201
2.06635363718198	0.168435969810688	1.73621913635304	2.39648813801093	2.03585174150028	0.152571154120891	1.73681227942333	2.33489120357723	2.03585174150028	0.168435969810688	1.70454127767441	2.35457609630419
1.80412651343784	0.143810496751729	1.52225793980445	2.08599508707123	1.78833509809665	0.145621269739908	1.50291740940643	2.07375278678687	1.78833509809665	0.143810496751729	1.52414609027239	2.06994827354414
2.01205408590395	0.18587437390188	1.64774031305626	2.37636785875163	2.01596755667182	0.184840910247314	1.65367937258709	2.37825574075656	2.01596755667182	0.18587437390188	1.63547352642217	2.3681265573641
1.96024579294912	0.15867913525689	1.64923468784562	2.27125689805263	1.96696219970841	0.153454046000221	1.66619226954798	2.26773212986884	1.96696219970841	0.15867913525689	1.67057223994045	2.30300427133566
1.78809218034441	0.168506312229503	1.45781980837459	2.11836455231424	1.81651618901913	0.176045168378103	1.47146765899804	2.16156471904021	1.81651618901913	0.168506312229503	1.50857235729229	2.16011449527579
2.22825766001953	0.141271001831481	1.95136649642983	2.50514882360924	2.2335832654039	0.150795658856865	1.93802377404444	2.52914275676335	2.2335832654039	0.141271001831481	1.97171077362024	2.51658763321475
1.90210682739317	0.14091604257297	1.62591138395015	2.17830227083619	1.87776290913112	0.135994060760271	1.61121455004099	2.14431126822125	1.87776290913112	0.14091604257297	1.58343493226848	2.15938540867976
2.04385057810111	0.150260767020179	1.74933947474156	2.33836168146066	2.05422369294051	0.154640502326619	1.75112830838034	2.35731907750068	2.05422369294051	0.150260767020179	1.77226791120233	2.33488661657371
1.75116374945351	0.148919789716223	1.45928096160971	2.0430465372973	1.76589902531146	0.153638525288085	1.46476751574681	2.06703053487611	1.76589902531146	0.148919789716223	1.4780312390059	2.05668608777794
1.93653943911383	0.178685310130941	1.58631623125719	2.28676264697048	1.98687021984102	0.180197239301414	1.63368363081025	2.34005680887179	1.98687021984102	0.178685310130941	1.6649477863569	2.35652489236607
1.96109241581426	0.169399110972288	1.62907015830857	2.29311467331994	1.94295985105062	0.167795528625836	1.61408061494398	2.27183908715726	1.94295985105062	0.169399110972288	1.60328649419973	2.25640028651723
2.04939237787589	0.178921299488295	1.69870663087883	2.40007812487295	1.95784329294735	0.175181940567555	1.61448668943494	2.30119989645976	1.95784329294735	0.178921299488295	1.6056048688257	2.29858695222264
1.87144354252914	0.172984897816399	1.532393142809	2.21049394224928	1.85767282548896	0.172334824229777	1.5198965699986	2.19544908097932	1.85767282548896	0.172984897816399	1.49785879339317	2.17563439539417
2.06377702635292	0.152969066440141	1.76395765613025	2.3635963965756	2.05792802206579	0.15946240003049	1.74538171800603	2.37047432612555	2.05792802206579	0.152969066440141	1.75144007423013	2.35295499000605
2.12668670647042	0.204983667871787	1.72491871744172	2.52845469549913	2.1431291767637	0.180893344740204	1.7885782210729	2.4976801324545	2.1431291767637	0.204983667871787	1.73670067887292	2.49975567495456
2.11296437034866	0.153507504126544	1.81208966226063	2.41383907843669	2.10690939358886	0.150056940200325	1.81279779079622	2.40102099638149	2.10690939358886	0.153507504126544	1.81798863442455	2.41464135284154
2.21129940080282	0.150015528710799	1.91726896452965	2.50532983707599	2.21402550473031	0.158042089361885	1.90426300958102	2.52378799987961	2.21402550473031	0.150015528710799	1.92907096872188	2.5068882667247
2.0014533129292	0.150015941564735	1.70742206746232	2.29548455839608	1.98912429622088	0.149447127116884	1.69620792707179	2.28204066536997	1.98912429622088	0.150015941564735	1.69384071760226	2.29391094105106
2.18329515413807	0.132479014186285	1.92363628633295	2.44295402194319	2.15330462978501	0.124759997800728	1.90877503409558	2.39783422547444	2.15330462978501	0.132479014186285	1.88056191857336	2.38476755275952
1.92483119719865	0.149888369190944	1.6310499935844	2.2186124008129	1.9375687357898	0.152570862841517	1.63852984462043	2.23660762695918	1.9375687357898	0.149888369190944	1.65535744825922	2.25806490987225
2.029512485566	0.171164008557295	1.6940310287937	2.3649939423383	2.02969024431996	0.168824822704798	1.69879359181855	2.36058689682136	2.02969024431996	0.171164008557295	1.68770229002677	2.37344731515262
2.05577435751907	0.155318191106475	1.75135070295037	2.36019801208776	2.07192235694321	0.156982762366123	1.76423614270561	2.37960857118081	2.07192235694321	0.155318191106475	1.75870297983323	2.36304330394107
2.05075273589851	0.220331550467377	1.61890289698245	2.48260257481457	2.06899831440615	0.20832899547687	1.66067348327148	2.47732314554081	2.06899831440615	0.220331550467377	1.64069834236935	2.52140563683959
2.00511110025259	0.151236072721082	1.70868839771927	2.30153380278591	1.98567193285339	0.155957324887759	1.67999557607338	2.29134828963339	1.98567193285339	0.151236072721082	1.69515090289309	2.27460590786007
2.05574547792437	0.153038017906914	1.75579096282682	2.35569999302193	2.03843127227841	0.150709049361033	1.74304153553079	2.33382100902604	2.03843127227841	0.153038017906914	1.74057998134092	2.32217812832169
2.07526116852917	0.168250539434175	1.74549011123818	2.40503222582015	2.14982690104952	0.159533747983986	1.8371407550009	2.46251304709813	2.14982690104952	0.168250539434175	1.82546272581087	2.4838151514954
1.82714033984566	0.142676558885267	1.54749428443054	2.10678639526078	1.84148890175958	0.139379776695635	1.56830453943614	2.11467326408303	1.84148890175958	0.142676558885267	1.56769597438985	2.11469035972674
2.16105020152928	0.154275860580681	1.85866951479115	2.46343088826742	2.11521777681684	0.151892090673723	1.81750927909634	2.41292627453734	2.11521777681684	0.154275860580681	1.82192710687293	2.4234478856259
2.13834317425001	0.173500676474226	1.79828184836053	2.47840450013949	2.14865272602527	0.17314305259767	1.80929234293384	2.48801310911671	2.14865272602527	0.173500676474226	1.79554378043439	2.48146774745059
1.94718645758194	0.148603284594864	1.65592401977601	2.23844889538787	1.94942528712348	0.151613501111479	1.65226282494499	2.24658774930198	1.94942528712348	0.148603284594864	1.67062661043623	2.22707311390892
1.85768708550548	0.231851463480216	1.40325821708426	2.3121159539267	1.74441049023071	0.217153132212625	1.31879035109396	2.17003062936745	1.74441049023071	0.231851463480216	1.2263151371474	2.15774038264377
2.06447819637258	0.210887119412162	1.65113944232474	2.47781695042042	1.97910885777444	0.202205209916423	1.58278664633825	2.37543106921063	1.97910885777444	0.210887119412162	1.57672921571947	2.42833657344211
1.73900979855724	0.143455248836863	1.45783751083698	2.02018208627749	1.735537344425	0.145278140401388	1.45079218923828	2.02028249961172	1.735537344425	0.143455248836863	1.44320540106619	2.00561770461419
2.2623541569615	0.16175838330974	1.94530772567441	2.57940058824859	2.26910323090583	0.164420804681703	1.94683845372969	2.59136800808197	2.26910323090583	0.16175838330974	1.97371356805263	2.59948629304334
2.04911933693846	0.146585363698355	1.76181202408969	2.33642664978724	2.03561832843274	0.14688376519091	1.74772614865856	2.32351050820693	2.03561832843274	0.146585363698355	1.72908952679989	2.32743833183368
1.8742381120103	0.172862813182378	1.53542699817284	2.21304922584776	1.85212848167674	0.162612345445797	1.53340828460298	2.17084867875051	1.85212848167674	0.172862813182378	1.52903068003452	2.19271620344226
1.84859021007487	0.144717659525155	1.56494359740556	2.13223682274417	1.83474668089419	0.141556754121878	1.55729544281531	2.11219791897307	1.83474668089419	0.144717659525155	1.53519291167119	2.11279141105638
1.66216495066508	0.184964883419631	1.2996337791626	2.02469612216755	1.79237458258023	0.176639357581008	1.44616144172146	2.13858772343901	1.79237458258023	0.184964883419631	1.45207207677173	2.14327132544568
1.96100287896989	0.184099302400493	1.60016824626492	2.32183751167485	2.04711606086204	0.172507583575024	1.70900119705499	2.38523092466908	2.04711606086204	0.184099302400493	1.73482217413004	2.46993568724632
2.23139836093644	0.156590210164379	1.92448154901426	2.53831517285863	2.18694559559621	0.155481735304716	1.88220139439896	2.49168979679345	2.18694559559621	0.156590210164379	1.87351657051779	2.47471731189685
1.99621488246854	0.164683270397689	1.67343567248907	2.31899409244802	2.04374386230891	0.16760612340245	1.7152358604401	2.37225186417771	2.04374386230891	0.164683270397689	1.74229497148043	2.39534897566698
1.87429814740102	0.139046326869877	1.60176734673606	2.14682894806598	1.87532993235575	0.146681545127684	1.58783410390549	2.16282576080601	1.87532993235575	0.139046326869877	1.60060374134863	2.14571523104451
2.11763945358837	0.165021596035678	1.79419712535844	2.4410817818183	2.08302732454079	0.166511378393167	1.75666502289018	2.40938962619139	2.08302732454079	0.165021596035678	1.74062266313746	2.39028000996022
1.74128440790451	0.158702582778742	1.43022734565818	2.05234147015084	1.73636731323026	0.161835142216054	1.4191704344868	2.05356419197373	1.73636731323026	0.158702582778742	1.43491337277101	2.05497877923837
2.14242246647908	0.163156057552681	1.82263659367583	2.46220833928234	2.10588848729704	0.167667760787637	1.77725967615327	2.43451729844081	2.10588848729704	0.163156057552681	1.77467396900833	2.40923685502049
2.10599075083654	0.169913217278183	1.7729608449713	2.43902065670178	2.11734695276824	0.158574659196826	1.80654062074246	2.42815328479402	2.11734695276824	0.169913217278183	1.78043190109758	2.45005396629317
1.99057576266689	0.154874083474414	1.68702255905703	2.29412896627674	2.0290264975902	0.142604304189227	1.74952206137931	2.30853093380109	2.0290264975902	0.154874083474414	1.72925180293439	2.33817450528336
1.92462911174065	0.192940596934372	1.54646554174928	2.30279268173202	1.94018096335785	0.189413378673173	1.56893074115843	2.31143118555727	1.94018096335785	0.192940596934372	1.58192455976252	2.33806867363479
2.11823138296781	0.190135421246008	1.74556595732563	2.49089680860998	2.15918846329461	0.173553693303184	1.81902322442037	2.49935370216885	2.15918846329461	0.190135421246008	1.85070169250125	2.5975617402817
1.67698433802682	0.155431733891361	1.37233813959975	1.98163053645389	1.66877313692914	0.155351185929939	1.36428481250646	1.97326146135182	1.66877313692914	0.155431733891361	1.35674288809161	1.97840609634818
1.93507274606943	0.164649247878904	1.61236022022677	2.25778527191208	1.92901103381876	0.158049926014238	1.61923317883085	2.23878888880667	1.92901103381876	0.164649247878904	1.57929360480719	2.25315836628432
1.85114595688122	0.154835641145326	1.54766810023639	2.15462381352606	1.86614961502244	0.154179485140127	1.56395782414779	2.16834140589709	1.86614961502244	0.154835641145326	1.56586647356277	2.17287554600339
2.17561199358155	0.172270819898524	1.83796118658044	2.51326280058266	2.1791485209458	0.176626865932845	1.83295986371742	2.52533717817417	2.1791485209458	0.172270819898524	1.83141992642481	2.5038545149542
1.72958423574157	0.160887650462383	1.4142444408353	2.04492403064784	1.70508310332551	0.170510193946503	1.37088312319037	2.03928308346066	1.70508310332551	0.160887650462383	1.37468977587853	2.02117119812558
1.98022113633997	0.150800917559112	1.68465133792411	2.27579093475583	1.98732996269067	0.159523036609592	1.67466481093587	2.29999511444547	1.98732996269067	0.150800917559112	1.69637397294478	2.27862859404688
1.85227866227289	0.175270069003069	1.50874932702687	2.1958079975189	1.85995958953409	0.171631137036857	1.52356256094185	2.19635661812633	1.85995958953409	0.175270069003069	1.53645060808353	2.2444686863337
2.02407070500257	0.188743396316056	1.6541336482231	2.39400776178204	2.00731119015106	0.17820036482211	1.65803847509973	2.3565839052024	2.00731119015106	0.188743396316056	1.6231142113297	2.33767854039351
2.21174352522785	0.142825156310932	1.93180621885842	2.49168083159728	2.23543406434317	0.144000406236984	1.95319326811868	2.51767486056766	2.23543406434317	0.142825156310932	1.96379232951732	2.51080102761624
2.02261377168262	0.155486829967997	1.71785958494534	2.32736795841989	2.01510550883715	0.172175133250484	1.6776422476662	2.35256877000809	2.01510550883715	0.155486829967997	1.71351544785265	2.30883112334695
1.59050856631044	0.159500697238648	1.27788719972269	1.90312993289819	1.59191875982516	0.167853221045737	1.26292644657551	1.9209110730748	1.59191875982516	0.159500697238648	1.28811475501914	1.88972843777628
1.91193156479337	0.177176697561385	1.56466523757306	2.25919789201369	1.9727387037482	0.178372279592847	1.62312903574622	2.32234837175018	1.9727387037482	0.177176697561385	1.64508702391754	2.34923809835958
1.86091042801841	0.161764371464195	1.54385225994859	2.17796859608823	1.84343606336594	0.162185218630373	1.52555303485041	2.16131909188147	1.84343606336594	0.161764371464195	1.52804531083635	2.17612788884222
2.09064254259881	0.178179955278882	1.7414098302522	2.43987525494541	2.02140542124015	0.184216495216141	1.66034109061652	2.38246975186379	2.02140542124015	0.178179955278882	1.6713609481906	2.37436636794632
1.66513899951194	0.184276238577157	1.30395757190072	2.02632042712317	1.65603449457557	0.185512584534898	1.29242982888717	2.01963916026397	1.65603449457557	0.184276238577157	1.29791916791977	2.03486158986166
2.00525310665618	0.146165824939712	1.71876808977434	2.29173812353801	2.0170300131744	0.154824548627468	1.71357389786457	2.32048612848424	2.0170300131744	0.146165824939712	1.74063087213438	2.2946630973588
1.90926463225642	0.168256316697872	1.57948225152859	2.23904701298425	1.93220997126184	0.169708407394107	1.59958149276939	2.26483844975429	1.93220997126184	0.168256316697872	1.62021204493357	2.2863658048331
2.08359980378676	0.164407067692981	1.76136195110852	2.405837656465	2.07511014867834	0.174272935817852	1.73353519447535	2.41668510288133	2.07511014867834	0.164407067692981	1.7541439739818	2.39524359093496
2.17331108897291	0.1405161691075	1.89789939752221	2.44872278042361	2.14892512695288	0.14586046131954	1.86303862276658	2.43481163113918	2.14892512695288	0.1405161691075	1.85261122988625	2.43504969495008
1.89575800844699	0.165338668682902	1.5716942178285	2.21982179906547	1.849179235117	0.165769080361822	1.52427183760783	2.17408663262617	1.849179235117	0.165338668682902	1.51672218203233	2.17089844403386
2.2825771622588	0.14003370632738	2.00811109785714	2.55704322666047	2.26908057206463	0.14101829617313	1.99268471156529	2.54547643256396	2.26908057206463	0.14003370632738	2.00261121939398	2.53455417705758
2.08599424053331	0.170713186294876	1.75139639539535	2.42059208567127	2.10960679515982	0.170755671639188	1.77492567874702	2.44428791157263	2.10960679515982	0.170713186294876	1.78331915440011	2.45018808395114
1.86238457225072	0.185864733873311	1.49808969385903	2.22667945064241	1.84053932909572	0.198639047147622	1.45120679668638	2.22987186150506	1.84053932909572	0.185864733873311	1.45893066271166	2.18907208722956
1.86784913121949	0.164952583210485	1.54454206812694	2.19115619431204	1.82572011954143	0.16514151650397	1.50204274719365	2.14939749188921	1.82572011954143	0.164952583210485	1.51148885253618	2.13965047333724
1.84821275654076	0.146601717332086	1.56087339056987	2.13555212251165	1.85024152405621	0.151657572349024	1.55299268225212	2.1474903658603	1.85024152405621	0.146601717332086	1.57977294754018	2.15033097015572
2.13237282312944	0.150883247539263	1.83664165795249	2.4281039883064	2.08725447455362	0.150611179923412	1.79205656190374	2.38245238720351	2.08725447455362	0.150883247539263	1.79855901163769	2.37612751404725
1.90532030480491	0.154171965479552	1.60314325246499	2.20749735714483	1.95389371745889	0.145752864016143	1.66821810398724	2.23956933093053	1.95389371745889	0.154171965479552	1.6433528751253	2.2526027246753
1.98281922287228	0.14063317149641	1.70717820673931	2.25846023900524	1.97490667458205	0.145755156750516	1.68922656735104	2.26058678181306	1.97490667458205	0.14063317149641	1.6833947443203	2.24371190460993
2.12160381124059	0.157884752144243	1.81214969703787	2.4310579254433	2.13599108477118	0.15643630492765	1.82937592711299	2.44260624242938	2.13599108477118	0.157884752144243	1.83084394687754	2.44483980499364
2.17480539223973	0.177180201590761	1.82753219712184	2.52207858735763	2.125371455535	0.172656759862048	1.78696420620538	2.46377870486461	2.125371455535	0.177180201590761	1.78980485529316	2.46521391719576
1.86495883389411	0.157948438785316	1.55537989387489	2.17453777391333	1.87958272311679	0.152327732255229	1.58102036789655	2.17814507833704	1.87958272311679	0.157948438785316	1.58802600787383	2.20759855828988
2.04821122913738	0.244870409375411	1.56826522676158	2.52815723151319	2.05855203191668	0.189199326161632	1.68772135263988	2.42938271119348	2.05855203191668	0.244870409375411	1.50237375135511	2.44468595745593
2.12769129755438	0.158159446236836	1.81769878293018	2.43768381217858	2.13151478583044	0.167442211851531	1.80332805060143	2.45970152105944	2.13151478583044	0.158159446236836	1.83503048866327	2.42755516838575
2.3534524754228	0.171078029511215	2.01813953758082	2.68876541326479	2.3078864759298	0.166009688283336	1.98250748689446	2.63326546496514	2.3078864759298	0.171078029511215	1.95860086547881	2.62032369332758
1.88250178087468	0.203182967469561	1.48426316463434	2.28074039711502	1.81827778372472	0.201371737608301	1.42358917801245	2.21296638943699	1.81827778372472	0.203182967469561	1.39894655169485	2.1853978391635
2.03810300229908	0.145705390657044	1.75252043661127	2.32368556798689	2.03489599016142	0.152652543225258	1.73569700543992	2.33409497488293	2.03489599016142	0.145705390657044	1.74143112657855	2.31086237620503
NA	NA	NA	NA	NA	NA	NA	NA	NA	NA	NA	NA
NA	NA	NA	NA	NA	NA	NA	NA	NA	NA	NA	NA
NA	NA	NA	NA	NA	NA	NA	NA	NA	NA	NA	NA
NA	NA	NA	NA	NA	NA	NA	NA	NA	NA	NA	NA
NA	NA	NA	NA	NA	NA	NA	NA	NA	NA	NA	NA
NA	NA	NA	NA	NA	NA	NA	NA	NA	NA	NA	NA
NA	NA	NA	NA	NA	NA	NA	NA	NA	NA	NA	NA
NA	NA	NA	NA	NA	NA	NA	NA	NA	NA	NA	NA
NA	NA	NA	NA	NA	NA	NA	NA	NA	NA	NA	NA
NA	NA	NA	NA	NA	NA	NA	NA	NA	NA	NA	NA
NA	NA	NA	NA	NA	NA	NA	NA	NA	NA	NA	NA
NA	NA	NA	NA	NA	NA	NA	NA	NA	NA	NA	NA
NA	NA	NA	NA	NA	NA	NA	NA	NA	NA	NA	NA
NA	NA	NA	NA	NA	NA	NA	NA	NA	NA	NA	NA
NA	NA	NA	NA	NA	NA	NA	NA	NA	NA	NA	NA
NA	NA	NA	NA	NA	NA	NA	NA	NA	NA	NA	NA
NA	NA	NA	NA	NA	NA	NA	NA	NA	NA	NA	NA
NA	NA	NA	NA	NA	NA	NA	NA	NA	NA	NA	NA
NA	NA	NA	NA	NA	NA	NA	NA	NA	NA	NA	NA
NA	NA	NA	NA	NA	NA	NA	NA	NA	NA	NA	NA
NA	NA	NA	NA	NA	NA	NA	NA	NA	NA	NA	NA
NA	NA	NA	NA	NA	NA	NA	NA	NA	NA	NA	NA
NA	NA	NA	NA	NA	NA	NA	NA	NA	NA	NA	NA
NA	NA	NA	NA	NA	NA	NA	NA	NA	NA	NA	NA
NA	NA	NA	NA	NA	NA	NA	NA	NA	NA	NA	NA
NA	NA	NA	NA	NA	NA	NA	NA	NA	NA	NA	NA
NA	NA	NA	NA	NA	NA	NA	NA	NA	NA	NA	NA
NA	NA	NA	NA	NA	NA	NA	NA	NA	NA	NA	NA
NA	NA	NA	NA	NA	NA	NA	NA	NA	NA	NA	NA
NA	NA	NA	NA	NA	NA	NA	NA	NA	NA	NA	NA
NA	NA	NA	NA	NA	NA	NA	NA	NA	NA	NA	NA
NA	NA	NA	NA	NA	NA	NA	NA	NA	NA	NA	NA
NA	NA	NA	NA	NA	NA	NA	NA	NA	NA	NA	NA
NA	NA	NA	NA	NA	NA	NA	NA	NA	NA	NA	NA
NA	NA	NA	NA	NA	NA	NA	NA	NA	NA	NA	NA
NA	NA	NA	NA	NA	NA	NA	NA	NA	NA	NA	NA
NA	NA	NA	NA	NA	NA	NA	NA	NA	NA	NA	NA
NA	NA	NA	NA	NA	NA	NA	NA	NA	NA	NA	NA
NA	NA	NA	NA	NA	NA	NA	NA	NA	NA	NA	NA
NA	NA	NA	NA	NA	NA	NA	NA	NA	NA	NA	NA
NA	NA	NA	NA	NA	NA	NA	NA	NA	NA	NA	NA
NA	NA	NA	NA	NA	NA	NA	NA	NA	NA	NA	NA
NA	NA	NA	NA	NA	NA	NA	NA	NA	NA	NA	NA
NA	NA	NA	NA	NA	NA	NA	NA	NA	NA	NA	NA
NA	NA	NA	NA	NA	NA	NA	NA	NA	NA	NA	NA
NA	NA	NA	NA	NA	NA	NA	NA	NA	NA	NA	NA
NA	NA	NA	NA	NA	NA	NA	NA	NA	NA	NA	NA
NA	NA	NA	NA	NA	NA	NA	NA	NA	NA	NA	NA
NA	NA	NA	NA	NA	NA	NA	NA	NA	NA	NA	NA
NA	NA	NA	NA	NA	NA	NA	NA	NA	NA	NA	NA
NA	NA	NA	NA	NA	NA	NA	NA	NA	NA	NA	NA
NA	NA	NA	NA	NA	NA	NA	NA	NA	NA	NA	NA
NA	NA	NA	NA	NA	NA	NA	NA	NA	NA	NA	NA
NA	NA	NA	NA	NA	NA	NA	NA	NA	NA	NA	NA
NA	NA	NA	NA	NA	NA	NA	NA	NA	NA	NA	NA
NA	NA	NA	NA	NA	NA	NA	NA	NA	NA	NA	NA
NA	NA	NA	NA	NA	NA	NA	NA	NA	NA	NA	NA
NA	NA	NA	NA	NA	NA	NA	NA	NA	NA	NA	NA
NA	NA	NA	NA	NA	NA	NA	NA	NA	NA	NA	NA
NA	NA	NA	NA	NA	NA	NA	NA	NA	NA	NA	NA
NA	NA	NA	NA	NA	NA	NA	NA	NA	NA	NA	NA
NA	NA	NA	NA	NA	NA	NA	NA	NA	NA	NA	NA
NA	NA	NA	NA	NA	NA	NA	NA	NA	NA	NA	NA
NA	NA	NA	NA	NA	NA	NA	NA	NA	NA	NA	NA
NA	NA	NA	NA	NA	NA	NA	NA	NA	NA	NA	NA
NA	NA	NA	NA	NA	NA	NA	NA	NA	NA	NA	NA
NA	NA	NA	NA	NA	NA	NA	NA	NA	NA	NA	NA
NA	NA	NA	NA	NA	NA	NA	NA	NA	NA	NA	NA
NA	NA	NA	NA	NA	NA	NA	NA	NA	NA	NA	NA
NA	NA	NA	NA	NA	NA	NA	NA	NA	NA	NA	NA
NA	NA	NA	NA	NA	NA	NA	NA	NA	NA	NA	NA
NA	NA	NA	NA	NA	NA	NA	NA	NA	NA	NA	NA
NA	NA	NA	NA	NA	NA	NA	NA	NA	NA	NA	NA
NA	NA	NA	NA	NA	NA	NA	NA	NA	NA	NA	NA
NA	NA	NA	NA	NA	NA	NA	NA	NA	NA	NA	NA
NA	NA	NA	NA	NA	NA	NA	NA	NA	NA	NA	NA
NA	NA	NA	NA	NA	NA	NA	NA	NA	NA	NA	NA
NA	NA	NA	NA	NA	NA	NA	NA	NA	NA	NA	NA
NA	NA	NA	NA	NA	NA	NA	NA	NA	NA	NA	NA
NA	NA	NA	NA	NA	NA	NA	NA	NA	NA	NA	NA
NA	NA	NA	NA	NA	NA	NA	NA	NA	NA	NA	NA
NA	NA	NA	NA	NA	NA	NA	NA	NA	NA	NA	NA
NA	NA	NA	NA	NA	NA	NA	NA	NA	NA	NA	NA
NA	NA	NA	NA	NA	NA	NA	NA	NA	NA	NA	NA
NA	NA	NA	NA	NA	NA	NA	NA	NA	NA	NA	NA
NA	NA	NA	NA	NA	NA	NA	NA	NA	NA	NA	NA
NA	NA	NA	NA	NA	NA	NA	NA	NA	NA	NA	NA
NA	NA	NA	NA	NA	NA	NA	NA	NA	NA	NA	NA
NA	NA	NA	NA	NA	NA	NA	NA	NA	NA	NA	NA
NA	NA	NA	NA	NA	NA	NA	NA	NA	NA	NA	NA
NA	NA	NA	NA	NA	NA	NA	NA	NA	NA	NA	NA
NA	NA	NA	NA	NA	NA	NA	NA	NA	NA	NA	NA
NA	NA	NA	NA	NA	NA	NA	NA	NA	NA	NA	NA
NA	NA	NA	NA	NA	NA	NA	NA	NA	NA	NA	NA
NA	NA	NA	NA	NA	NA	NA	NA	NA	NA	NA	NA
NA	NA	NA	NA	NA	NA	NA	NA	NA	NA	NA	NA
NA	NA	NA	NA	NA	NA	NA	NA	NA	NA	NA	NA
NA	NA	NA	NA	NA	NA	NA	NA	NA	NA	NA	NA
NA	NA	NA	NA	NA	NA	NA	NA	NA	NA	NA	NA
NA	NA	NA	NA	NA	NA	NA	NA	NA	NA	NA	NA
NA	NA	NA	NA	NA	NA	NA	NA	NA	NA	NA	NA
NA	NA	NA	NA	NA	NA	NA	NA	NA	NA	NA	NA
NA	NA	NA	NA	NA	NA	NA	NA	NA	NA	NA	NA
NA	NA	NA	NA	NA	NA	NA	NA	NA	NA	NA	NA
NA	NA	NA	NA	NA	NA	NA	NA	NA	NA	NA	NA
NA	NA	NA	NA	NA	NA	NA	NA	NA	NA	NA	NA
NA	NA	NA	NA	NA	NA	NA	NA	NA	NA	NA	NA
NA	NA	NA	NA	NA	NA	NA	NA	NA	NA	NA	NA
NA	NA	NA	NA	NA	NA	NA	NA	NA	NA	NA	NA
NA	NA	NA	NA	NA	NA	NA	NA	NA	NA	NA	NA
NA	NA	NA	NA	NA	NA	NA	NA	NA	NA	NA	NA
NA	NA	NA	NA	NA	NA	NA	NA	NA	NA	NA	NA
NA	NA	NA	NA	NA	NA	NA	NA	NA	NA	NA	NA
NA	NA	NA	NA	NA	NA	NA	NA	NA	NA	NA	NA
NA	NA	NA	NA	NA	NA	NA	NA	NA	NA	NA	NA
NA	NA	NA	NA	NA	NA	NA	NA	NA	NA	NA	NA
NA	NA	NA	NA	NA	NA	NA	NA	NA	NA	NA	NA
NA	NA	NA	NA	NA	NA	NA	NA	NA	NA	NA	NA
NA	NA	NA	NA	NA	NA	NA	NA	NA	NA	NA	NA
NA	NA	NA	NA	NA	NA	NA	NA	NA	NA	NA	NA
NA	NA	NA	NA	NA	NA	NA	NA	NA	NA	NA	NA
NA	NA	NA	NA	NA	NA	NA	NA	NA	NA	NA	NA
NA	NA	NA	NA	NA	NA	NA	NA	NA	NA	NA	NA
NA	NA	NA	NA	NA	NA	NA	NA	NA	NA	NA	NA
NA	NA	NA	NA	NA	NA	NA	NA	NA	NA	NA	NA
NA	NA	NA	NA	NA	NA	NA	NA	NA	NA	NA	NA
NA	NA	NA	NA	NA	NA	NA	NA	NA	NA	NA	NA
NA	NA	NA	NA	NA	NA	NA	NA	NA	NA	NA	NA
NA	NA	NA	NA	NA	NA	NA	NA	NA	NA	NA	NA
NA	NA	NA	NA	NA	NA	NA	NA	NA	NA	NA	NA
NA	NA	NA	NA	NA	NA	NA	NA	NA	NA	NA	NA
NA	NA	NA	NA	NA	NA	NA	NA	NA	NA	NA	NA
NA	NA	NA	NA	NA	NA	NA	NA	NA	NA	NA	NA
NA	NA	NA	NA	NA	NA	NA	NA	NA	NA	NA	NA
NA	NA	NA	NA	NA	NA	NA	NA	NA	NA	NA	NA
NA	NA	NA	NA	NA	NA	NA	NA	NA	NA	NA	NA
NA	NA	NA	NA	NA	NA	NA	NA	NA	NA	NA	NA
NA	NA	NA	NA	NA	NA	NA	NA	NA	NA	NA	NA
NA	NA	NA	NA	NA	NA	NA	NA	NA	NA	NA	NA
NA	NA	NA	NA	NA	NA	NA	NA	NA	NA	NA	NA
NA	NA	NA	NA	NA	NA	NA	NA	NA	NA	NA	NA
NA	NA	NA	NA	NA	NA	NA	NA	NA	NA	NA	NA
NA	NA	NA	NA	NA	NA	NA	NA	NA	NA	NA	NA
NA	NA	NA	NA	NA	NA	NA	NA	NA	NA	NA	NA
NA	NA	NA	NA	NA	NA	NA	NA	NA	NA	NA	NA
NA	NA	NA	NA	NA	NA	NA	NA	NA	NA	NA	NA
NA	NA	NA	NA	NA	NA	NA	NA	NA	NA	NA	NA
NA	NA	NA	NA	NA	NA	NA	NA	NA	NA	NA	NA
NA	NA	NA	NA	NA	NA	NA	NA	NA	NA	NA	NA
NA	NA	NA	NA	NA	NA	NA	NA	NA	NA	NA	NA
NA	NA	NA	NA	NA	NA	NA	NA	NA	NA	NA	NA
NA	NA	NA	NA	NA	NA	NA	NA	NA	NA	NA	NA
NA	NA	NA	NA	NA	NA	NA	NA	NA	NA	NA	NA
NA	NA	NA	NA	NA	NA	NA	NA	NA	NA	NA	NA
NA	NA	NA	NA	NA	NA	NA	NA	NA	NA	NA	NA
NA	NA	NA	NA	NA	NA	NA	NA	NA	NA	NA	NA
NA	NA	NA	NA	NA	NA	NA	NA	NA	NA	NA	NA
NA	NA	NA	NA	NA	NA	NA	NA	NA	NA	NA	NA
NA	NA	NA	NA	NA	NA	NA	NA	NA	NA	NA	NA
NA	NA	NA	NA	NA	NA	NA	NA	NA	NA	NA	NA
NA	NA	NA	NA	NA	NA	NA	NA	NA	NA	NA	NA
NA	NA	NA	NA	NA	NA	NA	NA	NA	NA	NA	NA
NA	NA	NA	NA	NA	NA	NA	NA	NA	NA	NA	NA
NA	NA	NA	NA	NA	NA	NA	NA	NA	NA	NA	NA
NA	NA	NA	NA	NA	NA	NA	NA	NA	NA	NA	NA
NA	NA	NA	NA	NA	NA	NA	NA	NA	NA	NA	NA
NA	NA	NA	NA	NA	NA	NA	NA	NA	NA	NA	NA
NA	NA	NA	NA	NA	NA	NA	NA	NA	NA	NA	NA
NA	NA	NA	NA	NA	NA	NA	NA	NA	NA	NA	NA
NA	NA	NA	NA	NA	NA	NA	NA	NA	NA	NA	NA
NA	NA	NA	NA	NA	NA	NA	NA	NA	NA	NA	NA
NA	NA	NA	NA	NA	NA	NA	NA	NA	NA	NA	NA
NA	NA	NA	NA	NA	NA	NA	NA	NA	NA	NA	NA
NA	NA	NA	NA	NA	NA	NA	NA	NA	NA	NA	NA
NA	NA	NA	NA	NA	NA	NA	NA	NA	NA	NA	NA
NA	NA	NA	NA	NA	NA	NA	NA	NA	NA	NA	NA
NA	NA	NA	NA	NA	NA	NA	NA	NA	NA	NA	NA
NA	NA	NA	NA	NA	NA	NA	NA	NA	NA	NA	NA
NA	NA	NA	NA	NA	NA	NA	NA	NA	NA	NA	NA
NA	NA	NA	NA	NA	NA	NA	NA	NA	NA	NA	NA
NA	NA	NA	NA	NA	NA	NA	NA	NA	NA	NA	NA
NA	NA	NA	NA	NA	NA	NA	NA	NA	NA	NA	NA
NA	NA	NA	NA	NA	NA	NA	NA	NA	NA	NA	NA
NA	NA	NA	NA	NA	NA	NA	NA	NA	NA	NA	NA
NA	NA	NA	NA	NA	NA	NA	NA	NA	NA	NA	NA
NA	NA	NA	NA	NA	NA	NA	NA	NA	NA	NA	NA
NA	NA	NA	NA	NA	NA	NA	NA	NA	NA	NA	NA
NA	NA	NA	NA	NA	NA	NA	NA	NA	NA	NA	NA
NA	NA	NA	NA	NA	NA	NA	NA	NA	NA	NA	NA
NA	NA	NA	NA	NA	NA	NA	NA	NA	NA	NA	NA
NA	NA	NA	NA	NA	NA	NA	NA	NA	NA	NA	NA
NA	NA	NA	NA	NA	NA	NA	NA	NA	NA	NA	NA
NA	NA	NA	NA	NA	NA	NA	NA	NA	NA	NA	NA
NA	NA	NA	NA	NA	NA	NA	NA	NA	NA	NA	NA
NA	NA	NA	NA	NA	NA	NA	NA	NA	NA	NA	NA
NA	NA	NA	NA	NA	NA	NA	NA	NA	NA	NA	NA
NA	NA	NA	NA	NA	NA	NA	NA	NA	NA	NA	NA
NA	NA	NA	NA	NA	NA	NA	NA	NA	NA	NA	NA
NA	NA	NA	NA	NA	NA	NA	NA	NA	NA	NA	NA
NA	NA	NA	NA	NA	NA	NA	NA	NA	NA	NA	NA
NA	NA	NA	NA	NA	NA	NA	NA	NA	NA	NA	NA
NA	NA	NA	NA	NA	NA	NA	NA	NA	NA	NA	NA
NA	NA	NA	NA	NA	NA	NA	NA	NA	NA	NA	NA
NA	NA	NA	NA	NA	NA	NA	NA	NA	NA	NA	NA
NA	NA	NA	NA	NA	NA	NA	NA	NA	NA	NA	NA
NA	NA	NA	NA	NA	NA	NA	NA	NA	NA	NA	NA
NA	NA	NA	NA	NA	NA	NA	NA	NA	NA	NA	NA
NA	NA	NA	NA	NA	NA	NA	NA	NA	NA	NA	NA
NA	NA	NA	NA	NA	NA	NA	NA	NA	NA	NA	NA
NA	NA	NA	NA	NA	NA	NA	NA	NA	NA	NA	NA
NA	NA	NA	NA	NA	NA	NA	NA	NA	NA	NA	NA
NA	NA	NA	NA	NA	NA	NA	NA	NA	NA	NA	NA
NA	NA	NA	NA	NA	NA	NA	NA	NA	NA	NA	NA
NA	NA	NA	NA	NA	NA	NA	NA	NA	NA	NA	NA
NA	NA	NA	NA	NA	NA	NA	NA	NA	NA	NA	NA
NA	NA	NA	NA	NA	NA	NA	NA	NA	NA	NA	NA
NA	NA	NA	NA	NA	NA	NA	NA	NA	NA	NA	NA
NA	NA	NA	NA	NA	NA	NA	NA	NA	NA	NA	NA
NA	NA	NA	NA	NA	NA	NA	NA	NA	NA	NA	NA
NA	NA	NA	NA	NA	NA	NA	NA	NA	NA	NA	NA
NA	NA	NA	NA	NA	NA	NA	NA	NA	NA	NA	NA
NA	NA	NA	NA	NA	NA	NA	NA	NA	NA	NA	NA
NA	NA	NA	NA	NA	NA	NA	NA	NA	NA	NA	NA
NA	NA	NA	NA	NA	NA	NA	NA	NA	NA	NA	NA
NA	NA	NA	NA	NA	NA	NA	NA	NA	NA	NA	NA
NA	NA	NA	NA	NA	NA	NA	NA	NA	NA	NA	NA
NA	NA	NA	NA	NA	NA	NA	NA	NA	NA	NA	NA
NA	NA	NA	NA	NA	NA	NA	NA	NA	NA	NA	NA
NA	NA	NA	NA	NA	NA	NA	NA	NA	NA	NA	NA
NA	NA	NA	NA	NA	NA	NA	NA	NA	NA	NA	NA
NA	NA	NA	NA	NA	NA	NA	NA	NA	NA	NA	NA
NA	NA	NA	NA	NA	NA	NA	NA	NA	NA	NA	NA
NA	NA	NA	NA	NA	NA	NA	NA	NA	NA	NA	NA
NA	NA	NA	NA	NA	NA	NA	NA	NA	NA	NA	NA
NA	NA	NA	NA	NA	NA	NA	NA	NA	NA	NA	NA
NA	NA	NA	NA	NA	NA	NA	NA	NA	NA	NA	NA
NA	NA	NA	NA	NA	NA	NA	NA	NA	NA	NA	NA
NA	NA	NA	NA	NA	NA	NA	NA	NA	NA	NA	NA
NA	NA	NA	NA	NA	NA	NA	NA	NA	NA	NA	NA
NA	NA	NA	NA	NA	NA	NA	NA	NA	NA	NA	NA
NA	NA	NA	NA	NA	NA	NA	NA	NA	NA	NA	NA
NA	NA	NA	NA	NA	NA	NA	NA	NA	NA	NA	NA
NA	NA	NA	NA	NA	NA	NA	NA	NA	NA	NA	NA
NA	NA	NA	NA	NA	NA	NA	NA	NA	NA	NA	NA
NA	NA	NA	NA	NA	NA	NA	NA	NA	NA	NA	NA
NA	NA	NA	NA	NA	NA	NA	NA	NA	NA	NA	NA
NA	NA	NA	NA	NA	NA	NA	NA	NA	NA	NA	NA
NA	NA	NA	NA	NA	NA	NA	NA	NA	NA	NA	NA
NA	NA	NA	NA	NA	NA	NA	NA	NA	NA	NA	NA
NA	NA	NA	NA	NA	NA	NA	NA	NA	NA	NA	NA
NA	NA	NA	NA	NA	NA	NA	NA	NA	NA	NA	NA
NA	NA	NA	NA	NA	NA	NA	NA	NA	NA	NA	NA
NA	NA	NA	NA	NA	NA	NA	NA	NA	NA	NA	NA
NA	NA	NA	NA	NA	NA	NA	NA	NA	NA	NA	NA
NA	NA	NA	NA	NA	NA	NA	NA	NA	NA	NA	NA
NA	NA	NA	NA	NA	NA	NA	NA	NA	NA	NA	NA
NA	NA	NA	NA	NA	NA	NA	NA	NA	NA	NA	NA
NA	NA	NA	NA	NA	NA	NA	NA	NA	NA	NA	NA
NA	NA	NA	NA	NA	NA	NA	NA	NA	NA	NA	NA
NA	NA	NA	NA	NA	NA	NA	NA	NA	NA	NA	NA
NA	NA	NA	NA	NA	NA	NA	NA	NA	NA	NA	NA
NA	NA	NA	NA	NA	NA	NA	NA	NA	NA	NA	NA
NA	NA	NA	NA	NA	NA	NA	NA	NA	NA	NA	NA
NA	NA	NA	NA	NA	NA	NA	NA	NA	NA	NA	NA
NA	NA	NA	NA	NA	NA	NA	NA	NA	NA	NA	NA
NA	NA	NA	NA	NA	NA	NA	NA	NA	NA	NA	NA
NA	NA	NA	NA	NA	NA	NA	NA	NA	NA	NA	NA
NA	NA	NA	NA	NA	NA	NA	NA	NA	NA	NA	NA
NA	NA	NA	NA	NA	NA	NA	NA	NA	NA	NA	NA
NA	NA	NA	NA	NA	NA	NA	NA	NA	NA	NA	NA
NA	NA	NA	NA	NA	NA	NA	NA	NA	NA	NA	NA
NA	NA	NA	NA	NA	NA	NA	NA	NA	NA	NA	NA
NA	NA	NA	NA	NA	NA	NA	NA	NA	NA	NA	NA
NA	NA	NA	NA	NA	NA	NA	NA	NA	NA	NA	NA
NA	NA	NA	NA	NA	NA	NA	NA	NA	NA	NA	NA
NA	NA	NA	NA	NA	NA	NA	NA	NA	NA	NA	NA
NA	NA	NA	NA	NA	NA	NA	NA	NA	NA	NA	NA
NA	NA	NA	NA	NA	NA	NA	NA	NA	NA	NA	NA
NA	NA	NA	NA	NA	NA	NA	NA	NA	NA	NA	NA
NA	NA	NA	NA	NA	NA	NA	NA	NA	NA	NA	NA
NA	NA	NA	NA	NA	NA	NA	NA	NA	NA	NA	NA
NA	NA	NA	NA	NA	NA	NA	NA	NA	NA	NA	NA
NA	NA	NA	NA	NA	NA	NA	NA	NA	NA	NA	NA
NA	NA	NA	NA	NA	NA	NA	NA	NA	NA	NA	NA
NA	NA	NA	NA	NA	NA	NA	NA	NA	NA	NA	NA
NA	NA	NA	NA	NA	NA	NA	NA	NA	NA	NA	NA
NA	NA	NA	NA	NA	NA	NA	NA	NA	NA	NA	NA
NA	NA	NA	NA	NA	NA	NA	NA	NA	NA	NA	NA
NA	NA	NA	NA	NA	NA	NA	NA	NA	NA	NA	NA
NA	NA	NA	NA	NA	NA	NA	NA	NA	NA	NA	NA
NA	NA	NA	NA	NA	NA	NA	NA	NA	NA	NA	NA
NA	NA	NA	NA	NA	NA	NA	NA	NA	NA	NA	NA
NA	NA	NA	NA	NA	NA	NA	NA	NA	NA	NA	NA
NA	NA	NA	NA	NA	NA	NA	NA	NA	NA	NA	NA
NA	NA	NA	NA	NA	NA	NA	NA	NA	NA	NA	NA
NA	NA	NA	NA	NA	NA	NA	NA	NA	NA	NA	NA
NA	NA	NA	NA	NA	NA	NA	NA	NA	NA	NA	NA
NA	NA	NA	NA	NA	NA	NA	NA	NA	NA	NA	NA
NA	NA	NA	NA	NA	NA	NA	NA	NA	NA	NA	NA
NA	NA	NA	NA	NA	NA	NA	NA	NA	NA	NA	NA
