X1	X2	X3	X4	X1.1	X2.1	X3.1	X4.1	X1.2	X2.2	X3.2	X4.2
NA	NA	NA	NA	NA	NA	NA	NA	NA	NA	NA	NA
NA	NA	NA	NA	NA	NA	NA	NA	NA	NA	NA	NA
NA	NA	NA	NA	NA	NA	NA	NA	NA	NA	NA	NA
NA	NA	NA	NA	NA	NA	NA	NA	NA	NA	NA	NA
NA	NA	NA	NA	NA	NA	NA	NA	NA	NA	NA	NA
NA	NA	NA	NA	NA	NA	NA	NA	NA	NA	NA	NA
NA	NA	NA	NA	NA	NA	NA	NA	NA	NA	NA	NA
NA	NA	NA	NA	NA	NA	NA	NA	NA	NA	NA	NA
NA	NA	NA	NA	NA	NA	NA	NA	NA	NA	NA	NA
NA	NA	NA	NA	NA	NA	NA	NA	NA	NA	NA	NA
NA	NA	NA	NA	NA	NA	NA	NA	NA	NA	NA	NA
NA	NA	NA	NA	NA	NA	NA	NA	NA	NA	NA	NA
NA	NA	NA	NA	NA	NA	NA	NA	NA	NA	NA	NA
NA	NA	NA	NA	NA	NA	NA	NA	NA	NA	NA	NA
NA	NA	NA	NA	NA	NA	NA	NA	NA	NA	NA	NA
NA	NA	NA	NA	NA	NA	NA	NA	NA	NA	NA	NA
NA	NA	NA	NA	NA	NA	NA	NA	NA	NA	NA	NA
NA	NA	NA	NA	NA	NA	NA	NA	NA	NA	NA	NA
NA	NA	NA	NA	NA	NA	NA	NA	NA	NA	NA	NA
NA	NA	NA	NA	NA	NA	NA	NA	NA	NA	NA	NA
NA	NA	NA	NA	NA	NA	NA	NA	NA	NA	NA	NA
NA	NA	NA	NA	NA	NA	NA	NA	NA	NA	NA	NA
NA	NA	NA	NA	NA	NA	NA	NA	NA	NA	NA	NA
NA	NA	NA	NA	NA	NA	NA	NA	NA	NA	NA	NA
NA	NA	NA	NA	NA	NA	NA	NA	NA	NA	NA	NA
NA	NA	NA	NA	NA	NA	NA	NA	NA	NA	NA	NA
NA	NA	NA	NA	NA	NA	NA	NA	NA	NA	NA	NA
NA	NA	NA	NA	NA	NA	NA	NA	NA	NA	NA	NA
NA	NA	NA	NA	NA	NA	NA	NA	NA	NA	NA	NA
NA	NA	NA	NA	NA	NA	NA	NA	NA	NA	NA	NA
NA	NA	NA	NA	NA	NA	NA	NA	NA	NA	NA	NA
NA	NA	NA	NA	NA	NA	NA	NA	NA	NA	NA	NA
NA	NA	NA	NA	NA	NA	NA	NA	NA	NA	NA	NA
NA	NA	NA	NA	NA	NA	NA	NA	NA	NA	NA	NA
NA	NA	NA	NA	NA	NA	NA	NA	NA	NA	NA	NA
NA	NA	NA	NA	NA	NA	NA	NA	NA	NA	NA	NA
NA	NA	NA	NA	NA	NA	NA	NA	NA	NA	NA	NA
NA	NA	NA	NA	NA	NA	NA	NA	NA	NA	NA	NA
NA	NA	NA	NA	NA	NA	NA	NA	NA	NA	NA	NA
NA	NA	NA	NA	NA	NA	NA	NA	NA	NA	NA	NA
NA	NA	NA	NA	NA	NA	NA	NA	NA	NA	NA	NA
NA	NA	NA	NA	NA	NA	NA	NA	NA	NA	NA	NA
NA	NA	NA	NA	NA	NA	NA	NA	NA	NA	NA	NA
NA	NA	NA	NA	NA	NA	NA	NA	NA	NA	NA	NA
NA	NA	NA	NA	NA	NA	NA	NA	NA	NA	NA	NA
NA	NA	NA	NA	NA	NA	NA	NA	NA	NA	NA	NA
NA	NA	NA	NA	NA	NA	NA	NA	NA	NA	NA	NA
NA	NA	NA	NA	NA	NA	NA	NA	NA	NA	NA	NA
NA	NA	NA	NA	NA	NA	NA	NA	NA	NA	NA	NA
NA	NA	NA	NA	NA	NA	NA	NA	NA	NA	NA	NA
NA	NA	NA	NA	NA	NA	NA	NA	NA	NA	NA	NA
NA	NA	NA	NA	NA	NA	NA	NA	NA	NA	NA	NA
NA	NA	NA	NA	NA	NA	NA	NA	NA	NA	NA	NA
NA	NA	NA	NA	NA	NA	NA	NA	NA	NA	NA	NA
NA	NA	NA	NA	NA	NA	NA	NA	NA	NA	NA	NA
NA	NA	NA	NA	NA	NA	NA	NA	NA	NA	NA	NA
NA	NA	NA	NA	NA	NA	NA	NA	NA	NA	NA	NA
NA	NA	NA	NA	NA	NA	NA	NA	NA	NA	NA	NA
NA	NA	NA	NA	NA	NA	NA	NA	NA	NA	NA	NA
NA	NA	NA	NA	NA	NA	NA	NA	NA	NA	NA	NA
NA	NA	NA	NA	NA	NA	NA	NA	NA	NA	NA	NA
NA	NA	NA	NA	NA	NA	NA	NA	NA	NA	NA	NA
NA	NA	NA	NA	NA	NA	NA	NA	NA	NA	NA	NA
NA	NA	NA	NA	NA	NA	NA	NA	NA	NA	NA	NA
NA	NA	NA	NA	NA	NA	NA	NA	NA	NA	NA	NA
NA	NA	NA	NA	NA	NA	NA	NA	NA	NA	NA	NA
NA	NA	NA	NA	NA	NA	NA	NA	NA	NA	NA	NA
NA	NA	NA	NA	NA	NA	NA	NA	NA	NA	NA	NA
NA	NA	NA	NA	NA	NA	NA	NA	NA	NA	NA	NA
NA	NA	NA	NA	NA	NA	NA	NA	NA	NA	NA	NA
NA	NA	NA	NA	NA	NA	NA	NA	NA	NA	NA	NA
NA	NA	NA	NA	NA	NA	NA	NA	NA	NA	NA	NA
NA	NA	NA	NA	NA	NA	NA	NA	NA	NA	NA	NA
NA	NA	NA	NA	NA	NA	NA	NA	NA	NA	NA	NA
NA	NA	NA	NA	NA	NA	NA	NA	NA	NA	NA	NA
NA	NA	NA	NA	NA	NA	NA	NA	NA	NA	NA	NA
NA	NA	NA	NA	NA	NA	NA	NA	NA	NA	NA	NA
NA	NA	NA	NA	NA	NA	NA	NA	NA	NA	NA	NA
NA	NA	NA	NA	NA	NA	NA	NA	NA	NA	NA	NA
NA	NA	NA	NA	NA	NA	NA	NA	NA	NA	NA	NA
NA	NA	NA	NA	NA	NA	NA	NA	NA	NA	NA	NA
NA	NA	NA	NA	NA	NA	NA	NA	NA	NA	NA	NA
NA	NA	NA	NA	NA	NA	NA	NA	NA	NA	NA	NA
NA	NA	NA	NA	NA	NA	NA	NA	NA	NA	NA	NA
NA	NA	NA	NA	NA	NA	NA	NA	NA	NA	NA	NA
NA	NA	NA	NA	NA	NA	NA	NA	NA	NA	NA	NA
NA	NA	NA	NA	NA	NA	NA	NA	NA	NA	NA	NA
NA	NA	NA	NA	NA	NA	NA	NA	NA	NA	NA	NA
NA	NA	NA	NA	NA	NA	NA	NA	NA	NA	NA	NA
NA	NA	NA	NA	NA	NA	NA	NA	NA	NA	NA	NA
NA	NA	NA	NA	NA	NA	NA	NA	NA	NA	NA	NA
NA	NA	NA	NA	NA	NA	NA	NA	NA	NA	NA	NA
NA	NA	NA	NA	NA	NA	NA	NA	NA	NA	NA	NA
NA	NA	NA	NA	NA	NA	NA	NA	NA	NA	NA	NA
NA	NA	NA	NA	NA	NA	NA	NA	NA	NA	NA	NA
NA	NA	NA	NA	NA	NA	NA	NA	NA	NA	NA	NA
NA	NA	NA	NA	NA	NA	NA	NA	NA	NA	NA	NA
NA	NA	NA	NA	NA	NA	NA	NA	NA	NA	NA	NA
NA	NA	NA	NA	NA	NA	NA	NA	NA	NA	NA	NA
NA	NA	NA	NA	NA	NA	NA	NA	NA	NA	NA	NA
1.91140909416641	0.260477919798853	1.40087237136066	2.42194581697217	1.90469201201701	0.211078783728387	1.49097759590937	2.31840642812465	1.90469201201701	0.260477919798853	1.40124023813701	2.41227487749856
1.93479450068721	0.263832591308008	1.41768262172352	2.45190637965091	1.94671357876921	0.200338040526144	1.55405101933797	2.33937613820046	1.94671357876921	0.263832591308008	1.43635684794757	2.49040931338792
2.04335850145518	0.539642469939656	0.985659260373451	3.1010577425369	1.79473331358236	0.356460760792195	1.09607022242966	2.49339640473506	1.79473331358236	0.539642469939656	0.321459049690887	2.56923211323378
1.54538784596989	0.464906961419546	0.634170201587579	2.4566054903522	1.67045071488067	0.352587402647691	0.979379405691196	2.36152202407014	1.67045071488067	0.464906961419546	0.652719269332042	2.46915251721173
1.94559715714314	0.343649610083289	1.27204392137989	2.61915039290639	1.92755417189833	0.247551096211365	1.44235402332405	2.4127543204726	1.92755417189833	0.343649610083289	1.32387756832018	2.69276298160677
2.690801441661	0.341737195028368	2.02099653940539	3.3606063439166	2.29689236292853	0.268361394604958	1.77090402950281	2.82288069635425	2.29689236292853	0.341737195028368	1.66139753083382	3.02720028388204
2.53061675540634	0.318821055485192	1.90572748665537	3.15550602415732	2.52560212761066	0.230225904887725	2.07435935403072	2.9768449011906	2.52560212761066	0.318821055485192	1.93178719767855	3.16490860129399
1.62101106387745	0.249324833069724	1.13233439106079	2.10968773669411	1.62718469770646	0.183511566537772	1.26750202729243	1.9868673681205	1.62718469770646	0.249324833069724	1.14252411346229	2.09282574475099
1.89683430207032	0.309131984964475	1.29093561153995	2.50273299260069	1.85536117232596	0.219916362444691	1.42432510193437	2.28639724271756	1.85536117232596	0.309131984964475	1.16765199842137	2.37940816883624
2.02931427248975	0.255503324059759	1.52852775733263	2.53010078764688	2.02165247690021	0.198491520149845	1.63260909740652	2.41069585639391	2.02165247690021	0.255503324059759	1.52604168737707	2.5406006365227
2.03056321264358	0.228347775434799	1.58300157279137	2.47812485249578	1.99717957976159	0.170060859068564	1.6638602959872	2.33049886353597	1.99717957976159	0.228347775434799	1.57275842121717	2.4241232471377
1.76712146915794	0.267685024870293	1.24245882041217	2.29178411790372	1.72257195120423	0.215338416813017	1.30050865425072	2.14463524815775	1.72257195120423	0.267685024870293	1.14492798557698	2.20773276340951
1.91689570705635	0.307633278540278	1.31393448111741	2.5198569329953	1.93786097162891	0.222325835011139	1.50210233500708	2.37361960825074	1.93786097162891	0.307633278540278	1.31679609003981	2.56357306961298
1.82811809787745	0.234020010446685	1.36943887740194	2.28679731835295	1.7900117310731	0.182188577190326	1.43292211978006	2.14710134236614	1.7900117310731	0.234020010446685	1.29666156354146	2.24853339568002
2.32258825679159	0.207778465338361	1.9153424647284	2.72983404885478	2.245957798208	0.16447751372796	1.9235818713012	2.5683337251148	2.245957798208	0.207778465338361	1.8413308453726	2.66880435496206
2.11967282048326	0.356511614630124	1.42091005580821	2.8184355851583	2.17467640454063	0.249973497100548	1.68472835022356	2.6646244588577	2.17467640454063	0.356511614630124	1.4826277662154	2.91767581294128
1.84800480947717	0.268997455682322	1.32076979633982	2.37523982261452	1.86715994517644	0.205892660067232	1.46361033144466	2.27070955890821	1.86715994517644	0.268997455682322	1.30888540880374	2.33956392920885
2.01836075083948	0.352050518909562	1.32834173377674	2.70837976790222	1.94348328724138	0.241950114908225	1.46926106202126	2.4177055124615	1.94348328724138	0.352050518909562	1.25666558420171	2.64695780653024
1.99033013048028	0.229414683263543	1.54067735128373	2.43998290967682	2.00473826741943	0.194603923372188	1.62331457760994	2.38616195722892	2.00473826741943	0.229414683263543	1.56084563103502	2.44072799415522
1.87759769137975	0.383476876116036	1.12598301419232	2.62921236856718	1.89178841754388	0.316263891145099	1.27191119089948	2.51166564418827	1.89178841754388	0.383476876116036	1.22130924840408	2.68131544134184
2.06095633781328	0.259483156458552	1.55236935115452	2.56954332447204	2.03201831550138	0.200999491625206	1.63805931191598	2.42597731908679	2.03201831550138	0.259483156458552	1.50272089482077	2.53637693510228
1.89000682021781	0.254649619682984	1.39089356563916	2.38912007479646	1.87099823783549	0.191575111941135	1.49551101843087	2.24648545724012	1.87099823783549	0.254649619682984	1.31753336801308	2.29023351002302
2.31392936658893	0.255260623795717	1.81361854394933	2.81424018922854	2.29564876742982	0.198999299190116	1.9056101410172	2.68568739384245	2.29564876742982	0.255260623795717	1.85188259945874	2.90125678331787
1.8089865581287	0.252707652371308	1.31367955948094	2.30429355677647	1.79191124705343	0.190464826319836	1.41860018746655	2.16522230664031	1.79191124705343	0.252707652371308	1.26054511791753	2.29340573184119
2.08545087585609	0.227248658182498	1.6400435058184	2.53085824589379	2.11098224723407	0.183423693709964	1.75147180756254	2.4704926869056	2.11098224723407	0.227248658182498	1.65813223545669	2.55675218006638
1.77014852832054	0.31310709880812	1.15645861465662	2.38383844198445	1.74394009141966	0.231253759994046	1.29068272183133	2.19719746100799	1.74394009141966	0.31310709880812	1.10200800792119	2.32531077416527
1.68307152029165	0.344635634814701	1.00758567605483	2.35855736452846	1.67352720629404	0.266383797954395	1.15141496230343	2.19563945028465	1.67352720629404	0.344635634814701	0.907286144906168	2.31212218819283
2.02702982529547	0.281411558745621	1.47546317015405	2.57859648043689	2.07390700535274	0.227954177150075	1.62711681813859	2.52069719256689	2.07390700535274	0.281411558745621	1.50281907212378	2.60677687844979
2.01294932893088	0.29010740421901	1.44433881666162	2.58155984120014	2.00011788570951	0.247021883713229	1.51595499363158	2.48428077778744	2.00011788570951	0.29010740421901	1.42089467259849	2.5270139291066
1.98211308738262	0.241872459151467	1.50804306744574	2.45618310731949	1.95389862228127	0.187880299905725	1.58565323446605	2.32214401009649	1.95389862228127	0.241872459151467	1.45661501536328	2.42398549700606
2.26800799058074	0.280301192241284	1.71861765378782	2.81739832737365	2.24924338292011	0.208856945036879	1.83988377064783	2.65860299519239	2.24924338292011	0.280301192241284	1.68689532204933	2.7972636570851
2.06937904214147	0.240015039116625	1.59894956547289	2.53980851881006	2.16516036529841	0.166619249079457	1.83858663710267	2.49173409349415	2.16516036529841	0.240015039116625	1.65018957726394	2.60328849876065
1.71184803945585	0.375091714410393	0.976668279211481	2.44702779970022	1.74868533212425	0.293781491032005	1.17287360970152	2.32449705454698	1.74868533212425	0.375091714410393	0.857833651216846	2.404454636513
2.40990575902055	0.182497234718031	2.05221117897321	2.76760033906789	2.38117902413823	0.147932934498165	2.09123047252182	2.67112757575463	2.38117902413823	0.182497234718031	2.05077581629326	2.78362948143928
1.39434423296247	0.498396161334402	0.417487756747043	2.3712007091779	1.53834829473831	0.352507565883014	0.847433465607603	2.22926312386902	1.53834829473831	0.498396161334402	0.398791746418721	2.40437470032546
1.76003485992589	0.477960908461473	0.823231479341403	2.69683824051038	1.901532019783	0.315141030745927	1.28385559952098	2.51920844004501	1.901532019783	0.477960908461473	0.848228790399046	2.85712703949632
2.09348332246531	0.335494862005276	1.43591339293497	2.75105325199565	2.1666063234863	0.258554661736508	1.65983918648275	2.67337346048986	2.1666063234863	0.335494862005276	1.47978449674636	2.8183847281122
2.19313594996136	0.253753842084912	1.69577841947493	2.69049348044779	2.22707181033545	0.197158775973794	1.84064060942682	2.61350301124409	2.22707181033545	0.253753842084912	1.73564633373125	2.71084838627369
1.99501608036957	0.266265079821252	1.47313652391991	2.51689563681922	1.97117199238806	0.198741977681686	1.58163771613195	2.36070626864416	1.97117199238806	0.266265079821252	1.42593784000941	2.46019291448765
2.08741829489531	0.306772382224812	1.48614442573468	2.68869216405594	2.06119499191137	0.227470117084095	1.61535356242654	2.50703642139619	2.06119499191137	0.306772382224812	1.34716408616714	2.51972216074235
2.16975689152373	0.204569663778966	1.76880035051696	2.57071343253051	2.16167066828035	0.181346587145811	1.80623135747456	2.51710997908614	2.16167066828035	0.204569663778966	1.75553626423223	2.57027242705833
2.47956257191871	0.45281607839823	1.59204305825818	3.36708208557924	2.21956419587645	0.343294719552211	1.54670654555412	2.89242184619878	2.21956419587645	0.45281607839823	1.40418599381632	3.10181519691099
1.94151107153061	0.261785957879447	1.42841059408689	2.45461154897433	1.92024573748508	0.186060962003688	1.55556625195785	2.28492522301231	1.92024573748508	0.261785957879447	1.38074834668435	2.4240219103493
2.06361192809991	0.371803364590814	1.33487733350192	2.79234652269791	2.1102910788845	0.290840645106792	1.54024341447519	2.68033874329381	2.1102910788845	0.371803364590814	1.39693121923099	2.94933438582501
1.5097292097078	0.357915906507264	0.808214032953559	2.21124438646203	1.53941751942348	0.263695816486855	1.02257371910925	2.05626131973772	1.53941751942348	0.357915906507264	0.754556955405131	2.15708133992906
1.73868837339816	0.492078228085803	0.774215046349985	2.70316170044633	1.67663012461513	0.358532736070045	0.973905961917843	2.37935428731242	1.67663012461513	0.492078228085803	0.612900822138372	2.80337658734666
1.81991902372245	0.295864458073167	1.24002468589905	2.39981336154586	1.75776677538929	0.240961646038494	1.28548194915384	2.23005160162474	1.75776677538929	0.295864458073167	1.13035024157618	2.32546742885287
2.03426842858312	0.44514765240116	1.16177902987685	2.9067578272894	2.05279982816871	0.365952073749442	1.3355337636198	2.77006589271762	2.05279982816871	0.44514765240116	1.2941801542333	3.02846538367469
2.05363275717085	0.215666653075943	1.63092611714201	2.4763393971997	2.06864604243399	0.171826380542988	1.73186633656973	2.40542574829825	2.06864604243399	0.215666653075943	1.63687079314423	2.50049431198301
2.2645206603441	0.183691367991763	1.90448557908024	2.62455574160795	2.27616737082838	0.148567803915595	1.98497447515381	2.56736026650294	2.27616737082838	0.183691367991763	1.92223386109914	2.6323773252947
1.94856331866662	0.473402390476699	1.02069463333229	2.87643200400095	1.85291255378688	0.340111290208835	1.18629442497756	2.5195306825962	1.85291255378688	0.473402390476699	1.00997888772716	3.00246814173197
1.63676348413866	0.268346795972728	1.11080376403212	2.16272320424521	1.61986984955806	0.202606306115782	1.22276148957113	2.01697820954499	1.61986984955806	0.268346795972728	1.06269425648027	2.13490673277659
1.69693212107563	0.360899335785739	0.989569422935583	2.40429481921568	1.72438907406019	0.278061635424744	1.17938826862769	2.26938987949269	1.72438907406019	0.360899335785739	0.960418755341139	2.36997834767137
2.20107846769086	0.279597354610219	1.65306765265484	2.74908928272689	2.23361418543444	0.229869227678485	1.78307049918461	2.68415787168427	2.23361418543444	0.279597354610219	1.75239880833296	2.81242910911966
1.96932341619899	0.285257211789511	1.41021928109155	2.52842755130644	1.96281561678017	0.228649132387526	1.51466331730062	2.41096791625972	1.96281561678017	0.285257211789511	1.38198167614698	2.49016827152165
1.98869180824237	0.36869162848985	1.26605621640226	2.71132740008247	1.95270600194071	0.281207629825505	1.40153904748272	2.5038729563987	1.95270600194071	0.36869162848985	1.29980708446601	2.74986672056712
2.10038416069028	0.328487360630612	1.45654893385428	2.74421938752628	2.11742330736227	0.25210899953209	1.62328966827938	2.61155694644517	2.11742330736227	0.328487360630612	1.50062326425475	2.88151004772215
2.238732526446	0.271487413831566	1.70661719533613	2.77084785755587	2.25591296527443	0.220441279890855	1.82384805668836	2.68797787386051	2.25591296527443	0.271487413831566	1.76753601144441	2.83476566261484
1.99520605321281	0.263855007750304	1.47805023802221	2.51236186840341	1.96741685863823	0.215390246349569	1.54525197579307	2.38958174148338	1.96741685863823	0.263855007750304	1.52850541036375	2.53911405145512
2.13148824546445	0.235020016249134	1.67084901361614	2.59212747731275	2.11999774136983	0.189043489266975	1.74947250240656	2.4905229803331	2.11999774136983	0.235020016249134	1.64646450256793	2.57241572129022
2.02061428826228	0.341622304995673	1.35103457047076	2.6901940060538	1.84210754524146	0.245706070182858	1.36052364768306	2.32369144279986	1.84210754524146	0.341622304995673	1.06294926179017	2.42256568599792
2.04552106900588	0.252533084205978	1.55055622396217	2.5404859140496	2.04438365283948	0.193026938883273	1.66605085262827	2.4227164530507	2.04438365283948	0.252533084205978	1.52006427989804	2.4786099438293
2.14898521396908	0.424276123482793	1.31740401194281	2.98056641599536	2.2401777203315	0.309222593425434	1.63410143721765	2.84625400344535	2.2401777203315	0.424276123482793	1.38766100745053	3.14242069520179
1.71750876269361	0.300481863167393	1.12856431088552	2.3064532145017	1.69589637128097	0.210990518232909	1.28235495554447	2.10943778701748	1.69589637128097	0.300481863167393	1.05387351048253	2.25386728897097
1.80760449611566	0.220419067195515	1.37558312441245	2.23962586781887	1.90816721806041	0.162101478481187	1.59044832023728	2.22588611588354	1.90816721806041	0.220419067195515	1.49878667479716	2.37890764868224
1.87816776918785	0.291032338692226	1.30774438535109	2.44859115302462	1.85125030222474	0.214099888469281	1.43161452082494	2.27088608362453	1.85125030222474	0.291032338692226	1.21913979420451	2.41006648032274
2.05095392180855	0.225381330017839	1.60920651497358	2.49270132864351	2.01820316940927	0.188640490244692	1.64846780852968	2.38793853028887	2.01820316940927	0.225381330017839	1.61511398765253	2.53085949515184
1.89690327239928	0.346660855917739	1.21744799480051	2.57635854999805	2.03766634698452	0.268496221556889	1.51141375273302	2.56391894123602	2.03766634698452	0.346660855917739	1.25258282663829	2.70189318918059
1.60345963251669	0.435804059884144	0.749283675143764	2.45763558988961	1.91879371725117	0.31127199013606	1.30870061658449	2.52888681791785	1.91879371725117	0.435804059884144	1.05315453358659	2.75795963972765
2.06606155316156	0.288918721465284	1.4997808590896	2.63234224723351	2.03971064739518	0.203149090423637	1.64153843016485	2.43788286462551	2.03971064739518	0.288918721465284	1.36474535318384	2.57090116306846
2.13336039028474	0.279782728520028	1.58498624238548	2.68173453818399	2.06346096688758	0.206454603794623	1.65880994345012	2.46811199032504	2.06346096688758	0.279782728520028	1.53387571253698	2.65394686624375
1.63250364355282	0.394247200236147	0.85977913108997	2.40522815601566	1.63120678386421	0.281841713667486	1.07879702507594	2.18361654265248	1.63120678386421	0.394247200236147	0.72386659921985	2.3269789356114
2.02375417823078	0.176170116680062	1.67846074953786	2.3690476069237	2.01933804190175	0.142376267520729	1.74028055756112	2.29839552624238	2.01933804190175	0.176170116680062	1.67192320256643	2.36427583639687
1.93202288673875	0.326553565387761	1.29197789857874	2.57206787489877	1.87981341504548	0.25618628866198	1.377688289268	2.38193854082296	1.87981341504548	0.326553565387761	1.17173475796041	2.5121506983545
2.07426258105406	0.317763107818124	1.45144688973053	2.69707827237758	2.06326222888147	0.224471694422482	1.62329770781341	2.50322674994954	2.06326222888147	0.317763107818124	1.47836851173727	2.76777199822657
1.81070330321788	0.271979577424212	1.27762333146642	2.34378327496933	1.839622614549	0.192766157807017	1.46180094524724	2.21744428385075	1.839622614549	0.271979577424212	1.3334715509844	2.32286830767931
1.35787390563847	0.471125905345382	0.434467131161518	2.28128068011541	1.43839176509211	0.340275474677887	0.771451834723448	2.10533169546076	1.43839176509211	0.471125905345382	0.49861150050201	2.30944429285095
2.17686084161731	0.275955366720747	1.63598832284465	2.71773336038998	2.23526294479406	0.204912442777832	1.83363455694951	2.63689133263861	2.23526294479406	0.275955366720747	1.67453902049368	2.72317226037482
2.18520823591564	0.479590767169479	1.24521033226346	3.12520613956781	2.06163718914546	0.35867253033734	1.35863902968427	2.76463534860664	2.06163718914546	0.479590767169479	1.27695417710461	3.16344168813849
2.14023817582401	0.236615939234438	1.67647093492451	2.6040054167235	2.17203727413353	0.188426644422058	1.8027210510663	2.54135349720076	2.17203727413353	0.236615939234438	1.70535920939652	2.61572940284024
1.77821313344279	0.22520326010181	1.33681474364324	2.21961152324234	1.78069636824107	0.187304981650319	1.41357860420644	2.14781413227569	1.78069636824107	0.22520326010181	1.31447732714274	2.23222853674234
2.07448074671334	0.300492599061842	1.48551525255213	2.66344624087455	2.06610657412382	0.252415823599988	1.57137155986784	2.5608415883798	2.06610657412382	0.300492599061842	1.4448632966395	2.64528108374833
2.00433614904376	0.246555428984024	1.52108750823507	2.48758478985245	1.97199704735446	0.199669953759037	1.58064393798674	2.36335015672217	1.97199704735446	0.246555428984024	1.5167018740475	2.55499626794141
2.05352940669353	0.266203858807739	1.53176984343036	2.5752889699567	2.05566558797404	0.230362285229297	1.60415550892462	2.50717566702346	2.05566558797404	0.266203858807739	1.56218221498064	2.62552879272848
1.9428108249126	0.237114111580425	1.47806716621496	2.40755448361023	1.9414077599542	0.188929629846433	1.57110568545519	2.31170983445321	1.9414077599542	0.237114111580425	1.46863446916274	2.39184366637488
1.95686411359939	0.268193672048724	1.4312045163839	2.48252371081489	1.9449051163902	0.21767841874243	1.51825541565504	2.37155481712536	1.9449051163902	0.268193672048724	1.42222931400759	2.40548651831273
2.31216622378077	0.334890055907631	1.65578171420182	2.96855073335973	2.35286145941186	0.245692212208221	1.87130472348375	2.83441819533998	2.35286145941186	0.334890055907631	1.68340632502224	3.10730170742302
2.30878801480954	0.329184976551015	1.66358546076955	2.95399056884953	2.16679001794387	0.245997892863323	1.68463414793175	2.64894588795598	2.16679001794387	0.329184976551015	1.48516306446383	2.87172438122794
2.06717554019063	0.17567612022527	1.7228503445491	2.41150073583216	2.05875114381259	0.143380467210708	1.7777254280796	2.33977685954558	2.05875114381259	0.17567612022527	1.72068527414964	2.4092357667963
2.02287525060968	0.393367973187246	1.25187402316268	2.79387647805668	1.97704722386609	0.297737115603052	1.39348247728411	2.56061197044807	1.97704722386609	0.393367973187246	1.08050353633951	2.66355227102233
1.80227043614166	0.285079251308523	1.24351510357696	2.36102576870637	1.83950526760694	0.200419682102465	1.44668269068611	2.23232784452777	1.83950526760694	0.285079251308523	1.227069971466	2.34046135055649
2.25971525105095	0.366757709578158	1.54087014027776	2.97856036182414	2.23645388468543	0.264150805721604	1.71871830547109	2.75418946389977	2.23645388468543	0.366757709578158	1.51975005176189	2.94742577646972
2.18164948012754	0.301136343855814	1.59142224617015	2.77187671408494	2.26379393259308	0.2096626857964	1.85285506843214	2.67473279675403	2.26379393259308	0.301136343855814	1.67149675186622	2.94849570451024
1.79894999586019	0.526904390373153	0.766217390728813	2.83168260099157	1.86100380219704	0.363837576546774	1.14788215216536	2.57412545222872	1.86100380219704	0.526904390373153	0.717481189902535	2.90033459632962
2.28833270925709	0.487453678125828	1.33292350013046	3.24374191838371	2.29801933763936	0.335279863405034	1.6408708053655	2.95516786991323	2.29801933763936	0.487453678125828	1.35779953416381	3.47848215302282
1.92963019527457	0.278727120644523	1.3833250388113	2.47593535173783	1.99944178914158	0.227619274923074	1.55330801029235	2.4455755679908	1.99944178914158	0.278727120644523	1.43877476912296	2.51126718664802
1.61231961712942	0.246654855307178	1.12887610072735	2.09576313353149	1.69839915209723	0.189687844187683	1.32661097748937	2.07018732670509	1.69839915209723	0.246654855307178	1.21464071870694	2.18479374905756
2.22174508335614	0.287446919057736	1.65834912200298	2.78514104470931	2.28401747258757	0.221213676010596	1.8504386676068	2.71759627756834	2.28401747258757	0.287446919057736	1.76046593712178	2.8641693555014
2.03224354840393	0.37545369904594	1.29635429827389	2.76813279853397	2.01667921438956	0.293720595959701	1.44098684630855	2.59237158247057	2.01667921438956	0.37545369904594	1.23631830008722	2.78763296624151
2.11333059237174	0.255894307449007	1.61177774977168	2.61488343497179	2.07748387830095	0.199514373193099	1.68643570684247	2.46853204975942	2.07748387830095	0.255894307449007	1.52764698663885	2.50923019622265
NA	NA	NA	NA	NA	NA	NA	NA	NA	NA	NA	NA
NA	NA	NA	NA	NA	NA	NA	NA	NA	NA	NA	NA
NA	NA	NA	NA	NA	NA	NA	NA	NA	NA	NA	NA
NA	NA	NA	NA	NA	NA	NA	NA	NA	NA	NA	NA
NA	NA	NA	NA	NA	NA	NA	NA	NA	NA	NA	NA
NA	NA	NA	NA	NA	NA	NA	NA	NA	NA	NA	NA
NA	NA	NA	NA	NA	NA	NA	NA	NA	NA	NA	NA
NA	NA	NA	NA	NA	NA	NA	NA	NA	NA	NA	NA
NA	NA	NA	NA	NA	NA	NA	NA	NA	NA	NA	NA
NA	NA	NA	NA	NA	NA	NA	NA	NA	NA	NA	NA
NA	NA	NA	NA	NA	NA	NA	NA	NA	NA	NA	NA
NA	NA	NA	NA	NA	NA	NA	NA	NA	NA	NA	NA
NA	NA	NA	NA	NA	NA	NA	NA	NA	NA	NA	NA
NA	NA	NA	NA	NA	NA	NA	NA	NA	NA	NA	NA
NA	NA	NA	NA	NA	NA	NA	NA	NA	NA	NA	NA
NA	NA	NA	NA	NA	NA	NA	NA	NA	NA	NA	NA
NA	NA	NA	NA	NA	NA	NA	NA	NA	NA	NA	NA
NA	NA	NA	NA	NA	NA	NA	NA	NA	NA	NA	NA
NA	NA	NA	NA	NA	NA	NA	NA	NA	NA	NA	NA
NA	NA	NA	NA	NA	NA	NA	NA	NA	NA	NA	NA
NA	NA	NA	NA	NA	NA	NA	NA	NA	NA	NA	NA
NA	NA	NA	NA	NA	NA	NA	NA	NA	NA	NA	NA
NA	NA	NA	NA	NA	NA	NA	NA	NA	NA	NA	NA
NA	NA	NA	NA	NA	NA	NA	NA	NA	NA	NA	NA
NA	NA	NA	NA	NA	NA	NA	NA	NA	NA	NA	NA
NA	NA	NA	NA	NA	NA	NA	NA	NA	NA	NA	NA
NA	NA	NA	NA	NA	NA	NA	NA	NA	NA	NA	NA
NA	NA	NA	NA	NA	NA	NA	NA	NA	NA	NA	NA
NA	NA	NA	NA	NA	NA	NA	NA	NA	NA	NA	NA
NA	NA	NA	NA	NA	NA	NA	NA	NA	NA	NA	NA
NA	NA	NA	NA	NA	NA	NA	NA	NA	NA	NA	NA
NA	NA	NA	NA	NA	NA	NA	NA	NA	NA	NA	NA
NA	NA	NA	NA	NA	NA	NA	NA	NA	NA	NA	NA
NA	NA	NA	NA	NA	NA	NA	NA	NA	NA	NA	NA
NA	NA	NA	NA	NA	NA	NA	NA	NA	NA	NA	NA
NA	NA	NA	NA	NA	NA	NA	NA	NA	NA	NA	NA
NA	NA	NA	NA	NA	NA	NA	NA	NA	NA	NA	NA
NA	NA	NA	NA	NA	NA	NA	NA	NA	NA	NA	NA
NA	NA	NA	NA	NA	NA	NA	NA	NA	NA	NA	NA
NA	NA	NA	NA	NA	NA	NA	NA	NA	NA	NA	NA
NA	NA	NA	NA	NA	NA	NA	NA	NA	NA	NA	NA
NA	NA	NA	NA	NA	NA	NA	NA	NA	NA	NA	NA
NA	NA	NA	NA	NA	NA	NA	NA	NA	NA	NA	NA
NA	NA	NA	NA	NA	NA	NA	NA	NA	NA	NA	NA
NA	NA	NA	NA	NA	NA	NA	NA	NA	NA	NA	NA
NA	NA	NA	NA	NA	NA	NA	NA	NA	NA	NA	NA
NA	NA	NA	NA	NA	NA	NA	NA	NA	NA	NA	NA
NA	NA	NA	NA	NA	NA	NA	NA	NA	NA	NA	NA
NA	NA	NA	NA	NA	NA	NA	NA	NA	NA	NA	NA
NA	NA	NA	NA	NA	NA	NA	NA	NA	NA	NA	NA
NA	NA	NA	NA	NA	NA	NA	NA	NA	NA	NA	NA
NA	NA	NA	NA	NA	NA	NA	NA	NA	NA	NA	NA
NA	NA	NA	NA	NA	NA	NA	NA	NA	NA	NA	NA
NA	NA	NA	NA	NA	NA	NA	NA	NA	NA	NA	NA
NA	NA	NA	NA	NA	NA	NA	NA	NA	NA	NA	NA
NA	NA	NA	NA	NA	NA	NA	NA	NA	NA	NA	NA
NA	NA	NA	NA	NA	NA	NA	NA	NA	NA	NA	NA
NA	NA	NA	NA	NA	NA	NA	NA	NA	NA	NA	NA
NA	NA	NA	NA	NA	NA	NA	NA	NA	NA	NA	NA
NA	NA	NA	NA	NA	NA	NA	NA	NA	NA	NA	NA
NA	NA	NA	NA	NA	NA	NA	NA	NA	NA	NA	NA
NA	NA	NA	NA	NA	NA	NA	NA	NA	NA	NA	NA
NA	NA	NA	NA	NA	NA	NA	NA	NA	NA	NA	NA
NA	NA	NA	NA	NA	NA	NA	NA	NA	NA	NA	NA
NA	NA	NA	NA	NA	NA	NA	NA	NA	NA	NA	NA
NA	NA	NA	NA	NA	NA	NA	NA	NA	NA	NA	NA
NA	NA	NA	NA	NA	NA	NA	NA	NA	NA	NA	NA
NA	NA	NA	NA	NA	NA	NA	NA	NA	NA	NA	NA
NA	NA	NA	NA	NA	NA	NA	NA	NA	NA	NA	NA
NA	NA	NA	NA	NA	NA	NA	NA	NA	NA	NA	NA
NA	NA	NA	NA	NA	NA	NA	NA	NA	NA	NA	NA
NA	NA	NA	NA	NA	NA	NA	NA	NA	NA	NA	NA
NA	NA	NA	NA	NA	NA	NA	NA	NA	NA	NA	NA
NA	NA	NA	NA	NA	NA	NA	NA	NA	NA	NA	NA
NA	NA	NA	NA	NA	NA	NA	NA	NA	NA	NA	NA
NA	NA	NA	NA	NA	NA	NA	NA	NA	NA	NA	NA
NA	NA	NA	NA	NA	NA	NA	NA	NA	NA	NA	NA
NA	NA	NA	NA	NA	NA	NA	NA	NA	NA	NA	NA
NA	NA	NA	NA	NA	NA	NA	NA	NA	NA	NA	NA
NA	NA	NA	NA	NA	NA	NA	NA	NA	NA	NA	NA
NA	NA	NA	NA	NA	NA	NA	NA	NA	NA	NA	NA
NA	NA	NA	NA	NA	NA	NA	NA	NA	NA	NA	NA
NA	NA	NA	NA	NA	NA	NA	NA	NA	NA	NA	NA
NA	NA	NA	NA	NA	NA	NA	NA	NA	NA	NA	NA
NA	NA	NA	NA	NA	NA	NA	NA	NA	NA	NA	NA
NA	NA	NA	NA	NA	NA	NA	NA	NA	NA	NA	NA
NA	NA	NA	NA	NA	NA	NA	NA	NA	NA	NA	NA
NA	NA	NA	NA	NA	NA	NA	NA	NA	NA	NA	NA
NA	NA	NA	NA	NA	NA	NA	NA	NA	NA	NA	NA
NA	NA	NA	NA	NA	NA	NA	NA	NA	NA	NA	NA
NA	NA	NA	NA	NA	NA	NA	NA	NA	NA	NA	NA
NA	NA	NA	NA	NA	NA	NA	NA	NA	NA	NA	NA
NA	NA	NA	NA	NA	NA	NA	NA	NA	NA	NA	NA
NA	NA	NA	NA	NA	NA	NA	NA	NA	NA	NA	NA
NA	NA	NA	NA	NA	NA	NA	NA	NA	NA	NA	NA
NA	NA	NA	NA	NA	NA	NA	NA	NA	NA	NA	NA
NA	NA	NA	NA	NA	NA	NA	NA	NA	NA	NA	NA
NA	NA	NA	NA	NA	NA	NA	NA	NA	NA	NA	NA
NA	NA	NA	NA	NA	NA	NA	NA	NA	NA	NA	NA
NA	NA	NA	NA	NA	NA	NA	NA	NA	NA	NA	NA
NA	NA	NA	NA	NA	NA	NA	NA	NA	NA	NA	NA
NA	NA	NA	NA	NA	NA	NA	NA	NA	NA	NA	NA
NA	NA	NA	NA	NA	NA	NA	NA	NA	NA	NA	NA
NA	NA	NA	NA	NA	NA	NA	NA	NA	NA	NA	NA
NA	NA	NA	NA	NA	NA	NA	NA	NA	NA	NA	NA
NA	NA	NA	NA	NA	NA	NA	NA	NA	NA	NA	NA
NA	NA	NA	NA	NA	NA	NA	NA	NA	NA	NA	NA
NA	NA	NA	NA	NA	NA	NA	NA	NA	NA	NA	NA
NA	NA	NA	NA	NA	NA	NA	NA	NA	NA	NA	NA
NA	NA	NA	NA	NA	NA	NA	NA	NA	NA	NA	NA
NA	NA	NA	NA	NA	NA	NA	NA	NA	NA	NA	NA
NA	NA	NA	NA	NA	NA	NA	NA	NA	NA	NA	NA
NA	NA	NA	NA	NA	NA	NA	NA	NA	NA	NA	NA
NA	NA	NA	NA	NA	NA	NA	NA	NA	NA	NA	NA
NA	NA	NA	NA	NA	NA	NA	NA	NA	NA	NA	NA
NA	NA	NA	NA	NA	NA	NA	NA	NA	NA	NA	NA
NA	NA	NA	NA	NA	NA	NA	NA	NA	NA	NA	NA
NA	NA	NA	NA	NA	NA	NA	NA	NA	NA	NA	NA
NA	NA	NA	NA	NA	NA	NA	NA	NA	NA	NA	NA
NA	NA	NA	NA	NA	NA	NA	NA	NA	NA	NA	NA
NA	NA	NA	NA	NA	NA	NA	NA	NA	NA	NA	NA
NA	NA	NA	NA	NA	NA	NA	NA	NA	NA	NA	NA
NA	NA	NA	NA	NA	NA	NA	NA	NA	NA	NA	NA
NA	NA	NA	NA	NA	NA	NA	NA	NA	NA	NA	NA
NA	NA	NA	NA	NA	NA	NA	NA	NA	NA	NA	NA
NA	NA	NA	NA	NA	NA	NA	NA	NA	NA	NA	NA
NA	NA	NA	NA	NA	NA	NA	NA	NA	NA	NA	NA
NA	NA	NA	NA	NA	NA	NA	NA	NA	NA	NA	NA
NA	NA	NA	NA	NA	NA	NA	NA	NA	NA	NA	NA
NA	NA	NA	NA	NA	NA	NA	NA	NA	NA	NA	NA
NA	NA	NA	NA	NA	NA	NA	NA	NA	NA	NA	NA
NA	NA	NA	NA	NA	NA	NA	NA	NA	NA	NA	NA
NA	NA	NA	NA	NA	NA	NA	NA	NA	NA	NA	NA
NA	NA	NA	NA	NA	NA	NA	NA	NA	NA	NA	NA
NA	NA	NA	NA	NA	NA	NA	NA	NA	NA	NA	NA
NA	NA	NA	NA	NA	NA	NA	NA	NA	NA	NA	NA
NA	NA	NA	NA	NA	NA	NA	NA	NA	NA	NA	NA
NA	NA	NA	NA	NA	NA	NA	NA	NA	NA	NA	NA
NA	NA	NA	NA	NA	NA	NA	NA	NA	NA	NA	NA
NA	NA	NA	NA	NA	NA	NA	NA	NA	NA	NA	NA
NA	NA	NA	NA	NA	NA	NA	NA	NA	NA	NA	NA
NA	NA	NA	NA	NA	NA	NA	NA	NA	NA	NA	NA
NA	NA	NA	NA	NA	NA	NA	NA	NA	NA	NA	NA
NA	NA	NA	NA	NA	NA	NA	NA	NA	NA	NA	NA
NA	NA	NA	NA	NA	NA	NA	NA	NA	NA	NA	NA
NA	NA	NA	NA	NA	NA	NA	NA	NA	NA	NA	NA
NA	NA	NA	NA	NA	NA	NA	NA	NA	NA	NA	NA
NA	NA	NA	NA	NA	NA	NA	NA	NA	NA	NA	NA
NA	NA	NA	NA	NA	NA	NA	NA	NA	NA	NA	NA
NA	NA	NA	NA	NA	NA	NA	NA	NA	NA	NA	NA
NA	NA	NA	NA	NA	NA	NA	NA	NA	NA	NA	NA
NA	NA	NA	NA	NA	NA	NA	NA	NA	NA	NA	NA
NA	NA	NA	NA	NA	NA	NA	NA	NA	NA	NA	NA
NA	NA	NA	NA	NA	NA	NA	NA	NA	NA	NA	NA
NA	NA	NA	NA	NA	NA	NA	NA	NA	NA	NA	NA
NA	NA	NA	NA	NA	NA	NA	NA	NA	NA	NA	NA
NA	NA	NA	NA	NA	NA	NA	NA	NA	NA	NA	NA
NA	NA	NA	NA	NA	NA	NA	NA	NA	NA	NA	NA
NA	NA	NA	NA	NA	NA	NA	NA	NA	NA	NA	NA
NA	NA	NA	NA	NA	NA	NA	NA	NA	NA	NA	NA
NA	NA	NA	NA	NA	NA	NA	NA	NA	NA	NA	NA
NA	NA	NA	NA	NA	NA	NA	NA	NA	NA	NA	NA
NA	NA	NA	NA	NA	NA	NA	NA	NA	NA	NA	NA
NA	NA	NA	NA	NA	NA	NA	NA	NA	NA	NA	NA
NA	NA	NA	NA	NA	NA	NA	NA	NA	NA	NA	NA
NA	NA	NA	NA	NA	NA	NA	NA	NA	NA	NA	NA
NA	NA	NA	NA	NA	NA	NA	NA	NA	NA	NA	NA
NA	NA	NA	NA	NA	NA	NA	NA	NA	NA	NA	NA
NA	NA	NA	NA	NA	NA	NA	NA	NA	NA	NA	NA
NA	NA	NA	NA	NA	NA	NA	NA	NA	NA	NA	NA
NA	NA	NA	NA	NA	NA	NA	NA	NA	NA	NA	NA
NA	NA	NA	NA	NA	NA	NA	NA	NA	NA	NA	NA
NA	NA	NA	NA	NA	NA	NA	NA	NA	NA	NA	NA
NA	NA	NA	NA	NA	NA	NA	NA	NA	NA	NA	NA
NA	NA	NA	NA	NA	NA	NA	NA	NA	NA	NA	NA
NA	NA	NA	NA	NA	NA	NA	NA	NA	NA	NA	NA
NA	NA	NA	NA	NA	NA	NA	NA	NA	NA	NA	NA
NA	NA	NA	NA	NA	NA	NA	NA	NA	NA	NA	NA
NA	NA	NA	NA	NA	NA	NA	NA	NA	NA	NA	NA
NA	NA	NA	NA	NA	NA	NA	NA	NA	NA	NA	NA
NA	NA	NA	NA	NA	NA	NA	NA	NA	NA	NA	NA
NA	NA	NA	NA	NA	NA	NA	NA	NA	NA	NA	NA
NA	NA	NA	NA	NA	NA	NA	NA	NA	NA	NA	NA
NA	NA	NA	NA	NA	NA	NA	NA	NA	NA	NA	NA
NA	NA	NA	NA	NA	NA	NA	NA	NA	NA	NA	NA
NA	NA	NA	NA	NA	NA	NA	NA	NA	NA	NA	NA
NA	NA	NA	NA	NA	NA	NA	NA	NA	NA	NA	NA
NA	NA	NA	NA	NA	NA	NA	NA	NA	NA	NA	NA
NA	NA	NA	NA	NA	NA	NA	NA	NA	NA	NA	NA
NA	NA	NA	NA	NA	NA	NA	NA	NA	NA	NA	NA
NA	NA	NA	NA	NA	NA	NA	NA	NA	NA	NA	NA
NA	NA	NA	NA	NA	NA	NA	NA	NA	NA	NA	NA
NA	NA	NA	NA	NA	NA	NA	NA	NA	NA	NA	NA
NA	NA	NA	NA	NA	NA	NA	NA	NA	NA	NA	NA
NA	NA	NA	NA	NA	NA	NA	NA	NA	NA	NA	NA
NA	NA	NA	NA	NA	NA	NA	NA	NA	NA	NA	NA
NA	NA	NA	NA	NA	NA	NA	NA	NA	NA	NA	NA
NA	NA	NA	NA	NA	NA	NA	NA	NA	NA	NA	NA
NA	NA	NA	NA	NA	NA	NA	NA	NA	NA	NA	NA
NA	NA	NA	NA	NA	NA	NA	NA	NA	NA	NA	NA
NA	NA	NA	NA	NA	NA	NA	NA	NA	NA	NA	NA
NA	NA	NA	NA	NA	NA	NA	NA	NA	NA	NA	NA
NA	NA	NA	NA	NA	NA	NA	NA	NA	NA	NA	NA
NA	NA	NA	NA	NA	NA	NA	NA	NA	NA	NA	NA
NA	NA	NA	NA	NA	NA	NA	NA	NA	NA	NA	NA
NA	NA	NA	NA	NA	NA	NA	NA	NA	NA	NA	NA
NA	NA	NA	NA	NA	NA	NA	NA	NA	NA	NA	NA
NA	NA	NA	NA	NA	NA	NA	NA	NA	NA	NA	NA
NA	NA	NA	NA	NA	NA	NA	NA	NA	NA	NA	NA
NA	NA	NA	NA	NA	NA	NA	NA	NA	NA	NA	NA
NA	NA	NA	NA	NA	NA	NA	NA	NA	NA	NA	NA
NA	NA	NA	NA	NA	NA	NA	NA	NA	NA	NA	NA
NA	NA	NA	NA	NA	NA	NA	NA	NA	NA	NA	NA
NA	NA	NA	NA	NA	NA	NA	NA	NA	NA	NA	NA
NA	NA	NA	NA	NA	NA	NA	NA	NA	NA	NA	NA
NA	NA	NA	NA	NA	NA	NA	NA	NA	NA	NA	NA
NA	NA	NA	NA	NA	NA	NA	NA	NA	NA	NA	NA
NA	NA	NA	NA	NA	NA	NA	NA	NA	NA	NA	NA
NA	NA	NA	NA	NA	NA	NA	NA	NA	NA	NA	NA
NA	NA	NA	NA	NA	NA	NA	NA	NA	NA	NA	NA
NA	NA	NA	NA	NA	NA	NA	NA	NA	NA	NA	NA
NA	NA	NA	NA	NA	NA	NA	NA	NA	NA	NA	NA
NA	NA	NA	NA	NA	NA	NA	NA	NA	NA	NA	NA
NA	NA	NA	NA	NA	NA	NA	NA	NA	NA	NA	NA
NA	NA	NA	NA	NA	NA	NA	NA	NA	NA	NA	NA
NA	NA	NA	NA	NA	NA	NA	NA	NA	NA	NA	NA
NA	NA	NA	NA	NA	NA	NA	NA	NA	NA	NA	NA
NA	NA	NA	NA	NA	NA	NA	NA	NA	NA	NA	NA
NA	NA	NA	NA	NA	NA	NA	NA	NA	NA	NA	NA
NA	NA	NA	NA	NA	NA	NA	NA	NA	NA	NA	NA
NA	NA	NA	NA	NA	NA	NA	NA	NA	NA	NA	NA
NA	NA	NA	NA	NA	NA	NA	NA	NA	NA	NA	NA
NA	NA	NA	NA	NA	NA	NA	NA	NA	NA	NA	NA
NA	NA	NA	NA	NA	NA	NA	NA	NA	NA	NA	NA
NA	NA	NA	NA	NA	NA	NA	NA	NA	NA	NA	NA
NA	NA	NA	NA	NA	NA	NA	NA	NA	NA	NA	NA
NA	NA	NA	NA	NA	NA	NA	NA	NA	NA	NA	NA
NA	NA	NA	NA	NA	NA	NA	NA	NA	NA	NA	NA
NA	NA	NA	NA	NA	NA	NA	NA	NA	NA	NA	NA
NA	NA	NA	NA	NA	NA	NA	NA	NA	NA	NA	NA
NA	NA	NA	NA	NA	NA	NA	NA	NA	NA	NA	NA
NA	NA	NA	NA	NA	NA	NA	NA	NA	NA	NA	NA
NA	NA	NA	NA	NA	NA	NA	NA	NA	NA	NA	NA
NA	NA	NA	NA	NA	NA	NA	NA	NA	NA	NA	NA
NA	NA	NA	NA	NA	NA	NA	NA	NA	NA	NA	NA
NA	NA	NA	NA	NA	NA	NA	NA	NA	NA	NA	NA
NA	NA	NA	NA	NA	NA	NA	NA	NA	NA	NA	NA
NA	NA	NA	NA	NA	NA	NA	NA	NA	NA	NA	NA
NA	NA	NA	NA	NA	NA	NA	NA	NA	NA	NA	NA
NA	NA	NA	NA	NA	NA	NA	NA	NA	NA	NA	NA
NA	NA	NA	NA	NA	NA	NA	NA	NA	NA	NA	NA
NA	NA	NA	NA	NA	NA	NA	NA	NA	NA	NA	NA
NA	NA	NA	NA	NA	NA	NA	NA	NA	NA	NA	NA
NA	NA	NA	NA	NA	NA	NA	NA	NA	NA	NA	NA
NA	NA	NA	NA	NA	NA	NA	NA	NA	NA	NA	NA
NA	NA	NA	NA	NA	NA	NA	NA	NA	NA	NA	NA
NA	NA	NA	NA	NA	NA	NA	NA	NA	NA	NA	NA
NA	NA	NA	NA	NA	NA	NA	NA	NA	NA	NA	NA
NA	NA	NA	NA	NA	NA	NA	NA	NA	NA	NA	NA
NA	NA	NA	NA	NA	NA	NA	NA	NA	NA	NA	NA
NA	NA	NA	NA	NA	NA	NA	NA	NA	NA	NA	NA
NA	NA	NA	NA	NA	NA	NA	NA	NA	NA	NA	NA
NA	NA	NA	NA	NA	NA	NA	NA	NA	NA	NA	NA
NA	NA	NA	NA	NA	NA	NA	NA	NA	NA	NA	NA
NA	NA	NA	NA	NA	NA	NA	NA	NA	NA	NA	NA
NA	NA	NA	NA	NA	NA	NA	NA	NA	NA	NA	NA
NA	NA	NA	NA	NA	NA	NA	NA	NA	NA	NA	NA
NA	NA	NA	NA	NA	NA	NA	NA	NA	NA	NA	NA
NA	NA	NA	NA	NA	NA	NA	NA	NA	NA	NA	NA
NA	NA	NA	NA	NA	NA	NA	NA	NA	NA	NA	NA
NA	NA	NA	NA	NA	NA	NA	NA	NA	NA	NA	NA
NA	NA	NA	NA	NA	NA	NA	NA	NA	NA	NA	NA
NA	NA	NA	NA	NA	NA	NA	NA	NA	NA	NA	NA
NA	NA	NA	NA	NA	NA	NA	NA	NA	NA	NA	NA
NA	NA	NA	NA	NA	NA	NA	NA	NA	NA	NA	NA
NA	NA	NA	NA	NA	NA	NA	NA	NA	NA	NA	NA
NA	NA	NA	NA	NA	NA	NA	NA	NA	NA	NA	NA
NA	NA	NA	NA	NA	NA	NA	NA	NA	NA	NA	NA
NA	NA	NA	NA	NA	NA	NA	NA	NA	NA	NA	NA
NA	NA	NA	NA	NA	NA	NA	NA	NA	NA	NA	NA
NA	NA	NA	NA	NA	NA	NA	NA	NA	NA	NA	NA
NA	NA	NA	NA	NA	NA	NA	NA	NA	NA	NA	NA
NA	NA	NA	NA	NA	NA	NA	NA	NA	NA	NA	NA
NA	NA	NA	NA	NA	NA	NA	NA	NA	NA	NA	NA
NA	NA	NA	NA	NA	NA	NA	NA	NA	NA	NA	NA
NA	NA	NA	NA	NA	NA	NA	NA	NA	NA	NA	NA
NA	NA	NA	NA	NA	NA	NA	NA	NA	NA	NA	NA
NA	NA	NA	NA	NA	NA	NA	NA	NA	NA	NA	NA
NA	NA	NA	NA	NA	NA	NA	NA	NA	NA	NA	NA
NA	NA	NA	NA	NA	NA	NA	NA	NA	NA	NA	NA
NA	NA	NA	NA	NA	NA	NA	NA	NA	NA	NA	NA
NA	NA	NA	NA	NA	NA	NA	NA	NA	NA	NA	NA
NA	NA	NA	NA	NA	NA	NA	NA	NA	NA	NA	NA
NA	NA	NA	NA	NA	NA	NA	NA	NA	NA	NA	NA
NA	NA	NA	NA	NA	NA	NA	NA	NA	NA	NA	NA
NA	NA	NA	NA	NA	NA	NA	NA	NA	NA	NA	NA
NA	NA	NA	NA	NA	NA	NA	NA	NA	NA	NA	NA
NA	NA	NA	NA	NA	NA	NA	NA	NA	NA	NA	NA
NA	NA	NA	NA	NA	NA	NA	NA	NA	NA	NA	NA
NA	NA	NA	NA	NA	NA	NA	NA	NA	NA	NA	NA
