X1	X2	X3	X4	X1.1	X2.1	X3.1	X4.1	X1.2	X2.2	X3.2	X4.2
NA	NA	NA	NA	NA	NA	NA	NA	NA	NA	NA	NA
NA	NA	NA	NA	NA	NA	NA	NA	NA	NA	NA	NA
NA	NA	NA	NA	NA	NA	NA	NA	NA	NA	NA	NA
NA	NA	NA	NA	NA	NA	NA	NA	NA	NA	NA	NA
NA	NA	NA	NA	NA	NA	NA	NA	NA	NA	NA	NA
NA	NA	NA	NA	NA	NA	NA	NA	NA	NA	NA	NA
NA	NA	NA	NA	NA	NA	NA	NA	NA	NA	NA	NA
NA	NA	NA	NA	NA	NA	NA	NA	NA	NA	NA	NA
NA	NA	NA	NA	NA	NA	NA	NA	NA	NA	NA	NA
NA	NA	NA	NA	NA	NA	NA	NA	NA	NA	NA	NA
NA	NA	NA	NA	NA	NA	NA	NA	NA	NA	NA	NA
NA	NA	NA	NA	NA	NA	NA	NA	NA	NA	NA	NA
NA	NA	NA	NA	NA	NA	NA	NA	NA	NA	NA	NA
NA	NA	NA	NA	NA	NA	NA	NA	NA	NA	NA	NA
NA	NA	NA	NA	NA	NA	NA	NA	NA	NA	NA	NA
NA	NA	NA	NA	NA	NA	NA	NA	NA	NA	NA	NA
NA	NA	NA	NA	NA	NA	NA	NA	NA	NA	NA	NA
NA	NA	NA	NA	NA	NA	NA	NA	NA	NA	NA	NA
NA	NA	NA	NA	NA	NA	NA	NA	NA	NA	NA	NA
NA	NA	NA	NA	NA	NA	NA	NA	NA	NA	NA	NA
NA	NA	NA	NA	NA	NA	NA	NA	NA	NA	NA	NA
NA	NA	NA	NA	NA	NA	NA	NA	NA	NA	NA	NA
NA	NA	NA	NA	NA	NA	NA	NA	NA	NA	NA	NA
NA	NA	NA	NA	NA	NA	NA	NA	NA	NA	NA	NA
NA	NA	NA	NA	NA	NA	NA	NA	NA	NA	NA	NA
NA	NA	NA	NA	NA	NA	NA	NA	NA	NA	NA	NA
NA	NA	NA	NA	NA	NA	NA	NA	NA	NA	NA	NA
NA	NA	NA	NA	NA	NA	NA	NA	NA	NA	NA	NA
NA	NA	NA	NA	NA	NA	NA	NA	NA	NA	NA	NA
NA	NA	NA	NA	NA	NA	NA	NA	NA	NA	NA	NA
NA	NA	NA	NA	NA	NA	NA	NA	NA	NA	NA	NA
NA	NA	NA	NA	NA	NA	NA	NA	NA	NA	NA	NA
NA	NA	NA	NA	NA	NA	NA	NA	NA	NA	NA	NA
NA	NA	NA	NA	NA	NA	NA	NA	NA	NA	NA	NA
NA	NA	NA	NA	NA	NA	NA	NA	NA	NA	NA	NA
NA	NA	NA	NA	NA	NA	NA	NA	NA	NA	NA	NA
NA	NA	NA	NA	NA	NA	NA	NA	NA	NA	NA	NA
NA	NA	NA	NA	NA	NA	NA	NA	NA	NA	NA	NA
NA	NA	NA	NA	NA	NA	NA	NA	NA	NA	NA	NA
NA	NA	NA	NA	NA	NA	NA	NA	NA	NA	NA	NA
NA	NA	NA	NA	NA	NA	NA	NA	NA	NA	NA	NA
NA	NA	NA	NA	NA	NA	NA	NA	NA	NA	NA	NA
NA	NA	NA	NA	NA	NA	NA	NA	NA	NA	NA	NA
NA	NA	NA	NA	NA	NA	NA	NA	NA	NA	NA	NA
NA	NA	NA	NA	NA	NA	NA	NA	NA	NA	NA	NA
NA	NA	NA	NA	NA	NA	NA	NA	NA	NA	NA	NA
NA	NA	NA	NA	NA	NA	NA	NA	NA	NA	NA	NA
NA	NA	NA	NA	NA	NA	NA	NA	NA	NA	NA	NA
NA	NA	NA	NA	NA	NA	NA	NA	NA	NA	NA	NA
NA	NA	NA	NA	NA	NA	NA	NA	NA	NA	NA	NA
NA	NA	NA	NA	NA	NA	NA	NA	NA	NA	NA	NA
NA	NA	NA	NA	NA	NA	NA	NA	NA	NA	NA	NA
NA	NA	NA	NA	NA	NA	NA	NA	NA	NA	NA	NA
NA	NA	NA	NA	NA	NA	NA	NA	NA	NA	NA	NA
NA	NA	NA	NA	NA	NA	NA	NA	NA	NA	NA	NA
NA	NA	NA	NA	NA	NA	NA	NA	NA	NA	NA	NA
NA	NA	NA	NA	NA	NA	NA	NA	NA	NA	NA	NA
NA	NA	NA	NA	NA	NA	NA	NA	NA	NA	NA	NA
NA	NA	NA	NA	NA	NA	NA	NA	NA	NA	NA	NA
NA	NA	NA	NA	NA	NA	NA	NA	NA	NA	NA	NA
NA	NA	NA	NA	NA	NA	NA	NA	NA	NA	NA	NA
NA	NA	NA	NA	NA	NA	NA	NA	NA	NA	NA	NA
NA	NA	NA	NA	NA	NA	NA	NA	NA	NA	NA	NA
NA	NA	NA	NA	NA	NA	NA	NA	NA	NA	NA	NA
NA	NA	NA	NA	NA	NA	NA	NA	NA	NA	NA	NA
NA	NA	NA	NA	NA	NA	NA	NA	NA	NA	NA	NA
NA	NA	NA	NA	NA	NA	NA	NA	NA	NA	NA	NA
NA	NA	NA	NA	NA	NA	NA	NA	NA	NA	NA	NA
NA	NA	NA	NA	NA	NA	NA	NA	NA	NA	NA	NA
NA	NA	NA	NA	NA	NA	NA	NA	NA	NA	NA	NA
NA	NA	NA	NA	NA	NA	NA	NA	NA	NA	NA	NA
NA	NA	NA	NA	NA	NA	NA	NA	NA	NA	NA	NA
NA	NA	NA	NA	NA	NA	NA	NA	NA	NA	NA	NA
NA	NA	NA	NA	NA	NA	NA	NA	NA	NA	NA	NA
NA	NA	NA	NA	NA	NA	NA	NA	NA	NA	NA	NA
NA	NA	NA	NA	NA	NA	NA	NA	NA	NA	NA	NA
NA	NA	NA	NA	NA	NA	NA	NA	NA	NA	NA	NA
NA	NA	NA	NA	NA	NA	NA	NA	NA	NA	NA	NA
NA	NA	NA	NA	NA	NA	NA	NA	NA	NA	NA	NA
NA	NA	NA	NA	NA	NA	NA	NA	NA	NA	NA	NA
NA	NA	NA	NA	NA	NA	NA	NA	NA	NA	NA	NA
NA	NA	NA	NA	NA	NA	NA	NA	NA	NA	NA	NA
NA	NA	NA	NA	NA	NA	NA	NA	NA	NA	NA	NA
NA	NA	NA	NA	NA	NA	NA	NA	NA	NA	NA	NA
NA	NA	NA	NA	NA	NA	NA	NA	NA	NA	NA	NA
NA	NA	NA	NA	NA	NA	NA	NA	NA	NA	NA	NA
NA	NA	NA	NA	NA	NA	NA	NA	NA	NA	NA	NA
NA	NA	NA	NA	NA	NA	NA	NA	NA	NA	NA	NA
NA	NA	NA	NA	NA	NA	NA	NA	NA	NA	NA	NA
NA	NA	NA	NA	NA	NA	NA	NA	NA	NA	NA	NA
NA	NA	NA	NA	NA	NA	NA	NA	NA	NA	NA	NA
NA	NA	NA	NA	NA	NA	NA	NA	NA	NA	NA	NA
NA	NA	NA	NA	NA	NA	NA	NA	NA	NA	NA	NA
NA	NA	NA	NA	NA	NA	NA	NA	NA	NA	NA	NA
NA	NA	NA	NA	NA	NA	NA	NA	NA	NA	NA	NA
NA	NA	NA	NA	NA	NA	NA	NA	NA	NA	NA	NA
NA	NA	NA	NA	NA	NA	NA	NA	NA	NA	NA	NA
NA	NA	NA	NA	NA	NA	NA	NA	NA	NA	NA	NA
NA	NA	NA	NA	NA	NA	NA	NA	NA	NA	NA	NA
NA	NA	NA	NA	NA	NA	NA	NA	NA	NA	NA	NA
2.14560017726696	0.209633300983232	1.73471890733982	2.55648144719409	2.19529101242592	0.17353004596942	1.85517212232586	2.53540990252598	2.19529101242592	0.209633300983232	1.76949311035474	2.60369972232942
2.14606919894921	0.221960042306183	1.71102751602909	2.58111088186933	2.1500494600923	0.189501511530829	1.77862649749187	2.52147242269272	2.1500494600923	0.221960042306183	1.6952707056135	2.57890239572994
1.88813566385343	0.269851871297794	1.35922599610975	2.41704533159711	1.88281433477302	0.194500834431308	1.50159269928765	2.26403597025838	1.88281433477302	0.269851871297794	1.32980096518774	2.39330311844839
1.5467490382086	0.388291187230998	0.785698311235843	2.30779976518136	1.50798217263497	0.310858913367781	0.898698702434122	2.11726564283582	1.50798217263497	0.388291187230998	0.621682689575461	2.16773406012957
2.01448556308134	0.27448764477047	1.47648977933122	2.55248134683146	1.97485062746473	0.204097895884501	1.57481875153111	2.37488250339836	1.97485062746473	0.27448764477047	1.48418651373516	2.51285314266184
1.89454445010879	0.227408294326854	1.44882419322816	2.34026470698942	1.89841658957327	0.196894937034752	1.51250251298516	2.28433066616138	1.89841658957327	0.227408294326854	1.4275979724691	2.36403960174781
2.22566059403031	0.245448976586976	1.74458059991983	2.70674058814078	2.26027748724012	0.199953483142549	1.86836866028072	2.65218631419952	2.26027748724012	0.245448976586976	1.79345870356797	2.76750207303393
1.62692161343693	0.217868145373555	1.19990004850476	2.05394317836909	1.69503900375688	0.183965786735085	1.33446606175611	2.05561194575764	1.69503900375688	0.217868145373555	1.29543631504348	2.14160464642868
1.86328094521269	0.300304618472825	1.27468389300595	2.45187799741942	1.81356042632184	0.240978159532151	1.34124323363883	2.28587761900486	1.81356042632184	0.300304618472825	1.18471186480552	2.30792956898268
2.06336406437037	0.280359452476059	1.5138595375173	2.61286859122345	1.99445221945488	0.241921731185373	1.52028562633155	2.46861881257821	1.99445221945488	0.280359452476059	1.38891023868882	2.5196893636742
2.14670557421146	0.235380314175586	1.68536015842731	2.60805098999561	2.20319010151293	0.186622356366583	1.83741028303443	2.56896991999144	2.20319010151293	0.235380314175586	1.72821350490134	2.66631863161204
1.63273358284169	0.209430740073767	1.2222493322971	2.04321783338627	1.5773537406662	0.197207571656297	1.19082690021986	1.96388058111254	1.5773537406662	0.209430740073767	1.18643449696505	1.97258145101313
2.01594198404438	0.196715703242037	1.63037920568998	2.40150476239877	2.00055052082131	0.167808888253583	1.67164509984429	2.32945594179833	2.00055052082131	0.196715703242037	1.61727731859508	2.3792845842549
1.88776664041539	0.2036931361822	1.48852809349827	2.2870051873325	1.89372547450073	0.172922114204993	1.55479813065894	2.23265281834252	1.89372547450073	0.2036931361822	1.50481289186913	2.30180886771978
1.9861329301886	0.255268507919144	1.48580665466707	2.48645920571012	2.05048612221606	0.197395588556938	1.66359076864446	2.43738147578766	2.05048612221606	0.255268507919144	1.53577748813811	2.53233682899765
2.07721413552352	0.214674252806847	1.6564526000221	2.49797567102494	2.10352192525684	0.170365859664855	1.76960484031373	2.43743901019996	2.10352192525684	0.214674252806847	1.71154534337909	2.53782315626662
1.86531736163418	0.244884748226087	1.38534325511105	2.34529146815731	1.94459419371448	0.190811170472608	1.57060429958817	2.31858408784079	1.94459419371448	0.244884748226087	1.50899672892944	2.47394119435091
2.23379754903547	0.278030231583862	1.6888582951311	2.77873680293984	2.17421632326479	0.22048984850506	1.74205622019487	2.6063764263347	2.17421632326479	0.278030231583862	1.6527584727806	2.752129426715
2.20262723229261	0.282025281864552	1.64985767983809	2.75539678474713	2.1569681998654	0.216842422785547	1.73195705120573	2.58197934852507	2.1569681998654	0.282025281864552	1.61517520392118	2.76495543286207
1.74162941378472	0.21427748385242	1.32164554543397	2.16161328213546	1.76424554403232	0.180787595958967	1.40990185595275	2.1185892321119	1.76424554403232	0.21427748385242	1.37317861671962	2.17926499819372
2.20152690048475	0.178283268675871	1.85209169388004	2.55096210708945	2.23003189066103	0.154294045091999	1.92761556228071	2.53244821904135	2.23003189066103	0.178283268675871	1.89945076745832	2.57595027211029
1.86570766962445	0.192076767457997	1.48923720540677	2.24217813384212	1.83454385442778	0.16478137225157	1.51157236481471	2.15751534404086	1.83454385442778	0.192076767457997	1.48443799459692	2.22086942366627
2.05591031013002	0.201677980808063	1.66062146774622	2.45119915251383	2.09594200945728	0.169268818946831	1.76417512432149	2.42770889459307	2.09594200945728	0.201677980808063	1.71904622554833	2.52370155375594
1.86527375740481	0.279693107717143	1.31707526627921	2.41347224853041	1.81451034709507	0.203335049480835	1.41597365011263	2.2130470440775	1.81451034709507	0.279693107717143	1.33474291744245	2.45047416284909
2.04932822398043	0.245253900275332	1.56863057944078	2.53002586852008	2.05645538385279	0.219584282680891	1.62607018979824	2.48684057790733	2.05645538385279	0.245253900275332	1.5749486601818	2.55429309413939
2.0107540475032	0.27034524549943	1.48087736632431	2.54063072868208	1.93663722749323	0.224555758485504	1.49650794086164	2.37676651412482	1.93663722749323	0.27034524549943	1.43065337206805	2.52519028471022
1.97499793196507	0.221466811425383	1.54092298157132	2.40907288235882	1.97632335037772	0.185268773261167	1.61319655478583	2.33945014596961	1.97632335037772	0.221466811425383	1.5526683006131	2.43755810653847
1.97644465726421	0.212464163442218	1.56001489691747	2.39287441761096	1.89455613687413	0.178449762861071	1.54479460166643	2.24431767208183	1.89455613687413	0.212464163442218	1.45760505999725	2.30290811444286
2.027282957606	0.234674514886152	1.56732090842914	2.48724500678286	2.01351455305164	0.205216148750081	1.61129090150148	2.4157382046018	2.01351455305164	0.234674514886152	1.5245418160362	2.53246098805066
2.5069777697801	0.330096622728176	1.85998838923287	3.15396715032732	2.28275061643075	0.242871113158317	1.80672323464045	2.75877799822105	2.28275061643075	0.330096622728176	1.73201864482748	3.04930090712467
2.23232195833172	0.246872796575902	1.74845127704295	2.71619263962049	2.1428782074317	0.18974260821893	1.7709826953226	2.5147737195408	2.1428782074317	0.246872796575902	1.69196123924166	2.61609842852864
2.32745852936833	0.366566465273671	1.60898825743193	3.04592880130472	2.47741261777908	0.253712596031952	1.98013592955646	2.97468930600171	2.47741261777908	0.366566465273671	1.88655036940463	3.37066473532035
2.00777752317721	0.271975153991195	1.47470622135447	2.54084882499995	1.97743542015719	0.206302341142849	1.57308283151721	2.38178800879718	1.97743542015719	0.271975153991195	1.46995917599231	2.50738193719073
2.0753911481777	0.187423027147821	1.70804201496798	2.44274028138743	2.05061485002318	0.154652133536927	1.74749666829081	2.35373303175556	2.05061485002318	0.187423027147821	1.69610808905479	2.40087639184581
2.1719132965367	0.265855299383237	1.65083690974556	2.69298968332785	2.11310994273534	0.204364986025669	1.71255457012503	2.51366531534565	2.11310994273534	0.265855299383237	1.58028058056384	2.68788838967911
1.97867848051268	0.243202706039657	1.50200117667495	2.45535578435041	2.04602606708734	0.199432574950178	1.65513822018499	2.43691391398968	2.04602606708734	0.243202706039657	1.58689309650304	2.53743316857973
2.00970047129399	0.223749747050369	1.57115096707527	2.44824997551271	2.07753487691189	0.188122154355799	1.70881545437452	2.44625429944925	2.07753487691189	0.223749747050369	1.64061815457365	2.53225554361395
2.10651069890841	0.241297192513136	1.63356820158266	2.57945319623415	2.09061600893372	0.215150174679609	1.66892166656169	2.51231035130575	2.09061600893372	0.241297192513136	1.59320545887192	2.59113459056136
1.94393957826996	0.269937952370108	1.41486119162455	2.47301796491538	1.91682264008107	0.227477112639395	1.47096749930786	2.36267778085429	1.91682264008107	0.269937952370108	1.37115386703318	2.45933925376892
2.03091852722931	0.194348714454378	1.64999504689873	2.41184200755989	2.03427986013009	0.1561666264177	1.72819327235139	2.34036644790878	2.03427986013009	0.194348714454378	1.64843038309563	2.40415129264409
2.20829043631525	0.174170319427377	1.86691661023759	2.54966426239291	2.2246556278221	0.154896712198598	1.92105807191285	2.52825318373136	2.2246556278221	0.174170319427377	1.90824767691556	2.57734345511329
1.93402708576338	0.2175645081956	1.5076006497	2.36045352182676	1.97101619721993	0.175831604354261	1.62638625268558	2.31564614175428	1.97101619721993	0.2175645081956	1.57648581470185	2.40735872699037
1.93495962995239	0.241736307471016	1.4611564673092	2.40876279259558	1.91588874097708	0.190568129453698	1.54237520724784	2.28940227470633	1.91588874097708	0.241736307471016	1.37594965800251	2.32536844001308
2.29918378086834	0.367720794930413	1.57845102280473	3.01991653893195	2.32280752335164	0.294946631479259	1.7447121256523	2.90090292105099	2.32280752335164	0.367720794930413	1.6834004466182	3.17003875729934
2.01721744543921	0.357571028649408	1.31637822928637	2.71805666159205	1.97936976038664	0.265203001083765	1.45957187826246	2.49916764251082	1.97936976038664	0.357571028649408	1.210691615977	2.69123310913116
1.52248493966867	0.351931988517295	0.832698242174771	2.21227163716257	1.57872890610214	0.276922984423465	1.03595985663215	2.12149795557213	1.57872890610214	0.351931988517295	0.953718749866669	2.34016291096476
1.92419836180299	0.21849338160609	1.49595133385506	2.35244538975093	1.93900183517011	0.172354074626929	1.60118784890133	2.27681582143889	1.93900183517011	0.21849338160609	1.52193888612218	2.38056600581601
1.64070551103792	0.342994268646305	0.968436744491162	2.31297427758468	1.69647840526074	0.265440596372504	1.17621483637063	2.21674197415085	1.69647840526074	0.342994268646305	0.883155763824968	2.25287287898863
2.34254653214892	0.213404100784536	1.92427449461123	2.76081856968661	2.34405658880195	0.197428735024765	1.95709626815341	2.73101690945049	2.34405658880195	0.213404100784536	1.93846263151714	2.76519422793761
1.96275480435765	0.182622679954095	1.60481435164762	2.32069525706767	2.02538428832256	0.155572093747186	1.72046298457807	2.33030559206704	2.02538428832256	0.182622679954095	1.65716842882995	2.37870366510987
1.73293811561993	0.365113934938819	1.01731480313984	2.44856142810001	1.86326499796573	0.275977368820966	1.32234935507663	2.40418064085482	1.86326499796573	0.365113934938819	1.22263754280666	2.662337831693
1.80424397843776	0.213265703303304	1.38624319996328	2.22224475691223	1.78238461262657	0.180141047769258	1.42930815899882	2.13546106625431	1.78238461262657	0.213265703303304	1.32187150542094	2.17999058346419
1.87111729291582	0.192596847763611	1.49362747129914	2.2486071145325	1.83256429828282	0.138541563105799	1.56102283459546	2.10410576197019	1.83256429828282	0.192596847763611	1.44372534454495	2.20493886601512
2.26267583838316	0.286214851522926	1.70169472939822	2.8236569473681	2.32203382246489	0.240518148337915	1.85061825172257	2.7934493932072	2.32203382246489	0.286214851522926	1.83416679491682	2.93988927866421
2.08615162977129	0.177696323520355	1.73786683567139	2.43443642387118	2.10107636420954	0.161746909348359	1.78405242188676	2.41810030653233	2.10107636420954	0.177696323520355	1.75780777846924	2.4415613940288
2.06438177663568	0.308829844878244	1.45907528067432	2.66968827259704	2.13007901432054	0.2462172542376	1.64749319601484	2.61266483262624	2.13007901432054	0.308829844878244	1.49556353122402	2.78320291401378
1.94361496144898	0.217696407664195	1.51693000242716	2.37029992047081	1.96944370967702	0.167046508967707	1.64203255210031	2.29685486725372	1.96944370967702	0.217696407664195	1.53787557683408	2.45720486459283
2.14791638487832	0.22342963054453	1.70999430901104	2.5858384607456	2.13529876647314	0.188753837479547	1.76534124501323	2.50525628793305	2.13529876647314	0.22342963054453	1.68941075476598	2.53966185631688
1.59708925581224	0.256647566100139	1.09406002625597	2.10011848536852	1.65356502671886	0.19394555908818	1.27343173090603	2.03369832253169	1.65356502671886	0.256647566100139	1.1554192576611	2.15473598966517
2.01214871002028	0.249886185745979	1.52237178595816	2.5019256340824	1.99143533914877	0.20863716703056	1.58250649176887	2.40036418652867	1.99143533914877	0.249886185745979	1.49518687043148	2.45141657236915
2.06629214072635	0.292112841329682	1.49375097172018	2.63883330973253	2.04430593044978	0.239999440375069	1.57390702731465	2.51470483358492	2.04430593044978	0.292112841329682	1.45657931774496	2.56350958069577
2.13983016521797	0.193214099228758	1.7611305307296	2.51852979970633	2.11076454073918	0.160430820846141	1.79632013188075	2.42520894959762	2.11076454073918	0.193214099228758	1.71757160892905	2.47137686724
2.06610383039751	0.346741665635515	1.3864901657519	2.74571749504312	2.03336401149523	0.280629692626598	1.4833298139471	2.58339820904336	2.03336401149523	0.346741665635515	1.34186686812281	2.73021352434732
2.27556651928631	0.273462140793536	1.73958072333098	2.81155231524165	2.2976743241192	0.214652921322498	1.8769545983271	2.71839404991129	2.2976743241192	0.273462140793536	1.74213645841116	2.85189929724736
1.52382594859519	0.207976661725282	1.11619169161364	1.93146020557675	1.5250978640562	0.166569152630605	1.19862232490021	1.85157340321219	1.5250978640562	0.207976661725282	1.10405432006112	1.90162177342285
1.60590045299145	0.535011287637903	0.55727832922116	2.65452257676174	1.63366419186919	0.412361367193	0.825435912170911	2.44189247156747	1.63366419186919	0.535011287637903	0.391941580013431	2.43179103332439
1.97374510664342	0.181133548083887	1.618723352399	2.32876686088784	1.98054261785459	0.162679005191708	1.66169176767884	2.29939346803033	1.98054261785459	0.181133548083887	1.63450138584761	2.35509751411125
2.14729030122259	0.250239708705053	1.65682047216069	2.6377601302845	2.16608443967442	0.208511588056268	1.75740172708414	2.57476715226471	2.16608443967442	0.250239708705053	1.67382007807476	2.63381205468064
1.65013331024834	0.218161823527947	1.22253613613356	2.07773048436311	1.65340019966147	0.200800970788001	1.25983029691698	2.04697010240595	1.65340019966147	0.218161823527947	1.20349900248294	2.06650702744195
1.85784955149489	0.323546973285164	1.22369748385597	2.49200161913381	1.93074158368656	0.231670042254288	1.47666830086816	2.38481486650496	1.93074158368656	0.323546973285164	1.2080028515532	2.56922419829651
2.02599588213037	0.391228657532381	1.2591877133669	2.79280405089384	1.98044284785885	0.262781244801194	1.46539160804851	2.49549408766919	1.98044284785885	0.391228657532381	1.21508501698673	2.82949674713112
1.90248305583391	0.296520764444531	1.32130235752263	2.48366375414519	1.83563370595917	0.248142482641935	1.34927443998098	2.32199297193736	1.83563370595917	0.296520764444531	1.26903313180483	2.37762016583922
2.21298612431543	0.23993204589906	1.74271931435327	2.68325293427759	2.22632696174138	0.181441675238106	1.87070127827469	2.58195264520807	2.22632696174138	0.23993204589906	1.69192403894304	2.64291916990675
2.05728123534195	0.249776246266539	1.56771979265953	2.54684267802436	2.03285455037054	0.227101258486587	1.58773608373683	2.47797301700425	2.03285455037054	0.249776246266539	1.545338037612	2.53847199587776
1.74218838849843	0.322869625362139	1.10936392278864	2.37501285420822	1.77523678370945	0.239119227158676	1.30656309847844	2.24391046894045	1.77523678370945	0.322869625362139	1.25005031024983	2.57886983296663
2.26654900765721	0.252452331033528	1.7717424388315	2.76135557648293	2.29936338662279	0.209292299708013	1.88915047919508	2.70957629405049	2.29936338662279	0.252452331033528	1.87526328208413	2.8801830586804
1.78697779978916	0.251225684233642	1.29457545869122	2.2793801408871	1.67630548867712	0.202774849105804	1.27886678442974	2.07374419292449	1.67630548867712	0.251225684233642	1.14136874040055	2.13408056588297
2.06948228965015	0.199568791927491	1.67832745747227	2.46063712182803	2.08091279810075	0.16782083016484	1.75198397097766	2.40984162522383	2.08091279810075	0.199568791927491	1.68879577878906	2.46721129048291
1.74157636631937	0.308579197459344	1.13676113929906	2.34639159333969	1.68483413470758	0.239668159605824	1.21508454188016	2.15458372753499	1.68483413470758	0.308579197459344	1.17918617089812	2.40770106010803
2.03942186805084	0.294458251124941	1.46228369584595	2.61656004025572	1.99303387126643	0.223916875593815	1.55415679510255	2.4319109474303	1.99303387126643	0.294458251124941	1.33224861862306	2.51772080956538
1.94526228883428	0.223545381957737	1.50711334019711	2.38341123747144	1.98682204875527	0.196330568659405	1.60201413418284	2.37162996332771	1.98682204875527	0.223545381957737	1.54725604933951	2.43553214749694
2.05562933025146	0.293130657814825	1.48109324093441	2.63016541956852	2.03214275720868	0.249535674503707	1.54305283518141	2.52123267923594	2.03214275720868	0.293130657814825	1.43721646227141	2.60455751380966
2.11311060931607	0.155771182986161	1.80779909066319	2.41842212796894	2.13750615775827	0.140443035857339	1.86223780747789	2.41277450803866	2.13750615775827	0.155771182986161	1.83531424370919	2.45424654120166
1.8049161692672	0.222030671303168	1.36973605351298	2.24009628502141	1.81179484391115	0.189809265576898	1.43976868338043	2.18382100444187	1.81179484391115	0.222030671303168	1.40296168787349	2.29909217482431
2.31982898829847	0.26465653513011	1.80110217944345	2.83855579715348	2.33592168091857	0.203254753234215	1.93754236457951	2.73430099725764	2.33592168091857	0.26465653513011	1.84615547847718	2.87549964606404
2.29512009627959	0.28320202347147	1.74004413027551	2.85019606228367	2.31133054061838	0.21749824570694	1.88503397903278	2.73762710220398	2.31133054061838	0.28320202347147	1.80770411390727	2.88942580447027
1.84971711592312	0.240627950592576	1.37808633276167	2.32134789908457	1.89260816956704	0.216481252774037	1.46830491412992	2.31691142500415	1.89260816956704	0.240627950592576	1.43874117678814	2.3500353083332
1.85376300528062	0.199685958342758	1.46237852692882	2.24514748363243	1.83644356193746	0.17812143436646	1.4873255505792	2.18556157329572	1.83644356193746	0.199685958342758	1.43215912177605	2.2265598340411
1.81329534369557	0.185463569080124	1.44978674829853	2.17680393909261	1.78524458528113	0.167668874876979	1.45661359052225	2.11387558004001	1.78524458528113	0.185463569080124	1.40711933224594	2.14629005599766
1.92918279977305	0.209619257028716	1.51832905599677	2.34003654354934	2.01834715447042	0.179518099154221	1.66649168012815	2.3702026288127	2.01834715447042	0.209619257028716	1.60129954023077	2.43760298579944
2.1092662932672	0.202688656622715	1.71199652628668	2.50653606024773	2.12024204373823	0.163643359142714	1.79950105981852	2.44098302765795	2.12024204373823	0.202688656622715	1.71315191882102	2.51146455197784
2.09351551873911	0.224754508036118	1.65299668298832	2.53403435448991	2.07261769070627	0.182507988870647	1.7149020325198	2.43033334889273	2.07261769070627	0.224754508036118	1.63616112914075	2.49965319968419
2.2907328800986	0.263715031888366	1.7738514175974	2.8076143425998	2.30678941338854	0.203515663400977	1.90789871312263	2.70568011365446	2.30678941338854	0.263715031888366	1.87380375533111	2.90080523559808
2.15479512330399	0.328440567256836	1.51105161148059	2.79853863512739	2.18061894618527	0.252384998428115	1.68594434926616	2.67529354310437	2.18061894618527	0.328440567256836	1.54783557468986	2.83664630216744
1.95469059030549	0.283437007879255	1.39915405486215	2.51022712574883	1.9382641929972	0.213705214315535	1.51940197293875	2.35712641305565	1.9382641929972	0.283437007879255	1.36739742538629	2.49743828544932
1.62265258920461	0.46407261792599	0.713070258069668	2.53223492033955	1.84255307899297	0.335613045178514	1.18475151044308	2.50035464754286	1.84255307899297	0.46407261792599	0.725414728295372	2.50225689640535
2.02043136970655	0.29184615964544	1.44841289680149	2.59244984261161	1.99750432277538	0.236827238437458	1.53332293543796	2.46168571011279	1.99750432277538	0.29184615964544	1.46644556185161	2.61363003777671
2.41783521107961	0.268751904658296	1.89108147794935	2.94458894420988	2.4081452191624	0.215592821238345	1.98558328953525	2.83070714878956	2.4081452191624	0.268751904658296	1.89198339696566	2.95300619917748
1.83747049896386	0.287894285678909	1.2731976990332	2.40174329889452	1.88197075860879	0.227811029247107	1.43546114128446	2.32848037593312	1.88197075860879	0.287894285678909	1.35551775017219	2.51082496697765
2.2419992150083	0.292908307000661	1.667898933287	2.8160994967296	2.25518461979981	0.223703065137894	1.81672661212953	2.69364262747008	2.25518461979981	0.292908307000661	1.72043087391202	2.92921005049519
NA	NA	NA	NA	NA	NA	NA	NA	NA	NA	NA	NA
NA	NA	NA	NA	NA	NA	NA	NA	NA	NA	NA	NA
NA	NA	NA	NA	NA	NA	NA	NA	NA	NA	NA	NA
NA	NA	NA	NA	NA	NA	NA	NA	NA	NA	NA	NA
NA	NA	NA	NA	NA	NA	NA	NA	NA	NA	NA	NA
NA	NA	NA	NA	NA	NA	NA	NA	NA	NA	NA	NA
NA	NA	NA	NA	NA	NA	NA	NA	NA	NA	NA	NA
NA	NA	NA	NA	NA	NA	NA	NA	NA	NA	NA	NA
NA	NA	NA	NA	NA	NA	NA	NA	NA	NA	NA	NA
NA	NA	NA	NA	NA	NA	NA	NA	NA	NA	NA	NA
NA	NA	NA	NA	NA	NA	NA	NA	NA	NA	NA	NA
NA	NA	NA	NA	NA	NA	NA	NA	NA	NA	NA	NA
NA	NA	NA	NA	NA	NA	NA	NA	NA	NA	NA	NA
NA	NA	NA	NA	NA	NA	NA	NA	NA	NA	NA	NA
NA	NA	NA	NA	NA	NA	NA	NA	NA	NA	NA	NA
NA	NA	NA	NA	NA	NA	NA	NA	NA	NA	NA	NA
NA	NA	NA	NA	NA	NA	NA	NA	NA	NA	NA	NA
NA	NA	NA	NA	NA	NA	NA	NA	NA	NA	NA	NA
NA	NA	NA	NA	NA	NA	NA	NA	NA	NA	NA	NA
NA	NA	NA	NA	NA	NA	NA	NA	NA	NA	NA	NA
NA	NA	NA	NA	NA	NA	NA	NA	NA	NA	NA	NA
NA	NA	NA	NA	NA	NA	NA	NA	NA	NA	NA	NA
NA	NA	NA	NA	NA	NA	NA	NA	NA	NA	NA	NA
NA	NA	NA	NA	NA	NA	NA	NA	NA	NA	NA	NA
NA	NA	NA	NA	NA	NA	NA	NA	NA	NA	NA	NA
NA	NA	NA	NA	NA	NA	NA	NA	NA	NA	NA	NA
NA	NA	NA	NA	NA	NA	NA	NA	NA	NA	NA	NA
NA	NA	NA	NA	NA	NA	NA	NA	NA	NA	NA	NA
NA	NA	NA	NA	NA	NA	NA	NA	NA	NA	NA	NA
NA	NA	NA	NA	NA	NA	NA	NA	NA	NA	NA	NA
NA	NA	NA	NA	NA	NA	NA	NA	NA	NA	NA	NA
NA	NA	NA	NA	NA	NA	NA	NA	NA	NA	NA	NA
NA	NA	NA	NA	NA	NA	NA	NA	NA	NA	NA	NA
NA	NA	NA	NA	NA	NA	NA	NA	NA	NA	NA	NA
NA	NA	NA	NA	NA	NA	NA	NA	NA	NA	NA	NA
NA	NA	NA	NA	NA	NA	NA	NA	NA	NA	NA	NA
NA	NA	NA	NA	NA	NA	NA	NA	NA	NA	NA	NA
NA	NA	NA	NA	NA	NA	NA	NA	NA	NA	NA	NA
NA	NA	NA	NA	NA	NA	NA	NA	NA	NA	NA	NA
NA	NA	NA	NA	NA	NA	NA	NA	NA	NA	NA	NA
NA	NA	NA	NA	NA	NA	NA	NA	NA	NA	NA	NA
NA	NA	NA	NA	NA	NA	NA	NA	NA	NA	NA	NA
NA	NA	NA	NA	NA	NA	NA	NA	NA	NA	NA	NA
NA	NA	NA	NA	NA	NA	NA	NA	NA	NA	NA	NA
NA	NA	NA	NA	NA	NA	NA	NA	NA	NA	NA	NA
NA	NA	NA	NA	NA	NA	NA	NA	NA	NA	NA	NA
NA	NA	NA	NA	NA	NA	NA	NA	NA	NA	NA	NA
NA	NA	NA	NA	NA	NA	NA	NA	NA	NA	NA	NA
NA	NA	NA	NA	NA	NA	NA	NA	NA	NA	NA	NA
NA	NA	NA	NA	NA	NA	NA	NA	NA	NA	NA	NA
NA	NA	NA	NA	NA	NA	NA	NA	NA	NA	NA	NA
NA	NA	NA	NA	NA	NA	NA	NA	NA	NA	NA	NA
NA	NA	NA	NA	NA	NA	NA	NA	NA	NA	NA	NA
NA	NA	NA	NA	NA	NA	NA	NA	NA	NA	NA	NA
NA	NA	NA	NA	NA	NA	NA	NA	NA	NA	NA	NA
NA	NA	NA	NA	NA	NA	NA	NA	NA	NA	NA	NA
NA	NA	NA	NA	NA	NA	NA	NA	NA	NA	NA	NA
NA	NA	NA	NA	NA	NA	NA	NA	NA	NA	NA	NA
NA	NA	NA	NA	NA	NA	NA	NA	NA	NA	NA	NA
NA	NA	NA	NA	NA	NA	NA	NA	NA	NA	NA	NA
NA	NA	NA	NA	NA	NA	NA	NA	NA	NA	NA	NA
NA	NA	NA	NA	NA	NA	NA	NA	NA	NA	NA	NA
NA	NA	NA	NA	NA	NA	NA	NA	NA	NA	NA	NA
NA	NA	NA	NA	NA	NA	NA	NA	NA	NA	NA	NA
NA	NA	NA	NA	NA	NA	NA	NA	NA	NA	NA	NA
NA	NA	NA	NA	NA	NA	NA	NA	NA	NA	NA	NA
NA	NA	NA	NA	NA	NA	NA	NA	NA	NA	NA	NA
NA	NA	NA	NA	NA	NA	NA	NA	NA	NA	NA	NA
NA	NA	NA	NA	NA	NA	NA	NA	NA	NA	NA	NA
NA	NA	NA	NA	NA	NA	NA	NA	NA	NA	NA	NA
NA	NA	NA	NA	NA	NA	NA	NA	NA	NA	NA	NA
NA	NA	NA	NA	NA	NA	NA	NA	NA	NA	NA	NA
NA	NA	NA	NA	NA	NA	NA	NA	NA	NA	NA	NA
NA	NA	NA	NA	NA	NA	NA	NA	NA	NA	NA	NA
NA	NA	NA	NA	NA	NA	NA	NA	NA	NA	NA	NA
NA	NA	NA	NA	NA	NA	NA	NA	NA	NA	NA	NA
NA	NA	NA	NA	NA	NA	NA	NA	NA	NA	NA	NA
NA	NA	NA	NA	NA	NA	NA	NA	NA	NA	NA	NA
NA	NA	NA	NA	NA	NA	NA	NA	NA	NA	NA	NA
NA	NA	NA	NA	NA	NA	NA	NA	NA	NA	NA	NA
NA	NA	NA	NA	NA	NA	NA	NA	NA	NA	NA	NA
NA	NA	NA	NA	NA	NA	NA	NA	NA	NA	NA	NA
NA	NA	NA	NA	NA	NA	NA	NA	NA	NA	NA	NA
NA	NA	NA	NA	NA	NA	NA	NA	NA	NA	NA	NA
NA	NA	NA	NA	NA	NA	NA	NA	NA	NA	NA	NA
NA	NA	NA	NA	NA	NA	NA	NA	NA	NA	NA	NA
NA	NA	NA	NA	NA	NA	NA	NA	NA	NA	NA	NA
NA	NA	NA	NA	NA	NA	NA	NA	NA	NA	NA	NA
NA	NA	NA	NA	NA	NA	NA	NA	NA	NA	NA	NA
NA	NA	NA	NA	NA	NA	NA	NA	NA	NA	NA	NA
NA	NA	NA	NA	NA	NA	NA	NA	NA	NA	NA	NA
NA	NA	NA	NA	NA	NA	NA	NA	NA	NA	NA	NA
NA	NA	NA	NA	NA	NA	NA	NA	NA	NA	NA	NA
NA	NA	NA	NA	NA	NA	NA	NA	NA	NA	NA	NA
NA	NA	NA	NA	NA	NA	NA	NA	NA	NA	NA	NA
NA	NA	NA	NA	NA	NA	NA	NA	NA	NA	NA	NA
NA	NA	NA	NA	NA	NA	NA	NA	NA	NA	NA	NA
NA	NA	NA	NA	NA	NA	NA	NA	NA	NA	NA	NA
NA	NA	NA	NA	NA	NA	NA	NA	NA	NA	NA	NA
NA	NA	NA	NA	NA	NA	NA	NA	NA	NA	NA	NA
NA	NA	NA	NA	NA	NA	NA	NA	NA	NA	NA	NA
NA	NA	NA	NA	NA	NA	NA	NA	NA	NA	NA	NA
NA	NA	NA	NA	NA	NA	NA	NA	NA	NA	NA	NA
NA	NA	NA	NA	NA	NA	NA	NA	NA	NA	NA	NA
NA	NA	NA	NA	NA	NA	NA	NA	NA	NA	NA	NA
NA	NA	NA	NA	NA	NA	NA	NA	NA	NA	NA	NA
NA	NA	NA	NA	NA	NA	NA	NA	NA	NA	NA	NA
NA	NA	NA	NA	NA	NA	NA	NA	NA	NA	NA	NA
NA	NA	NA	NA	NA	NA	NA	NA	NA	NA	NA	NA
NA	NA	NA	NA	NA	NA	NA	NA	NA	NA	NA	NA
NA	NA	NA	NA	NA	NA	NA	NA	NA	NA	NA	NA
NA	NA	NA	NA	NA	NA	NA	NA	NA	NA	NA	NA
NA	NA	NA	NA	NA	NA	NA	NA	NA	NA	NA	NA
NA	NA	NA	NA	NA	NA	NA	NA	NA	NA	NA	NA
NA	NA	NA	NA	NA	NA	NA	NA	NA	NA	NA	NA
NA	NA	NA	NA	NA	NA	NA	NA	NA	NA	NA	NA
NA	NA	NA	NA	NA	NA	NA	NA	NA	NA	NA	NA
NA	NA	NA	NA	NA	NA	NA	NA	NA	NA	NA	NA
NA	NA	NA	NA	NA	NA	NA	NA	NA	NA	NA	NA
NA	NA	NA	NA	NA	NA	NA	NA	NA	NA	NA	NA
NA	NA	NA	NA	NA	NA	NA	NA	NA	NA	NA	NA
NA	NA	NA	NA	NA	NA	NA	NA	NA	NA	NA	NA
NA	NA	NA	NA	NA	NA	NA	NA	NA	NA	NA	NA
NA	NA	NA	NA	NA	NA	NA	NA	NA	NA	NA	NA
NA	NA	NA	NA	NA	NA	NA	NA	NA	NA	NA	NA
NA	NA	NA	NA	NA	NA	NA	NA	NA	NA	NA	NA
NA	NA	NA	NA	NA	NA	NA	NA	NA	NA	NA	NA
NA	NA	NA	NA	NA	NA	NA	NA	NA	NA	NA	NA
NA	NA	NA	NA	NA	NA	NA	NA	NA	NA	NA	NA
NA	NA	NA	NA	NA	NA	NA	NA	NA	NA	NA	NA
NA	NA	NA	NA	NA	NA	NA	NA	NA	NA	NA	NA
NA	NA	NA	NA	NA	NA	NA	NA	NA	NA	NA	NA
NA	NA	NA	NA	NA	NA	NA	NA	NA	NA	NA	NA
NA	NA	NA	NA	NA	NA	NA	NA	NA	NA	NA	NA
NA	NA	NA	NA	NA	NA	NA	NA	NA	NA	NA	NA
NA	NA	NA	NA	NA	NA	NA	NA	NA	NA	NA	NA
NA	NA	NA	NA	NA	NA	NA	NA	NA	NA	NA	NA
NA	NA	NA	NA	NA	NA	NA	NA	NA	NA	NA	NA
NA	NA	NA	NA	NA	NA	NA	NA	NA	NA	NA	NA
NA	NA	NA	NA	NA	NA	NA	NA	NA	NA	NA	NA
NA	NA	NA	NA	NA	NA	NA	NA	NA	NA	NA	NA
NA	NA	NA	NA	NA	NA	NA	NA	NA	NA	NA	NA
NA	NA	NA	NA	NA	NA	NA	NA	NA	NA	NA	NA
NA	NA	NA	NA	NA	NA	NA	NA	NA	NA	NA	NA
NA	NA	NA	NA	NA	NA	NA	NA	NA	NA	NA	NA
NA	NA	NA	NA	NA	NA	NA	NA	NA	NA	NA	NA
NA	NA	NA	NA	NA	NA	NA	NA	NA	NA	NA	NA
NA	NA	NA	NA	NA	NA	NA	NA	NA	NA	NA	NA
NA	NA	NA	NA	NA	NA	NA	NA	NA	NA	NA	NA
NA	NA	NA	NA	NA	NA	NA	NA	NA	NA	NA	NA
NA	NA	NA	NA	NA	NA	NA	NA	NA	NA	NA	NA
NA	NA	NA	NA	NA	NA	NA	NA	NA	NA	NA	NA
NA	NA	NA	NA	NA	NA	NA	NA	NA	NA	NA	NA
NA	NA	NA	NA	NA	NA	NA	NA	NA	NA	NA	NA
NA	NA	NA	NA	NA	NA	NA	NA	NA	NA	NA	NA
NA	NA	NA	NA	NA	NA	NA	NA	NA	NA	NA	NA
NA	NA	NA	NA	NA	NA	NA	NA	NA	NA	NA	NA
NA	NA	NA	NA	NA	NA	NA	NA	NA	NA	NA	NA
NA	NA	NA	NA	NA	NA	NA	NA	NA	NA	NA	NA
NA	NA	NA	NA	NA	NA	NA	NA	NA	NA	NA	NA
NA	NA	NA	NA	NA	NA	NA	NA	NA	NA	NA	NA
NA	NA	NA	NA	NA	NA	NA	NA	NA	NA	NA	NA
NA	NA	NA	NA	NA	NA	NA	NA	NA	NA	NA	NA
NA	NA	NA	NA	NA	NA	NA	NA	NA	NA	NA	NA
NA	NA	NA	NA	NA	NA	NA	NA	NA	NA	NA	NA
NA	NA	NA	NA	NA	NA	NA	NA	NA	NA	NA	NA
NA	NA	NA	NA	NA	NA	NA	NA	NA	NA	NA	NA
NA	NA	NA	NA	NA	NA	NA	NA	NA	NA	NA	NA
NA	NA	NA	NA	NA	NA	NA	NA	NA	NA	NA	NA
NA	NA	NA	NA	NA	NA	NA	NA	NA	NA	NA	NA
NA	NA	NA	NA	NA	NA	NA	NA	NA	NA	NA	NA
NA	NA	NA	NA	NA	NA	NA	NA	NA	NA	NA	NA
NA	NA	NA	NA	NA	NA	NA	NA	NA	NA	NA	NA
NA	NA	NA	NA	NA	NA	NA	NA	NA	NA	NA	NA
NA	NA	NA	NA	NA	NA	NA	NA	NA	NA	NA	NA
NA	NA	NA	NA	NA	NA	NA	NA	NA	NA	NA	NA
NA	NA	NA	NA	NA	NA	NA	NA	NA	NA	NA	NA
NA	NA	NA	NA	NA	NA	NA	NA	NA	NA	NA	NA
NA	NA	NA	NA	NA	NA	NA	NA	NA	NA	NA	NA
NA	NA	NA	NA	NA	NA	NA	NA	NA	NA	NA	NA
NA	NA	NA	NA	NA	NA	NA	NA	NA	NA	NA	NA
NA	NA	NA	NA	NA	NA	NA	NA	NA	NA	NA	NA
NA	NA	NA	NA	NA	NA	NA	NA	NA	NA	NA	NA
NA	NA	NA	NA	NA	NA	NA	NA	NA	NA	NA	NA
NA	NA	NA	NA	NA	NA	NA	NA	NA	NA	NA	NA
NA	NA	NA	NA	NA	NA	NA	NA	NA	NA	NA	NA
NA	NA	NA	NA	NA	NA	NA	NA	NA	NA	NA	NA
NA	NA	NA	NA	NA	NA	NA	NA	NA	NA	NA	NA
NA	NA	NA	NA	NA	NA	NA	NA	NA	NA	NA	NA
NA	NA	NA	NA	NA	NA	NA	NA	NA	NA	NA	NA
NA	NA	NA	NA	NA	NA	NA	NA	NA	NA	NA	NA
NA	NA	NA	NA	NA	NA	NA	NA	NA	NA	NA	NA
NA	NA	NA	NA	NA	NA	NA	NA	NA	NA	NA	NA
NA	NA	NA	NA	NA	NA	NA	NA	NA	NA	NA	NA
NA	NA	NA	NA	NA	NA	NA	NA	NA	NA	NA	NA
NA	NA	NA	NA	NA	NA	NA	NA	NA	NA	NA	NA
NA	NA	NA	NA	NA	NA	NA	NA	NA	NA	NA	NA
NA	NA	NA	NA	NA	NA	NA	NA	NA	NA	NA	NA
NA	NA	NA	NA	NA	NA	NA	NA	NA	NA	NA	NA
NA	NA	NA	NA	NA	NA	NA	NA	NA	NA	NA	NA
NA	NA	NA	NA	NA	NA	NA	NA	NA	NA	NA	NA
NA	NA	NA	NA	NA	NA	NA	NA	NA	NA	NA	NA
NA	NA	NA	NA	NA	NA	NA	NA	NA	NA	NA	NA
NA	NA	NA	NA	NA	NA	NA	NA	NA	NA	NA	NA
NA	NA	NA	NA	NA	NA	NA	NA	NA	NA	NA	NA
NA	NA	NA	NA	NA	NA	NA	NA	NA	NA	NA	NA
NA	NA	NA	NA	NA	NA	NA	NA	NA	NA	NA	NA
NA	NA	NA	NA	NA	NA	NA	NA	NA	NA	NA	NA
NA	NA	NA	NA	NA	NA	NA	NA	NA	NA	NA	NA
NA	NA	NA	NA	NA	NA	NA	NA	NA	NA	NA	NA
NA	NA	NA	NA	NA	NA	NA	NA	NA	NA	NA	NA
NA	NA	NA	NA	NA	NA	NA	NA	NA	NA	NA	NA
NA	NA	NA	NA	NA	NA	NA	NA	NA	NA	NA	NA
NA	NA	NA	NA	NA	NA	NA	NA	NA	NA	NA	NA
NA	NA	NA	NA	NA	NA	NA	NA	NA	NA	NA	NA
NA	NA	NA	NA	NA	NA	NA	NA	NA	NA	NA	NA
NA	NA	NA	NA	NA	NA	NA	NA	NA	NA	NA	NA
NA	NA	NA	NA	NA	NA	NA	NA	NA	NA	NA	NA
NA	NA	NA	NA	NA	NA	NA	NA	NA	NA	NA	NA
NA	NA	NA	NA	NA	NA	NA	NA	NA	NA	NA	NA
NA	NA	NA	NA	NA	NA	NA	NA	NA	NA	NA	NA
NA	NA	NA	NA	NA	NA	NA	NA	NA	NA	NA	NA
NA	NA	NA	NA	NA	NA	NA	NA	NA	NA	NA	NA
NA	NA	NA	NA	NA	NA	NA	NA	NA	NA	NA	NA
NA	NA	NA	NA	NA	NA	NA	NA	NA	NA	NA	NA
NA	NA	NA	NA	NA	NA	NA	NA	NA	NA	NA	NA
NA	NA	NA	NA	NA	NA	NA	NA	NA	NA	NA	NA
NA	NA	NA	NA	NA	NA	NA	NA	NA	NA	NA	NA
NA	NA	NA	NA	NA	NA	NA	NA	NA	NA	NA	NA
NA	NA	NA	NA	NA	NA	NA	NA	NA	NA	NA	NA
NA	NA	NA	NA	NA	NA	NA	NA	NA	NA	NA	NA
NA	NA	NA	NA	NA	NA	NA	NA	NA	NA	NA	NA
NA	NA	NA	NA	NA	NA	NA	NA	NA	NA	NA	NA
NA	NA	NA	NA	NA	NA	NA	NA	NA	NA	NA	NA
NA	NA	NA	NA	NA	NA	NA	NA	NA	NA	NA	NA
NA	NA	NA	NA	NA	NA	NA	NA	NA	NA	NA	NA
NA	NA	NA	NA	NA	NA	NA	NA	NA	NA	NA	NA
NA	NA	NA	NA	NA	NA	NA	NA	NA	NA	NA	NA
NA	NA	NA	NA	NA	NA	NA	NA	NA	NA	NA	NA
NA	NA	NA	NA	NA	NA	NA	NA	NA	NA	NA	NA
NA	NA	NA	NA	NA	NA	NA	NA	NA	NA	NA	NA
NA	NA	NA	NA	NA	NA	NA	NA	NA	NA	NA	NA
NA	NA	NA	NA	NA	NA	NA	NA	NA	NA	NA	NA
NA	NA	NA	NA	NA	NA	NA	NA	NA	NA	NA	NA
NA	NA	NA	NA	NA	NA	NA	NA	NA	NA	NA	NA
NA	NA	NA	NA	NA	NA	NA	NA	NA	NA	NA	NA
NA	NA	NA	NA	NA	NA	NA	NA	NA	NA	NA	NA
NA	NA	NA	NA	NA	NA	NA	NA	NA	NA	NA	NA
NA	NA	NA	NA	NA	NA	NA	NA	NA	NA	NA	NA
NA	NA	NA	NA	NA	NA	NA	NA	NA	NA	NA	NA
NA	NA	NA	NA	NA	NA	NA	NA	NA	NA	NA	NA
NA	NA	NA	NA	NA	NA	NA	NA	NA	NA	NA	NA
NA	NA	NA	NA	NA	NA	NA	NA	NA	NA	NA	NA
NA	NA	NA	NA	NA	NA	NA	NA	NA	NA	NA	NA
NA	NA	NA	NA	NA	NA	NA	NA	NA	NA	NA	NA
NA	NA	NA	NA	NA	NA	NA	NA	NA	NA	NA	NA
NA	NA	NA	NA	NA	NA	NA	NA	NA	NA	NA	NA
NA	NA	NA	NA	NA	NA	NA	NA	NA	NA	NA	NA
NA	NA	NA	NA	NA	NA	NA	NA	NA	NA	NA	NA
NA	NA	NA	NA	NA	NA	NA	NA	NA	NA	NA	NA
NA	NA	NA	NA	NA	NA	NA	NA	NA	NA	NA	NA
NA	NA	NA	NA	NA	NA	NA	NA	NA	NA	NA	NA
NA	NA	NA	NA	NA	NA	NA	NA	NA	NA	NA	NA
NA	NA	NA	NA	NA	NA	NA	NA	NA	NA	NA	NA
NA	NA	NA	NA	NA	NA	NA	NA	NA	NA	NA	NA
NA	NA	NA	NA	NA	NA	NA	NA	NA	NA	NA	NA
NA	NA	NA	NA	NA	NA	NA	NA	NA	NA	NA	NA
NA	NA	NA	NA	NA	NA	NA	NA	NA	NA	NA	NA
NA	NA	NA	NA	NA	NA	NA	NA	NA	NA	NA	NA
NA	NA	NA	NA	NA	NA	NA	NA	NA	NA	NA	NA
NA	NA	NA	NA	NA	NA	NA	NA	NA	NA	NA	NA
NA	NA	NA	NA	NA	NA	NA	NA	NA	NA	NA	NA
NA	NA	NA	NA	NA	NA	NA	NA	NA	NA	NA	NA
NA	NA	NA	NA	NA	NA	NA	NA	NA	NA	NA	NA
NA	NA	NA	NA	NA	NA	NA	NA	NA	NA	NA	NA
NA	NA	NA	NA	NA	NA	NA	NA	NA	NA	NA	NA
NA	NA	NA	NA	NA	NA	NA	NA	NA	NA	NA	NA
NA	NA	NA	NA	NA	NA	NA	NA	NA	NA	NA	NA
NA	NA	NA	NA	NA	NA	NA	NA	NA	NA	NA	NA
NA	NA	NA	NA	NA	NA	NA	NA	NA	NA	NA	NA
NA	NA	NA	NA	NA	NA	NA	NA	NA	NA	NA	NA
NA	NA	NA	NA	NA	NA	NA	NA	NA	NA	NA	NA
NA	NA	NA	NA	NA	NA	NA	NA	NA	NA	NA	NA
NA	NA	NA	NA	NA	NA	NA	NA	NA	NA	NA	NA
NA	NA	NA	NA	NA	NA	NA	NA	NA	NA	NA	NA
NA	NA	NA	NA	NA	NA	NA	NA	NA	NA	NA	NA
NA	NA	NA	NA	NA	NA	NA	NA	NA	NA	NA	NA
NA	NA	NA	NA	NA	NA	NA	NA	NA	NA	NA	NA
NA	NA	NA	NA	NA	NA	NA	NA	NA	NA	NA	NA
NA	NA	NA	NA	NA	NA	NA	NA	NA	NA	NA	NA
NA	NA	NA	NA	NA	NA	NA	NA	NA	NA	NA	NA
NA	NA	NA	NA	NA	NA	NA	NA	NA	NA	NA	NA
NA	NA	NA	NA	NA	NA	NA	NA	NA	NA	NA	NA
NA	NA	NA	NA	NA	NA	NA	NA	NA	NA	NA	NA
NA	NA	NA	NA	NA	NA	NA	NA	NA	NA	NA	NA
NA	NA	NA	NA	NA	NA	NA	NA	NA	NA	NA	NA
NA	NA	NA	NA	NA	NA	NA	NA	NA	NA	NA	NA
NA	NA	NA	NA	NA	NA	NA	NA	NA	NA	NA	NA
NA	NA	NA	NA	NA	NA	NA	NA	NA	NA	NA	NA
NA	NA	NA	NA	NA	NA	NA	NA	NA	NA	NA	NA
