X1	X2	X3	X4	X1.1	X2.1	X3.1	X4.1	X1.2	X2.2	X3.2	X4.2
NA	NA	NA	NA	NA	NA	NA	NA	NA	NA	NA	NA
NA	NA	NA	NA	NA	NA	NA	NA	NA	NA	NA	NA
NA	NA	NA	NA	NA	NA	NA	NA	NA	NA	NA	NA
NA	NA	NA	NA	NA	NA	NA	NA	NA	NA	NA	NA
NA	NA	NA	NA	NA	NA	NA	NA	NA	NA	NA	NA
NA	NA	NA	NA	NA	NA	NA	NA	NA	NA	NA	NA
NA	NA	NA	NA	NA	NA	NA	NA	NA	NA	NA	NA
NA	NA	NA	NA	NA	NA	NA	NA	NA	NA	NA	NA
NA	NA	NA	NA	NA	NA	NA	NA	NA	NA	NA	NA
NA	NA	NA	NA	NA	NA	NA	NA	NA	NA	NA	NA
NA	NA	NA	NA	NA	NA	NA	NA	NA	NA	NA	NA
NA	NA	NA	NA	NA	NA	NA	NA	NA	NA	NA	NA
NA	NA	NA	NA	NA	NA	NA	NA	NA	NA	NA	NA
NA	NA	NA	NA	NA	NA	NA	NA	NA	NA	NA	NA
NA	NA	NA	NA	NA	NA	NA	NA	NA	NA	NA	NA
NA	NA	NA	NA	NA	NA	NA	NA	NA	NA	NA	NA
NA	NA	NA	NA	NA	NA	NA	NA	NA	NA	NA	NA
NA	NA	NA	NA	NA	NA	NA	NA	NA	NA	NA	NA
NA	NA	NA	NA	NA	NA	NA	NA	NA	NA	NA	NA
NA	NA	NA	NA	NA	NA	NA	NA	NA	NA	NA	NA
NA	NA	NA	NA	NA	NA	NA	NA	NA	NA	NA	NA
NA	NA	NA	NA	NA	NA	NA	NA	NA	NA	NA	NA
NA	NA	NA	NA	NA	NA	NA	NA	NA	NA	NA	NA
NA	NA	NA	NA	NA	NA	NA	NA	NA	NA	NA	NA
NA	NA	NA	NA	NA	NA	NA	NA	NA	NA	NA	NA
NA	NA	NA	NA	NA	NA	NA	NA	NA	NA	NA	NA
NA	NA	NA	NA	NA	NA	NA	NA	NA	NA	NA	NA
NA	NA	NA	NA	NA	NA	NA	NA	NA	NA	NA	NA
NA	NA	NA	NA	NA	NA	NA	NA	NA	NA	NA	NA
NA	NA	NA	NA	NA	NA	NA	NA	NA	NA	NA	NA
NA	NA	NA	NA	NA	NA	NA	NA	NA	NA	NA	NA
NA	NA	NA	NA	NA	NA	NA	NA	NA	NA	NA	NA
NA	NA	NA	NA	NA	NA	NA	NA	NA	NA	NA	NA
NA	NA	NA	NA	NA	NA	NA	NA	NA	NA	NA	NA
NA	NA	NA	NA	NA	NA	NA	NA	NA	NA	NA	NA
NA	NA	NA	NA	NA	NA	NA	NA	NA	NA	NA	NA
NA	NA	NA	NA	NA	NA	NA	NA	NA	NA	NA	NA
NA	NA	NA	NA	NA	NA	NA	NA	NA	NA	NA	NA
NA	NA	NA	NA	NA	NA	NA	NA	NA	NA	NA	NA
NA	NA	NA	NA	NA	NA	NA	NA	NA	NA	NA	NA
NA	NA	NA	NA	NA	NA	NA	NA	NA	NA	NA	NA
NA	NA	NA	NA	NA	NA	NA	NA	NA	NA	NA	NA
NA	NA	NA	NA	NA	NA	NA	NA	NA	NA	NA	NA
NA	NA	NA	NA	NA	NA	NA	NA	NA	NA	NA	NA
NA	NA	NA	NA	NA	NA	NA	NA	NA	NA	NA	NA
NA	NA	NA	NA	NA	NA	NA	NA	NA	NA	NA	NA
NA	NA	NA	NA	NA	NA	NA	NA	NA	NA	NA	NA
NA	NA	NA	NA	NA	NA	NA	NA	NA	NA	NA	NA
NA	NA	NA	NA	NA	NA	NA	NA	NA	NA	NA	NA
NA	NA	NA	NA	NA	NA	NA	NA	NA	NA	NA	NA
NA	NA	NA	NA	NA	NA	NA	NA	NA	NA	NA	NA
NA	NA	NA	NA	NA	NA	NA	NA	NA	NA	NA	NA
NA	NA	NA	NA	NA	NA	NA	NA	NA	NA	NA	NA
NA	NA	NA	NA	NA	NA	NA	NA	NA	NA	NA	NA
NA	NA	NA	NA	NA	NA	NA	NA	NA	NA	NA	NA
NA	NA	NA	NA	NA	NA	NA	NA	NA	NA	NA	NA
NA	NA	NA	NA	NA	NA	NA	NA	NA	NA	NA	NA
NA	NA	NA	NA	NA	NA	NA	NA	NA	NA	NA	NA
NA	NA	NA	NA	NA	NA	NA	NA	NA	NA	NA	NA
NA	NA	NA	NA	NA	NA	NA	NA	NA	NA	NA	NA
NA	NA	NA	NA	NA	NA	NA	NA	NA	NA	NA	NA
NA	NA	NA	NA	NA	NA	NA	NA	NA	NA	NA	NA
NA	NA	NA	NA	NA	NA	NA	NA	NA	NA	NA	NA
NA	NA	NA	NA	NA	NA	NA	NA	NA	NA	NA	NA
NA	NA	NA	NA	NA	NA	NA	NA	NA	NA	NA	NA
NA	NA	NA	NA	NA	NA	NA	NA	NA	NA	NA	NA
NA	NA	NA	NA	NA	NA	NA	NA	NA	NA	NA	NA
NA	NA	NA	NA	NA	NA	NA	NA	NA	NA	NA	NA
NA	NA	NA	NA	NA	NA	NA	NA	NA	NA	NA	NA
NA	NA	NA	NA	NA	NA	NA	NA	NA	NA	NA	NA
NA	NA	NA	NA	NA	NA	NA	NA	NA	NA	NA	NA
NA	NA	NA	NA	NA	NA	NA	NA	NA	NA	NA	NA
NA	NA	NA	NA	NA	NA	NA	NA	NA	NA	NA	NA
NA	NA	NA	NA	NA	NA	NA	NA	NA	NA	NA	NA
NA	NA	NA	NA	NA	NA	NA	NA	NA	NA	NA	NA
NA	NA	NA	NA	NA	NA	NA	NA	NA	NA	NA	NA
NA	NA	NA	NA	NA	NA	NA	NA	NA	NA	NA	NA
NA	NA	NA	NA	NA	NA	NA	NA	NA	NA	NA	NA
NA	NA	NA	NA	NA	NA	NA	NA	NA	NA	NA	NA
NA	NA	NA	NA	NA	NA	NA	NA	NA	NA	NA	NA
NA	NA	NA	NA	NA	NA	NA	NA	NA	NA	NA	NA
NA	NA	NA	NA	NA	NA	NA	NA	NA	NA	NA	NA
NA	NA	NA	NA	NA	NA	NA	NA	NA	NA	NA	NA
NA	NA	NA	NA	NA	NA	NA	NA	NA	NA	NA	NA
NA	NA	NA	NA	NA	NA	NA	NA	NA	NA	NA	NA
NA	NA	NA	NA	NA	NA	NA	NA	NA	NA	NA	NA
NA	NA	NA	NA	NA	NA	NA	NA	NA	NA	NA	NA
NA	NA	NA	NA	NA	NA	NA	NA	NA	NA	NA	NA
NA	NA	NA	NA	NA	NA	NA	NA	NA	NA	NA	NA
NA	NA	NA	NA	NA	NA	NA	NA	NA	NA	NA	NA
NA	NA	NA	NA	NA	NA	NA	NA	NA	NA	NA	NA
NA	NA	NA	NA	NA	NA	NA	NA	NA	NA	NA	NA
NA	NA	NA	NA	NA	NA	NA	NA	NA	NA	NA	NA
NA	NA	NA	NA	NA	NA	NA	NA	NA	NA	NA	NA
NA	NA	NA	NA	NA	NA	NA	NA	NA	NA	NA	NA
NA	NA	NA	NA	NA	NA	NA	NA	NA	NA	NA	NA
NA	NA	NA	NA	NA	NA	NA	NA	NA	NA	NA	NA
NA	NA	NA	NA	NA	NA	NA	NA	NA	NA	NA	NA
NA	NA	NA	NA	NA	NA	NA	NA	NA	NA	NA	NA
NA	NA	NA	NA	NA	NA	NA	NA	NA	NA	NA	NA
1.8820399853063	0.206155219652939	1.47797575478654	2.28610421582606	1.95675609470474	0.190704745627435	1.58297479327497	2.33053739613452	1.95675609470474	0.206155219652939	1.51985353134959	2.33926615094158
1.87551204423505	0.159075067115697	1.56372491268829	2.18729917578182	1.84681762179554	0.147498902395154	1.55771977310104	2.13591547049004	1.84681762179554	0.159075067115697	1.48594622830562	2.12357229629018
1.86764895208571	0.267297461303079	1.34374592793167	2.39155197623974	1.8608648470039	0.231167056718083	1.40777741583646	2.31395227817134	1.8608648470039	0.267297461303079	1.29867586608105	2.34048487124972
1.92497123683886	0.208547172682775	1.51621877838062	2.3337236952971	1.94257465712181	0.198444224314896	1.55362397746462	2.33152533677901	1.94257465712181	0.208547172682775	1.54587425146475	2.36038066939213
1.88448122169386	0.154999867324323	1.58068148173819	2.18828096164953	1.8671608079035	0.149775123900388	1.57360156505874	2.16072005074827	1.8671608079035	0.154999867324323	1.53837057884735	2.15117480461346
2.21149630293651	0.170427425546858	1.87745854886467	2.54553405700835	2.20343913823964	0.168466704440899	1.87324439753547	2.5336338789438	2.20343913823964	0.170427425546858	1.8838161411451	2.55702003766941
2.38439843146224	0.169631214813312	2.05192125042815	2.71687561249633	2.38028411721176	0.171564814428948	2.04401708093102	2.7165511534925	2.38028411721176	0.169631214813312	2.03732154827645	2.70156583232076
2.03149701147729	0.215812055641482	1.60850538241999	2.4544886405346	1.95121906092249	0.186739577265604	1.5852094894819	2.31722863236307	1.95121906092249	0.215812055641482	1.53376778588455	2.35242554122155
2.07004852808091	0.210553897609974	1.65736288876536	2.48273416739646	2.04304666883831	0.192703009046013	1.66534877110812	2.42074456656849	2.04304666883831	0.210553897609974	1.63268720917778	2.44746271433393
2.17141693294838	0.1763851250454	1.8257020878594	2.51713177803736	2.15269809156944	0.17761988286756	1.80456312114902	2.50083306198985	2.15269809156944	0.1763851250454	1.81883876602003	2.48596578372494
1.9187127851074	0.147048970854864	1.63049680223187	2.20692876798294	1.89533618751786	0.150558131985627	1.60024224882603	2.19043012620969	1.89533618751786	0.147048970854864	1.59050693243533	2.17097686544233
1.8945306978907	0.167157225619922	1.56690253567565	2.22215886010575	1.88004302006039	0.155152309588441	1.57594449326705	2.18414154685374	1.88004302006039	0.167157225619922	1.55314467134332	2.19558114138976
2.15538742398201	0.164160533373173	1.83363277857059	2.47714206939342	2.1676210764013	0.162530380811499	1.84906153001076	2.48618062279184	2.1676210764013	0.164160533373173	1.8500388885446	2.49814594151027
2.09355403881984	0.177617783580832	1.74542318300141	2.44168489463827	2.04407553109291	0.167672980691759	1.71543648893706	2.37271457324875	2.04407553109291	0.177617783580832	1.65713099553133	2.37411753603606
2.24181175811829	0.173117485657953	1.9025014862287	2.58112203000787	2.20476302574099	0.172193333432249	1.86726409221378	2.5422619592682	2.20476302574099	0.173117485657953	1.8505481115986	2.52740371883071
2.32549021620147	0.17670942660511	1.97913974005546	2.67184069234749	2.30463060810818	0.172849856225677	1.96584488990585	2.64341632631051	2.30463060810818	0.17670942660511	1.94451543027409	2.64549664522707
1.80979578585116	0.17645649611697	1.4639410534619	2.15565051824042	1.82034037159261	0.168249642371655	1.49057107254417	2.15010967064106	1.82034037159261	0.17645649611697	1.47239948014697	2.17870796448311
1.90310334325787	0.193940801354791	1.52297937260248	2.28322731391326	1.90312714803698	0.182201507400782	1.54601219353145	2.26024210254251	1.90312714803698	0.193940801354791	1.51349624751379	2.26273168349326
1.80199135444504	0.163518513493803	1.48149506799719	2.1224876408929	1.84966262058142	0.158596845651554	1.53881280310437	2.16051243805846	1.84966262058142	0.163518513493803	1.52907119921079	2.16703665783162
1.66999712352806	0.166614741745191	1.34343222970749	1.99656201734864	1.66711474772906	0.171228183259272	1.33150750854088	2.00272198691723	1.66711474772906	0.166614741745191	1.35917315219858	1.9855912038164
1.96002822510497	0.166515138738674	1.63365855317717	2.28639789703277	1.97512821527228	0.166564324870342	1.64866213852641	2.30159429201815	1.97512821527228	0.166515138738674	1.65513035390793	2.29386275838677
1.85089004378584	0.175341204918408	1.50722128214576	2.19455880542592	1.86029077303856	0.171232165483434	1.52467572869103	2.19590581738609	1.86029077303856	0.175341204918408	1.49834610255633	2.19494955667652
2.23616538167309	0.186123292528445	1.87136372831734	2.60096703502884	2.23261215817732	0.183066680033067	1.87380146531251	2.59142285104213	2.23261215817732	0.186123292528445	1.89019511789532	2.59777705847792
1.83229328484511	0.165166659094776	1.50856663301935	2.15601993667087	1.80709711720006	0.168559117358938	1.47672124717654	2.13747298722358	1.80709711720006	0.165166659094776	1.48058567579225	2.1200540623589
2.11242887660466	0.171576457711199	1.77613901949071	2.44871873371861	2.16636757441394	0.160865817849261	1.85107057142939	2.48166457739849	2.16636757441394	0.171576457711199	1.86870506269481	2.53543633217884
1.85657764868558	0.190728020084998	1.48275072931898	2.23040456805217	1.85158226596752	0.186985952914003	1.48508979825607	2.21807473367896	1.85158226596752	0.190728020084998	1.47301390510843	2.22853118750735
1.82117947419938	0.244845678365788	1.34128194460243	2.30107700379632	1.70678725138073	0.21724022405865	1.28099641222577	2.13257809053568	1.70678725138073	0.244845678365788	1.18526289668259	2.12730650641171
1.92136611891127	0.193346539135034	1.5424069022066	2.30032533561594	1.95076486904128	0.190492181140636	1.57740019400563	2.32412954407693	1.95076486904128	0.193346539135034	1.60556150878456	2.36643676638675
2.00500495679081	0.256658884457029	1.50195354325503	2.50805637032658	2.01357698752983	0.261016907644608	1.5019838485464	2.52517012651326	2.01357698752983	0.256658884457029	1.50575483156619	2.462718103374
2.09424244403512	0.199385992308401	1.70344589911065	2.48503898895958	2.04297394142093	0.182387915359902	1.68549362731552	2.40045425552634	2.04297394142093	0.199385992308401	1.61642804927388	2.41416509606586
2.19970338073736	0.167638845186333	1.87113124417215	2.52827551730258	2.19517534950503	0.156309603138303	1.88880852735395	2.5015421716561	2.19517534950503	0.167638845186333	1.85319644431123	2.50528599231139
2.19225367186277	0.147127380295238	1.9038840064841	2.48062333724143	2.20081221220626	0.147975996437895	1.91077925918799	2.49084516522454	2.20081221220626	0.147127380295238	1.91834342489518	2.48382387673141
1.95630368824763	0.170040159287449	1.62302497604423	2.28958240045103	1.94842610591289	0.179783552431536	1.59605034314708	2.3008018686787	1.94842610591289	0.170040159287449	1.61110036283278	2.27236352549614
2.37706632711042	0.171466958981206	2.04099108750725	2.71314156671358	2.34739771338317	0.1728143587471	2.00868157023885	2.68611385652748	2.34739771338317	0.171466958981206	2.01226009715255	2.68240931184999
1.80220294883274	0.191072653683931	1.42770054761224	2.17670535005325	1.82272313842958	0.189549392594083	1.45120632894518	2.19423994791398	1.82272313842958	0.191072653683931	1.47252866294354	2.21205233503898
1.8731502200602	0.189324916994193	1.50207338275158	2.24422705736882	1.87951735729624	0.17874615787897	1.52917488785346	2.22985982673902	1.87951735729624	0.189324916994193	1.51167217569276	2.24905787283294
2.2948998358914	0.181312578605502	1.93952718182461	2.65027248995818	2.28996612609952	0.187620516956737	1.92222991286432	2.65770233933473	2.28996612609952	0.181312578605502	1.93349262612319	2.63646593157648
2.0625848218682	0.238862818051792	1.59441369848669	2.53075594524972	2.14182310559503	0.222358987912388	1.70599948928675	2.57764672190331	2.14182310559503	0.238862818051792	1.70428531145668	2.65378732266529
2.14745574419056	0.161666442519835	1.83058951685168	2.46432197152943	2.15263911182584	0.166881619865947	1.82555113688858	2.47972708676309	2.15263911182584	0.161666442519835	1.81028661175488	2.44718549771345
2.17275914546504	0.175208221233192	1.82935103184798	2.51616725908209	2.15512030405196	0.171999698943579	1.81800089412255	2.49223971398138	2.15512030405196	0.175208221233192	1.80333913313291	2.50502143386984
2.15117847815767	0.191305845904271	1.7762190201853	2.52613793613004	2.15679357163244	0.188851168203472	1.78664528195363	2.52694186131124	2.15679357163244	0.191305845904271	1.80341008405565	2.55247096511272
1.87085456188257	0.197391480143693	1.48396726080093	2.25774186296421	1.89373634869736	0.176526674015475	1.54774406762703	2.23972862976769	1.89373634869736	0.197391480143693	1.5598885719382	2.3080230145142
2.17739465356481	0.178300341384313	1.82792598445155	2.52686332267806	2.14253563505943	0.183595669492839	1.78268812285347	2.50238314726539	2.14253563505943	0.178300341384313	1.78852341611394	2.49688852635199
1.85886624471749	0.197303507865558	1.472151369301	2.24558112013399	1.88388190474229	0.199967630576086	1.49194534881316	2.27581846067142	1.88388190474229	0.197303507865558	1.5083345609159	2.27581021608121
1.65578253876865	0.20127600040372	1.26128157797736	2.05028349955995	1.66204905476733	0.198752966333171	1.27249324075431	2.05160486878034	1.66204905476733	0.20127600040372	1.26551740146102	2.07724657167486
1.98215635142243	0.254149135483418	1.48402404587493	2.48028865696993	1.86537136513046	0.229805477737863	1.41495262876425	2.31579010149667	1.86537136513046	0.254149135483418	1.30269063172612	2.30547617966662
1.94222495183615	0.229863723017473	1.4916920547219	2.3927578489504	1.80821650670868	0.222177343068897	1.37274891429364	2.24368409912372	1.80821650670868	0.229863723017473	1.37540591869521	2.27506942868725
1.81767751717496	0.16813268867523	1.48813744737151	2.14721758697841	1.83072525740952	0.173782343532122	1.49011186408656	2.17133865073247	1.83072525740952	0.16813268867523	1.50426507625702	2.17769982274953
2.00214037961389	0.141642036161008	1.72452198873831	2.27975877048947	2.01018346295891	0.141734310373513	1.73238421462683	2.287982711291	2.01018346295891	0.141642036161008	1.72750834351745	2.29197425826905
2.25365627696056	0.142103705218672	1.97513301473196	2.53217953918916	2.26201476461589	0.140614744538081	1.98640986532125	2.53761966391053	2.26201476461589	0.142103705218672	1.99458437996613	2.53672454529228
1.71436563200604	0.259115377249951	1.20649949259614	2.22223177141595	1.67810493503676	0.226579126906191	1.23400984630062	2.12220002377289	1.67810493503676	0.259115377249951	1.22166048725164	2.22267963652101
1.75441912331128	0.17188115611565	1.4175320573246	2.09130618929795	1.72361676620379	0.17244025422609	1.38563386792065	2.06159966448692	1.72361676620379	0.17188115611565	1.38167687996136	2.05992112961535
1.95029848472999	0.208388234634293	1.54185754484677	2.3587394246132	1.89342145500052	0.192506758870958	1.51610820761345	2.2707347023876	1.89342145500052	0.208388234634293	1.45285481979292	2.26520617253182
2.06345932486843	0.179972428607671	1.7107133647974	2.41620528493947	2.12880995782478	0.180302719527278	1.77541662755131	2.48220328809824	2.12880995782478	0.179972428607671	1.79698083461462	2.49579227515962
2.13587767963164	0.173666387364017	1.79549156039816	2.47626379886511	2.09285457567249	0.166276528473777	1.76695257986389	2.41875657148109	2.09285457567249	0.173666387364017	1.73564346710921	2.39689310911974
1.76441978884315	0.206453706039461	1.3597705250058	2.16906905268049	1.74099134299796	0.203366541436356	1.3423929217827	2.13958976421322	1.74099134299796	0.206453706039461	1.30881872915818	2.14117894549074
2.00498059489321	0.151985617657597	1.70708878428432	2.3028724055021	2.02169931582346	0.151965241355196	1.72384744276728	2.31955118887964	2.02169931582346	0.151985617657597	1.72213177210794	2.31439841248121
2.23499641666933	0.163038307297332	1.91544133436656	2.5545514989721	2.2084178070925	0.163653434385912	1.88765707569611	2.52917853848889	2.2084178070925	0.163038307297332	1.87715245484595	2.50639994155745
1.89583350039137	0.191276679396419	1.52093120877439	2.27073579200836	1.8778152985391	0.194199050497402	1.49718515956419	2.25844543751401	1.8778152985391	0.191276679396419	1.48582285683565	2.24527797160561
2.31621964883048	0.174333150714319	1.97452667343041	2.65791262423054	2.28784601509975	0.170022422006382	1.95460206796724	2.62108996223226	2.28784601509975	0.174333150714319	1.96833212465492	2.62796284796905
1.9285218023658	0.200107837287341	1.53631044128261	2.32073316344899	1.93082824116657	0.19013413777778	1.55816533112212	2.30349115121102	1.93082824116657	0.200107837287341	1.52968831066313	2.3167420627685
1.96980649701112	0.17703834313798	1.62281134446068	2.31680164956156	1.98959554751816	0.167871918745202	1.66056658677757	2.31862450825876	1.98959554751816	0.17703834313798	1.65716644134382	2.34889659254389
2.10424243131667	0.189208592831912	1.73339358936613	2.47509127326722	2.14670418823486	0.182708224645488	1.7885960679297	2.50481230854002	2.14670418823486	0.189208592831912	1.79270844384344	2.52884427441962
1.89832530595186	0.21847809295716	1.47010824375582	2.32654236814789	1.87881016057082	0.201186112250439	1.48448538055996	2.27313494058168	1.87881016057082	0.21847809295716	1.49241711548036	2.32531206942558
2.02267084873527	0.169329674253516	1.69078468719838	2.35455701027217	2.02991616997307	0.161417609388666	1.71353765557128	2.34629468437485	2.02991616997307	0.169329674253516	1.69598226496258	2.35679200591429
1.91608672756267	0.180667683749673	1.56197806741331	2.27019538771203	1.94055584954372	0.187991375964226	1.57209275265384	2.3090189464336	1.94055584954372	0.180667683749673	1.61315106307754	2.31412604183405
1.86057047581386	0.176760896594257	1.51411911848911	2.2070218331386	1.86159130597005	0.166336827839938	1.53557112340377	2.18761148853633	1.86159130597005	0.176760896594257	1.538489379049	2.21970542592541
2.11858594239268	0.188849332611674	1.7484412504738	2.48873063431156	2.15159484254473	0.188553260223419	1.78203045250683	2.52115923258264	2.15159484254473	0.188849332611674	1.77994313071806	2.51798746520198
1.92858061082026	0.200555257551802	1.53549230601873	2.32166891562179	1.93998689614113	0.203047851041927	1.54201310809895	2.3379606841833	1.93998689614113	0.200555257551802	1.56205896065334	2.33489359026843
1.9198400550235	0.144735923818407	1.63615764433943	2.20352246570758	1.91928842651096	0.15154575731787	1.62225874216793	2.21631811085398	1.91928842651096	0.144735923818407	1.63962068344544	2.18899637614387
2.00728459078716	0.169493359287394	1.67507760658387	2.33949157499045	1.98942044071993	0.164644021652325	1.66671815828137	2.31212272315848	1.98942044071993	0.169493359287394	1.66971758091718	2.31964746481415
2.05738936497847	0.211250085218771	1.64333919794968	2.47143953200726	2.00678495069508	0.209816090334598	1.59554541363926	2.41802448775089	2.00678495069508	0.211250085218771	1.52162399470042	2.37104206522611
1.91637655025406	0.161861474771398	1.59912805970212	2.233625040806	1.92258616687589	0.160714459406451	1.60758582643925	2.23758650731253	1.92258616687589	0.161861474771398	1.61081802558493	2.23651823438548
2.10173837938461	0.166822309441756	1.77476665287876	2.42871010589045	2.10027522900164	0.17087606552948	1.76535814056386	2.43519231743942	2.10027522900164	0.166822309441756	1.75923012531601	2.41934225689617
1.88398951188249	0.184235884626777	1.522887178014	2.24509184575097	1.90429327562813	0.180784880229927	1.54995491037748	2.25863164087879	1.90429327562813	0.184235884626777	1.55717016801897	2.29695100123236
1.75105741745308	0.173578829275834	1.41084291207244	2.09127192283371	1.77258773504106	0.172159960639024	1.43515421218858	2.11002125789355	1.77258773504106	0.173578829275834	1.41730238639809	2.09741769874918
1.71069605984341	0.252064901040902	1.21664885380324	2.20474326588357	1.70211629397268	0.237312310293824	1.23698416579679	2.16724842214858	1.70211629397268	0.252064901040902	1.18708581116935	2.15919530670413
2.21122844266928	0.205426280908929	1.80859293208778	2.61386395325078	2.19325948074804	0.202078150001798	1.79718630674452	2.58933265475157	2.19325948074804	0.205426280908929	1.79560454924796	2.58113379740227
2.02267915303645	0.21854178222184	1.59433725988164	2.45102104619126	2.02792229118056	0.193582634420788	1.64850032771582	2.40734425464531	2.02792229118056	0.21854178222184	1.60981767004901	2.49525455669472
2.16540856081427	0.175960542090735	1.82052589831643	2.51029122331211	2.16424657958917	0.176105362800748	1.8190800684997	2.50941309067864	2.16424657958917	0.175960542090735	1.81705985491989	2.51239456357392
1.72872956492534	0.197370462905646	1.34188345763028	2.11557567222041	1.75208437012833	0.191955739262883	1.37585112117307	2.12831761908358	1.75208437012833	0.197370462905646	1.36679237889313	2.12035865533918
2.09362694390794	0.161995607977985	1.77611555227109	2.41113833554479	2.08166314687576	0.168578985093791	1.75124833609193	2.41207795765959	2.08166314687576	0.161995607977985	1.7691177124549	2.39422013180066
1.93714402968206	0.168771462877315	1.60635196244252	2.26793609692159	1.892685076239	0.171792326463135	1.55597211637125	2.22939803610674	1.892685076239	0.168771462877315	1.55419229840848	2.21023138712754
2.00099968053226	0.177201574349539	1.65368459480716	2.34831476625736	1.96719423367801	0.185472776233863	1.60366759225964	2.33072087509638	1.96719423367801	0.177201574349539	1.60546000763998	2.30398253019784
1.92482430568499	0.174820715191893	1.58217570390888	2.2674729074611	1.93151950607756	0.178063345560415	1.58251534877915	2.28052366337597	1.93151950607756	0.174820715191893	1.56622395812566	2.26760188317853
1.82356732524189	0.199854457053188	1.43185258941764	2.21528206106613	1.84176393471986	0.192467437793945	1.46452775664372	2.21900011279599	1.84176393471986	0.199854457053188	1.43109356827084	2.23769662067857
2.12310782461688	0.185009259839099	1.76048967533224	2.48572597390151	2.11951523631384	0.184570643777977	1.75775677450901	2.48127369811867	2.11951523631384	0.185009259839099	1.73928548034333	2.48965805983213
1.94885982301693	0.216687353389743	1.52415261037303	2.37356703566082	1.97708438744946	0.210117158547163	1.56525475669702	2.3889140182019	1.97708438744946	0.216687353389743	1.55825069216377	2.40517928443203
2.06037949347498	0.154954600520868	1.75666847645408	2.36409051049588	2.07260868535337	0.153222788259629	1.7722920203645	2.37292535034224	2.07260868535337	0.154954600520868	1.77284827184926	2.38328616929815
2.07439092806496	0.178910972717405	1.72372542153884	2.42505643459107	2.05662096712336	0.178684664867452	1.70639902398316	2.40684291026357	2.05662096712336	0.178910972717405	1.69120094062104	2.39080562886333
1.92395830108288	0.188936865425486	1.55364204484892	2.29427455731683	1.94744040063817	0.171887341993281	1.61054121033134	2.284339590945	1.94744040063817	0.188936865425486	1.57366288545772	2.29649049856584
1.99459947119464	0.150022531073497	1.70055531029059	2.28864363209869	1.98231475655192	0.150986248875279	1.68638170875637	2.27824780434747	1.98231475655192	0.150022531073497	1.67953295566795	2.28222601753257
1.90107673565967	0.161422168322665	1.58468928574725	2.21746418557209	1.90879518848385	0.155139076474357	1.60472259859411	2.21286777837359	1.90879518848385	0.161422168322665	1.61029916457254	2.22971338579443
2.07001145320656	0.227250396567064	1.62460067593512	2.51542223047801	2.00065425227076	0.219530463349052	1.57037454410662	2.4309339604349	2.00065425227076	0.227250396567064	1.5484604328725	2.43685162794895
2.07187403401961	0.189432679994836	1.70058598122973	2.44316208680949	2.07054423836282	0.181810974686878	1.71419472797654	2.4268937487491	2.07054423836282	0.189432679994836	1.6935015349103	2.46115755497459
2.05068749667929	0.205698822084563	1.64751780539355	2.45385718796504	2.12340293514201	0.188279355631254	1.75437539810475	2.49243047217927	2.12340293514201	0.205698822084563	1.71616109800423	2.51284809982846
1.89181203900648	0.163461089967483	1.57142830267022	2.21219577534275	1.89338325168639	0.164573988789894	1.5708182336582	2.21594826971459	1.89338325168639	0.163461089967483	1.58305106151869	2.20504721007074
2.18227795849963	0.242586384478741	1.70680864492129	2.65774727207796	2.10590425260715	0.229820751333492	1.6554555799935	2.55635292522079	2.10590425260715	0.242586384478741	1.61654645435331	2.54847438970163
1.85629477390267	0.199325353033333	1.46561708195734	2.246972465848	1.88512406337116	0.196377807460279	1.50022356074901	2.2700245659933	1.88512406337116	0.199325353033333	1.51089424513431	2.31165402881405
2.0873614277384	0.146468670490935	1.80028283357617	2.37444002190063	2.0854700106716	0.154235599417337	1.78316823581361	2.38777178552958	2.0854700106716	0.146468670490935	1.80257688489823	2.3707696010058
NA	NA	NA	NA	NA	NA	NA	NA	NA	NA	NA	NA
NA	NA	NA	NA	NA	NA	NA	NA	NA	NA	NA	NA
NA	NA	NA	NA	NA	NA	NA	NA	NA	NA	NA	NA
NA	NA	NA	NA	NA	NA	NA	NA	NA	NA	NA	NA
NA	NA	NA	NA	NA	NA	NA	NA	NA	NA	NA	NA
NA	NA	NA	NA	NA	NA	NA	NA	NA	NA	NA	NA
NA	NA	NA	NA	NA	NA	NA	NA	NA	NA	NA	NA
NA	NA	NA	NA	NA	NA	NA	NA	NA	NA	NA	NA
NA	NA	NA	NA	NA	NA	NA	NA	NA	NA	NA	NA
NA	NA	NA	NA	NA	NA	NA	NA	NA	NA	NA	NA
NA	NA	NA	NA	NA	NA	NA	NA	NA	NA	NA	NA
NA	NA	NA	NA	NA	NA	NA	NA	NA	NA	NA	NA
NA	NA	NA	NA	NA	NA	NA	NA	NA	NA	NA	NA
NA	NA	NA	NA	NA	NA	NA	NA	NA	NA	NA	NA
NA	NA	NA	NA	NA	NA	NA	NA	NA	NA	NA	NA
NA	NA	NA	NA	NA	NA	NA	NA	NA	NA	NA	NA
NA	NA	NA	NA	NA	NA	NA	NA	NA	NA	NA	NA
NA	NA	NA	NA	NA	NA	NA	NA	NA	NA	NA	NA
NA	NA	NA	NA	NA	NA	NA	NA	NA	NA	NA	NA
NA	NA	NA	NA	NA	NA	NA	NA	NA	NA	NA	NA
NA	NA	NA	NA	NA	NA	NA	NA	NA	NA	NA	NA
NA	NA	NA	NA	NA	NA	NA	NA	NA	NA	NA	NA
NA	NA	NA	NA	NA	NA	NA	NA	NA	NA	NA	NA
NA	NA	NA	NA	NA	NA	NA	NA	NA	NA	NA	NA
NA	NA	NA	NA	NA	NA	NA	NA	NA	NA	NA	NA
NA	NA	NA	NA	NA	NA	NA	NA	NA	NA	NA	NA
NA	NA	NA	NA	NA	NA	NA	NA	NA	NA	NA	NA
NA	NA	NA	NA	NA	NA	NA	NA	NA	NA	NA	NA
NA	NA	NA	NA	NA	NA	NA	NA	NA	NA	NA	NA
NA	NA	NA	NA	NA	NA	NA	NA	NA	NA	NA	NA
NA	NA	NA	NA	NA	NA	NA	NA	NA	NA	NA	NA
NA	NA	NA	NA	NA	NA	NA	NA	NA	NA	NA	NA
NA	NA	NA	NA	NA	NA	NA	NA	NA	NA	NA	NA
NA	NA	NA	NA	NA	NA	NA	NA	NA	NA	NA	NA
NA	NA	NA	NA	NA	NA	NA	NA	NA	NA	NA	NA
NA	NA	NA	NA	NA	NA	NA	NA	NA	NA	NA	NA
NA	NA	NA	NA	NA	NA	NA	NA	NA	NA	NA	NA
NA	NA	NA	NA	NA	NA	NA	NA	NA	NA	NA	NA
NA	NA	NA	NA	NA	NA	NA	NA	NA	NA	NA	NA
NA	NA	NA	NA	NA	NA	NA	NA	NA	NA	NA	NA
NA	NA	NA	NA	NA	NA	NA	NA	NA	NA	NA	NA
NA	NA	NA	NA	NA	NA	NA	NA	NA	NA	NA	NA
NA	NA	NA	NA	NA	NA	NA	NA	NA	NA	NA	NA
NA	NA	NA	NA	NA	NA	NA	NA	NA	NA	NA	NA
NA	NA	NA	NA	NA	NA	NA	NA	NA	NA	NA	NA
NA	NA	NA	NA	NA	NA	NA	NA	NA	NA	NA	NA
NA	NA	NA	NA	NA	NA	NA	NA	NA	NA	NA	NA
NA	NA	NA	NA	NA	NA	NA	NA	NA	NA	NA	NA
NA	NA	NA	NA	NA	NA	NA	NA	NA	NA	NA	NA
NA	NA	NA	NA	NA	NA	NA	NA	NA	NA	NA	NA
NA	NA	NA	NA	NA	NA	NA	NA	NA	NA	NA	NA
NA	NA	NA	NA	NA	NA	NA	NA	NA	NA	NA	NA
NA	NA	NA	NA	NA	NA	NA	NA	NA	NA	NA	NA
NA	NA	NA	NA	NA	NA	NA	NA	NA	NA	NA	NA
NA	NA	NA	NA	NA	NA	NA	NA	NA	NA	NA	NA
NA	NA	NA	NA	NA	NA	NA	NA	NA	NA	NA	NA
NA	NA	NA	NA	NA	NA	NA	NA	NA	NA	NA	NA
NA	NA	NA	NA	NA	NA	NA	NA	NA	NA	NA	NA
NA	NA	NA	NA	NA	NA	NA	NA	NA	NA	NA	NA
NA	NA	NA	NA	NA	NA	NA	NA	NA	NA	NA	NA
NA	NA	NA	NA	NA	NA	NA	NA	NA	NA	NA	NA
NA	NA	NA	NA	NA	NA	NA	NA	NA	NA	NA	NA
NA	NA	NA	NA	NA	NA	NA	NA	NA	NA	NA	NA
NA	NA	NA	NA	NA	NA	NA	NA	NA	NA	NA	NA
NA	NA	NA	NA	NA	NA	NA	NA	NA	NA	NA	NA
NA	NA	NA	NA	NA	NA	NA	NA	NA	NA	NA	NA
NA	NA	NA	NA	NA	NA	NA	NA	NA	NA	NA	NA
NA	NA	NA	NA	NA	NA	NA	NA	NA	NA	NA	NA
NA	NA	NA	NA	NA	NA	NA	NA	NA	NA	NA	NA
NA	NA	NA	NA	NA	NA	NA	NA	NA	NA	NA	NA
NA	NA	NA	NA	NA	NA	NA	NA	NA	NA	NA	NA
NA	NA	NA	NA	NA	NA	NA	NA	NA	NA	NA	NA
NA	NA	NA	NA	NA	NA	NA	NA	NA	NA	NA	NA
NA	NA	NA	NA	NA	NA	NA	NA	NA	NA	NA	NA
NA	NA	NA	NA	NA	NA	NA	NA	NA	NA	NA	NA
NA	NA	NA	NA	NA	NA	NA	NA	NA	NA	NA	NA
NA	NA	NA	NA	NA	NA	NA	NA	NA	NA	NA	NA
NA	NA	NA	NA	NA	NA	NA	NA	NA	NA	NA	NA
NA	NA	NA	NA	NA	NA	NA	NA	NA	NA	NA	NA
NA	NA	NA	NA	NA	NA	NA	NA	NA	NA	NA	NA
NA	NA	NA	NA	NA	NA	NA	NA	NA	NA	NA	NA
NA	NA	NA	NA	NA	NA	NA	NA	NA	NA	NA	NA
NA	NA	NA	NA	NA	NA	NA	NA	NA	NA	NA	NA
NA	NA	NA	NA	NA	NA	NA	NA	NA	NA	NA	NA
NA	NA	NA	NA	NA	NA	NA	NA	NA	NA	NA	NA
NA	NA	NA	NA	NA	NA	NA	NA	NA	NA	NA	NA
NA	NA	NA	NA	NA	NA	NA	NA	NA	NA	NA	NA
NA	NA	NA	NA	NA	NA	NA	NA	NA	NA	NA	NA
NA	NA	NA	NA	NA	NA	NA	NA	NA	NA	NA	NA
NA	NA	NA	NA	NA	NA	NA	NA	NA	NA	NA	NA
NA	NA	NA	NA	NA	NA	NA	NA	NA	NA	NA	NA
NA	NA	NA	NA	NA	NA	NA	NA	NA	NA	NA	NA
NA	NA	NA	NA	NA	NA	NA	NA	NA	NA	NA	NA
NA	NA	NA	NA	NA	NA	NA	NA	NA	NA	NA	NA
NA	NA	NA	NA	NA	NA	NA	NA	NA	NA	NA	NA
NA	NA	NA	NA	NA	NA	NA	NA	NA	NA	NA	NA
NA	NA	NA	NA	NA	NA	NA	NA	NA	NA	NA	NA
NA	NA	NA	NA	NA	NA	NA	NA	NA	NA	NA	NA
NA	NA	NA	NA	NA	NA	NA	NA	NA	NA	NA	NA
NA	NA	NA	NA	NA	NA	NA	NA	NA	NA	NA	NA
NA	NA	NA	NA	NA	NA	NA	NA	NA	NA	NA	NA
NA	NA	NA	NA	NA	NA	NA	NA	NA	NA	NA	NA
NA	NA	NA	NA	NA	NA	NA	NA	NA	NA	NA	NA
NA	NA	NA	NA	NA	NA	NA	NA	NA	NA	NA	NA
NA	NA	NA	NA	NA	NA	NA	NA	NA	NA	NA	NA
NA	NA	NA	NA	NA	NA	NA	NA	NA	NA	NA	NA
NA	NA	NA	NA	NA	NA	NA	NA	NA	NA	NA	NA
NA	NA	NA	NA	NA	NA	NA	NA	NA	NA	NA	NA
NA	NA	NA	NA	NA	NA	NA	NA	NA	NA	NA	NA
NA	NA	NA	NA	NA	NA	NA	NA	NA	NA	NA	NA
NA	NA	NA	NA	NA	NA	NA	NA	NA	NA	NA	NA
NA	NA	NA	NA	NA	NA	NA	NA	NA	NA	NA	NA
NA	NA	NA	NA	NA	NA	NA	NA	NA	NA	NA	NA
NA	NA	NA	NA	NA	NA	NA	NA	NA	NA	NA	NA
NA	NA	NA	NA	NA	NA	NA	NA	NA	NA	NA	NA
NA	NA	NA	NA	NA	NA	NA	NA	NA	NA	NA	NA
NA	NA	NA	NA	NA	NA	NA	NA	NA	NA	NA	NA
NA	NA	NA	NA	NA	NA	NA	NA	NA	NA	NA	NA
NA	NA	NA	NA	NA	NA	NA	NA	NA	NA	NA	NA
NA	NA	NA	NA	NA	NA	NA	NA	NA	NA	NA	NA
NA	NA	NA	NA	NA	NA	NA	NA	NA	NA	NA	NA
NA	NA	NA	NA	NA	NA	NA	NA	NA	NA	NA	NA
NA	NA	NA	NA	NA	NA	NA	NA	NA	NA	NA	NA
NA	NA	NA	NA	NA	NA	NA	NA	NA	NA	NA	NA
NA	NA	NA	NA	NA	NA	NA	NA	NA	NA	NA	NA
NA	NA	NA	NA	NA	NA	NA	NA	NA	NA	NA	NA
NA	NA	NA	NA	NA	NA	NA	NA	NA	NA	NA	NA
NA	NA	NA	NA	NA	NA	NA	NA	NA	NA	NA	NA
NA	NA	NA	NA	NA	NA	NA	NA	NA	NA	NA	NA
NA	NA	NA	NA	NA	NA	NA	NA	NA	NA	NA	NA
NA	NA	NA	NA	NA	NA	NA	NA	NA	NA	NA	NA
NA	NA	NA	NA	NA	NA	NA	NA	NA	NA	NA	NA
NA	NA	NA	NA	NA	NA	NA	NA	NA	NA	NA	NA
NA	NA	NA	NA	NA	NA	NA	NA	NA	NA	NA	NA
NA	NA	NA	NA	NA	NA	NA	NA	NA	NA	NA	NA
NA	NA	NA	NA	NA	NA	NA	NA	NA	NA	NA	NA
NA	NA	NA	NA	NA	NA	NA	NA	NA	NA	NA	NA
NA	NA	NA	NA	NA	NA	NA	NA	NA	NA	NA	NA
NA	NA	NA	NA	NA	NA	NA	NA	NA	NA	NA	NA
NA	NA	NA	NA	NA	NA	NA	NA	NA	NA	NA	NA
NA	NA	NA	NA	NA	NA	NA	NA	NA	NA	NA	NA
NA	NA	NA	NA	NA	NA	NA	NA	NA	NA	NA	NA
NA	NA	NA	NA	NA	NA	NA	NA	NA	NA	NA	NA
NA	NA	NA	NA	NA	NA	NA	NA	NA	NA	NA	NA
NA	NA	NA	NA	NA	NA	NA	NA	NA	NA	NA	NA
NA	NA	NA	NA	NA	NA	NA	NA	NA	NA	NA	NA
NA	NA	NA	NA	NA	NA	NA	NA	NA	NA	NA	NA
NA	NA	NA	NA	NA	NA	NA	NA	NA	NA	NA	NA
NA	NA	NA	NA	NA	NA	NA	NA	NA	NA	NA	NA
NA	NA	NA	NA	NA	NA	NA	NA	NA	NA	NA	NA
NA	NA	NA	NA	NA	NA	NA	NA	NA	NA	NA	NA
NA	NA	NA	NA	NA	NA	NA	NA	NA	NA	NA	NA
NA	NA	NA	NA	NA	NA	NA	NA	NA	NA	NA	NA
NA	NA	NA	NA	NA	NA	NA	NA	NA	NA	NA	NA
NA	NA	NA	NA	NA	NA	NA	NA	NA	NA	NA	NA
NA	NA	NA	NA	NA	NA	NA	NA	NA	NA	NA	NA
NA	NA	NA	NA	NA	NA	NA	NA	NA	NA	NA	NA
NA	NA	NA	NA	NA	NA	NA	NA	NA	NA	NA	NA
NA	NA	NA	NA	NA	NA	NA	NA	NA	NA	NA	NA
NA	NA	NA	NA	NA	NA	NA	NA	NA	NA	NA	NA
NA	NA	NA	NA	NA	NA	NA	NA	NA	NA	NA	NA
NA	NA	NA	NA	NA	NA	NA	NA	NA	NA	NA	NA
NA	NA	NA	NA	NA	NA	NA	NA	NA	NA	NA	NA
NA	NA	NA	NA	NA	NA	NA	NA	NA	NA	NA	NA
NA	NA	NA	NA	NA	NA	NA	NA	NA	NA	NA	NA
NA	NA	NA	NA	NA	NA	NA	NA	NA	NA	NA	NA
NA	NA	NA	NA	NA	NA	NA	NA	NA	NA	NA	NA
NA	NA	NA	NA	NA	NA	NA	NA	NA	NA	NA	NA
NA	NA	NA	NA	NA	NA	NA	NA	NA	NA	NA	NA
NA	NA	NA	NA	NA	NA	NA	NA	NA	NA	NA	NA
NA	NA	NA	NA	NA	NA	NA	NA	NA	NA	NA	NA
NA	NA	NA	NA	NA	NA	NA	NA	NA	NA	NA	NA
NA	NA	NA	NA	NA	NA	NA	NA	NA	NA	NA	NA
NA	NA	NA	NA	NA	NA	NA	NA	NA	NA	NA	NA
NA	NA	NA	NA	NA	NA	NA	NA	NA	NA	NA	NA
NA	NA	NA	NA	NA	NA	NA	NA	NA	NA	NA	NA
NA	NA	NA	NA	NA	NA	NA	NA	NA	NA	NA	NA
NA	NA	NA	NA	NA	NA	NA	NA	NA	NA	NA	NA
NA	NA	NA	NA	NA	NA	NA	NA	NA	NA	NA	NA
NA	NA	NA	NA	NA	NA	NA	NA	NA	NA	NA	NA
NA	NA	NA	NA	NA	NA	NA	NA	NA	NA	NA	NA
NA	NA	NA	NA	NA	NA	NA	NA	NA	NA	NA	NA
NA	NA	NA	NA	NA	NA	NA	NA	NA	NA	NA	NA
NA	NA	NA	NA	NA	NA	NA	NA	NA	NA	NA	NA
NA	NA	NA	NA	NA	NA	NA	NA	NA	NA	NA	NA
NA	NA	NA	NA	NA	NA	NA	NA	NA	NA	NA	NA
NA	NA	NA	NA	NA	NA	NA	NA	NA	NA	NA	NA
NA	NA	NA	NA	NA	NA	NA	NA	NA	NA	NA	NA
NA	NA	NA	NA	NA	NA	NA	NA	NA	NA	NA	NA
NA	NA	NA	NA	NA	NA	NA	NA	NA	NA	NA	NA
NA	NA	NA	NA	NA	NA	NA	NA	NA	NA	NA	NA
NA	NA	NA	NA	NA	NA	NA	NA	NA	NA	NA	NA
NA	NA	NA	NA	NA	NA	NA	NA	NA	NA	NA	NA
NA	NA	NA	NA	NA	NA	NA	NA	NA	NA	NA	NA
NA	NA	NA	NA	NA	NA	NA	NA	NA	NA	NA	NA
NA	NA	NA	NA	NA	NA	NA	NA	NA	NA	NA	NA
NA	NA	NA	NA	NA	NA	NA	NA	NA	NA	NA	NA
NA	NA	NA	NA	NA	NA	NA	NA	NA	NA	NA	NA
NA	NA	NA	NA	NA	NA	NA	NA	NA	NA	NA	NA
NA	NA	NA	NA	NA	NA	NA	NA	NA	NA	NA	NA
NA	NA	NA	NA	NA	NA	NA	NA	NA	NA	NA	NA
NA	NA	NA	NA	NA	NA	NA	NA	NA	NA	NA	NA
NA	NA	NA	NA	NA	NA	NA	NA	NA	NA	NA	NA
NA	NA	NA	NA	NA	NA	NA	NA	NA	NA	NA	NA
NA	NA	NA	NA	NA	NA	NA	NA	NA	NA	NA	NA
NA	NA	NA	NA	NA	NA	NA	NA	NA	NA	NA	NA
NA	NA	NA	NA	NA	NA	NA	NA	NA	NA	NA	NA
NA	NA	NA	NA	NA	NA	NA	NA	NA	NA	NA	NA
NA	NA	NA	NA	NA	NA	NA	NA	NA	NA	NA	NA
NA	NA	NA	NA	NA	NA	NA	NA	NA	NA	NA	NA
NA	NA	NA	NA	NA	NA	NA	NA	NA	NA	NA	NA
NA	NA	NA	NA	NA	NA	NA	NA	NA	NA	NA	NA
NA	NA	NA	NA	NA	NA	NA	NA	NA	NA	NA	NA
NA	NA	NA	NA	NA	NA	NA	NA	NA	NA	NA	NA
NA	NA	NA	NA	NA	NA	NA	NA	NA	NA	NA	NA
NA	NA	NA	NA	NA	NA	NA	NA	NA	NA	NA	NA
NA	NA	NA	NA	NA	NA	NA	NA	NA	NA	NA	NA
NA	NA	NA	NA	NA	NA	NA	NA	NA	NA	NA	NA
NA	NA	NA	NA	NA	NA	NA	NA	NA	NA	NA	NA
NA	NA	NA	NA	NA	NA	NA	NA	NA	NA	NA	NA
NA	NA	NA	NA	NA	NA	NA	NA	NA	NA	NA	NA
NA	NA	NA	NA	NA	NA	NA	NA	NA	NA	NA	NA
NA	NA	NA	NA	NA	NA	NA	NA	NA	NA	NA	NA
NA	NA	NA	NA	NA	NA	NA	NA	NA	NA	NA	NA
NA	NA	NA	NA	NA	NA	NA	NA	NA	NA	NA	NA
NA	NA	NA	NA	NA	NA	NA	NA	NA	NA	NA	NA
NA	NA	NA	NA	NA	NA	NA	NA	NA	NA	NA	NA
NA	NA	NA	NA	NA	NA	NA	NA	NA	NA	NA	NA
NA	NA	NA	NA	NA	NA	NA	NA	NA	NA	NA	NA
NA	NA	NA	NA	NA	NA	NA	NA	NA	NA	NA	NA
NA	NA	NA	NA	NA	NA	NA	NA	NA	NA	NA	NA
NA	NA	NA	NA	NA	NA	NA	NA	NA	NA	NA	NA
NA	NA	NA	NA	NA	NA	NA	NA	NA	NA	NA	NA
NA	NA	NA	NA	NA	NA	NA	NA	NA	NA	NA	NA
NA	NA	NA	NA	NA	NA	NA	NA	NA	NA	NA	NA
NA	NA	NA	NA	NA	NA	NA	NA	NA	NA	NA	NA
NA	NA	NA	NA	NA	NA	NA	NA	NA	NA	NA	NA
NA	NA	NA	NA	NA	NA	NA	NA	NA	NA	NA	NA
NA	NA	NA	NA	NA	NA	NA	NA	NA	NA	NA	NA
NA	NA	NA	NA	NA	NA	NA	NA	NA	NA	NA	NA
NA	NA	NA	NA	NA	NA	NA	NA	NA	NA	NA	NA
NA	NA	NA	NA	NA	NA	NA	NA	NA	NA	NA	NA
NA	NA	NA	NA	NA	NA	NA	NA	NA	NA	NA	NA
NA	NA	NA	NA	NA	NA	NA	NA	NA	NA	NA	NA
NA	NA	NA	NA	NA	NA	NA	NA	NA	NA	NA	NA
NA	NA	NA	NA	NA	NA	NA	NA	NA	NA	NA	NA
NA	NA	NA	NA	NA	NA	NA	NA	NA	NA	NA	NA
NA	NA	NA	NA	NA	NA	NA	NA	NA	NA	NA	NA
NA	NA	NA	NA	NA	NA	NA	NA	NA	NA	NA	NA
NA	NA	NA	NA	NA	NA	NA	NA	NA	NA	NA	NA
NA	NA	NA	NA	NA	NA	NA	NA	NA	NA	NA	NA
NA	NA	NA	NA	NA	NA	NA	NA	NA	NA	NA	NA
NA	NA	NA	NA	NA	NA	NA	NA	NA	NA	NA	NA
NA	NA	NA	NA	NA	NA	NA	NA	NA	NA	NA	NA
NA	NA	NA	NA	NA	NA	NA	NA	NA	NA	NA	NA
NA	NA	NA	NA	NA	NA	NA	NA	NA	NA	NA	NA
NA	NA	NA	NA	NA	NA	NA	NA	NA	NA	NA	NA
NA	NA	NA	NA	NA	NA	NA	NA	NA	NA	NA	NA
NA	NA	NA	NA	NA	NA	NA	NA	NA	NA	NA	NA
NA	NA	NA	NA	NA	NA	NA	NA	NA	NA	NA	NA
NA	NA	NA	NA	NA	NA	NA	NA	NA	NA	NA	NA
NA	NA	NA	NA	NA	NA	NA	NA	NA	NA	NA	NA
NA	NA	NA	NA	NA	NA	NA	NA	NA	NA	NA	NA
NA	NA	NA	NA	NA	NA	NA	NA	NA	NA	NA	NA
NA	NA	NA	NA	NA	NA	NA	NA	NA	NA	NA	NA
NA	NA	NA	NA	NA	NA	NA	NA	NA	NA	NA	NA
NA	NA	NA	NA	NA	NA	NA	NA	NA	NA	NA	NA
NA	NA	NA	NA	NA	NA	NA	NA	NA	NA	NA	NA
NA	NA	NA	NA	NA	NA	NA	NA	NA	NA	NA	NA
NA	NA	NA	NA	NA	NA	NA	NA	NA	NA	NA	NA
NA	NA	NA	NA	NA	NA	NA	NA	NA	NA	NA	NA
NA	NA	NA	NA	NA	NA	NA	NA	NA	NA	NA	NA
NA	NA	NA	NA	NA	NA	NA	NA	NA	NA	NA	NA
NA	NA	NA	NA	NA	NA	NA	NA	NA	NA	NA	NA
NA	NA	NA	NA	NA	NA	NA	NA	NA	NA	NA	NA
NA	NA	NA	NA	NA	NA	NA	NA	NA	NA	NA	NA
NA	NA	NA	NA	NA	NA	NA	NA	NA	NA	NA	NA
NA	NA	NA	NA	NA	NA	NA	NA	NA	NA	NA	NA
NA	NA	NA	NA	NA	NA	NA	NA	NA	NA	NA	NA
NA	NA	NA	NA	NA	NA	NA	NA	NA	NA	NA	NA
NA	NA	NA	NA	NA	NA	NA	NA	NA	NA	NA	NA
NA	NA	NA	NA	NA	NA	NA	NA	NA	NA	NA	NA
NA	NA	NA	NA	NA	NA	NA	NA	NA	NA	NA	NA
NA	NA	NA	NA	NA	NA	NA	NA	NA	NA	NA	NA
NA	NA	NA	NA	NA	NA	NA	NA	NA	NA	NA	NA
NA	NA	NA	NA	NA	NA	NA	NA	NA	NA	NA	NA
NA	NA	NA	NA	NA	NA	NA	NA	NA	NA	NA	NA
NA	NA	NA	NA	NA	NA	NA	NA	NA	NA	NA	NA
NA	NA	NA	NA	NA	NA	NA	NA	NA	NA	NA	NA
NA	NA	NA	NA	NA	NA	NA	NA	NA	NA	NA	NA
NA	NA	NA	NA	NA	NA	NA	NA	NA	NA	NA	NA
NA	NA	NA	NA	NA	NA	NA	NA	NA	NA	NA	NA
NA	NA	NA	NA	NA	NA	NA	NA	NA	NA	NA	NA
NA	NA	NA	NA	NA	NA	NA	NA	NA	NA	NA	NA
NA	NA	NA	NA	NA	NA	NA	NA	NA	NA	NA	NA
NA	NA	NA	NA	NA	NA	NA	NA	NA	NA	NA	NA
NA	NA	NA	NA	NA	NA	NA	NA	NA	NA	NA	NA
NA	NA	NA	NA	NA	NA	NA	NA	NA	NA	NA	NA
NA	NA	NA	NA	NA	NA	NA	NA	NA	NA	NA	NA
NA	NA	NA	NA	NA	NA	NA	NA	NA	NA	NA	NA
