X1	X2	X3	X4	X1.1	X2.1	X3.1	X4.1	X1.2	X2.2	X3.2	X4.2
NA	NA	NA	NA	NA	NA	NA	NA	NA	NA	NA	NA
NA	NA	NA	NA	NA	NA	NA	NA	NA	NA	NA	NA
NA	NA	NA	NA	NA	NA	NA	NA	NA	NA	NA	NA
NA	NA	NA	NA	NA	NA	NA	NA	NA	NA	NA	NA
NA	NA	NA	NA	NA	NA	NA	NA	NA	NA	NA	NA
NA	NA	NA	NA	NA	NA	NA	NA	NA	NA	NA	NA
NA	NA	NA	NA	NA	NA	NA	NA	NA	NA	NA	NA
NA	NA	NA	NA	NA	NA	NA	NA	NA	NA	NA	NA
NA	NA	NA	NA	NA	NA	NA	NA	NA	NA	NA	NA
NA	NA	NA	NA	NA	NA	NA	NA	NA	NA	NA	NA
NA	NA	NA	NA	NA	NA	NA	NA	NA	NA	NA	NA
NA	NA	NA	NA	NA	NA	NA	NA	NA	NA	NA	NA
NA	NA	NA	NA	NA	NA	NA	NA	NA	NA	NA	NA
NA	NA	NA	NA	NA	NA	NA	NA	NA	NA	NA	NA
NA	NA	NA	NA	NA	NA	NA	NA	NA	NA	NA	NA
NA	NA	NA	NA	NA	NA	NA	NA	NA	NA	NA	NA
NA	NA	NA	NA	NA	NA	NA	NA	NA	NA	NA	NA
NA	NA	NA	NA	NA	NA	NA	NA	NA	NA	NA	NA
NA	NA	NA	NA	NA	NA	NA	NA	NA	NA	NA	NA
NA	NA	NA	NA	NA	NA	NA	NA	NA	NA	NA	NA
NA	NA	NA	NA	NA	NA	NA	NA	NA	NA	NA	NA
NA	NA	NA	NA	NA	NA	NA	NA	NA	NA	NA	NA
NA	NA	NA	NA	NA	NA	NA	NA	NA	NA	NA	NA
NA	NA	NA	NA	NA	NA	NA	NA	NA	NA	NA	NA
NA	NA	NA	NA	NA	NA	NA	NA	NA	NA	NA	NA
NA	NA	NA	NA	NA	NA	NA	NA	NA	NA	NA	NA
NA	NA	NA	NA	NA	NA	NA	NA	NA	NA	NA	NA
NA	NA	NA	NA	NA	NA	NA	NA	NA	NA	NA	NA
NA	NA	NA	NA	NA	NA	NA	NA	NA	NA	NA	NA
NA	NA	NA	NA	NA	NA	NA	NA	NA	NA	NA	NA
NA	NA	NA	NA	NA	NA	NA	NA	NA	NA	NA	NA
NA	NA	NA	NA	NA	NA	NA	NA	NA	NA	NA	NA
NA	NA	NA	NA	NA	NA	NA	NA	NA	NA	NA	NA
NA	NA	NA	NA	NA	NA	NA	NA	NA	NA	NA	NA
NA	NA	NA	NA	NA	NA	NA	NA	NA	NA	NA	NA
NA	NA	NA	NA	NA	NA	NA	NA	NA	NA	NA	NA
NA	NA	NA	NA	NA	NA	NA	NA	NA	NA	NA	NA
NA	NA	NA	NA	NA	NA	NA	NA	NA	NA	NA	NA
NA	NA	NA	NA	NA	NA	NA	NA	NA	NA	NA	NA
NA	NA	NA	NA	NA	NA	NA	NA	NA	NA	NA	NA
NA	NA	NA	NA	NA	NA	NA	NA	NA	NA	NA	NA
NA	NA	NA	NA	NA	NA	NA	NA	NA	NA	NA	NA
NA	NA	NA	NA	NA	NA	NA	NA	NA	NA	NA	NA
NA	NA	NA	NA	NA	NA	NA	NA	NA	NA	NA	NA
NA	NA	NA	NA	NA	NA	NA	NA	NA	NA	NA	NA
NA	NA	NA	NA	NA	NA	NA	NA	NA	NA	NA	NA
NA	NA	NA	NA	NA	NA	NA	NA	NA	NA	NA	NA
NA	NA	NA	NA	NA	NA	NA	NA	NA	NA	NA	NA
NA	NA	NA	NA	NA	NA	NA	NA	NA	NA	NA	NA
NA	NA	NA	NA	NA	NA	NA	NA	NA	NA	NA	NA
NA	NA	NA	NA	NA	NA	NA	NA	NA	NA	NA	NA
NA	NA	NA	NA	NA	NA	NA	NA	NA	NA	NA	NA
NA	NA	NA	NA	NA	NA	NA	NA	NA	NA	NA	NA
NA	NA	NA	NA	NA	NA	NA	NA	NA	NA	NA	NA
NA	NA	NA	NA	NA	NA	NA	NA	NA	NA	NA	NA
NA	NA	NA	NA	NA	NA	NA	NA	NA	NA	NA	NA
NA	NA	NA	NA	NA	NA	NA	NA	NA	NA	NA	NA
NA	NA	NA	NA	NA	NA	NA	NA	NA	NA	NA	NA
NA	NA	NA	NA	NA	NA	NA	NA	NA	NA	NA	NA
NA	NA	NA	NA	NA	NA	NA	NA	NA	NA	NA	NA
NA	NA	NA	NA	NA	NA	NA	NA	NA	NA	NA	NA
NA	NA	NA	NA	NA	NA	NA	NA	NA	NA	NA	NA
NA	NA	NA	NA	NA	NA	NA	NA	NA	NA	NA	NA
NA	NA	NA	NA	NA	NA	NA	NA	NA	NA	NA	NA
NA	NA	NA	NA	NA	NA	NA	NA	NA	NA	NA	NA
NA	NA	NA	NA	NA	NA	NA	NA	NA	NA	NA	NA
NA	NA	NA	NA	NA	NA	NA	NA	NA	NA	NA	NA
NA	NA	NA	NA	NA	NA	NA	NA	NA	NA	NA	NA
NA	NA	NA	NA	NA	NA	NA	NA	NA	NA	NA	NA
NA	NA	NA	NA	NA	NA	NA	NA	NA	NA	NA	NA
NA	NA	NA	NA	NA	NA	NA	NA	NA	NA	NA	NA
NA	NA	NA	NA	NA	NA	NA	NA	NA	NA	NA	NA
NA	NA	NA	NA	NA	NA	NA	NA	NA	NA	NA	NA
NA	NA	NA	NA	NA	NA	NA	NA	NA	NA	NA	NA
NA	NA	NA	NA	NA	NA	NA	NA	NA	NA	NA	NA
NA	NA	NA	NA	NA	NA	NA	NA	NA	NA	NA	NA
NA	NA	NA	NA	NA	NA	NA	NA	NA	NA	NA	NA
NA	NA	NA	NA	NA	NA	NA	NA	NA	NA	NA	NA
NA	NA	NA	NA	NA	NA	NA	NA	NA	NA	NA	NA
NA	NA	NA	NA	NA	NA	NA	NA	NA	NA	NA	NA
NA	NA	NA	NA	NA	NA	NA	NA	NA	NA	NA	NA
NA	NA	NA	NA	NA	NA	NA	NA	NA	NA	NA	NA
NA	NA	NA	NA	NA	NA	NA	NA	NA	NA	NA	NA
NA	NA	NA	NA	NA	NA	NA	NA	NA	NA	NA	NA
NA	NA	NA	NA	NA	NA	NA	NA	NA	NA	NA	NA
NA	NA	NA	NA	NA	NA	NA	NA	NA	NA	NA	NA
NA	NA	NA	NA	NA	NA	NA	NA	NA	NA	NA	NA
NA	NA	NA	NA	NA	NA	NA	NA	NA	NA	NA	NA
NA	NA	NA	NA	NA	NA	NA	NA	NA	NA	NA	NA
NA	NA	NA	NA	NA	NA	NA	NA	NA	NA	NA	NA
NA	NA	NA	NA	NA	NA	NA	NA	NA	NA	NA	NA
NA	NA	NA	NA	NA	NA	NA	NA	NA	NA	NA	NA
NA	NA	NA	NA	NA	NA	NA	NA	NA	NA	NA	NA
NA	NA	NA	NA	NA	NA	NA	NA	NA	NA	NA	NA
NA	NA	NA	NA	NA	NA	NA	NA	NA	NA	NA	NA
NA	NA	NA	NA	NA	NA	NA	NA	NA	NA	NA	NA
NA	NA	NA	NA	NA	NA	NA	NA	NA	NA	NA	NA
NA	NA	NA	NA	NA	NA	NA	NA	NA	NA	NA	NA
NA	NA	NA	NA	NA	NA	NA	NA	NA	NA	NA	NA
NA	NA	NA	NA	NA	NA	NA	NA	NA	NA	NA	NA
2.32168207510168	0.175924685940738	1.97686969065784	2.66649445954553	2.24831744113006	0.170218877188097	1.91468844184139	2.58194644041874	2.24831744113006	0.175924685940738	1.90051641854006	2.59711867937077
2.07871164177251	0.144399408815526	1.79568880049408	2.36173448305094	2.08102976840791	0.152270049776769	1.78258047084544	2.37947906597037	2.08102976840791	0.144399408815526	1.79546009128272	2.35623657559354
2.01410871166268	0.152830568129178	1.71456079812949	2.31365662519587	1.97989552012333	0.15125370701834	1.68343825436738	2.27635278587927	1.97989552012333	0.152830568129178	1.68383739828427	2.27465090886918
1.7197323028706	0.164697100043209	1.39692598678591	2.04253861895529	1.71356476420322	0.157491024208401	1.40488235675475	2.02224717165169	1.71356476420322	0.164697100043209	1.40891269812283	2.04731127817956
1.91659441692122	0.140947815535684	1.64033669847128	2.19285213537116	1.89285524454987	0.139465882255408	1.61950211532927	2.16620837377047	1.89285524454987	0.140947815535684	1.60137283664822	2.15409302684114
1.95307565741982	0.163673277372206	1.6322760337703	2.27387528106934	1.93479967219416	0.162482930885294	1.61633312765898	2.25326621672934	1.93479967219416	0.163673277372206	1.60867649606588	2.27072843187869
2.17059514004953	0.157478605216363	1.86193707382546	2.47925320627361	2.16776872514877	0.163446112852193	1.84741434395847	2.48812310633906	2.16776872514877	0.157478605216363	1.84080072681529	2.47089394000685
1.97119852056279	0.190723234549966	1.59738098084485	2.34501606028072	1.89527895464827	0.176981607207201	1.54839500452216	2.24216290477439	1.89527895464827	0.190723234549966	1.48223494229399	2.22308095541678
2.02365346491831	0.188050496063632	1.65507449263359	2.39223243720302	1.96238131220124	0.174971906096965	1.61943637625118	2.30532624815129	1.96238131220124	0.188050496063632	1.54235749138126	2.2897912572361
2.05230406409499	0.16155328100283	1.73565963332945	2.36894849486054	2.0389511115622	0.170215860394982	1.70532802518804	2.37257419793637	2.0389511115622	0.16155328100283	1.69569842230309	2.35577316862519
2.07727414370474	0.163956673409299	1.75591906382252	2.39862922358697	2.06337007861983	0.166645454930791	1.73674498695548	2.38999517028418	2.06337007861983	0.163956673409299	1.74777300745311	2.37930564875743
1.79632872630298	0.175232942249241	1.45287215949447	2.13978529311149	1.76423480860566	0.17057852260306	1.42990090430366	2.09856871290765	1.76423480860566	0.175232942249241	1.41955001863927	2.07477282712001
2.15852517914843	0.147935002133206	1.86857257496735	2.44847778332952	2.1367945761065	0.15808158985227	1.82695465999606	2.44663449221695	2.1367945761065	0.147935002133206	1.8666716143885	2.42759000148812
2.02695865096748	0.147816312110433	1.73723867923104	2.31667862270393	2.00275387009381	0.150873410462458	1.7070419855874	2.29846575460023	2.00275387009381	0.147816312110433	1.72666383394539	2.28188303506031
2.12490032369849	0.170384923855145	1.79094587294241	2.45885477445458	2.10686634608192	0.174058585387483	1.76571151872245	2.44802117344138	2.10686634608192	0.170384923855145	1.75761938638654	2.41878614038856
2.06635363718198	0.168819251214412	1.73546790480174	2.39723936956223	2.03591923508466	0.156758089812545	1.72867337905207	2.34316509111725	2.03591923508466	0.168819251214412	1.69561687176265	2.34790565285994
1.80412651343784	0.143492233149827	1.52288173646418	2.0853712904115	1.79089478581844	0.145568397248207	1.50558072721195	2.07620884442492	1.79089478581844	0.143492233149827	1.52439488437142	2.06976626101062
2.01205408590395	0.184971093269209	1.6495107430963	2.3745974287116	2.01223083538514	0.185074652016659	1.64948451743249	2.37497715333779	2.01223083538514	0.184971093269209	1.63547352642217	2.35464608589951
1.96024579294912	0.156916178047382	1.65269008397625	2.26780150192199	1.96351219355042	0.153065123939978	1.66350455062806	2.26351983647277	1.96351219355042	0.156916178047382	1.6732658637492	2.28558677008045
1.78809218034441	0.167535634737193	1.45972233625952	2.11646202442931	1.81331458092084	0.174708290656229	1.47088633123464	2.15574283060705	1.81331458092084	0.167535634737193	1.50857235729229	2.16011449527579
2.22825766001953	0.142229758057207	1.94948733422741	2.50702798581166	2.23388176536616	0.151698920764286	1.93655188066816	2.53121165006416	2.23388176536616	0.142229758057207	1.97005193009715	2.52388531002585
1.90210682739317	0.14190213761066	1.62397863767627	2.18023501711006	1.87723069087918	0.136983740364251	1.60874255976525	2.14571882199311	1.87723069087918	0.14190213761066	1.58335986148982	2.1660985699053
2.04385057810111	0.149790396179515	1.75026140158927	2.33743975461296	2.05516060227404	0.154498633147204	1.75234328130552	2.35797792324256	2.05516060227404	0.149790396179515	1.7736805002905	2.33488661657371
1.75116374945351	0.148810442134613	1.45949528286966	2.04283221603735	1.76452948263927	0.152292262087169	1.46603664894842	2.06302231633012	1.76452948263927	0.148810442134613	1.47423836356978	2.05668608777794
1.93653943911383	0.176844797683872	1.58992363565344	2.28315524257422	1.98056121741013	0.178744837833442	1.63022133525658	2.33090109956367	1.98056121741013	0.176844797683872	1.66504060118841	2.35055601029957
1.96109241581426	0.170237627369435	1.62742666617017	2.29475816545835	1.94609812713382	0.168810330055585	1.61522988022487	2.27696637404277	1.94609812713382	0.170237627369435	1.6033956838586	2.26849611973191
2.0369855830407	0.17956591417071	1.68503639126611	2.38893477481529	1.95762313921575	0.174372218660695	1.61585359064079	2.29939268779071	1.95762313921575	0.17956591417071	1.60561815639585	2.29309453074022
1.87144354252914	0.170356881714591	1.53754405436854	2.20534303068974	1.85601260823097	0.171198400165746	1.52046374390611	2.19156147255583	1.85601260823097	0.170356881714591	1.50370942911773	2.1755523460414
2.06377702635292	0.153192721222845	1.76351929275615	2.3640347599497	2.0569343776387	0.160380084849885	1.74258941133293	2.37127934394448	2.0569343776387	0.153192721222845	1.7458026586428	2.35080730458541
2.12668670647042	0.202342808110727	1.7300948025734	2.52327861036745	2.14155970286891	0.177880177917271	1.79291455415106	2.49020485158676	2.14155970286891	0.202342808110727	1.7490508336424	2.52361963188323
2.11296437034866	0.151986102898814	1.81507160866699	2.41085713203034	2.10656600042019	0.148479935042148	1.81554532773757	2.3975866731028	2.10656600042019	0.151986102898814	1.81666422838822	2.41610428951809
2.21129940080282	0.149675040923788	1.9179363205922	2.50466248101344	2.2137086117834	0.158115659046573	1.90380192005212	2.52361530351468	2.2137086117834	0.149675040923788	1.92753484873572	2.50697307752125
2.0014533129292	0.151900200864949	1.7037289192339	2.2991777066245	1.98853259204369	0.149828917084008	1.69486791455904	2.28219726952835	1.98853259204369	0.151900200864949	1.68678799274691	2.29391094105106
2.18329515413807	0.131451677367551	1.92564986649767	2.44094044177847	2.1546756323973	0.123679805520394	1.91226321357733	2.39708805121727	2.1546756323973	0.131451677367551	1.88679306520133	2.38799821048313
1.92483119719865	0.148840251243045	1.63310430476228	2.21655808963502	1.93583348203622	0.152431576772845	1.63706759156145	2.234599372511	1.93583348203622	0.148840251243045	1.65535744825922	2.24864169176136
2.029512485566	0.168181710486711	1.69987633301205	2.35914863811995	2.02834410574307	0.167818928675776	1.69941900553855	2.35726920594759	2.02834410574307	0.168181710486711	1.69439005246024	2.37308908027308
2.05577435751907	0.15338707721434	1.75513568617896	2.35641302885917	2.06973845847045	0.156292334719099	1.76340548242102	2.37607143451988	2.06973845847045	0.15338707721434	1.76036474375113	2.36171494210454
2.05075273589851	0.21766392904842	1.6241314349636	2.47737403683341	2.06598653788722	0.205486161650868	1.66323366105152	2.46873941472292	2.06598653788722	0.21766392904842	1.64685488050656	2.49646715716511
2.00511110025259	0.149783919968836	1.71153461711367	2.29868758339151	1.98667196668441	0.155321976960653	1.68224089184153	2.29110304152729	1.98667196668441	0.149783919968836	1.7025674556294	2.26985053007485
2.05574547792437	0.153474947195026	1.75493458142212	2.35655637442663	2.0395955417725	0.151678928856071	1.7423048412146	2.3368862423304	2.0395955417725	0.153474947195026	1.74427632970435	2.32266709694116
2.07526116852917	0.169213363856305	1.74360297537081	2.40691936168752	2.14197833572858	0.161499805020765	1.82543871788788	2.45851795356928	2.14197833572858	0.169213363856305	1.82062087209065	2.4728054306734
1.82714033984566	0.143117507395715	1.54663002535006	2.10765065434126	1.83865306354093	0.139771989727134	1.56469996367575	2.11260616340611	1.83865306354093	0.143117507395715	1.56953536469747	2.13055447902185
2.16149312311213	0.155655905654221	1.85640754802985	2.4665786981944	2.11847437130365	0.153227393678552	1.81814867969369	2.41880006291362	2.11847437130365	0.155655905654221	1.81609972968837	2.42374506618433
2.13834317425001	0.171556739360848	1.80209196510275	2.47459438339727	2.1473557130338	0.172795523390021	1.80867648718936	2.48603493887824	2.1473557130338	0.171556739360848	1.80102434571409	2.4832920229559
1.94718645758194	0.149682227390879	1.65380929189582	2.24056362326806	1.94824007531445	0.15284841969466	1.64865717271292	2.24782297791599	1.94824007531445	0.149682227390879	1.67062661043623	2.22484884332036
1.85768708550548	0.231467514918623	1.40401075626498	2.31136341474598	1.74954236720985	0.217175935429218	1.32387753376858	2.17520720065112	1.74954236720985	0.231467514918623	1.2515238855558	2.16166365772522
2.06447819637258	0.21206397800438	1.648832799484	2.48012359326116	1.98797984325461	0.205208094804322	1.58577197743814	2.39018770907109	1.98797984325461	0.21206397800438	1.57510161877955	2.41402721646335
1.73900979855724	0.142695031042059	1.4593275377148	2.01869205939967	1.73654857169412	0.144525727625285	1.45327814554856	2.01981899783968	1.73654857169412	0.142695031042059	1.44832561939771	2.0171160772957
2.2623541569615	0.16197178723827	1.94488945397449	2.57981885994851	2.26648776199043	0.164823401024685	1.94343389598205	2.58954162799882	2.26648776199043	0.16197178723827	1.96059028650585	2.59380606584338
2.04911933693846	0.14507849067252	1.76476549522032	2.3334731786566	2.03592023530109	0.144673843603061	1.75235950183909	2.31948096876309	2.03592023530109	0.14507849067252	1.73481080630109	2.31392807151917
1.8742381120103	0.175103682711321	1.53103489389611	2.21744133012449	1.85118442954917	0.165731732781112	1.5263502332982	2.17601862580015	1.85118442954917	0.175103682711321	1.51863278426436	2.19819989108359
1.84859021007487	0.143943778126164	1.56646040494758	2.13072001520215	1.83667337108642	0.14056288291258	1.56117012057776	2.11217662159507	1.83667337108642	0.143943778126164	1.54377972038232	2.11674356219326
1.88816617017883	0.185402879369685	1.52477652661425	2.25155581374342	1.79053246511346	0.176163153039737	1.44525268515557	2.13581224507134	1.79053246511346	0.185402879369685	1.44925981961332	2.13541106719993
1.96100287896989	0.178478855791385	1.61118432161877	2.310821436321	2.03903053568055	0.168109476177879	1.70953596237191	2.3685251089892	2.03903053568055	0.178478855791385	1.72904829173028	2.41301096072448
2.23139836093644	0.156816237418935	1.92403853559533	2.53875818627756	2.19069426478072	0.155322920819451	1.8862613399746	2.49512718958685	2.19069426478072	0.156816237418935	1.86974821381671	2.4801189362448
1.99621488246854	0.162678461036011	1.67736509883796	2.31506466609913	2.03805372237741	0.165154707849988	1.71435049499143	2.36175694976338	2.03805372237741	0.162678461036011	1.75938078145826	2.37698603321711
1.87429814740102	0.137964118956799	1.6038884742457	2.14470782055635	1.8756538768	0.146821875041387	1.58788300171888	2.16342475188112	1.8756538768	0.137964118956799	1.60643196913551	2.14534808162257
2.11763945358837	0.163904046727356	1.79638752200276	2.43889138517399	2.08528225275421	0.165749762103718	1.76041271903093	2.4101517864775	2.08528225275421	0.163904046727356	1.75183647728114	2.39489539617613
1.74128440790451	0.158010854854136	1.4315831323904	2.05098568341862	1.73884715948824	0.161751396535663	1.42181442227834	2.05587989669814	1.73884715948824	0.158010854854136	1.43958502680573	2.06600092270528
2.14242246647908	0.161525685361482	1.82583212317058	2.45901280978759	2.1080866215561	0.167452122398975	1.77988046165411	2.43629278145809	2.1080866215561	0.161525685361482	1.77815079734202	2.41258780356847
2.10599075083654	0.166122623223768	1.78039040931795	2.43159109235512	2.11261552093474	0.155580140967245	1.80767844463894	2.41755259723053	2.11261552093474	0.166122623223768	1.78011488931623	2.44253674518046
1.99057576266689	0.153603946425742	1.68951202767243	2.29163949766134	2.02707188421418	0.141883550885609	1.74898012447839	2.30516364394998	2.02707188421418	0.153603946425742	1.73316802298739	2.33812722045733
1.92462911174065	0.189745351700947	1.55272822240679	2.29653000107451	1.93495630994302	0.186560626348449	1.56929748230006	2.30061513758598	1.93495630994302	0.189745351700947	1.58166545601293	2.32522620537168
2.11823138296781	0.185792000209504	1.75407906255718	2.48238370337843	2.15495839872043	0.171042787234689	1.81971453574044	2.49020226170042	2.15495839872043	0.185792000209504	1.85070169250125	2.58773319148962
1.67698433802682	0.154598513201106	1.37397125215265	1.97999742390099	1.66876934111319	0.155243950209632	1.36449119870232	1.97304748352407	1.66876934111319	0.154598513201106	1.36677804514575	1.977995276164
1.9380149746663	0.162884466677669	1.61876141997807	2.25726852935453	1.92952924675604	0.156946499968234	1.62191410681831	2.23714438669378	1.92952924675604	0.162884466677669	1.58895421287422	2.23236640926205
1.85114595688122	0.150871616761429	1.55543758802882	2.14685432573363	1.86273645333129	0.151403845176146	1.56598491678604	2.15948798987653	1.86273645333129	0.150871616761429	1.57508335716687	2.16104572448016
2.17561199358155	0.172581532019121	1.83735219082407	2.51387179633903	2.17750229762957	0.177136769348559	1.8303142297064	2.52469036555275	2.17750229762957	0.172581532019121	1.82734389347854	2.50481128245795
1.72958423574157	0.159181354128547	1.41758878164962	2.04157968983352	1.70547647506736	0.169038070278596	1.37416185732131	2.03679109281341	1.70547647506736	0.159181354128547	1.37468977587853	2.00916287217045
1.98022113633997	0.150263414995493	1.68570484294881	2.27473742973114	1.98761007884091	0.159381446073677	1.67522244453651	2.29999771314532	1.98761007884091	0.150263414995493	1.6916725299739	2.27862859404688
1.85227866227289	0.175908367256062	1.50749826245101	2.19705906209477	1.85662133457381	0.172913540671886	1.51771079485691	2.19553187429071	1.85662133457381	0.175908367256062	1.53645060808353	2.23265523599476
2.02407070500257	0.19006957884238	1.65153433047151	2.39660707953364	2.00741103639406	0.180441408724862	1.65374587529333	2.36107619749478	2.00741103639406	0.19006957884238	1.62988169968629	2.3469923381343
2.21174352522785	0.141242878630078	1.9349074831129	2.4885795673428	2.23641210983526	0.143863518680965	1.95443961322057	2.51838460644995	2.23641210983526	0.141242878630078	1.96980527250629	2.5005697477975
2.02261377168262	0.154264118451797	1.7202560995171	2.32497144384814	2.01530418677381	0.171445291752652	1.67927141493861	2.35133695860901	2.01530418677381	0.154264118451797	1.71351544785265	2.30569360447415
1.59050856631044	0.160247761555258	1.27642295366213	1.90459417895875	1.59047154631347	0.168861514952981	1.25950297700563	1.92144011562131	1.59047154631347	0.160247761555258	1.28056360202926	1.8888073267903
1.91193156479337	0.173848712783167	1.57118808773837	2.25267504184838	1.96241687387002	0.175976573701968	1.61750278941416	2.30733095832588	1.96241687387002	0.173848712783167	1.64386659527566	2.32745985107248
1.86091042801841	0.159922260722944	1.54746279700144	2.17435805903538	1.84403377055254	0.160856249946115	1.52875552065815	2.15931202044692	1.84403377055254	0.159922260722944	1.52942178991672	2.17612788884222
2.09064254259881	0.178386072940954	1.74100583963454	2.44027924556308	2.0231452451473	0.184133797030992	1.66224300296656	2.38404748732805	2.0231452451473	0.178386072940954	1.67079940686722	2.37436636794632
1.66513899951194	0.180696240358476	1.31097436840933	2.01930363061456	1.65481609580871	0.181850651596749	1.29838881867908	2.01124337293834	1.65481609580871	0.180696240358476	1.30168856200796	2.02445679694104
2.00525310665618	0.147330995054266	1.71648435634981	2.29402185696254	2.01685498140169	0.155879370425492	1.71133141536773	2.32237854743566	2.01685498140169	0.147330995054266	1.74063087213438	2.29521246110532
1.90926463225642	0.165695870921601	1.58450072525009	2.23402853926276	1.92923888245605	0.16721906291191	1.60148951914871	2.2569882457634	1.92923888245605	0.165695870921601	1.62919705254507	2.28192951746345
2.08359980378676	0.16270909560539	1.76468997640019	2.40250963117332	2.07346413319825	0.17289252371391	1.73459478671899	2.41233347967751	2.07346413319825	0.16270909560539	1.75131087945313	2.38499564956115
2.17331108897291	0.14035329820775	1.89821862448572	2.4484035534601	2.15092708130525	0.145771988861997	1.86521398313573	2.43664017947476	2.15092708130525	0.14035329820775	1.85998971046137	2.43770068038586
1.89575800844699	0.164663977320752	1.57301661289831	2.21849940399566	1.85067246784948	0.164800773411435	1.52766295196307	2.1736819837359	1.85067246784948	0.164663977320752	1.51671936386323	2.17747375752663
2.2825771622588	0.138505738420354	2.01110591495491	2.5540484095627	2.26957902532532	0.140893966017919	1.9934268519302	2.54573119872044	2.26957902532532	0.138505738420354	2.00545661585868	2.53019990549963
2.08599424053331	0.170553560498596	1.75170926195606	2.42027921911056	2.10509558216252	0.17103101758186	1.76987478770207	2.44031637662296	2.10509558216252	0.170553560498596	1.77861819605853	2.44863901174965
1.86238457225072	0.184316152395391	1.50112491355576	2.22364423094569	1.84283400948818	0.197687941238688	1.45536564466035	2.23030237431601	1.84283400948818	0.184316152395391	1.47523612769824	2.18907208722956
1.86784913121949	0.166194684540142	1.54210754952081	2.19359071291817	1.82731291221381	0.16684632821653	1.50029410890941	2.1543317155182	1.82731291221381	0.166194684540142	1.50262604931483	2.14857123288041
1.84821275654076	0.146885820057629	1.5603165492278	2.13610896385371	1.84922597301881	0.152696217026608	1.54994138764666	2.14851055839096	1.84922597301881	0.146885820057629	1.57051307786984	2.14718246314787
2.13237282312944	0.153069809850441	1.83235599582258	2.43238965043631	2.09042306839732	0.153216489286281	1.79011874939621	2.39072738739843	2.09042306839732	0.153069809850441	1.79855901163769	2.3911158099026
1.90532030480491	0.15376473609921	1.60394142205046	2.20669918755936	1.94880806491505	0.147133192065084	1.66042700846749	2.23718912136262	1.94880806491505	0.15376473609921	1.63734995688763	2.24916839922573
1.98281922287228	0.140562008573656	1.70731768606791	2.25832075967664	1.974715543911	0.146313802116599	1.68794049176246	2.26149059605953	1.974715543911	0.140562008573656	1.68625551366397	2.25306637814643
2.12160381124059	0.158668267364059	1.81061400720703	2.43259361527414	2.13254903675583	0.158145180075653	1.82258448380755	2.44251358970411	2.13254903675583	0.158668267364059	1.82559437886982	2.45025328491901
2.17480539223973	0.176048243434674	1.82975083510777	2.5198599493717	2.1302759869841	0.17178857181182	1.79357038623293	2.46698158773526	2.1302759869841	0.176048243434674	1.79222956892535	2.46521391719576
1.86495883389411	0.152428020021778	1.56619991465143	2.1637177531368	1.8754217242561	0.14909734278103	1.58319093240528	2.16765251610692	1.8754217242561	0.152428020021778	1.58422301110217	2.20087316632455
2.04821122913738	0.237222057508105	1.5832559964215	2.51316646185327	2.06224644035755	0.186999069745635	1.6957282636561	2.42876461705899	2.06224644035755	0.237222057508105	1.49754547830724	2.44244327827752
2.12769129755438	0.155559155585637	1.82279535260653	2.43258724250223	2.13230454656344	0.167083835542038	1.80482022890105	2.45978886422584	2.13230454656344	0.155559155585637	1.83695379888359	2.42625266085625
2.3534524754228	0.174734872921668	2.01097212449633	2.69593282634927	2.30261092780301	0.16888663932619	1.97159311472368	2.63362874088234	2.30261092780301	0.174734872921668	1.94521698936204	2.6181361452465
1.88250178087468	0.200298692936752	1.48991634271865	2.27508721903072	1.8203450673978	0.198968796077666	1.43036622708557	2.21032390771003	1.8203450673978	0.200298692936752	1.40868680469556	2.18277527622707
2.03810300229908	0.145707383535938	1.75251653056864	2.32368947402952	2.03600105304862	0.153204611823216	1.73572001387512	2.33628209222212	2.03600105304862	0.145707383535938	1.73716375787956	2.31148014777064
NA	NA	NA	NA	NA	NA	NA	NA	NA	NA	NA	NA
NA	NA	NA	NA	NA	NA	NA	NA	NA	NA	NA	NA
NA	NA	NA	NA	NA	NA	NA	NA	NA	NA	NA	NA
NA	NA	NA	NA	NA	NA	NA	NA	NA	NA	NA	NA
NA	NA	NA	NA	NA	NA	NA	NA	NA	NA	NA	NA
NA	NA	NA	NA	NA	NA	NA	NA	NA	NA	NA	NA
NA	NA	NA	NA	NA	NA	NA	NA	NA	NA	NA	NA
NA	NA	NA	NA	NA	NA	NA	NA	NA	NA	NA	NA
NA	NA	NA	NA	NA	NA	NA	NA	NA	NA	NA	NA
NA	NA	NA	NA	NA	NA	NA	NA	NA	NA	NA	NA
NA	NA	NA	NA	NA	NA	NA	NA	NA	NA	NA	NA
NA	NA	NA	NA	NA	NA	NA	NA	NA	NA	NA	NA
NA	NA	NA	NA	NA	NA	NA	NA	NA	NA	NA	NA
NA	NA	NA	NA	NA	NA	NA	NA	NA	NA	NA	NA
NA	NA	NA	NA	NA	NA	NA	NA	NA	NA	NA	NA
NA	NA	NA	NA	NA	NA	NA	NA	NA	NA	NA	NA
NA	NA	NA	NA	NA	NA	NA	NA	NA	NA	NA	NA
NA	NA	NA	NA	NA	NA	NA	NA	NA	NA	NA	NA
NA	NA	NA	NA	NA	NA	NA	NA	NA	NA	NA	NA
NA	NA	NA	NA	NA	NA	NA	NA	NA	NA	NA	NA
NA	NA	NA	NA	NA	NA	NA	NA	NA	NA	NA	NA
NA	NA	NA	NA	NA	NA	NA	NA	NA	NA	NA	NA
NA	NA	NA	NA	NA	NA	NA	NA	NA	NA	NA	NA
NA	NA	NA	NA	NA	NA	NA	NA	NA	NA	NA	NA
NA	NA	NA	NA	NA	NA	NA	NA	NA	NA	NA	NA
NA	NA	NA	NA	NA	NA	NA	NA	NA	NA	NA	NA
NA	NA	NA	NA	NA	NA	NA	NA	NA	NA	NA	NA
NA	NA	NA	NA	NA	NA	NA	NA	NA	NA	NA	NA
NA	NA	NA	NA	NA	NA	NA	NA	NA	NA	NA	NA
NA	NA	NA	NA	NA	NA	NA	NA	NA	NA	NA	NA
NA	NA	NA	NA	NA	NA	NA	NA	NA	NA	NA	NA
NA	NA	NA	NA	NA	NA	NA	NA	NA	NA	NA	NA
NA	NA	NA	NA	NA	NA	NA	NA	NA	NA	NA	NA
NA	NA	NA	NA	NA	NA	NA	NA	NA	NA	NA	NA
NA	NA	NA	NA	NA	NA	NA	NA	NA	NA	NA	NA
NA	NA	NA	NA	NA	NA	NA	NA	NA	NA	NA	NA
NA	NA	NA	NA	NA	NA	NA	NA	NA	NA	NA	NA
NA	NA	NA	NA	NA	NA	NA	NA	NA	NA	NA	NA
NA	NA	NA	NA	NA	NA	NA	NA	NA	NA	NA	NA
NA	NA	NA	NA	NA	NA	NA	NA	NA	NA	NA	NA
NA	NA	NA	NA	NA	NA	NA	NA	NA	NA	NA	NA
NA	NA	NA	NA	NA	NA	NA	NA	NA	NA	NA	NA
NA	NA	NA	NA	NA	NA	NA	NA	NA	NA	NA	NA
NA	NA	NA	NA	NA	NA	NA	NA	NA	NA	NA	NA
NA	NA	NA	NA	NA	NA	NA	NA	NA	NA	NA	NA
NA	NA	NA	NA	NA	NA	NA	NA	NA	NA	NA	NA
NA	NA	NA	NA	NA	NA	NA	NA	NA	NA	NA	NA
NA	NA	NA	NA	NA	NA	NA	NA	NA	NA	NA	NA
NA	NA	NA	NA	NA	NA	NA	NA	NA	NA	NA	NA
NA	NA	NA	NA	NA	NA	NA	NA	NA	NA	NA	NA
NA	NA	NA	NA	NA	NA	NA	NA	NA	NA	NA	NA
NA	NA	NA	NA	NA	NA	NA	NA	NA	NA	NA	NA
NA	NA	NA	NA	NA	NA	NA	NA	NA	NA	NA	NA
NA	NA	NA	NA	NA	NA	NA	NA	NA	NA	NA	NA
NA	NA	NA	NA	NA	NA	NA	NA	NA	NA	NA	NA
NA	NA	NA	NA	NA	NA	NA	NA	NA	NA	NA	NA
NA	NA	NA	NA	NA	NA	NA	NA	NA	NA	NA	NA
NA	NA	NA	NA	NA	NA	NA	NA	NA	NA	NA	NA
NA	NA	NA	NA	NA	NA	NA	NA	NA	NA	NA	NA
NA	NA	NA	NA	NA	NA	NA	NA	NA	NA	NA	NA
NA	NA	NA	NA	NA	NA	NA	NA	NA	NA	NA	NA
NA	NA	NA	NA	NA	NA	NA	NA	NA	NA	NA	NA
NA	NA	NA	NA	NA	NA	NA	NA	NA	NA	NA	NA
NA	NA	NA	NA	NA	NA	NA	NA	NA	NA	NA	NA
NA	NA	NA	NA	NA	NA	NA	NA	NA	NA	NA	NA
NA	NA	NA	NA	NA	NA	NA	NA	NA	NA	NA	NA
NA	NA	NA	NA	NA	NA	NA	NA	NA	NA	NA	NA
NA	NA	NA	NA	NA	NA	NA	NA	NA	NA	NA	NA
NA	NA	NA	NA	NA	NA	NA	NA	NA	NA	NA	NA
NA	NA	NA	NA	NA	NA	NA	NA	NA	NA	NA	NA
NA	NA	NA	NA	NA	NA	NA	NA	NA	NA	NA	NA
NA	NA	NA	NA	NA	NA	NA	NA	NA	NA	NA	NA
NA	NA	NA	NA	NA	NA	NA	NA	NA	NA	NA	NA
NA	NA	NA	NA	NA	NA	NA	NA	NA	NA	NA	NA
NA	NA	NA	NA	NA	NA	NA	NA	NA	NA	NA	NA
NA	NA	NA	NA	NA	NA	NA	NA	NA	NA	NA	NA
NA	NA	NA	NA	NA	NA	NA	NA	NA	NA	NA	NA
NA	NA	NA	NA	NA	NA	NA	NA	NA	NA	NA	NA
NA	NA	NA	NA	NA	NA	NA	NA	NA	NA	NA	NA
NA	NA	NA	NA	NA	NA	NA	NA	NA	NA	NA	NA
NA	NA	NA	NA	NA	NA	NA	NA	NA	NA	NA	NA
NA	NA	NA	NA	NA	NA	NA	NA	NA	NA	NA	NA
NA	NA	NA	NA	NA	NA	NA	NA	NA	NA	NA	NA
NA	NA	NA	NA	NA	NA	NA	NA	NA	NA	NA	NA
NA	NA	NA	NA	NA	NA	NA	NA	NA	NA	NA	NA
NA	NA	NA	NA	NA	NA	NA	NA	NA	NA	NA	NA
NA	NA	NA	NA	NA	NA	NA	NA	NA	NA	NA	NA
NA	NA	NA	NA	NA	NA	NA	NA	NA	NA	NA	NA
NA	NA	NA	NA	NA	NA	NA	NA	NA	NA	NA	NA
NA	NA	NA	NA	NA	NA	NA	NA	NA	NA	NA	NA
NA	NA	NA	NA	NA	NA	NA	NA	NA	NA	NA	NA
NA	NA	NA	NA	NA	NA	NA	NA	NA	NA	NA	NA
NA	NA	NA	NA	NA	NA	NA	NA	NA	NA	NA	NA
NA	NA	NA	NA	NA	NA	NA	NA	NA	NA	NA	NA
NA	NA	NA	NA	NA	NA	NA	NA	NA	NA	NA	NA
NA	NA	NA	NA	NA	NA	NA	NA	NA	NA	NA	NA
NA	NA	NA	NA	NA	NA	NA	NA	NA	NA	NA	NA
NA	NA	NA	NA	NA	NA	NA	NA	NA	NA	NA	NA
NA	NA	NA	NA	NA	NA	NA	NA	NA	NA	NA	NA
NA	NA	NA	NA	NA	NA	NA	NA	NA	NA	NA	NA
NA	NA	NA	NA	NA	NA	NA	NA	NA	NA	NA	NA
NA	NA	NA	NA	NA	NA	NA	NA	NA	NA	NA	NA
NA	NA	NA	NA	NA	NA	NA	NA	NA	NA	NA	NA
NA	NA	NA	NA	NA	NA	NA	NA	NA	NA	NA	NA
NA	NA	NA	NA	NA	NA	NA	NA	NA	NA	NA	NA
NA	NA	NA	NA	NA	NA	NA	NA	NA	NA	NA	NA
NA	NA	NA	NA	NA	NA	NA	NA	NA	NA	NA	NA
NA	NA	NA	NA	NA	NA	NA	NA	NA	NA	NA	NA
NA	NA	NA	NA	NA	NA	NA	NA	NA	NA	NA	NA
NA	NA	NA	NA	NA	NA	NA	NA	NA	NA	NA	NA
NA	NA	NA	NA	NA	NA	NA	NA	NA	NA	NA	NA
NA	NA	NA	NA	NA	NA	NA	NA	NA	NA	NA	NA
NA	NA	NA	NA	NA	NA	NA	NA	NA	NA	NA	NA
NA	NA	NA	NA	NA	NA	NA	NA	NA	NA	NA	NA
NA	NA	NA	NA	NA	NA	NA	NA	NA	NA	NA	NA
NA	NA	NA	NA	NA	NA	NA	NA	NA	NA	NA	NA
NA	NA	NA	NA	NA	NA	NA	NA	NA	NA	NA	NA
NA	NA	NA	NA	NA	NA	NA	NA	NA	NA	NA	NA
NA	NA	NA	NA	NA	NA	NA	NA	NA	NA	NA	NA
NA	NA	NA	NA	NA	NA	NA	NA	NA	NA	NA	NA
NA	NA	NA	NA	NA	NA	NA	NA	NA	NA	NA	NA
NA	NA	NA	NA	NA	NA	NA	NA	NA	NA	NA	NA
NA	NA	NA	NA	NA	NA	NA	NA	NA	NA	NA	NA
NA	NA	NA	NA	NA	NA	NA	NA	NA	NA	NA	NA
NA	NA	NA	NA	NA	NA	NA	NA	NA	NA	NA	NA
NA	NA	NA	NA	NA	NA	NA	NA	NA	NA	NA	NA
NA	NA	NA	NA	NA	NA	NA	NA	NA	NA	NA	NA
NA	NA	NA	NA	NA	NA	NA	NA	NA	NA	NA	NA
NA	NA	NA	NA	NA	NA	NA	NA	NA	NA	NA	NA
NA	NA	NA	NA	NA	NA	NA	NA	NA	NA	NA	NA
NA	NA	NA	NA	NA	NA	NA	NA	NA	NA	NA	NA
NA	NA	NA	NA	NA	NA	NA	NA	NA	NA	NA	NA
NA	NA	NA	NA	NA	NA	NA	NA	NA	NA	NA	NA
NA	NA	NA	NA	NA	NA	NA	NA	NA	NA	NA	NA
NA	NA	NA	NA	NA	NA	NA	NA	NA	NA	NA	NA
NA	NA	NA	NA	NA	NA	NA	NA	NA	NA	NA	NA
NA	NA	NA	NA	NA	NA	NA	NA	NA	NA	NA	NA
NA	NA	NA	NA	NA	NA	NA	NA	NA	NA	NA	NA
NA	NA	NA	NA	NA	NA	NA	NA	NA	NA	NA	NA
NA	NA	NA	NA	NA	NA	NA	NA	NA	NA	NA	NA
NA	NA	NA	NA	NA	NA	NA	NA	NA	NA	NA	NA
NA	NA	NA	NA	NA	NA	NA	NA	NA	NA	NA	NA
NA	NA	NA	NA	NA	NA	NA	NA	NA	NA	NA	NA
NA	NA	NA	NA	NA	NA	NA	NA	NA	NA	NA	NA
NA	NA	NA	NA	NA	NA	NA	NA	NA	NA	NA	NA
NA	NA	NA	NA	NA	NA	NA	NA	NA	NA	NA	NA
NA	NA	NA	NA	NA	NA	NA	NA	NA	NA	NA	NA
NA	NA	NA	NA	NA	NA	NA	NA	NA	NA	NA	NA
NA	NA	NA	NA	NA	NA	NA	NA	NA	NA	NA	NA
NA	NA	NA	NA	NA	NA	NA	NA	NA	NA	NA	NA
NA	NA	NA	NA	NA	NA	NA	NA	NA	NA	NA	NA
NA	NA	NA	NA	NA	NA	NA	NA	NA	NA	NA	NA
NA	NA	NA	NA	NA	NA	NA	NA	NA	NA	NA	NA
NA	NA	NA	NA	NA	NA	NA	NA	NA	NA	NA	NA
NA	NA	NA	NA	NA	NA	NA	NA	NA	NA	NA	NA
NA	NA	NA	NA	NA	NA	NA	NA	NA	NA	NA	NA
NA	NA	NA	NA	NA	NA	NA	NA	NA	NA	NA	NA
NA	NA	NA	NA	NA	NA	NA	NA	NA	NA	NA	NA
NA	NA	NA	NA	NA	NA	NA	NA	NA	NA	NA	NA
NA	NA	NA	NA	NA	NA	NA	NA	NA	NA	NA	NA
NA	NA	NA	NA	NA	NA	NA	NA	NA	NA	NA	NA
NA	NA	NA	NA	NA	NA	NA	NA	NA	NA	NA	NA
NA	NA	NA	NA	NA	NA	NA	NA	NA	NA	NA	NA
NA	NA	NA	NA	NA	NA	NA	NA	NA	NA	NA	NA
NA	NA	NA	NA	NA	NA	NA	NA	NA	NA	NA	NA
NA	NA	NA	NA	NA	NA	NA	NA	NA	NA	NA	NA
NA	NA	NA	NA	NA	NA	NA	NA	NA	NA	NA	NA
NA	NA	NA	NA	NA	NA	NA	NA	NA	NA	NA	NA
NA	NA	NA	NA	NA	NA	NA	NA	NA	NA	NA	NA
NA	NA	NA	NA	NA	NA	NA	NA	NA	NA	NA	NA
NA	NA	NA	NA	NA	NA	NA	NA	NA	NA	NA	NA
NA	NA	NA	NA	NA	NA	NA	NA	NA	NA	NA	NA
NA	NA	NA	NA	NA	NA	NA	NA	NA	NA	NA	NA
NA	NA	NA	NA	NA	NA	NA	NA	NA	NA	NA	NA
NA	NA	NA	NA	NA	NA	NA	NA	NA	NA	NA	NA
NA	NA	NA	NA	NA	NA	NA	NA	NA	NA	NA	NA
NA	NA	NA	NA	NA	NA	NA	NA	NA	NA	NA	NA
NA	NA	NA	NA	NA	NA	NA	NA	NA	NA	NA	NA
NA	NA	NA	NA	NA	NA	NA	NA	NA	NA	NA	NA
NA	NA	NA	NA	NA	NA	NA	NA	NA	NA	NA	NA
NA	NA	NA	NA	NA	NA	NA	NA	NA	NA	NA	NA
NA	NA	NA	NA	NA	NA	NA	NA	NA	NA	NA	NA
NA	NA	NA	NA	NA	NA	NA	NA	NA	NA	NA	NA
NA	NA	NA	NA	NA	NA	NA	NA	NA	NA	NA	NA
NA	NA	NA	NA	NA	NA	NA	NA	NA	NA	NA	NA
NA	NA	NA	NA	NA	NA	NA	NA	NA	NA	NA	NA
NA	NA	NA	NA	NA	NA	NA	NA	NA	NA	NA	NA
NA	NA	NA	NA	NA	NA	NA	NA	NA	NA	NA	NA
NA	NA	NA	NA	NA	NA	NA	NA	NA	NA	NA	NA
NA	NA	NA	NA	NA	NA	NA	NA	NA	NA	NA	NA
NA	NA	NA	NA	NA	NA	NA	NA	NA	NA	NA	NA
NA	NA	NA	NA	NA	NA	NA	NA	NA	NA	NA	NA
NA	NA	NA	NA	NA	NA	NA	NA	NA	NA	NA	NA
NA	NA	NA	NA	NA	NA	NA	NA	NA	NA	NA	NA
NA	NA	NA	NA	NA	NA	NA	NA	NA	NA	NA	NA
NA	NA	NA	NA	NA	NA	NA	NA	NA	NA	NA	NA
NA	NA	NA	NA	NA	NA	NA	NA	NA	NA	NA	NA
NA	NA	NA	NA	NA	NA	NA	NA	NA	NA	NA	NA
NA	NA	NA	NA	NA	NA	NA	NA	NA	NA	NA	NA
NA	NA	NA	NA	NA	NA	NA	NA	NA	NA	NA	NA
NA	NA	NA	NA	NA	NA	NA	NA	NA	NA	NA	NA
NA	NA	NA	NA	NA	NA	NA	NA	NA	NA	NA	NA
NA	NA	NA	NA	NA	NA	NA	NA	NA	NA	NA	NA
NA	NA	NA	NA	NA	NA	NA	NA	NA	NA	NA	NA
NA	NA	NA	NA	NA	NA	NA	NA	NA	NA	NA	NA
NA	NA	NA	NA	NA	NA	NA	NA	NA	NA	NA	NA
NA	NA	NA	NA	NA	NA	NA	NA	NA	NA	NA	NA
NA	NA	NA	NA	NA	NA	NA	NA	NA	NA	NA	NA
NA	NA	NA	NA	NA	NA	NA	NA	NA	NA	NA	NA
NA	NA	NA	NA	NA	NA	NA	NA	NA	NA	NA	NA
NA	NA	NA	NA	NA	NA	NA	NA	NA	NA	NA	NA
NA	NA	NA	NA	NA	NA	NA	NA	NA	NA	NA	NA
NA	NA	NA	NA	NA	NA	NA	NA	NA	NA	NA	NA
NA	NA	NA	NA	NA	NA	NA	NA	NA	NA	NA	NA
NA	NA	NA	NA	NA	NA	NA	NA	NA	NA	NA	NA
NA	NA	NA	NA	NA	NA	NA	NA	NA	NA	NA	NA
NA	NA	NA	NA	NA	NA	NA	NA	NA	NA	NA	NA
NA	NA	NA	NA	NA	NA	NA	NA	NA	NA	NA	NA
NA	NA	NA	NA	NA	NA	NA	NA	NA	NA	NA	NA
NA	NA	NA	NA	NA	NA	NA	NA	NA	NA	NA	NA
NA	NA	NA	NA	NA	NA	NA	NA	NA	NA	NA	NA
NA	NA	NA	NA	NA	NA	NA	NA	NA	NA	NA	NA
NA	NA	NA	NA	NA	NA	NA	NA	NA	NA	NA	NA
NA	NA	NA	NA	NA	NA	NA	NA	NA	NA	NA	NA
NA	NA	NA	NA	NA	NA	NA	NA	NA	NA	NA	NA
NA	NA	NA	NA	NA	NA	NA	NA	NA	NA	NA	NA
NA	NA	NA	NA	NA	NA	NA	NA	NA	NA	NA	NA
NA	NA	NA	NA	NA	NA	NA	NA	NA	NA	NA	NA
NA	NA	NA	NA	NA	NA	NA	NA	NA	NA	NA	NA
NA	NA	NA	NA	NA	NA	NA	NA	NA	NA	NA	NA
NA	NA	NA	NA	NA	NA	NA	NA	NA	NA	NA	NA
NA	NA	NA	NA	NA	NA	NA	NA	NA	NA	NA	NA
NA	NA	NA	NA	NA	NA	NA	NA	NA	NA	NA	NA
NA	NA	NA	NA	NA	NA	NA	NA	NA	NA	NA	NA
NA	NA	NA	NA	NA	NA	NA	NA	NA	NA	NA	NA
NA	NA	NA	NA	NA	NA	NA	NA	NA	NA	NA	NA
NA	NA	NA	NA	NA	NA	NA	NA	NA	NA	NA	NA
NA	NA	NA	NA	NA	NA	NA	NA	NA	NA	NA	NA
NA	NA	NA	NA	NA	NA	NA	NA	NA	NA	NA	NA
NA	NA	NA	NA	NA	NA	NA	NA	NA	NA	NA	NA
NA	NA	NA	NA	NA	NA	NA	NA	NA	NA	NA	NA
NA	NA	NA	NA	NA	NA	NA	NA	NA	NA	NA	NA
NA	NA	NA	NA	NA	NA	NA	NA	NA	NA	NA	NA
NA	NA	NA	NA	NA	NA	NA	NA	NA	NA	NA	NA
NA	NA	NA	NA	NA	NA	NA	NA	NA	NA	NA	NA
NA	NA	NA	NA	NA	NA	NA	NA	NA	NA	NA	NA
NA	NA	NA	NA	NA	NA	NA	NA	NA	NA	NA	NA
NA	NA	NA	NA	NA	NA	NA	NA	NA	NA	NA	NA
NA	NA	NA	NA	NA	NA	NA	NA	NA	NA	NA	NA
NA	NA	NA	NA	NA	NA	NA	NA	NA	NA	NA	NA
NA	NA	NA	NA	NA	NA	NA	NA	NA	NA	NA	NA
NA	NA	NA	NA	NA	NA	NA	NA	NA	NA	NA	NA
NA	NA	NA	NA	NA	NA	NA	NA	NA	NA	NA	NA
NA	NA	NA	NA	NA	NA	NA	NA	NA	NA	NA	NA
NA	NA	NA	NA	NA	NA	NA	NA	NA	NA	NA	NA
NA	NA	NA	NA	NA	NA	NA	NA	NA	NA	NA	NA
NA	NA	NA	NA	NA	NA	NA	NA	NA	NA	NA	NA
NA	NA	NA	NA	NA	NA	NA	NA	NA	NA	NA	NA
NA	NA	NA	NA	NA	NA	NA	NA	NA	NA	NA	NA
NA	NA	NA	NA	NA	NA	NA	NA	NA	NA	NA	NA
NA	NA	NA	NA	NA	NA	NA	NA	NA	NA	NA	NA
NA	NA	NA	NA	NA	NA	NA	NA	NA	NA	NA	NA
NA	NA	NA	NA	NA	NA	NA	NA	NA	NA	NA	NA
NA	NA	NA	NA	NA	NA	NA	NA	NA	NA	NA	NA
NA	NA	NA	NA	NA	NA	NA	NA	NA	NA	NA	NA
NA	NA	NA	NA	NA	NA	NA	NA	NA	NA	NA	NA
NA	NA	NA	NA	NA	NA	NA	NA	NA	NA	NA	NA
NA	NA	NA	NA	NA	NA	NA	NA	NA	NA	NA	NA
NA	NA	NA	NA	NA	NA	NA	NA	NA	NA	NA	NA
NA	NA	NA	NA	NA	NA	NA	NA	NA	NA	NA	NA
NA	NA	NA	NA	NA	NA	NA	NA	NA	NA	NA	NA
NA	NA	NA	NA	NA	NA	NA	NA	NA	NA	NA	NA
NA	NA	NA	NA	NA	NA	NA	NA	NA	NA	NA	NA
NA	NA	NA	NA	NA	NA	NA	NA	NA	NA	NA	NA
NA	NA	NA	NA	NA	NA	NA	NA	NA	NA	NA	NA
NA	NA	NA	NA	NA	NA	NA	NA	NA	NA	NA	NA
NA	NA	NA	NA	NA	NA	NA	NA	NA	NA	NA	NA
NA	NA	NA	NA	NA	NA	NA	NA	NA	NA	NA	NA
NA	NA	NA	NA	NA	NA	NA	NA	NA	NA	NA	NA
NA	NA	NA	NA	NA	NA	NA	NA	NA	NA	NA	NA
NA	NA	NA	NA	NA	NA	NA	NA	NA	NA	NA	NA
NA	NA	NA	NA	NA	NA	NA	NA	NA	NA	NA	NA
NA	NA	NA	NA	NA	NA	NA	NA	NA	NA	NA	NA
NA	NA	NA	NA	NA	NA	NA	NA	NA	NA	NA	NA
NA	NA	NA	NA	NA	NA	NA	NA	NA	NA	NA	NA
NA	NA	NA	NA	NA	NA	NA	NA	NA	NA	NA	NA
NA	NA	NA	NA	NA	NA	NA	NA	NA	NA	NA	NA
NA	NA	NA	NA	NA	NA	NA	NA	NA	NA	NA	NA
NA	NA	NA	NA	NA	NA	NA	NA	NA	NA	NA	NA
NA	NA	NA	NA	NA	NA	NA	NA	NA	NA	NA	NA
NA	NA	NA	NA	NA	NA	NA	NA	NA	NA	NA	NA
NA	NA	NA	NA	NA	NA	NA	NA	NA	NA	NA	NA
NA	NA	NA	NA	NA	NA	NA	NA	NA	NA	NA	NA
NA	NA	NA	NA	NA	NA	NA	NA	NA	NA	NA	NA
NA	NA	NA	NA	NA	NA	NA	NA	NA	NA	NA	NA
NA	NA	NA	NA	NA	NA	NA	NA	NA	NA	NA	NA
NA	NA	NA	NA	NA	NA	NA	NA	NA	NA	NA	NA
NA	NA	NA	NA	NA	NA	NA	NA	NA	NA	NA	NA
NA	NA	NA	NA	NA	NA	NA	NA	NA	NA	NA	NA
NA	NA	NA	NA	NA	NA	NA	NA	NA	NA	NA	NA
