X1	X2	X3	X4	X1.1	X2.1	X3.1	X4.1	X1.2	X2.2	X3.2	X4.2
NA	NA	NA	NA	NA	NA	NA	NA	NA	NA	NA	NA
NA	NA	NA	NA	NA	NA	NA	NA	NA	NA	NA	NA
NA	NA	NA	NA	NA	NA	NA	NA	NA	NA	NA	NA
NA	NA	NA	NA	NA	NA	NA	NA	NA	NA	NA	NA
NA	NA	NA	NA	NA	NA	NA	NA	NA	NA	NA	NA
NA	NA	NA	NA	NA	NA	NA	NA	NA	NA	NA	NA
NA	NA	NA	NA	NA	NA	NA	NA	NA	NA	NA	NA
NA	NA	NA	NA	NA	NA	NA	NA	NA	NA	NA	NA
NA	NA	NA	NA	NA	NA	NA	NA	NA	NA	NA	NA
NA	NA	NA	NA	NA	NA	NA	NA	NA	NA	NA	NA
NA	NA	NA	NA	NA	NA	NA	NA	NA	NA	NA	NA
NA	NA	NA	NA	NA	NA	NA	NA	NA	NA	NA	NA
NA	NA	NA	NA	NA	NA	NA	NA	NA	NA	NA	NA
NA	NA	NA	NA	NA	NA	NA	NA	NA	NA	NA	NA
NA	NA	NA	NA	NA	NA	NA	NA	NA	NA	NA	NA
NA	NA	NA	NA	NA	NA	NA	NA	NA	NA	NA	NA
NA	NA	NA	NA	NA	NA	NA	NA	NA	NA	NA	NA
NA	NA	NA	NA	NA	NA	NA	NA	NA	NA	NA	NA
NA	NA	NA	NA	NA	NA	NA	NA	NA	NA	NA	NA
NA	NA	NA	NA	NA	NA	NA	NA	NA	NA	NA	NA
NA	NA	NA	NA	NA	NA	NA	NA	NA	NA	NA	NA
NA	NA	NA	NA	NA	NA	NA	NA	NA	NA	NA	NA
NA	NA	NA	NA	NA	NA	NA	NA	NA	NA	NA	NA
NA	NA	NA	NA	NA	NA	NA	NA	NA	NA	NA	NA
NA	NA	NA	NA	NA	NA	NA	NA	NA	NA	NA	NA
NA	NA	NA	NA	NA	NA	NA	NA	NA	NA	NA	NA
NA	NA	NA	NA	NA	NA	NA	NA	NA	NA	NA	NA
NA	NA	NA	NA	NA	NA	NA	NA	NA	NA	NA	NA
NA	NA	NA	NA	NA	NA	NA	NA	NA	NA	NA	NA
NA	NA	NA	NA	NA	NA	NA	NA	NA	NA	NA	NA
NA	NA	NA	NA	NA	NA	NA	NA	NA	NA	NA	NA
NA	NA	NA	NA	NA	NA	NA	NA	NA	NA	NA	NA
NA	NA	NA	NA	NA	NA	NA	NA	NA	NA	NA	NA
NA	NA	NA	NA	NA	NA	NA	NA	NA	NA	NA	NA
NA	NA	NA	NA	NA	NA	NA	NA	NA	NA	NA	NA
NA	NA	NA	NA	NA	NA	NA	NA	NA	NA	NA	NA
NA	NA	NA	NA	NA	NA	NA	NA	NA	NA	NA	NA
NA	NA	NA	NA	NA	NA	NA	NA	NA	NA	NA	NA
NA	NA	NA	NA	NA	NA	NA	NA	NA	NA	NA	NA
NA	NA	NA	NA	NA	NA	NA	NA	NA	NA	NA	NA
NA	NA	NA	NA	NA	NA	NA	NA	NA	NA	NA	NA
NA	NA	NA	NA	NA	NA	NA	NA	NA	NA	NA	NA
NA	NA	NA	NA	NA	NA	NA	NA	NA	NA	NA	NA
NA	NA	NA	NA	NA	NA	NA	NA	NA	NA	NA	NA
NA	NA	NA	NA	NA	NA	NA	NA	NA	NA	NA	NA
NA	NA	NA	NA	NA	NA	NA	NA	NA	NA	NA	NA
NA	NA	NA	NA	NA	NA	NA	NA	NA	NA	NA	NA
NA	NA	NA	NA	NA	NA	NA	NA	NA	NA	NA	NA
NA	NA	NA	NA	NA	NA	NA	NA	NA	NA	NA	NA
NA	NA	NA	NA	NA	NA	NA	NA	NA	NA	NA	NA
NA	NA	NA	NA	NA	NA	NA	NA	NA	NA	NA	NA
NA	NA	NA	NA	NA	NA	NA	NA	NA	NA	NA	NA
NA	NA	NA	NA	NA	NA	NA	NA	NA	NA	NA	NA
NA	NA	NA	NA	NA	NA	NA	NA	NA	NA	NA	NA
NA	NA	NA	NA	NA	NA	NA	NA	NA	NA	NA	NA
NA	NA	NA	NA	NA	NA	NA	NA	NA	NA	NA	NA
NA	NA	NA	NA	NA	NA	NA	NA	NA	NA	NA	NA
NA	NA	NA	NA	NA	NA	NA	NA	NA	NA	NA	NA
NA	NA	NA	NA	NA	NA	NA	NA	NA	NA	NA	NA
NA	NA	NA	NA	NA	NA	NA	NA	NA	NA	NA	NA
NA	NA	NA	NA	NA	NA	NA	NA	NA	NA	NA	NA
NA	NA	NA	NA	NA	NA	NA	NA	NA	NA	NA	NA
NA	NA	NA	NA	NA	NA	NA	NA	NA	NA	NA	NA
NA	NA	NA	NA	NA	NA	NA	NA	NA	NA	NA	NA
NA	NA	NA	NA	NA	NA	NA	NA	NA	NA	NA	NA
NA	NA	NA	NA	NA	NA	NA	NA	NA	NA	NA	NA
NA	NA	NA	NA	NA	NA	NA	NA	NA	NA	NA	NA
NA	NA	NA	NA	NA	NA	NA	NA	NA	NA	NA	NA
NA	NA	NA	NA	NA	NA	NA	NA	NA	NA	NA	NA
NA	NA	NA	NA	NA	NA	NA	NA	NA	NA	NA	NA
NA	NA	NA	NA	NA	NA	NA	NA	NA	NA	NA	NA
NA	NA	NA	NA	NA	NA	NA	NA	NA	NA	NA	NA
NA	NA	NA	NA	NA	NA	NA	NA	NA	NA	NA	NA
NA	NA	NA	NA	NA	NA	NA	NA	NA	NA	NA	NA
NA	NA	NA	NA	NA	NA	NA	NA	NA	NA	NA	NA
NA	NA	NA	NA	NA	NA	NA	NA	NA	NA	NA	NA
NA	NA	NA	NA	NA	NA	NA	NA	NA	NA	NA	NA
NA	NA	NA	NA	NA	NA	NA	NA	NA	NA	NA	NA
NA	NA	NA	NA	NA	NA	NA	NA	NA	NA	NA	NA
NA	NA	NA	NA	NA	NA	NA	NA	NA	NA	NA	NA
NA	NA	NA	NA	NA	NA	NA	NA	NA	NA	NA	NA
NA	NA	NA	NA	NA	NA	NA	NA	NA	NA	NA	NA
NA	NA	NA	NA	NA	NA	NA	NA	NA	NA	NA	NA
NA	NA	NA	NA	NA	NA	NA	NA	NA	NA	NA	NA
NA	NA	NA	NA	NA	NA	NA	NA	NA	NA	NA	NA
NA	NA	NA	NA	NA	NA	NA	NA	NA	NA	NA	NA
NA	NA	NA	NA	NA	NA	NA	NA	NA	NA	NA	NA
NA	NA	NA	NA	NA	NA	NA	NA	NA	NA	NA	NA
NA	NA	NA	NA	NA	NA	NA	NA	NA	NA	NA	NA
NA	NA	NA	NA	NA	NA	NA	NA	NA	NA	NA	NA
NA	NA	NA	NA	NA	NA	NA	NA	NA	NA	NA	NA
NA	NA	NA	NA	NA	NA	NA	NA	NA	NA	NA	NA
NA	NA	NA	NA	NA	NA	NA	NA	NA	NA	NA	NA
NA	NA	NA	NA	NA	NA	NA	NA	NA	NA	NA	NA
NA	NA	NA	NA	NA	NA	NA	NA	NA	NA	NA	NA
NA	NA	NA	NA	NA	NA	NA	NA	NA	NA	NA	NA
NA	NA	NA	NA	NA	NA	NA	NA	NA	NA	NA	NA
NA	NA	NA	NA	NA	NA	NA	NA	NA	NA	NA	NA
NA	NA	NA	NA	NA	NA	NA	NA	NA	NA	NA	NA
NA	NA	NA	NA	NA	NA	NA	NA	NA	NA	NA	NA
2.22192311395506	0.20926479570004	1.81176411438298	2.63208211352714	2.04243831289669	0.189444877673117	1.67112635265738	2.413750273136	2.04243831289669	0.20926479570004	1.61296651025774	2.42196166079345
2.06700707983984	0.187184528340775	1.70012540429192	2.43388875538776	1.89046041875205	0.17048244590783	1.5563148247727	2.22460601273139	1.89046041875205	0.187184528340775	1.48303465147743	2.23897253735201
2.32052753405527	0.321008913183203	1.69135006421619	2.94970500389435	2.00499233827186	0.267386954022877	1.48091390838702	2.5290707681567	2.00499233827186	0.321008913183203	1.33024610594979	2.50822015781298
1.94758271613819	0.213686014211841	1.52875812828299	2.3664073039934	1.96327171433793	0.20024186531965	1.57079765831142	2.35574577036445	1.96327171433793	0.213686014211841	1.54224804336968	2.38882711749488
1.88448122169386	0.170780039405179	1.54975234445971	2.21921009892801	1.87467952031985	0.162664706968373	1.55585669466184	2.19350234597787	1.87467952031985	0.170780039405179	1.51449748159718	2.18679014181483
2.44256510983275	0.182513551762934	2.0848385483774	2.8002916712881	2.27522964141153	0.175963521873263	1.93034113853993	2.62011814428312	2.27522964141153	0.182513551762934	1.89965928471092	2.63767310991165
2.56294969687868	0.187588975019562	2.19527530584034	2.93062408791702	2.47958008507273	0.18666331104455	2.11371999542541	2.84544017472004	2.47958008507273	0.187588975019562	2.06669213497019	2.79766467621403
1.99132343887317	0.226494730304385	1.54739376747657	2.43525311026976	1.91179972027666	0.197219020640822	1.52525043982065	2.29834900073267	1.91179972027666	0.226494730304385	1.46757781862189	2.33766804677668
2.23265960351508	0.197728383578339	1.84511197170153	2.62020723532862	2.14609477503123	0.173231086213774	1.80656184605223	2.48562770401022	2.14609477503123	0.197728383578339	1.73012793653024	2.4769185427674
2.24588912745821	0.177794994501334	1.8974109382356	2.59436731668083	2.17483623558064	0.171388038940815	1.83891567925665	2.51075679190464	2.17483623558064	0.177794994501334	1.81723772116864	2.49268650296486
1.91322943569686	0.176727854403786	1.56684284106544	2.25961603032828	1.97096764759276	0.167211848144479	1.64323242522958	2.29870286995593	1.97096764759276	0.176727854403786	1.6089601452389	2.31804092588146
1.90521675698927	0.17470000577827	1.56280474566386	2.24762876831468	1.88080453193201	0.158068306851392	1.57099065050328	2.19061841336074	1.88080453193201	0.17470000577827	1.53906862873265	2.20965385657111
2.15538742398201	0.194198901568455	1.77475757690783	2.53601727105618	2.22836849106214	0.183260983596966	1.86917696321209	2.5875600189122	2.22836849106214	0.194198901568455	1.86126806985306	2.60240244272194
2.22613002921673	0.18802722438017	1.8575966694316	2.59466338900187	2.05134014973308	0.172667279901157	1.71291228112681	2.38976801833935	2.05134014973308	0.18802722438017	1.65093271590181	2.39307656972715
2.4017925726611	0.184325327603115	2.04051493055899	2.7630702147632	2.23708005827523	0.178295198139215	1.88762146992237	2.58653864662809	2.23708005827523	0.184325327603115	1.88149509975806	2.58932061899913
2.47729459306505	0.18985106201079	2.1051865115239	2.8494026746062	2.36056165644058	0.181382831979588	2.00505130576059	2.71607200712057	2.36056165644058	0.18985106201079	1.97768883046243	2.69704768186967
2.12811611326413	0.205689351549304	1.72496498422749	2.53126724230077	1.89252606461921	0.188412457392064	1.52323764813077	2.26181448110766	1.89252606461921	0.205689351549304	1.48155201785383	2.28864988571693
1.90310334325787	0.217405598970925	1.47698836927486	2.32921831724088	1.93315767602816	0.197957197425917	1.54516156907336	2.32115378298295	1.93315767602816	0.217405598970925	1.52869205104887	2.37950744000011
1.93362267532892	0.173805722706576	1.59296345882403	2.2742818918338	1.89778510870689	0.165650215448518	1.57311068642779	2.22245953098599	1.89778510870689	0.173805722706576	1.55394611285297	2.23035081715395
1.69228094228907	0.175504863002424	1.34829141080432	2.03627047377382	1.68797588373905	0.17371487902922	1.34749472084178	2.02845704663632	1.68797588373905	0.175504863002424	1.3650167090399	2.03719516159538
2.01383578119721	0.169055117760947	1.68248775038575	2.34518381200867	2.02081431794503	0.164514306278533	1.69836627763911	2.34326235825095	2.02081431794503	0.169055117760947	1.70266560881199	2.34414830321667
1.86099796108686	0.203227515405231	1.4626720308926	2.25932389128111	1.92147217906391	0.192820309906034	1.54354437164808	2.29939998647974	1.92147217906391	0.203227515405231	1.53047615123175	2.29751617542648
2.21810514707758	0.194672143729904	1.83654774536697	2.59966254878819	2.2666022665917	0.182711865277189	1.90848701064841	2.62471752253499	2.2666022665917	0.194672143729904	1.88780774887591	2.65547007841772
1.84272785084611	0.198355220471238	1.45395161872248	2.23150408296974	1.89426936091349	0.190295921274791	1.5212893552149	2.26724936661208	1.89426936091349	0.198355220471238	1.47018207409516	2.23562248617738
2.28562088717601	0.184032743744998	1.92491670943582	2.64632506491621	2.23441657718314	0.174567062518637	1.89226513464661	2.57656801971966	2.23441657718314	0.184032743744998	1.90269234576564	2.62444638582433
2.05275310975767	0.206223380516977	1.6485552839444	2.45695093557095	1.88102145825619	0.195547466459093	1.49774842399637	2.26429449251601	1.88102145825619	0.206223380516977	1.49104113273519	2.28024771373779
1.58210357317535	0.265737356176389	1.06125835506963	2.10294879128107	1.74428621627049	0.236119889200442	1.28149123343763	2.20708119910336	1.74428621627049	0.265737356176389	1.20550527977142	2.22193278897236
2.10870393984515	0.199250792383081	1.71817238677431	2.49923549291599	2.04997149336457	0.1956062176784	1.6665833067149	2.43335968001423	2.04997149336457	0.199250792383081	1.66187433540517	2.45284881277856
2.27211226910457	0.193872819311851	1.89212154325334	2.6521029949558	2.17731457916346	0.195090437016845	1.79493732261045	2.55969183571648	2.17731457916346	0.193872819311851	1.78565991148509	2.52572967294271
2.09424244403512	0.205268250284801	1.69191667347691	2.49656821459333	2.03283615507406	0.184432753587333	1.67134795804289	2.39432435210523	2.03283615507406	0.205268250284801	1.59562293202587	2.40969953697301
2.4052940813187	0.186389175175037	2.03997129797563	2.77061686466177	2.25833157463354	0.167861240772679	1.92932354271909	2.58733960654799	2.25833157463354	0.186389175175037	1.88914367978971	2.62591945962845
2.53549183318319	0.196422813824753	2.15050311808667	2.9204805482797	2.34856960189823	0.176752632588236	2.00213444202528	2.69500476177117	2.34856960189823	0.196422813824753	1.98686100867837	2.73011144552833
1.95630368824763	0.200362718456059	1.56359276007375	2.3490146164215	2.00523682436643	0.202150554220377	1.60902173809449	2.40145191063837	2.00523682436643	0.200362718456059	1.62604280300191	2.37648029920462
2.46605062991983	0.175989432674008	2.12111134187877	2.81098991796088	2.34595507068312	0.172330554146115	2.00818718455674	2.68372295680951	2.34595507068312	0.175989432674008	1.99632816823097	2.68137410491071
2.02765906827348	0.232042521089242	1.57285572693857	2.4824624096084	1.93019194244363	0.219291581310982	1.5003804430741	2.36000344181315	1.93019194244363	0.232042521089242	1.49562676632231	2.3906716662917
2.07848586822047	0.210102136107455	1.66668568144986	2.49028605499108	1.98481564210887	0.195022083076364	1.60257235927919	2.36705892493854	1.98481564210887	0.210102136107455	1.52827878151838	2.35505855102173
2.40359429407738	0.181365540864908	2.04811783398216	2.7590707541726	2.3434443732638	0.185563292341332	1.97974032027479	2.70714842625281	2.3434443732638	0.181365540864908	1.96766440134501	2.6844788665658
2.25804133534973	0.245295719609149	1.7772617249158	2.73882094578367	2.18916757427134	0.229525469295207	1.73929765445273	2.63903749408994	2.18916757427134	0.245295719609149	1.73019849605394	2.66943715620087
2.34834743856029	0.188328975379192	1.97922264681707	2.7174722303035	2.22001968186468	0.18375077028778	1.85986817210064	2.58017119162873	2.22001968186468	0.188328975379192	1.82124891415687	2.56513881982545
2.25963520001094	0.192340406402822	1.88264800346141	2.63662239656047	2.18305023998589	0.185437211751364	1.81959330495321	2.54650717501856	2.18305023998589	0.192340406402822	1.79034770492659	2.53351362186349
2.15117847815767	0.202215258305434	1.75483657187902	2.54752038443632	2.18061024321841	0.200781191754216	1.78707910738015	2.57414137905668	2.18061024321841	0.202215258305434	1.80613613362415	2.57874337638972
2.07017647686135	0.205460744477894	1.66747341768467	2.47287953603802	1.97451759528413	0.17938310466443	1.62292671014185	2.32610848042641	1.97451759528413	0.205460744477894	1.58068510037103	2.38720732304671
2.2550472347518	0.188578376998162	1.8854336158354	2.62466085366819	2.17700299432445	0.187817965223437	1.80887978248652	2.54512620616239	2.17700299432445	0.188578376998162	1.80322548832471	2.56142414331828
2.10652918143942	0.200928887158469	1.71270856260882	2.50034980027002	2.03749752701684	0.197366470256502	1.65065924531409	2.42433580871958	2.03749752701684	0.200928887158469	1.62785885758361	2.40224052183082
2.05737910374449	0.254140499002673	1.55926372569925	2.55549448178973	1.77847365509887	0.234009265974966	1.31981549378794	2.23713181640981	1.77847365509887	0.254140499002673	1.28672653684485	2.27840754393571
2.18200010857381	0.288340693912653	1.61685234850501	2.74714786864261	1.88733694423736	0.259698612843455	1.37832766306418	2.39634622541053	1.88733694423736	0.288340693912653	1.28549968722218	2.37608069950789
2.00714213752065	0.244580079695129	1.52776518131819	2.4865190937231	1.87444464770167	0.227026869989118	1.429471982523	2.31941731288034	1.87444464770167	0.244580079695129	1.43909667819295	2.37879972931408
1.80634597691448	0.178543195541846	1.45640131365246	2.15629064017649	1.86869751064242	0.180412122550442	1.51508975044356	2.22230527084129	1.86869751064242	0.178543195541846	1.53924095240802	2.22723481144005
2.00822825693391	0.147574121096022	1.71898297958571	2.29747353428212	2.02143364046711	0.141694472329315	1.74371247470165	2.29915480623256	2.02143364046711	0.147574121096022	1.73374706774654	2.32016546537828
2.41552083989608	0.159093991481634	2.10369661659208	2.72734506320009	2.3449740122998	0.154228391552448	2.042686364857	2.64726165974259	2.3449740122998	0.159093991481634	2.03835337439275	2.64428413887731
1.85924887222498	0.26114393512751	1.34740675937506	2.3710909850749	1.73745658552066	0.229146143258068	1.28833014473485	2.18658302630648	1.73745658552066	0.26114393512751	1.25471107769431	2.2167457402247
1.84264610108886	0.184743741053681	1.48054836862364	2.20474383355407	1.73336735076622	0.179214157772111	1.38210760153288	2.08462709999955	1.73336735076622	0.184743741053681	1.3559035763833	2.09390233401973
1.82269430683657	0.239813567754739	1.35265971403728	2.29272889963586	1.97905659498235	0.217369251660665	1.55301286172745	2.40510032823726	1.97905659498235	0.239813567754739	1.49322026994686	2.40653668199002
2.27528313530863	0.194577255681422	1.89391171417305	2.65665455644422	2.258918290429	0.188184961609112	1.89007576567514	2.62776081518286	2.258918290429	0.194577255681422	1.85749574071764	2.61978598057734
2.39631277511199	0.212599133930156	1.97961847260888	2.8130070776151	2.22091709888387	0.188823642164043	1.85082276024234	2.59101143752539	2.22091709888387	0.212599133930156	1.77422444137856	2.59966968302488
1.83297124787972	0.220517213161432	1.40075751008331	2.26518498567613	1.77724895110152	0.213727762808297	1.35834253599726	2.19615536620578	1.77724895110152	0.220517213161432	1.336359781342	2.20967936566285
2.10484802837604	0.16695521913951	1.7776157988626	2.43208025788948	2.0622544293783	0.165167416421715	1.73852629319174	2.38598256556487	2.0622544293783	0.16695521913951	1.73768118068275	2.39068837334923
2.22695598074824	0.177246601835158	1.87955264115133	2.57435932034516	2.2288313560031	0.171999544387325	1.89171224900395	2.56595046300226	2.2288313560031	0.177246601835158	1.86908602269668	2.57733237440504
2.03111200379279	0.190370954282211	1.65798493339966	2.40423907418592	1.94754824743643	0.186701097953496	1.58161409544758	2.31348239942528	1.94754824743643	0.190370954282211	1.54820593248342	2.28916876623212
2.36661386894365	0.166852172547351	2.03958361075084	2.69364412713646	2.29628984947474	0.158891906303683	1.98486171311952	2.60771798582996	2.29628984947474	0.166852172547351	1.96157750605178	2.62885929493438
2.29298781960389	0.223563228930256	1.85480389090058	2.73117174830719	2.0369086055694	0.199338043909386	1.646206039507	2.42761117163179	2.0369086055694	0.223563228930256	1.5918939016375	2.46878237224244
2.01665515244677	0.191149312522683	1.64200249990231	2.39130780499122	2.04309112911433	0.17942132818704	1.69142532586773	2.39475693236093	2.04309112911433	0.191149312522683	1.68312196208162	2.42015913260186
2.15438380125075	0.1980493962716	1.76620698455841	2.54256061794309	2.18485797540297	0.18924816003922	1.8139315817261	2.55578436907984	2.18485797540297	0.1980493962716	1.80351632466543	2.57611083227092
1.81422604679049	0.24034127466489	1.3431571484473	2.28529494513367	1.91734283422882	0.2173887678376	1.49126084926713	2.34342481919052	1.91734283422882	0.24034127466489	1.47622845601076	2.42312056970629
2.09160886851789	0.160448247962612	1.77713030251117	2.40608743452461	2.04060649536035	0.152265400233138	1.7421663109034	2.3390466798173	2.04060649536035	0.160448247962612	1.71138170740767	2.34516753071551
1.9755183391416	0.176399778379193	1.62977477351838	2.32126190476482	1.99279724797999	0.179748143531913	1.64049088665744	2.34510360930254	1.99279724797999	0.176399778379193	1.65820047391075	2.3448048296099
1.92000748839921	0.18857794847332	1.5503947093915	2.28962026740692	1.92588183540948	0.17394325740373	1.58495305089817	2.26681061992079	1.92588183540948	0.18857794847332	1.58720137086196	2.29576345121088
2.16312679537788	0.186374441127984	1.79783289076703	2.52842069998872	2.22732728881362	0.184719905168767	1.86527627468284	2.58937830294441	2.22732728881362	0.186374441127984	1.85626734866915	2.57138811032144
2.05665386342904	0.176988376674409	1.7097566451472	2.40355108171088	2.02094350415402	0.172629241686522	1.68259019044844	2.35929681785961	2.02094350415402	0.176988376674409	1.66019184066645	2.34838488120972
2.01805112407093	0.163265430085823	1.69805088110272	2.33805136703915	1.97711034642616	0.160985121597241	1.66157950809557	2.29264118475676	1.97711034642616	0.163265430085823	1.64236070175518	2.28135851889167
2.16126122236676	0.190218059028275	1.78843382667134	2.53408861806218	2.01231531520597	0.169386791479702	1.68031720390576	2.34431342650619	2.01231531520597	0.190218059028275	1.65773711261079	2.37722452968247
2.01011969077698	0.220153821344293	1.57861820094216	2.44162118061179	2.0549211114646	0.214386768928615	1.63472304436452	2.47511917856469	2.0549211114646	0.220153821344293	1.54871685190482	2.4241033427243
2.08712337960471	0.16663276930412	1.76052315176863	2.41372360744079	2.0040981731488	0.162305174347084	1.68598003142851	2.32221631486909	2.0040981731488	0.16663276930412	1.66414671685331	2.31161078426518
2.34731810212171	0.197565437258318	1.96008984509541	2.73454635914801	2.19404185758598	0.193168217523326	1.81543215124026	2.5726515639317	2.19404185758598	0.197565437258318	1.79238316180054	2.56180406326623
2.0055452822964	0.190256718632497	1.63264211377671	2.37844845081609	2.00244951945113	0.179550376335576	1.6505307818334	2.35436825706886	2.00244951945113	0.190256718632497	1.63746118272707	2.39718196489326
1.82404817928994	0.185362040909491	1.46073857910734	2.18735777947254	1.82634979841944	0.175934046592018	1.48151906709909	2.1711805297398	1.82634979841944	0.185362040909491	1.47136065814938	2.16743976468946
2.01375658624822	0.284124240077578	1.45687307569617	2.57064009680027	1.80205009933232	0.257897155881953	1.29657167380369	2.30752852486095	1.80205009933232	0.284124240077578	1.22286999125506	2.29487548747736
2.41907702047281	0.220077226749206	1.98772565604437	2.85042838490126	2.24962202297608	0.206850127979722	1.84419577213582	2.65504827381633	2.24962202297608	0.220077226749206	1.77645893283499	2.62490968523448
2.08684578499511	0.19879839227122	1.69720093614352	2.4764906338467	2.0449141315391	0.179764993288127	1.69257474469438	2.39725351838383	2.0449141315391	0.19879839227122	1.65870206819187	2.44739505803891
2.30590387779874	0.167813720851906	1.976988984929	2.63481877066847	2.25544221650995	0.161924203190787	1.938070778256	2.57281365476389	2.25544221650995	0.167813720851906	1.91045202281775	2.55086940322619
2.07162963770934	0.227556429392407	1.62561903610023	2.51764023931846	1.84642596872917	0.212219182608762	1.43047637081599	2.26237556664234	1.84642596872917	0.227556429392407	1.38285444128345	2.26194536195385
2.23264312255527	0.178461599461404	1.88285838761092	2.58242785749962	2.11249903662774	0.179536990390431	1.76060653546249	2.46439153779298	2.11249903662774	0.178461599461404	1.76581256638926	2.4658410945195
2.07863542468224	0.191019966425316	1.70423629048862	2.45303455887586	1.90890067800012	0.186449404966105	1.54345984426655	2.27434151173368	1.90890067800012	0.191019966425316	1.55206682196021	2.29826673771989
2.15082010643553	0.193700263058331	1.7711675908412	2.53047262202986	2.01290737589368	0.189395006581281	1.64169316299437	2.38412158879299	2.01290737589368	0.193700263058331	1.6140867627332	2.35913422766068
1.92672056298469	0.191555928913238	1.55127094231474	2.30217018365463	1.96161553307999	0.184820949848653	1.59936647137663	2.32386459478335	1.96161553307999	0.191555928913238	1.57750845793935	2.34116026916981
1.82356732524189	0.22777175246061	1.37713469041909	2.26999996006468	1.89197833600804	0.212201490212638	1.47606341519127	2.30789325682481	1.89197833600804	0.22777175246061	1.46094919725083	2.35513725149407
2.24219688233913	0.197749497196897	1.85460786783321	2.62978589684505	2.11978229859164	0.188946853459664	1.7494464658107	2.49011813137258	2.11978229859164	0.197749497196897	1.69677097852204	2.47156094837131
2.29952650959446	0.253203263099087	1.80324811392025	2.79580490526867	2.07498834554443	0.236763396253584	1.61093208888741	2.53904460220146	2.07498834554443	0.253203263099087	1.55402288234883	2.52962196425106
2.05249927158702	0.178655854031401	1.70233379768548	2.40266474548857	2.14330820463783	0.161879396937413	1.8260245866405	2.46059182263516	2.14330820463783	0.178655854031401	1.81926138011289	2.50298185834383
2.20592302619585	0.194889254856282	1.82394008667754	2.58790596571416	2.09571050840134	0.186164210191411	1.73082865642618	2.46059236037651	2.09571050840134	0.194889254856282	1.71016092008007	2.44960831660614
1.92635763369098	0.213261422416131	1.50836524575536	2.34435002162659	1.98134659121479	0.188508340472705	1.61187024388829	2.35082293854129	1.98134659121479	0.213261422416131	1.57409038719631	2.40347706488429
2.22176639504467	0.1679846945109	1.89251639380331	2.55101639628604	2.06293287583669	0.160215358282838	1.74891077360233	2.37695497807105	2.06293287583669	0.1679846945109	1.71444654791647	2.37030822251144
2.16234660730074	0.22910934663685	1.71329228789251	2.61140092670896	2.04887388052436	0.202710141912124	1.6515620023766	2.44618575867212	2.04887388052436	0.22910934663685	1.63917772727665	2.52538061641001
2.134172029109	0.25918643819324	1.62616661025025	2.64217744796775	2.08566282475853	0.242752595822712	1.60986773694602	2.56145791257105	2.08566282475853	0.25918643819324	1.59626995047551	2.60290795349384
2.16388202630344	0.202801757811085	1.76639058099371	2.56137347161316	2.1253870358907	0.196207172233225	1.74082097831357	2.50995309346782	2.1253870358907	0.202801757811085	1.69259713081432	2.50861267934621
2.2447863764021	0.213700864176534	1.8259326826161	2.66364007018811	2.18493619174097	0.193379452742128	1.8059124643664	2.56395991911554	2.18493619174097	0.213700864176534	1.73566547550131	2.58185900474407
2.22998446018598	0.207140084048077	1.82398989545175	2.63597902492021	1.99233403276684	0.192365408124544	1.61529783284274	2.36937023269095	1.99233403276684	0.207140084048077	1.59945480814131	2.36397338022029
2.44356735341543	0.225948932476347	2.00070744576179	2.88642726106907	2.28971372970199	0.20968656210414	1.87872806797787	2.7006993914261	2.28971372970199	0.225948932476347	1.83154692302563	2.67543810400151
2.06320812795256	0.231489764146118	1.60948819022617	2.51692806567895	2.03040431077279	0.220179418142113	1.59885265121425	2.46195597033133	2.03040431077279	0.231489764146118	1.55475796382941	2.46648315661505
2.2132764810651	0.156300136723151	1.90692821308773	2.51962474904248	2.19438819974445	0.162500809960282	1.8758866122223	2.51288978726661	2.19438819974445	0.156300136723151	1.882630686537	2.47861721555197
NA	NA	NA	NA	NA	NA	NA	NA	NA	NA	NA	NA
NA	NA	NA	NA	NA	NA	NA	NA	NA	NA	NA	NA
NA	NA	NA	NA	NA	NA	NA	NA	NA	NA	NA	NA
NA	NA	NA	NA	NA	NA	NA	NA	NA	NA	NA	NA
NA	NA	NA	NA	NA	NA	NA	NA	NA	NA	NA	NA
NA	NA	NA	NA	NA	NA	NA	NA	NA	NA	NA	NA
NA	NA	NA	NA	NA	NA	NA	NA	NA	NA	NA	NA
NA	NA	NA	NA	NA	NA	NA	NA	NA	NA	NA	NA
NA	NA	NA	NA	NA	NA	NA	NA	NA	NA	NA	NA
NA	NA	NA	NA	NA	NA	NA	NA	NA	NA	NA	NA
NA	NA	NA	NA	NA	NA	NA	NA	NA	NA	NA	NA
NA	NA	NA	NA	NA	NA	NA	NA	NA	NA	NA	NA
NA	NA	NA	NA	NA	NA	NA	NA	NA	NA	NA	NA
NA	NA	NA	NA	NA	NA	NA	NA	NA	NA	NA	NA
NA	NA	NA	NA	NA	NA	NA	NA	NA	NA	NA	NA
NA	NA	NA	NA	NA	NA	NA	NA	NA	NA	NA	NA
NA	NA	NA	NA	NA	NA	NA	NA	NA	NA	NA	NA
NA	NA	NA	NA	NA	NA	NA	NA	NA	NA	NA	NA
NA	NA	NA	NA	NA	NA	NA	NA	NA	NA	NA	NA
NA	NA	NA	NA	NA	NA	NA	NA	NA	NA	NA	NA
NA	NA	NA	NA	NA	NA	NA	NA	NA	NA	NA	NA
NA	NA	NA	NA	NA	NA	NA	NA	NA	NA	NA	NA
NA	NA	NA	NA	NA	NA	NA	NA	NA	NA	NA	NA
NA	NA	NA	NA	NA	NA	NA	NA	NA	NA	NA	NA
NA	NA	NA	NA	NA	NA	NA	NA	NA	NA	NA	NA
NA	NA	NA	NA	NA	NA	NA	NA	NA	NA	NA	NA
NA	NA	NA	NA	NA	NA	NA	NA	NA	NA	NA	NA
NA	NA	NA	NA	NA	NA	NA	NA	NA	NA	NA	NA
NA	NA	NA	NA	NA	NA	NA	NA	NA	NA	NA	NA
NA	NA	NA	NA	NA	NA	NA	NA	NA	NA	NA	NA
NA	NA	NA	NA	NA	NA	NA	NA	NA	NA	NA	NA
NA	NA	NA	NA	NA	NA	NA	NA	NA	NA	NA	NA
NA	NA	NA	NA	NA	NA	NA	NA	NA	NA	NA	NA
NA	NA	NA	NA	NA	NA	NA	NA	NA	NA	NA	NA
NA	NA	NA	NA	NA	NA	NA	NA	NA	NA	NA	NA
NA	NA	NA	NA	NA	NA	NA	NA	NA	NA	NA	NA
NA	NA	NA	NA	NA	NA	NA	NA	NA	NA	NA	NA
NA	NA	NA	NA	NA	NA	NA	NA	NA	NA	NA	NA
NA	NA	NA	NA	NA	NA	NA	NA	NA	NA	NA	NA
NA	NA	NA	NA	NA	NA	NA	NA	NA	NA	NA	NA
NA	NA	NA	NA	NA	NA	NA	NA	NA	NA	NA	NA
NA	NA	NA	NA	NA	NA	NA	NA	NA	NA	NA	NA
NA	NA	NA	NA	NA	NA	NA	NA	NA	NA	NA	NA
NA	NA	NA	NA	NA	NA	NA	NA	NA	NA	NA	NA
NA	NA	NA	NA	NA	NA	NA	NA	NA	NA	NA	NA
NA	NA	NA	NA	NA	NA	NA	NA	NA	NA	NA	NA
NA	NA	NA	NA	NA	NA	NA	NA	NA	NA	NA	NA
NA	NA	NA	NA	NA	NA	NA	NA	NA	NA	NA	NA
NA	NA	NA	NA	NA	NA	NA	NA	NA	NA	NA	NA
NA	NA	NA	NA	NA	NA	NA	NA	NA	NA	NA	NA
NA	NA	NA	NA	NA	NA	NA	NA	NA	NA	NA	NA
NA	NA	NA	NA	NA	NA	NA	NA	NA	NA	NA	NA
NA	NA	NA	NA	NA	NA	NA	NA	NA	NA	NA	NA
NA	NA	NA	NA	NA	NA	NA	NA	NA	NA	NA	NA
NA	NA	NA	NA	NA	NA	NA	NA	NA	NA	NA	NA
NA	NA	NA	NA	NA	NA	NA	NA	NA	NA	NA	NA
NA	NA	NA	NA	NA	NA	NA	NA	NA	NA	NA	NA
NA	NA	NA	NA	NA	NA	NA	NA	NA	NA	NA	NA
NA	NA	NA	NA	NA	NA	NA	NA	NA	NA	NA	NA
NA	NA	NA	NA	NA	NA	NA	NA	NA	NA	NA	NA
NA	NA	NA	NA	NA	NA	NA	NA	NA	NA	NA	NA
NA	NA	NA	NA	NA	NA	NA	NA	NA	NA	NA	NA
NA	NA	NA	NA	NA	NA	NA	NA	NA	NA	NA	NA
NA	NA	NA	NA	NA	NA	NA	NA	NA	NA	NA	NA
NA	NA	NA	NA	NA	NA	NA	NA	NA	NA	NA	NA
NA	NA	NA	NA	NA	NA	NA	NA	NA	NA	NA	NA
NA	NA	NA	NA	NA	NA	NA	NA	NA	NA	NA	NA
NA	NA	NA	NA	NA	NA	NA	NA	NA	NA	NA	NA
NA	NA	NA	NA	NA	NA	NA	NA	NA	NA	NA	NA
NA	NA	NA	NA	NA	NA	NA	NA	NA	NA	NA	NA
NA	NA	NA	NA	NA	NA	NA	NA	NA	NA	NA	NA
NA	NA	NA	NA	NA	NA	NA	NA	NA	NA	NA	NA
NA	NA	NA	NA	NA	NA	NA	NA	NA	NA	NA	NA
NA	NA	NA	NA	NA	NA	NA	NA	NA	NA	NA	NA
NA	NA	NA	NA	NA	NA	NA	NA	NA	NA	NA	NA
NA	NA	NA	NA	NA	NA	NA	NA	NA	NA	NA	NA
NA	NA	NA	NA	NA	NA	NA	NA	NA	NA	NA	NA
NA	NA	NA	NA	NA	NA	NA	NA	NA	NA	NA	NA
NA	NA	NA	NA	NA	NA	NA	NA	NA	NA	NA	NA
NA	NA	NA	NA	NA	NA	NA	NA	NA	NA	NA	NA
NA	NA	NA	NA	NA	NA	NA	NA	NA	NA	NA	NA
NA	NA	NA	NA	NA	NA	NA	NA	NA	NA	NA	NA
NA	NA	NA	NA	NA	NA	NA	NA	NA	NA	NA	NA
NA	NA	NA	NA	NA	NA	NA	NA	NA	NA	NA	NA
NA	NA	NA	NA	NA	NA	NA	NA	NA	NA	NA	NA
NA	NA	NA	NA	NA	NA	NA	NA	NA	NA	NA	NA
NA	NA	NA	NA	NA	NA	NA	NA	NA	NA	NA	NA
NA	NA	NA	NA	NA	NA	NA	NA	NA	NA	NA	NA
NA	NA	NA	NA	NA	NA	NA	NA	NA	NA	NA	NA
NA	NA	NA	NA	NA	NA	NA	NA	NA	NA	NA	NA
NA	NA	NA	NA	NA	NA	NA	NA	NA	NA	NA	NA
NA	NA	NA	NA	NA	NA	NA	NA	NA	NA	NA	NA
NA	NA	NA	NA	NA	NA	NA	NA	NA	NA	NA	NA
NA	NA	NA	NA	NA	NA	NA	NA	NA	NA	NA	NA
NA	NA	NA	NA	NA	NA	NA	NA	NA	NA	NA	NA
NA	NA	NA	NA	NA	NA	NA	NA	NA	NA	NA	NA
NA	NA	NA	NA	NA	NA	NA	NA	NA	NA	NA	NA
NA	NA	NA	NA	NA	NA	NA	NA	NA	NA	NA	NA
NA	NA	NA	NA	NA	NA	NA	NA	NA	NA	NA	NA
NA	NA	NA	NA	NA	NA	NA	NA	NA	NA	NA	NA
NA	NA	NA	NA	NA	NA	NA	NA	NA	NA	NA	NA
NA	NA	NA	NA	NA	NA	NA	NA	NA	NA	NA	NA
NA	NA	NA	NA	NA	NA	NA	NA	NA	NA	NA	NA
NA	NA	NA	NA	NA	NA	NA	NA	NA	NA	NA	NA
NA	NA	NA	NA	NA	NA	NA	NA	NA	NA	NA	NA
NA	NA	NA	NA	NA	NA	NA	NA	NA	NA	NA	NA
NA	NA	NA	NA	NA	NA	NA	NA	NA	NA	NA	NA
NA	NA	NA	NA	NA	NA	NA	NA	NA	NA	NA	NA
NA	NA	NA	NA	NA	NA	NA	NA	NA	NA	NA	NA
NA	NA	NA	NA	NA	NA	NA	NA	NA	NA	NA	NA
NA	NA	NA	NA	NA	NA	NA	NA	NA	NA	NA	NA
NA	NA	NA	NA	NA	NA	NA	NA	NA	NA	NA	NA
NA	NA	NA	NA	NA	NA	NA	NA	NA	NA	NA	NA
NA	NA	NA	NA	NA	NA	NA	NA	NA	NA	NA	NA
NA	NA	NA	NA	NA	NA	NA	NA	NA	NA	NA	NA
NA	NA	NA	NA	NA	NA	NA	NA	NA	NA	NA	NA
NA	NA	NA	NA	NA	NA	NA	NA	NA	NA	NA	NA
NA	NA	NA	NA	NA	NA	NA	NA	NA	NA	NA	NA
NA	NA	NA	NA	NA	NA	NA	NA	NA	NA	NA	NA
NA	NA	NA	NA	NA	NA	NA	NA	NA	NA	NA	NA
NA	NA	NA	NA	NA	NA	NA	NA	NA	NA	NA	NA
NA	NA	NA	NA	NA	NA	NA	NA	NA	NA	NA	NA
NA	NA	NA	NA	NA	NA	NA	NA	NA	NA	NA	NA
NA	NA	NA	NA	NA	NA	NA	NA	NA	NA	NA	NA
NA	NA	NA	NA	NA	NA	NA	NA	NA	NA	NA	NA
NA	NA	NA	NA	NA	NA	NA	NA	NA	NA	NA	NA
NA	NA	NA	NA	NA	NA	NA	NA	NA	NA	NA	NA
NA	NA	NA	NA	NA	NA	NA	NA	NA	NA	NA	NA
NA	NA	NA	NA	NA	NA	NA	NA	NA	NA	NA	NA
NA	NA	NA	NA	NA	NA	NA	NA	NA	NA	NA	NA
NA	NA	NA	NA	NA	NA	NA	NA	NA	NA	NA	NA
NA	NA	NA	NA	NA	NA	NA	NA	NA	NA	NA	NA
NA	NA	NA	NA	NA	NA	NA	NA	NA	NA	NA	NA
NA	NA	NA	NA	NA	NA	NA	NA	NA	NA	NA	NA
NA	NA	NA	NA	NA	NA	NA	NA	NA	NA	NA	NA
NA	NA	NA	NA	NA	NA	NA	NA	NA	NA	NA	NA
NA	NA	NA	NA	NA	NA	NA	NA	NA	NA	NA	NA
NA	NA	NA	NA	NA	NA	NA	NA	NA	NA	NA	NA
NA	NA	NA	NA	NA	NA	NA	NA	NA	NA	NA	NA
NA	NA	NA	NA	NA	NA	NA	NA	NA	NA	NA	NA
NA	NA	NA	NA	NA	NA	NA	NA	NA	NA	NA	NA
NA	NA	NA	NA	NA	NA	NA	NA	NA	NA	NA	NA
NA	NA	NA	NA	NA	NA	NA	NA	NA	NA	NA	NA
NA	NA	NA	NA	NA	NA	NA	NA	NA	NA	NA	NA
NA	NA	NA	NA	NA	NA	NA	NA	NA	NA	NA	NA
NA	NA	NA	NA	NA	NA	NA	NA	NA	NA	NA	NA
NA	NA	NA	NA	NA	NA	NA	NA	NA	NA	NA	NA
NA	NA	NA	NA	NA	NA	NA	NA	NA	NA	NA	NA
NA	NA	NA	NA	NA	NA	NA	NA	NA	NA	NA	NA
NA	NA	NA	NA	NA	NA	NA	NA	NA	NA	NA	NA
NA	NA	NA	NA	NA	NA	NA	NA	NA	NA	NA	NA
NA	NA	NA	NA	NA	NA	NA	NA	NA	NA	NA	NA
NA	NA	NA	NA	NA	NA	NA	NA	NA	NA	NA	NA
NA	NA	NA	NA	NA	NA	NA	NA	NA	NA	NA	NA
NA	NA	NA	NA	NA	NA	NA	NA	NA	NA	NA	NA
NA	NA	NA	NA	NA	NA	NA	NA	NA	NA	NA	NA
NA	NA	NA	NA	NA	NA	NA	NA	NA	NA	NA	NA
NA	NA	NA	NA	NA	NA	NA	NA	NA	NA	NA	NA
NA	NA	NA	NA	NA	NA	NA	NA	NA	NA	NA	NA
NA	NA	NA	NA	NA	NA	NA	NA	NA	NA	NA	NA
NA	NA	NA	NA	NA	NA	NA	NA	NA	NA	NA	NA
NA	NA	NA	NA	NA	NA	NA	NA	NA	NA	NA	NA
NA	NA	NA	NA	NA	NA	NA	NA	NA	NA	NA	NA
NA	NA	NA	NA	NA	NA	NA	NA	NA	NA	NA	NA
NA	NA	NA	NA	NA	NA	NA	NA	NA	NA	NA	NA
NA	NA	NA	NA	NA	NA	NA	NA	NA	NA	NA	NA
NA	NA	NA	NA	NA	NA	NA	NA	NA	NA	NA	NA
NA	NA	NA	NA	NA	NA	NA	NA	NA	NA	NA	NA
NA	NA	NA	NA	NA	NA	NA	NA	NA	NA	NA	NA
NA	NA	NA	NA	NA	NA	NA	NA	NA	NA	NA	NA
NA	NA	NA	NA	NA	NA	NA	NA	NA	NA	NA	NA
NA	NA	NA	NA	NA	NA	NA	NA	NA	NA	NA	NA
NA	NA	NA	NA	NA	NA	NA	NA	NA	NA	NA	NA
NA	NA	NA	NA	NA	NA	NA	NA	NA	NA	NA	NA
NA	NA	NA	NA	NA	NA	NA	NA	NA	NA	NA	NA
NA	NA	NA	NA	NA	NA	NA	NA	NA	NA	NA	NA
NA	NA	NA	NA	NA	NA	NA	NA	NA	NA	NA	NA
NA	NA	NA	NA	NA	NA	NA	NA	NA	NA	NA	NA
NA	NA	NA	NA	NA	NA	NA	NA	NA	NA	NA	NA
NA	NA	NA	NA	NA	NA	NA	NA	NA	NA	NA	NA
NA	NA	NA	NA	NA	NA	NA	NA	NA	NA	NA	NA
NA	NA	NA	NA	NA	NA	NA	NA	NA	NA	NA	NA
NA	NA	NA	NA	NA	NA	NA	NA	NA	NA	NA	NA
NA	NA	NA	NA	NA	NA	NA	NA	NA	NA	NA	NA
NA	NA	NA	NA	NA	NA	NA	NA	NA	NA	NA	NA
NA	NA	NA	NA	NA	NA	NA	NA	NA	NA	NA	NA
NA	NA	NA	NA	NA	NA	NA	NA	NA	NA	NA	NA
NA	NA	NA	NA	NA	NA	NA	NA	NA	NA	NA	NA
NA	NA	NA	NA	NA	NA	NA	NA	NA	NA	NA	NA
NA	NA	NA	NA	NA	NA	NA	NA	NA	NA	NA	NA
NA	NA	NA	NA	NA	NA	NA	NA	NA	NA	NA	NA
NA	NA	NA	NA	NA	NA	NA	NA	NA	NA	NA	NA
NA	NA	NA	NA	NA	NA	NA	NA	NA	NA	NA	NA
NA	NA	NA	NA	NA	NA	NA	NA	NA	NA	NA	NA
NA	NA	NA	NA	NA	NA	NA	NA	NA	NA	NA	NA
NA	NA	NA	NA	NA	NA	NA	NA	NA	NA	NA	NA
NA	NA	NA	NA	NA	NA	NA	NA	NA	NA	NA	NA
NA	NA	NA	NA	NA	NA	NA	NA	NA	NA	NA	NA
NA	NA	NA	NA	NA	NA	NA	NA	NA	NA	NA	NA
NA	NA	NA	NA	NA	NA	NA	NA	NA	NA	NA	NA
NA	NA	NA	NA	NA	NA	NA	NA	NA	NA	NA	NA
NA	NA	NA	NA	NA	NA	NA	NA	NA	NA	NA	NA
NA	NA	NA	NA	NA	NA	NA	NA	NA	NA	NA	NA
NA	NA	NA	NA	NA	NA	NA	NA	NA	NA	NA	NA
NA	NA	NA	NA	NA	NA	NA	NA	NA	NA	NA	NA
NA	NA	NA	NA	NA	NA	NA	NA	NA	NA	NA	NA
NA	NA	NA	NA	NA	NA	NA	NA	NA	NA	NA	NA
NA	NA	NA	NA	NA	NA	NA	NA	NA	NA	NA	NA
NA	NA	NA	NA	NA	NA	NA	NA	NA	NA	NA	NA
NA	NA	NA	NA	NA	NA	NA	NA	NA	NA	NA	NA
NA	NA	NA	NA	NA	NA	NA	NA	NA	NA	NA	NA
NA	NA	NA	NA	NA	NA	NA	NA	NA	NA	NA	NA
NA	NA	NA	NA	NA	NA	NA	NA	NA	NA	NA	NA
NA	NA	NA	NA	NA	NA	NA	NA	NA	NA	NA	NA
NA	NA	NA	NA	NA	NA	NA	NA	NA	NA	NA	NA
NA	NA	NA	NA	NA	NA	NA	NA	NA	NA	NA	NA
NA	NA	NA	NA	NA	NA	NA	NA	NA	NA	NA	NA
NA	NA	NA	NA	NA	NA	NA	NA	NA	NA	NA	NA
NA	NA	NA	NA	NA	NA	NA	NA	NA	NA	NA	NA
NA	NA	NA	NA	NA	NA	NA	NA	NA	NA	NA	NA
NA	NA	NA	NA	NA	NA	NA	NA	NA	NA	NA	NA
NA	NA	NA	NA	NA	NA	NA	NA	NA	NA	NA	NA
NA	NA	NA	NA	NA	NA	NA	NA	NA	NA	NA	NA
NA	NA	NA	NA	NA	NA	NA	NA	NA	NA	NA	NA
NA	NA	NA	NA	NA	NA	NA	NA	NA	NA	NA	NA
NA	NA	NA	NA	NA	NA	NA	NA	NA	NA	NA	NA
NA	NA	NA	NA	NA	NA	NA	NA	NA	NA	NA	NA
NA	NA	NA	NA	NA	NA	NA	NA	NA	NA	NA	NA
NA	NA	NA	NA	NA	NA	NA	NA	NA	NA	NA	NA
NA	NA	NA	NA	NA	NA	NA	NA	NA	NA	NA	NA
NA	NA	NA	NA	NA	NA	NA	NA	NA	NA	NA	NA
NA	NA	NA	NA	NA	NA	NA	NA	NA	NA	NA	NA
NA	NA	NA	NA	NA	NA	NA	NA	NA	NA	NA	NA
NA	NA	NA	NA	NA	NA	NA	NA	NA	NA	NA	NA
NA	NA	NA	NA	NA	NA	NA	NA	NA	NA	NA	NA
NA	NA	NA	NA	NA	NA	NA	NA	NA	NA	NA	NA
NA	NA	NA	NA	NA	NA	NA	NA	NA	NA	NA	NA
NA	NA	NA	NA	NA	NA	NA	NA	NA	NA	NA	NA
NA	NA	NA	NA	NA	NA	NA	NA	NA	NA	NA	NA
NA	NA	NA	NA	NA	NA	NA	NA	NA	NA	NA	NA
NA	NA	NA	NA	NA	NA	NA	NA	NA	NA	NA	NA
NA	NA	NA	NA	NA	NA	NA	NA	NA	NA	NA	NA
NA	NA	NA	NA	NA	NA	NA	NA	NA	NA	NA	NA
NA	NA	NA	NA	NA	NA	NA	NA	NA	NA	NA	NA
NA	NA	NA	NA	NA	NA	NA	NA	NA	NA	NA	NA
NA	NA	NA	NA	NA	NA	NA	NA	NA	NA	NA	NA
NA	NA	NA	NA	NA	NA	NA	NA	NA	NA	NA	NA
NA	NA	NA	NA	NA	NA	NA	NA	NA	NA	NA	NA
NA	NA	NA	NA	NA	NA	NA	NA	NA	NA	NA	NA
NA	NA	NA	NA	NA	NA	NA	NA	NA	NA	NA	NA
NA	NA	NA	NA	NA	NA	NA	NA	NA	NA	NA	NA
NA	NA	NA	NA	NA	NA	NA	NA	NA	NA	NA	NA
NA	NA	NA	NA	NA	NA	NA	NA	NA	NA	NA	NA
NA	NA	NA	NA	NA	NA	NA	NA	NA	NA	NA	NA
NA	NA	NA	NA	NA	NA	NA	NA	NA	NA	NA	NA
NA	NA	NA	NA	NA	NA	NA	NA	NA	NA	NA	NA
NA	NA	NA	NA	NA	NA	NA	NA	NA	NA	NA	NA
NA	NA	NA	NA	NA	NA	NA	NA	NA	NA	NA	NA
NA	NA	NA	NA	NA	NA	NA	NA	NA	NA	NA	NA
NA	NA	NA	NA	NA	NA	NA	NA	NA	NA	NA	NA
NA	NA	NA	NA	NA	NA	NA	NA	NA	NA	NA	NA
NA	NA	NA	NA	NA	NA	NA	NA	NA	NA	NA	NA
NA	NA	NA	NA	NA	NA	NA	NA	NA	NA	NA	NA
NA	NA	NA	NA	NA	NA	NA	NA	NA	NA	NA	NA
NA	NA	NA	NA	NA	NA	NA	NA	NA	NA	NA	NA
NA	NA	NA	NA	NA	NA	NA	NA	NA	NA	NA	NA
NA	NA	NA	NA	NA	NA	NA	NA	NA	NA	NA	NA
NA	NA	NA	NA	NA	NA	NA	NA	NA	NA	NA	NA
NA	NA	NA	NA	NA	NA	NA	NA	NA	NA	NA	NA
NA	NA	NA	NA	NA	NA	NA	NA	NA	NA	NA	NA
NA	NA	NA	NA	NA	NA	NA	NA	NA	NA	NA	NA
NA	NA	NA	NA	NA	NA	NA	NA	NA	NA	NA	NA
NA	NA	NA	NA	NA	NA	NA	NA	NA	NA	NA	NA
NA	NA	NA	NA	NA	NA	NA	NA	NA	NA	NA	NA
NA	NA	NA	NA	NA	NA	NA	NA	NA	NA	NA	NA
NA	NA	NA	NA	NA	NA	NA	NA	NA	NA	NA	NA
NA	NA	NA	NA	NA	NA	NA	NA	NA	NA	NA	NA
NA	NA	NA	NA	NA	NA	NA	NA	NA	NA	NA	NA
NA	NA	NA	NA	NA	NA	NA	NA	NA	NA	NA	NA
NA	NA	NA	NA	NA	NA	NA	NA	NA	NA	NA	NA
NA	NA	NA	NA	NA	NA	NA	NA	NA	NA	NA	NA
NA	NA	NA	NA	NA	NA	NA	NA	NA	NA	NA	NA
NA	NA	NA	NA	NA	NA	NA	NA	NA	NA	NA	NA
NA	NA	NA	NA	NA	NA	NA	NA	NA	NA	NA	NA
NA	NA	NA	NA	NA	NA	NA	NA	NA	NA	NA	NA
NA	NA	NA	NA	NA	NA	NA	NA	NA	NA	NA	NA
NA	NA	NA	NA	NA	NA	NA	NA	NA	NA	NA	NA
NA	NA	NA	NA	NA	NA	NA	NA	NA	NA	NA	NA
NA	NA	NA	NA	NA	NA	NA	NA	NA	NA	NA	NA
NA	NA	NA	NA	NA	NA	NA	NA	NA	NA	NA	NA
NA	NA	NA	NA	NA	NA	NA	NA	NA	NA	NA	NA
NA	NA	NA	NA	NA	NA	NA	NA	NA	NA	NA	NA
NA	NA	NA	NA	NA	NA	NA	NA	NA	NA	NA	NA
NA	NA	NA	NA	NA	NA	NA	NA	NA	NA	NA	NA
NA	NA	NA	NA	NA	NA	NA	NA	NA	NA	NA	NA
NA	NA	NA	NA	NA	NA	NA	NA	NA	NA	NA	NA
NA	NA	NA	NA	NA	NA	NA	NA	NA	NA	NA	NA
NA	NA	NA	NA	NA	NA	NA	NA	NA	NA	NA	NA
NA	NA	NA	NA	NA	NA	NA	NA	NA	NA	NA	NA
NA	NA	NA	NA	NA	NA	NA	NA	NA	NA	NA	NA
