X1	X2	X3	X4	X1.1	X2.1	X3.1	X4.1	X1.2	X2.2	X3.2	X4.2
NA	NA	NA	NA	NA	NA	NA	NA	NA	NA	NA	NA
NA	NA	NA	NA	NA	NA	NA	NA	NA	NA	NA	NA
NA	NA	NA	NA	NA	NA	NA	NA	NA	NA	NA	NA
NA	NA	NA	NA	NA	NA	NA	NA	NA	NA	NA	NA
NA	NA	NA	NA	NA	NA	NA	NA	NA	NA	NA	NA
NA	NA	NA	NA	NA	NA	NA	NA	NA	NA	NA	NA
NA	NA	NA	NA	NA	NA	NA	NA	NA	NA	NA	NA
NA	NA	NA	NA	NA	NA	NA	NA	NA	NA	NA	NA
NA	NA	NA	NA	NA	NA	NA	NA	NA	NA	NA	NA
NA	NA	NA	NA	NA	NA	NA	NA	NA	NA	NA	NA
NA	NA	NA	NA	NA	NA	NA	NA	NA	NA	NA	NA
NA	NA	NA	NA	NA	NA	NA	NA	NA	NA	NA	NA
NA	NA	NA	NA	NA	NA	NA	NA	NA	NA	NA	NA
NA	NA	NA	NA	NA	NA	NA	NA	NA	NA	NA	NA
NA	NA	NA	NA	NA	NA	NA	NA	NA	NA	NA	NA
NA	NA	NA	NA	NA	NA	NA	NA	NA	NA	NA	NA
NA	NA	NA	NA	NA	NA	NA	NA	NA	NA	NA	NA
NA	NA	NA	NA	NA	NA	NA	NA	NA	NA	NA	NA
NA	NA	NA	NA	NA	NA	NA	NA	NA	NA	NA	NA
NA	NA	NA	NA	NA	NA	NA	NA	NA	NA	NA	NA
NA	NA	NA	NA	NA	NA	NA	NA	NA	NA	NA	NA
NA	NA	NA	NA	NA	NA	NA	NA	NA	NA	NA	NA
NA	NA	NA	NA	NA	NA	NA	NA	NA	NA	NA	NA
NA	NA	NA	NA	NA	NA	NA	NA	NA	NA	NA	NA
NA	NA	NA	NA	NA	NA	NA	NA	NA	NA	NA	NA
NA	NA	NA	NA	NA	NA	NA	NA	NA	NA	NA	NA
NA	NA	NA	NA	NA	NA	NA	NA	NA	NA	NA	NA
NA	NA	NA	NA	NA	NA	NA	NA	NA	NA	NA	NA
NA	NA	NA	NA	NA	NA	NA	NA	NA	NA	NA	NA
NA	NA	NA	NA	NA	NA	NA	NA	NA	NA	NA	NA
NA	NA	NA	NA	NA	NA	NA	NA	NA	NA	NA	NA
NA	NA	NA	NA	NA	NA	NA	NA	NA	NA	NA	NA
NA	NA	NA	NA	NA	NA	NA	NA	NA	NA	NA	NA
NA	NA	NA	NA	NA	NA	NA	NA	NA	NA	NA	NA
NA	NA	NA	NA	NA	NA	NA	NA	NA	NA	NA	NA
NA	NA	NA	NA	NA	NA	NA	NA	NA	NA	NA	NA
NA	NA	NA	NA	NA	NA	NA	NA	NA	NA	NA	NA
NA	NA	NA	NA	NA	NA	NA	NA	NA	NA	NA	NA
NA	NA	NA	NA	NA	NA	NA	NA	NA	NA	NA	NA
NA	NA	NA	NA	NA	NA	NA	NA	NA	NA	NA	NA
NA	NA	NA	NA	NA	NA	NA	NA	NA	NA	NA	NA
NA	NA	NA	NA	NA	NA	NA	NA	NA	NA	NA	NA
NA	NA	NA	NA	NA	NA	NA	NA	NA	NA	NA	NA
NA	NA	NA	NA	NA	NA	NA	NA	NA	NA	NA	NA
NA	NA	NA	NA	NA	NA	NA	NA	NA	NA	NA	NA
NA	NA	NA	NA	NA	NA	NA	NA	NA	NA	NA	NA
NA	NA	NA	NA	NA	NA	NA	NA	NA	NA	NA	NA
NA	NA	NA	NA	NA	NA	NA	NA	NA	NA	NA	NA
NA	NA	NA	NA	NA	NA	NA	NA	NA	NA	NA	NA
NA	NA	NA	NA	NA	NA	NA	NA	NA	NA	NA	NA
NA	NA	NA	NA	NA	NA	NA	NA	NA	NA	NA	NA
NA	NA	NA	NA	NA	NA	NA	NA	NA	NA	NA	NA
NA	NA	NA	NA	NA	NA	NA	NA	NA	NA	NA	NA
NA	NA	NA	NA	NA	NA	NA	NA	NA	NA	NA	NA
NA	NA	NA	NA	NA	NA	NA	NA	NA	NA	NA	NA
NA	NA	NA	NA	NA	NA	NA	NA	NA	NA	NA	NA
NA	NA	NA	NA	NA	NA	NA	NA	NA	NA	NA	NA
NA	NA	NA	NA	NA	NA	NA	NA	NA	NA	NA	NA
NA	NA	NA	NA	NA	NA	NA	NA	NA	NA	NA	NA
NA	NA	NA	NA	NA	NA	NA	NA	NA	NA	NA	NA
NA	NA	NA	NA	NA	NA	NA	NA	NA	NA	NA	NA
NA	NA	NA	NA	NA	NA	NA	NA	NA	NA	NA	NA
NA	NA	NA	NA	NA	NA	NA	NA	NA	NA	NA	NA
NA	NA	NA	NA	NA	NA	NA	NA	NA	NA	NA	NA
NA	NA	NA	NA	NA	NA	NA	NA	NA	NA	NA	NA
NA	NA	NA	NA	NA	NA	NA	NA	NA	NA	NA	NA
NA	NA	NA	NA	NA	NA	NA	NA	NA	NA	NA	NA
NA	NA	NA	NA	NA	NA	NA	NA	NA	NA	NA	NA
NA	NA	NA	NA	NA	NA	NA	NA	NA	NA	NA	NA
NA	NA	NA	NA	NA	NA	NA	NA	NA	NA	NA	NA
NA	NA	NA	NA	NA	NA	NA	NA	NA	NA	NA	NA
NA	NA	NA	NA	NA	NA	NA	NA	NA	NA	NA	NA
NA	NA	NA	NA	NA	NA	NA	NA	NA	NA	NA	NA
NA	NA	NA	NA	NA	NA	NA	NA	NA	NA	NA	NA
NA	NA	NA	NA	NA	NA	NA	NA	NA	NA	NA	NA
NA	NA	NA	NA	NA	NA	NA	NA	NA	NA	NA	NA
NA	NA	NA	NA	NA	NA	NA	NA	NA	NA	NA	NA
NA	NA	NA	NA	NA	NA	NA	NA	NA	NA	NA	NA
NA	NA	NA	NA	NA	NA	NA	NA	NA	NA	NA	NA
NA	NA	NA	NA	NA	NA	NA	NA	NA	NA	NA	NA
NA	NA	NA	NA	NA	NA	NA	NA	NA	NA	NA	NA
NA	NA	NA	NA	NA	NA	NA	NA	NA	NA	NA	NA
NA	NA	NA	NA	NA	NA	NA	NA	NA	NA	NA	NA
NA	NA	NA	NA	NA	NA	NA	NA	NA	NA	NA	NA
NA	NA	NA	NA	NA	NA	NA	NA	NA	NA	NA	NA
NA	NA	NA	NA	NA	NA	NA	NA	NA	NA	NA	NA
NA	NA	NA	NA	NA	NA	NA	NA	NA	NA	NA	NA
NA	NA	NA	NA	NA	NA	NA	NA	NA	NA	NA	NA
NA	NA	NA	NA	NA	NA	NA	NA	NA	NA	NA	NA
NA	NA	NA	NA	NA	NA	NA	NA	NA	NA	NA	NA
NA	NA	NA	NA	NA	NA	NA	NA	NA	NA	NA	NA
NA	NA	NA	NA	NA	NA	NA	NA	NA	NA	NA	NA
NA	NA	NA	NA	NA	NA	NA	NA	NA	NA	NA	NA
NA	NA	NA	NA	NA	NA	NA	NA	NA	NA	NA	NA
NA	NA	NA	NA	NA	NA	NA	NA	NA	NA	NA	NA
NA	NA	NA	NA	NA	NA	NA	NA	NA	NA	NA	NA
NA	NA	NA	NA	NA	NA	NA	NA	NA	NA	NA	NA
NA	NA	NA	NA	NA	NA	NA	NA	NA	NA	NA	NA
NA	NA	NA	NA	NA	NA	NA	NA	NA	NA	NA	NA
NA	NA	NA	NA	NA	NA	NA	NA	NA	NA	NA	NA
2.13550872917258	0.243170769536414	1.65889402088121	2.61212343746395	2.14045782645332	0.189260194539119	1.76950784515664	2.51140780774999	2.14045782645332	0.243170769536414	1.62903330038741	2.59433762030373
2.04292291973017	0.176723662451119	1.69654454132597	2.38930129813436	2.03044043666096	0.17001104816117	1.69721878226507	2.36366209105685	2.03044043666096	0.176723662451119	1.65978913706942	2.34977266798334
1.85817910648095	0.205232695477215	1.45592302334561	2.2604351896163	1.85482436410077	0.168564373692922	1.52443819166264	2.1852105365389	1.85482436410077	0.205232695477215	1.40376805537603	2.21368590545546
1.7353701228726	0.246028501456545	1.25315426001778	2.21758598572743	1.76707922616014	0.204934822116269	1.36540697481225	2.16875147750803	1.76707922616014	0.246028501456545	1.29212336088419	2.24271966994665
1.8279110271716	0.240414178775814	1.356699236771	2.29912281757219	1.79837724748628	0.187796737940412	1.43029564112307	2.16645885384949	1.79837724748628	0.240414178775814	1.26372450913786	2.2918903484119
1.94151168536396	0.211804610408533	1.52637464896323	2.35664872176468	1.90317021935336	0.192488024593382	1.52589369115033	2.28044674755639	1.90317021935336	0.211804610408533	1.48400906608519	2.28872450436549
2.17490704797253	0.190207348278534	1.8021006453466	2.54771345059846	2.20208442699616	0.170111517670222	1.86866585236253	2.5355030016298	2.20208442699616	0.190207348278534	1.83245549234429	2.54490767269664
1.76036884466097	0.227958995452605	1.31356921357387	2.20716847574808	1.77445668493874	0.201339207185752	1.37983183885467	2.16908153102282	1.77445668493874	0.227958995452605	1.32576648799062	2.20034220645413
1.92309663818056	0.297754889968928	1.33949705384146	2.50669622251966	1.87936724634618	0.247208215198514	1.3948391445571	2.36389534813527	1.87936724634618	0.297754889968928	1.15161100473351	2.3397129256249
2.07356644018356	0.183497548304874	1.71391124550601	2.43322163486112	2.04413785830759	0.176373408741093	1.69844597717504	2.38982973944013	2.04413785830759	0.183497548304874	1.65723149890692	2.38901711842677
2.08511665609642	0.244342616017702	1.60620512870172	2.56402818349111	2.19105201135353	0.213202933510485	1.77317426167298	2.60892976103409	2.19105201135353	0.244342616017702	1.76505312732844	2.68280822982723
1.70096478001298	0.229841344529812	1.25047574473455	2.15145381529142	1.69643560029842	0.205883648229764	1.29290364976808	2.09996755082876	1.69643560029842	0.229841344529812	1.21550463592864	2.09448083367269
2.1574193843642	0.186676141619231	1.79153414679051	2.5233046219379	2.1085906541858	0.159323030641936	1.79631751412761	2.42086379424399	2.1085906541858	0.186676141619231	1.70744325975193	2.44476580607802
2.03948914350966	0.179315664649073	1.68803044079747	2.39094784622184	1.98949236309927	0.158878982957174	1.67808955650321	2.30089516969533	1.98949236309927	0.179315664649073	1.63278716325296	2.3239713173728
2.12707229604905	0.226146913890677	1.68382434482333	2.57032024727478	2.08812890679234	0.203282577975924	1.68969505395953	2.48656275962515	2.08812890679234	0.226146913890677	1.60963672018705	2.50470516043967
2.05491474192148	0.352832801157535	1.36336245165271	2.74646703219025	1.99309467187642	0.285711876115614	1.43309939468982	2.55308994906302	1.99309467187642	0.352832801157535	1.20837162368715	2.60059153050224
1.82574636012282	0.202866788580366	1.4281274545053	2.22336526574034	1.8417583495423	0.176511410501406	1.49579598495955	2.18772071412506	1.8417583495423	0.202866788580366	1.49167660445685	2.27945381818421
2.03923560204617	0.230084543358839	1.58826989706284	2.4902013070295	2.1228581885301	0.19580801127016	1.73907448644058	2.50664189061961	2.1228581885301	0.230084543358839	1.72252456612524	2.58887721950515
2.003054328334	0.182547590814673	1.64526105033724	2.36084760633076	2.05703074696095	0.160920534981225	1.74162649839774	2.37243499552415	2.05703074696095	0.182547590814673	1.71737640715424	2.44004618444603
1.82259855158426	0.175434329622869	1.47874726552344	2.16644983764508	1.82046134489762	0.168291281838003	1.49061043249513	2.1503122573001	1.82046134489762	0.175434329622869	1.46214151591616	2.16523403437141
2.24319537895064	0.200626680509532	1.84996708515196	2.63642367274932	2.28721642424917	0.175502504219848	1.94323151597827	2.63120133252007	2.28721642424917	0.200626680509532	1.92793997496292	2.69947745247634
1.93750379837134	0.170206965363589	1.60389814625871	2.27110945048398	1.91806413700551	0.141443468476653	1.64083493879127	2.19529333521975	1.91806413700551	0.170206965363589	1.58873624002642	2.27626789562324
2.02817327896495	0.190208387026112	1.65536484039377	2.40098171753613	2.09167328963442	0.160783777646915	1.77653708544647	2.40680949382237	2.09167328963442	0.190208387026112	1.74554178733837	2.4522471594891
1.79184635643389	0.19901808430576	1.40177091119461	2.18192180167318	1.76460950751184	0.169870109225699	1.43166409342947	2.09755492159421	1.76460950751184	0.19901808430576	1.36849822842081	2.14958949012014
2.02647028355213	0.217995834729061	1.59919844748317	2.45374211962109	2.05726943066367	0.199015913063453	1.6671982410593	2.44734062026804	2.05726943066367	0.217995834729061	1.60752101528633	2.50446314260769
1.94753580234877	0.239319738637766	1.47846911461875	2.41660249007879	1.91363624368748	0.193965203694527	1.5334644444462	2.29380804292875	1.91363624368748	0.239319738637766	1.44593064951304	2.38810801452855
1.85448483549177	0.244684782523264	1.37490266174617	2.33406700923737	1.91598619117502	0.213013218699284	1.49848028252442	2.33349209982562	1.91598619117502	0.244684782523264	1.43625803396314	2.36723657351757
1.88791530323521	0.221578458268237	1.45362152502947	2.32220908144096	1.87926078631915	0.192651565180832	1.50166371856471	2.25685785407358	1.87926078631915	0.221578458268237	1.42919328113531	2.27098593446968
2.03460575807227	0.187681897999978	1.66674923799232	2.40246227815223	2.06532047049681	0.1768171133351	1.71875892836001	2.41188201263361	2.06532047049681	0.187681897999978	1.66354214117471	2.42034528729021
1.44442389496958	0.45418460024069	0.554222078497824	2.33462571144133	1.94879422067864	0.298231698663766	1.36426009129766	2.53332835005962	1.94879422067864	0.45418460024069	0.62818944820448	2.5505917129236
2.10666935155537	0.230489274612638	1.6549103733146	2.55842832979614	2.08980215736914	0.185789961226614	1.72565383336498	2.45395048137331	2.08980215736914	0.230489274612638	1.60082889040995	2.56263641432201
2.25207747912607	0.21175746368798	1.83703285029763	2.66712210795451	2.31046139103681	0.186953349004112	1.94403282698875	2.67688995508487	2.31046139103681	0.21175746368798	1.90187851344186	2.73106560008284
1.98087912109017	0.248061819323606	1.4946779552159	2.46708028696443	1.93078782732571	0.202787308210613	1.53332470323291	2.32825095141851	1.93078782732571	0.248061819323606	1.39906933707232	2.34605389195794
2.13567240566833	0.189787854160849	1.76368821151307	2.50765659982359	2.11504686825286	0.150244009816639	1.82056860901225	2.40952512749347	2.11504686825286	0.189787854160849	1.72053388136177	2.43733155161547
2.11000446976798	0.226292245190253	1.66647166919509	2.55353727034088	2.07128820397249	0.18858868105044	1.70165438911363	2.44092201883136	2.07128820397249	0.226292245190253	1.67001975694765	2.57728109771082
1.99748890831552	0.238480543462177	1.53006704312965	2.46491077350138	2.07349728414301	0.206332112862288	1.66908634293293	2.4779082253531	2.07349728414301	0.238480543462177	1.65975938497663	2.57328484300029
2.08969994338526	0.186573492628383	1.72401589783363	2.4553839889369	2.11870812966591	0.16989997572725	1.7857041772405	2.45171208209132	2.11870812966591	0.186573492628383	1.75197694524538	2.49699703703787
2.18577864636943	0.233127610439139	1.72884852990872	2.64270876283014	2.12512957821455	0.206352445665369	1.72067878471043	2.52958037171867	2.12512957821455	0.233127610439139	1.65633559074609	2.57879467741347
1.95503129691287	0.203819725723312	1.55554463449517	2.35451795933056	1.89758624399813	0.187196543815746	1.53068101811926	2.26449146987699	1.89758624399813	0.203819725723312	1.46628838470219	2.28700227578554
1.98032277918868	0.269901415371737	1.45131600506008	2.50932955331729	1.93282370245453	0.202980815465791	1.53498130414158	2.33066610076748	1.93282370245453	0.269901415371737	1.29787852414478	2.33696408744794
2.09201153260305	0.211577821337923	1.67731900278072	2.50670406242538	2.20127986263154	0.186180285354697	1.83636650333633	2.56619322192675	2.20127986263154	0.211577821337923	1.78586747156752	2.57137637175084
1.84394009355331	0.192386788947417	1.46686198721637	2.22101819989025	1.94945235256794	0.167569621474259	1.62101589447839	2.27788881065749	1.94945235256794	0.192386788947417	1.61243858786063	2.35003337144331
2.05385789639825	0.216871319268609	1.62879011063178	2.47892568216473	2.06513774544002	0.17115923039255	1.72966565387062	2.40060983700942	2.06513774544002	0.216871319268609	1.57179364603654	2.45501004803119
2.1952806615184	0.279491310699589	1.6474776925472	2.74308363048959	2.19672066371297	0.216900182165597	1.7715963066684	2.62184502075754	2.19672066371297	0.279491310699589	1.46454863606807	2.68029905278685
1.93837181377071	0.176516689057317	1.59239910321837	2.28434452432305	1.95078732413198	0.161491458194997	1.63426406606979	2.26731058219417	1.95078732413198	0.176516689057317	1.6089186637442	2.30386699762321
1.7176756311096	0.471734630696152	0.793075754945142	2.64227550727406	1.55667650508617	0.369118903559258	0.833203454110028	2.28014955606232	1.55667650508617	0.471734630696152	0.448565692034329	2.25876648077043
1.7115243584022	0.351081200474572	1.02340520547204	2.39964351133236	1.85906799924901	0.275002410271919	1.32006327511605	2.39807272338197	1.85906799924901	0.351081200474572	1.10427683136833	2.48348088342322
1.73890912573647	0.235106025318187	1.27810131611283	2.19971693536012	1.71509651930196	0.200344255120431	1.32242177926592	2.10777125933801	1.71509651930196	0.235106025318187	1.23881241144187	2.11700887059886
2.3668652459197	0.204296893301595	1.96644333504857	2.76728715679082	2.33489840722649	0.191845545546834	1.9588811379547	2.71091567649829	2.33489840722649	0.204296893301595	1.9547933155365	2.7892955409864
2.04200115099517	0.169189531184793	1.71038966987298	2.37361263211737	2.03138625220374	0.15254349031585	1.73240101118467	2.3303714932228	2.03138625220374	0.169189531184793	1.68905793256539	2.35682648434347
1.8104922039457	0.241594152617567	1.33696766481527	2.28401674307613	1.8816880727618	0.180361250317843	1.52818002213883	2.23519612338477	1.8816880727618	0.241594152617567	1.39811572602217	2.32037313353194
1.83886183463722	0.185151243303331	1.47596539776269	2.20175827151174	1.8356339923646	0.162872503172749	1.51640388614601	2.15486409858319	1.8356339923646	0.185151243303331	1.44809964750146	2.19878016342009
1.60806193190879	0.283117515224078	1.0531516020696	2.16297226174799	1.69798884075748	0.243785934005954	1.22016841010581	2.17580927140915	1.69798884075748	0.283117515224078	1.13131772929622	2.19276223728431
2.15092916819482	0.24405874355605	1.67257403082496	2.62928430556467	2.24026531813805	0.216595799208978	1.81573755168845	2.66479308458765	2.24026531813805	0.24405874355605	1.83332999830483	2.78274451781362
2.12612166786546	0.189441734291401	1.75481586865432	2.49742746707661	2.1144001517769	0.170879717201102	1.77947590606274	2.44932439749106	2.1144001517769	0.189441734291401	1.73744740661757	2.49119871598211
2.07372062253365	0.215849417577945	1.65065576408088	2.49678548098642	2.08232033414761	0.187536104424316	1.71474956947595	2.44989109881927	2.08232033414761	0.215849417577945	1.67190128555796	2.52672090176494
1.90556415922022	0.190738849221864	1.53171601474537	2.27941230369508	1.90167771743851	0.159443947661544	1.58916758002188	2.21418785485513	1.90167771743851	0.190738849221864	1.51090148527849	2.26632635700644
2.12974106969673	0.193061734794846	1.75134006949883	2.50814206989462	2.1078211668176	0.175855230115025	1.76314491579215	2.45249741784305	2.1078211668176	0.193061734794846	1.71457581262314	2.4625486079647
1.76615755377532	0.189670191230473	1.3944039789636	2.13791112858705	1.71238927700403	0.173239587836991	1.37283968484353	2.05193886916453	1.71238927700403	0.189670191230473	1.31751972104114	2.0657911595817
2.16057702834662	0.200446649018906	1.76770159626957	2.55345246042368	2.07747863029268	0.18063146052972	1.72344096765443	2.43151629293093	2.07747863029268	0.200446649018906	1.66102935305506	2.4486173112829
2.04250072192778	0.287588811631211	1.4788266511306	2.60617479272495	2.03769125162165	0.233721484685105	1.57959714163885	2.49578536160446	2.03769125162165	0.287588811631211	1.45530883693283	2.55370623778387
2.19839883273945	0.193651199698231	1.81884248133092	2.57795518414799	2.15797909451867	0.163218173962772	1.83807147355164	2.4778867154857	2.15797909451867	0.193651199698231	1.76235477618292	2.53801418727578
2.08412323176653	0.220281479193389	1.65237153254748	2.51587493098557	2.00375222755111	0.194999278862224	1.62155364098115	2.38595081412107	2.00375222755111	0.220281479193389	1.56058070410293	2.41483482426113
2.44243280018164	0.323020326455609	1.80931296032864	3.07555264003463	2.3608225345069	0.282136141801257	1.80783569657644	2.91380937243737	2.3608225345069	0.323020326455609	1.80051612661566	3.08065864756091
1.67473076007244	0.19769116476134	1.28725607714022	2.06220544300467	1.65150494615396	0.157993638854976	1.34183741399821	1.96117247830972	1.65150494615396	0.19769116476134	1.25398017696924	2.0085450898477
1.92863388119833	0.257447232819937	1.42403730487125	2.4332304575254	1.90364835599572	0.216991591079077	1.47834483748073	2.32895187451071	1.90364835599572	0.257447232819937	1.28314537779746	2.34518631895207
1.93030280247693	0.173429142611068	1.59038168295923	2.27022392199462	1.91999279520681	0.158964106454597	1.6084231465558	2.23156244385782	1.91999279520681	0.173429142611068	1.58724397084119	2.24543971769926
2.17162208098161	0.210203860865517	1.75962251368519	2.58362164827802	2.18989609441386	0.190523432625513	1.81647016646786	2.56332202235986	2.18989609441386	0.210203860865517	1.77272147398322	2.58623370399963
1.69626331249845	0.184235245131552	1.33516223204061	2.05736439295629	1.69892693457178	0.184003093604265	1.33828087110742	2.05957299803614	1.69892693457178	0.184235245131552	1.32184822084171	2.03204288945965
1.97487570779826	0.273572367402563	1.43867386768924	2.51107754790729	1.92767995837759	0.206713084726895	1.52252231231287	2.3328376044423	1.92767995837759	0.273572367402563	1.16676299244192	2.30716096901375
1.79486528953628	0.225653384518847	1.35258465587934	2.23714592319322	1.80733823780799	0.173339450594508	1.46759291464276	2.14708356097323	1.80733823780799	0.225653384518847	1.34358530472859	2.25443751781487
1.93048084523207	0.282415665578392	1.37694614069842	2.48401554976572	1.98877908217995	0.222747113507654	1.55219473970495	2.42536342465495	1.98877908217995	0.282415665578392	1.32288924435611	2.45258069909054
2.26389672312033	0.182367350107997	1.90645671690865	2.621336729332	2.24099038668546	0.162888391180005	1.92172913997265	2.56025163339827	2.24099038668546	0.182367350107997	1.8398535502246	2.57220099505302
2.03135134321222	0.192780572864596	1.65350142039762	2.40920126602683	1.98792984339231	0.191562046464617	1.61246823232166	2.36339145446296	1.98792984339231	0.192780572864596	1.56243113632922	2.33588709642244
1.61240396361369	0.19816771703611	1.22399523822292	2.00081268900447	1.62141499396856	0.174280805310397	1.27982461556018	1.96300537237694	1.62141499396856	0.19816771703611	1.23042851188985	1.99704393033692
2.13985105430921	0.273764753027472	1.60327213837536	2.67642997024305	2.20318429049723	0.244003675423655	1.72493708666687	2.6814314943276	2.20318429049723	0.273764753027472	1.77099565457105	2.80694120864724
1.86018062570957	0.213796310829783	1.4411398564832	2.27922139493595	1.83629641645905	0.192204960485171	1.45957469390811	2.21301813900999	1.83629641645905	0.213796310829783	1.38183222642484	2.23619941611584
2.07189062186937	0.21776199601843	1.64507710967325	2.49870413406549	2.09143596261347	0.192427994112921	1.71427709415215	2.4685948310748	2.09143596261347	0.21776199601843	1.67933007650337	2.52006050075583
1.57240517860661	0.233928184585547	1.11390593681894	2.03090442039429	1.60833053093651	0.201978368606738	1.2124529284673	2.00420813340571	1.60833053093651	0.233928184585547	1.1284328687642	2.05125515019666
2.02029601899151	0.209946878968678	1.6088001362129	2.43179190177012	2.07061933435358	0.183716805956735	1.71053439467838	2.43070427402878	2.07061933435358	0.209946878968678	1.68191955758303	2.47840992227408
1.92614105556314	0.198706440749961	1.53667643169322	2.31560567943306	2.01558151771104	0.191290315844465	1.64065249865589	2.39051053676619	2.01558151771104	0.198706440749961	1.63428804142128	2.40170148436225
2.08367078337391	0.197660098651802	1.69625699001637	2.47108457673144	2.08299341756061	0.182598957772979	1.72509946032557	2.44088737479565	2.08299341756061	0.197660098651802	1.71199798664065	2.47176086350566
2.10540886740759	0.176164633927699	1.7601261849093	2.45069154990588	2.15314277577686	0.1508805050835	1.8574169858132	2.44886856574052	2.15314277577686	0.176164633927699	1.8134475903185	2.49460149247712
1.88785783610974	0.223749048997338	1.44930970007496	2.32640597214452	1.88227165891844	0.191086853007625	1.5077414270235	2.25680189081339	1.88227165891844	0.223749048997338	1.45424195085849	2.31099512856812
2.27779305211357	0.192494491841715	1.90050384810381	2.65508225612333	2.28421535213959	0.17047107821328	1.95009203884156	2.61833866543762	2.28421535213959	0.192494491841715	1.9359797722571	2.6697927460861
2.21443111892195	0.231152198046932	1.76137281074996	2.66748942709394	2.19244043004229	0.195149071643562	1.80994824962091	2.57493261046367	2.19244043004229	0.231152198046932	1.75516300324606	2.70630802843903
1.96706387238955	0.234042959983467	1.50833967082195	2.42578807395714	1.88524194506647	0.226858419116843	1.44059944359746	2.32988444653549	1.88524194506647	0.234042959983467	1.45484735889789	2.34043558843788
1.84015513926512	0.202191454038271	1.44385988935011	2.23645038918014	1.77017977663101	0.176373904250359	1.4244869243003	2.11587262896171	1.77017977663101	0.202191454038271	1.33646186086184	2.13966044536605
1.8378565807388	0.170287706570745	1.50409267586014	2.17162048561746	1.84326119001974	0.151598177248644	1.5461287626124	2.14039361742709	1.84326119001974	0.170287706570745	1.48206450340401	2.16135529418701
2.10874291097584	0.183179458690333	1.74971117194279	2.4677746500089	2.09105753629421	0.158734615893168	1.7799376891436	2.40217738344483	2.09105753629421	0.183179458690333	1.73326529476883	2.44687584132437
1.87664876730017	0.220559474434066	1.4443521974094	2.30894533719094	1.9525908411016	0.180606866404463	1.59860138294885	2.30658029925435	1.9525908411016	0.220559474434066	1.50290536755852	2.36646835885947
1.98144032577192	0.212236352164269	1.56545707552996	2.39742357601389	1.96418733454895	0.174121369012975	1.62290945128352	2.30546521781438	1.96418733454895	0.212236352164269	1.52568746454368	2.35098809302057
2.08128800250137	0.218739711475454	1.65255816800948	2.51001783699326	2.14526219411302	0.190723461070409	1.77144421041502	2.51908017781102	2.14526219411302	0.218739711475454	1.71919038099653	2.54318119084505
2.13609364201012	0.226116485280585	1.69290533086018	2.57928195316007	2.18690190593911	0.189042478835138	1.81637864742224	2.55742516445598	2.18690190593911	0.226116485280585	1.75280320032664	2.59252882589772
1.87982148719488	0.218427501139289	1.45170358496188	2.30793938942789	1.93817315803917	0.182537966409942	1.58039874387568	2.29594757220265	1.93817315803917	0.218427501139289	1.54562194910752	2.42440662219419
2.12275916816311	0.389724130278823	1.35889987281662	2.8866184635096	1.9796692381642	0.298529648697661	1.39455112671679	2.56478734961162	1.9796692381642	0.389724130278823	1.02644500469258	2.5499858932286
2.13468757089561	0.212267479774698	1.7186433105372	2.55073183125402	2.09130249546178	0.188015205622964	1.72279269244077	2.45981229848279	2.09130249546178	0.212267479774698	1.64170395635905	2.45863319072879
2.41344979097212	0.190972894333397	2.03914291807866	2.78775666386558	2.39679416365395	0.162335094188968	2.07861737904357	2.71497094826432	2.39679416365395	0.190972894333397	2.01505538758355	2.76031208234648
1.78158572505878	0.244200384154623	1.30295297211572	2.26021847800184	1.84580185904401	0.218872046890061	1.41681264713949	2.27479107094853	1.84580185904401	0.244200384154623	1.3365468434638	2.3150737416947
2.04340028973116	0.190305144567071	1.6704022063797	2.41639837308261	2.06594478083351	0.167969522473175	1.73672451678609	2.39516504488094	2.06594478083351	0.190305144567071	1.71611439969287	2.43593975867568
NA	NA	NA	NA	NA	NA	NA	NA	NA	NA	NA	NA
NA	NA	NA	NA	NA	NA	NA	NA	NA	NA	NA	NA
NA	NA	NA	NA	NA	NA	NA	NA	NA	NA	NA	NA
NA	NA	NA	NA	NA	NA	NA	NA	NA	NA	NA	NA
NA	NA	NA	NA	NA	NA	NA	NA	NA	NA	NA	NA
NA	NA	NA	NA	NA	NA	NA	NA	NA	NA	NA	NA
NA	NA	NA	NA	NA	NA	NA	NA	NA	NA	NA	NA
NA	NA	NA	NA	NA	NA	NA	NA	NA	NA	NA	NA
NA	NA	NA	NA	NA	NA	NA	NA	NA	NA	NA	NA
NA	NA	NA	NA	NA	NA	NA	NA	NA	NA	NA	NA
NA	NA	NA	NA	NA	NA	NA	NA	NA	NA	NA	NA
NA	NA	NA	NA	NA	NA	NA	NA	NA	NA	NA	NA
NA	NA	NA	NA	NA	NA	NA	NA	NA	NA	NA	NA
NA	NA	NA	NA	NA	NA	NA	NA	NA	NA	NA	NA
NA	NA	NA	NA	NA	NA	NA	NA	NA	NA	NA	NA
NA	NA	NA	NA	NA	NA	NA	NA	NA	NA	NA	NA
NA	NA	NA	NA	NA	NA	NA	NA	NA	NA	NA	NA
NA	NA	NA	NA	NA	NA	NA	NA	NA	NA	NA	NA
NA	NA	NA	NA	NA	NA	NA	NA	NA	NA	NA	NA
NA	NA	NA	NA	NA	NA	NA	NA	NA	NA	NA	NA
NA	NA	NA	NA	NA	NA	NA	NA	NA	NA	NA	NA
NA	NA	NA	NA	NA	NA	NA	NA	NA	NA	NA	NA
NA	NA	NA	NA	NA	NA	NA	NA	NA	NA	NA	NA
NA	NA	NA	NA	NA	NA	NA	NA	NA	NA	NA	NA
NA	NA	NA	NA	NA	NA	NA	NA	NA	NA	NA	NA
NA	NA	NA	NA	NA	NA	NA	NA	NA	NA	NA	NA
NA	NA	NA	NA	NA	NA	NA	NA	NA	NA	NA	NA
NA	NA	NA	NA	NA	NA	NA	NA	NA	NA	NA	NA
NA	NA	NA	NA	NA	NA	NA	NA	NA	NA	NA	NA
NA	NA	NA	NA	NA	NA	NA	NA	NA	NA	NA	NA
NA	NA	NA	NA	NA	NA	NA	NA	NA	NA	NA	NA
NA	NA	NA	NA	NA	NA	NA	NA	NA	NA	NA	NA
NA	NA	NA	NA	NA	NA	NA	NA	NA	NA	NA	NA
NA	NA	NA	NA	NA	NA	NA	NA	NA	NA	NA	NA
NA	NA	NA	NA	NA	NA	NA	NA	NA	NA	NA	NA
NA	NA	NA	NA	NA	NA	NA	NA	NA	NA	NA	NA
NA	NA	NA	NA	NA	NA	NA	NA	NA	NA	NA	NA
NA	NA	NA	NA	NA	NA	NA	NA	NA	NA	NA	NA
NA	NA	NA	NA	NA	NA	NA	NA	NA	NA	NA	NA
NA	NA	NA	NA	NA	NA	NA	NA	NA	NA	NA	NA
NA	NA	NA	NA	NA	NA	NA	NA	NA	NA	NA	NA
NA	NA	NA	NA	NA	NA	NA	NA	NA	NA	NA	NA
NA	NA	NA	NA	NA	NA	NA	NA	NA	NA	NA	NA
NA	NA	NA	NA	NA	NA	NA	NA	NA	NA	NA	NA
NA	NA	NA	NA	NA	NA	NA	NA	NA	NA	NA	NA
NA	NA	NA	NA	NA	NA	NA	NA	NA	NA	NA	NA
NA	NA	NA	NA	NA	NA	NA	NA	NA	NA	NA	NA
NA	NA	NA	NA	NA	NA	NA	NA	NA	NA	NA	NA
NA	NA	NA	NA	NA	NA	NA	NA	NA	NA	NA	NA
NA	NA	NA	NA	NA	NA	NA	NA	NA	NA	NA	NA
NA	NA	NA	NA	NA	NA	NA	NA	NA	NA	NA	NA
NA	NA	NA	NA	NA	NA	NA	NA	NA	NA	NA	NA
NA	NA	NA	NA	NA	NA	NA	NA	NA	NA	NA	NA
NA	NA	NA	NA	NA	NA	NA	NA	NA	NA	NA	NA
NA	NA	NA	NA	NA	NA	NA	NA	NA	NA	NA	NA
NA	NA	NA	NA	NA	NA	NA	NA	NA	NA	NA	NA
NA	NA	NA	NA	NA	NA	NA	NA	NA	NA	NA	NA
NA	NA	NA	NA	NA	NA	NA	NA	NA	NA	NA	NA
NA	NA	NA	NA	NA	NA	NA	NA	NA	NA	NA	NA
NA	NA	NA	NA	NA	NA	NA	NA	NA	NA	NA	NA
NA	NA	NA	NA	NA	NA	NA	NA	NA	NA	NA	NA
NA	NA	NA	NA	NA	NA	NA	NA	NA	NA	NA	NA
NA	NA	NA	NA	NA	NA	NA	NA	NA	NA	NA	NA
NA	NA	NA	NA	NA	NA	NA	NA	NA	NA	NA	NA
NA	NA	NA	NA	NA	NA	NA	NA	NA	NA	NA	NA
NA	NA	NA	NA	NA	NA	NA	NA	NA	NA	NA	NA
NA	NA	NA	NA	NA	NA	NA	NA	NA	NA	NA	NA
NA	NA	NA	NA	NA	NA	NA	NA	NA	NA	NA	NA
NA	NA	NA	NA	NA	NA	NA	NA	NA	NA	NA	NA
NA	NA	NA	NA	NA	NA	NA	NA	NA	NA	NA	NA
NA	NA	NA	NA	NA	NA	NA	NA	NA	NA	NA	NA
NA	NA	NA	NA	NA	NA	NA	NA	NA	NA	NA	NA
NA	NA	NA	NA	NA	NA	NA	NA	NA	NA	NA	NA
NA	NA	NA	NA	NA	NA	NA	NA	NA	NA	NA	NA
NA	NA	NA	NA	NA	NA	NA	NA	NA	NA	NA	NA
NA	NA	NA	NA	NA	NA	NA	NA	NA	NA	NA	NA
NA	NA	NA	NA	NA	NA	NA	NA	NA	NA	NA	NA
NA	NA	NA	NA	NA	NA	NA	NA	NA	NA	NA	NA
NA	NA	NA	NA	NA	NA	NA	NA	NA	NA	NA	NA
NA	NA	NA	NA	NA	NA	NA	NA	NA	NA	NA	NA
NA	NA	NA	NA	NA	NA	NA	NA	NA	NA	NA	NA
NA	NA	NA	NA	NA	NA	NA	NA	NA	NA	NA	NA
NA	NA	NA	NA	NA	NA	NA	NA	NA	NA	NA	NA
NA	NA	NA	NA	NA	NA	NA	NA	NA	NA	NA	NA
NA	NA	NA	NA	NA	NA	NA	NA	NA	NA	NA	NA
NA	NA	NA	NA	NA	NA	NA	NA	NA	NA	NA	NA
NA	NA	NA	NA	NA	NA	NA	NA	NA	NA	NA	NA
NA	NA	NA	NA	NA	NA	NA	NA	NA	NA	NA	NA
NA	NA	NA	NA	NA	NA	NA	NA	NA	NA	NA	NA
NA	NA	NA	NA	NA	NA	NA	NA	NA	NA	NA	NA
NA	NA	NA	NA	NA	NA	NA	NA	NA	NA	NA	NA
NA	NA	NA	NA	NA	NA	NA	NA	NA	NA	NA	NA
NA	NA	NA	NA	NA	NA	NA	NA	NA	NA	NA	NA
NA	NA	NA	NA	NA	NA	NA	NA	NA	NA	NA	NA
NA	NA	NA	NA	NA	NA	NA	NA	NA	NA	NA	NA
NA	NA	NA	NA	NA	NA	NA	NA	NA	NA	NA	NA
NA	NA	NA	NA	NA	NA	NA	NA	NA	NA	NA	NA
NA	NA	NA	NA	NA	NA	NA	NA	NA	NA	NA	NA
NA	NA	NA	NA	NA	NA	NA	NA	NA	NA	NA	NA
NA	NA	NA	NA	NA	NA	NA	NA	NA	NA	NA	NA
NA	NA	NA	NA	NA	NA	NA	NA	NA	NA	NA	NA
NA	NA	NA	NA	NA	NA	NA	NA	NA	NA	NA	NA
NA	NA	NA	NA	NA	NA	NA	NA	NA	NA	NA	NA
NA	NA	NA	NA	NA	NA	NA	NA	NA	NA	NA	NA
NA	NA	NA	NA	NA	NA	NA	NA	NA	NA	NA	NA
NA	NA	NA	NA	NA	NA	NA	NA	NA	NA	NA	NA
NA	NA	NA	NA	NA	NA	NA	NA	NA	NA	NA	NA
NA	NA	NA	NA	NA	NA	NA	NA	NA	NA	NA	NA
NA	NA	NA	NA	NA	NA	NA	NA	NA	NA	NA	NA
NA	NA	NA	NA	NA	NA	NA	NA	NA	NA	NA	NA
NA	NA	NA	NA	NA	NA	NA	NA	NA	NA	NA	NA
NA	NA	NA	NA	NA	NA	NA	NA	NA	NA	NA	NA
NA	NA	NA	NA	NA	NA	NA	NA	NA	NA	NA	NA
NA	NA	NA	NA	NA	NA	NA	NA	NA	NA	NA	NA
NA	NA	NA	NA	NA	NA	NA	NA	NA	NA	NA	NA
NA	NA	NA	NA	NA	NA	NA	NA	NA	NA	NA	NA
NA	NA	NA	NA	NA	NA	NA	NA	NA	NA	NA	NA
NA	NA	NA	NA	NA	NA	NA	NA	NA	NA	NA	NA
NA	NA	NA	NA	NA	NA	NA	NA	NA	NA	NA	NA
NA	NA	NA	NA	NA	NA	NA	NA	NA	NA	NA	NA
NA	NA	NA	NA	NA	NA	NA	NA	NA	NA	NA	NA
NA	NA	NA	NA	NA	NA	NA	NA	NA	NA	NA	NA
NA	NA	NA	NA	NA	NA	NA	NA	NA	NA	NA	NA
NA	NA	NA	NA	NA	NA	NA	NA	NA	NA	NA	NA
NA	NA	NA	NA	NA	NA	NA	NA	NA	NA	NA	NA
NA	NA	NA	NA	NA	NA	NA	NA	NA	NA	NA	NA
NA	NA	NA	NA	NA	NA	NA	NA	NA	NA	NA	NA
NA	NA	NA	NA	NA	NA	NA	NA	NA	NA	NA	NA
NA	NA	NA	NA	NA	NA	NA	NA	NA	NA	NA	NA
NA	NA	NA	NA	NA	NA	NA	NA	NA	NA	NA	NA
NA	NA	NA	NA	NA	NA	NA	NA	NA	NA	NA	NA
NA	NA	NA	NA	NA	NA	NA	NA	NA	NA	NA	NA
NA	NA	NA	NA	NA	NA	NA	NA	NA	NA	NA	NA
NA	NA	NA	NA	NA	NA	NA	NA	NA	NA	NA	NA
NA	NA	NA	NA	NA	NA	NA	NA	NA	NA	NA	NA
NA	NA	NA	NA	NA	NA	NA	NA	NA	NA	NA	NA
NA	NA	NA	NA	NA	NA	NA	NA	NA	NA	NA	NA
NA	NA	NA	NA	NA	NA	NA	NA	NA	NA	NA	NA
NA	NA	NA	NA	NA	NA	NA	NA	NA	NA	NA	NA
NA	NA	NA	NA	NA	NA	NA	NA	NA	NA	NA	NA
NA	NA	NA	NA	NA	NA	NA	NA	NA	NA	NA	NA
NA	NA	NA	NA	NA	NA	NA	NA	NA	NA	NA	NA
NA	NA	NA	NA	NA	NA	NA	NA	NA	NA	NA	NA
NA	NA	NA	NA	NA	NA	NA	NA	NA	NA	NA	NA
NA	NA	NA	NA	NA	NA	NA	NA	NA	NA	NA	NA
NA	NA	NA	NA	NA	NA	NA	NA	NA	NA	NA	NA
NA	NA	NA	NA	NA	NA	NA	NA	NA	NA	NA	NA
NA	NA	NA	NA	NA	NA	NA	NA	NA	NA	NA	NA
NA	NA	NA	NA	NA	NA	NA	NA	NA	NA	NA	NA
NA	NA	NA	NA	NA	NA	NA	NA	NA	NA	NA	NA
NA	NA	NA	NA	NA	NA	NA	NA	NA	NA	NA	NA
NA	NA	NA	NA	NA	NA	NA	NA	NA	NA	NA	NA
NA	NA	NA	NA	NA	NA	NA	NA	NA	NA	NA	NA
NA	NA	NA	NA	NA	NA	NA	NA	NA	NA	NA	NA
NA	NA	NA	NA	NA	NA	NA	NA	NA	NA	NA	NA
NA	NA	NA	NA	NA	NA	NA	NA	NA	NA	NA	NA
NA	NA	NA	NA	NA	NA	NA	NA	NA	NA	NA	NA
NA	NA	NA	NA	NA	NA	NA	NA	NA	NA	NA	NA
NA	NA	NA	NA	NA	NA	NA	NA	NA	NA	NA	NA
NA	NA	NA	NA	NA	NA	NA	NA	NA	NA	NA	NA
NA	NA	NA	NA	NA	NA	NA	NA	NA	NA	NA	NA
NA	NA	NA	NA	NA	NA	NA	NA	NA	NA	NA	NA
NA	NA	NA	NA	NA	NA	NA	NA	NA	NA	NA	NA
NA	NA	NA	NA	NA	NA	NA	NA	NA	NA	NA	NA
NA	NA	NA	NA	NA	NA	NA	NA	NA	NA	NA	NA
NA	NA	NA	NA	NA	NA	NA	NA	NA	NA	NA	NA
NA	NA	NA	NA	NA	NA	NA	NA	NA	NA	NA	NA
NA	NA	NA	NA	NA	NA	NA	NA	NA	NA	NA	NA
NA	NA	NA	NA	NA	NA	NA	NA	NA	NA	NA	NA
NA	NA	NA	NA	NA	NA	NA	NA	NA	NA	NA	NA
NA	NA	NA	NA	NA	NA	NA	NA	NA	NA	NA	NA
NA	NA	NA	NA	NA	NA	NA	NA	NA	NA	NA	NA
NA	NA	NA	NA	NA	NA	NA	NA	NA	NA	NA	NA
NA	NA	NA	NA	NA	NA	NA	NA	NA	NA	NA	NA
NA	NA	NA	NA	NA	NA	NA	NA	NA	NA	NA	NA
NA	NA	NA	NA	NA	NA	NA	NA	NA	NA	NA	NA
NA	NA	NA	NA	NA	NA	NA	NA	NA	NA	NA	NA
NA	NA	NA	NA	NA	NA	NA	NA	NA	NA	NA	NA
NA	NA	NA	NA	NA	NA	NA	NA	NA	NA	NA	NA
NA	NA	NA	NA	NA	NA	NA	NA	NA	NA	NA	NA
NA	NA	NA	NA	NA	NA	NA	NA	NA	NA	NA	NA
NA	NA	NA	NA	NA	NA	NA	NA	NA	NA	NA	NA
NA	NA	NA	NA	NA	NA	NA	NA	NA	NA	NA	NA
NA	NA	NA	NA	NA	NA	NA	NA	NA	NA	NA	NA
NA	NA	NA	NA	NA	NA	NA	NA	NA	NA	NA	NA
NA	NA	NA	NA	NA	NA	NA	NA	NA	NA	NA	NA
NA	NA	NA	NA	NA	NA	NA	NA	NA	NA	NA	NA
NA	NA	NA	NA	NA	NA	NA	NA	NA	NA	NA	NA
NA	NA	NA	NA	NA	NA	NA	NA	NA	NA	NA	NA
NA	NA	NA	NA	NA	NA	NA	NA	NA	NA	NA	NA
NA	NA	NA	NA	NA	NA	NA	NA	NA	NA	NA	NA
NA	NA	NA	NA	NA	NA	NA	NA	NA	NA	NA	NA
NA	NA	NA	NA	NA	NA	NA	NA	NA	NA	NA	NA
NA	NA	NA	NA	NA	NA	NA	NA	NA	NA	NA	NA
NA	NA	NA	NA	NA	NA	NA	NA	NA	NA	NA	NA
NA	NA	NA	NA	NA	NA	NA	NA	NA	NA	NA	NA
NA	NA	NA	NA	NA	NA	NA	NA	NA	NA	NA	NA
NA	NA	NA	NA	NA	NA	NA	NA	NA	NA	NA	NA
NA	NA	NA	NA	NA	NA	NA	NA	NA	NA	NA	NA
NA	NA	NA	NA	NA	NA	NA	NA	NA	NA	NA	NA
NA	NA	NA	NA	NA	NA	NA	NA	NA	NA	NA	NA
NA	NA	NA	NA	NA	NA	NA	NA	NA	NA	NA	NA
NA	NA	NA	NA	NA	NA	NA	NA	NA	NA	NA	NA
NA	NA	NA	NA	NA	NA	NA	NA	NA	NA	NA	NA
NA	NA	NA	NA	NA	NA	NA	NA	NA	NA	NA	NA
NA	NA	NA	NA	NA	NA	NA	NA	NA	NA	NA	NA
NA	NA	NA	NA	NA	NA	NA	NA	NA	NA	NA	NA
NA	NA	NA	NA	NA	NA	NA	NA	NA	NA	NA	NA
NA	NA	NA	NA	NA	NA	NA	NA	NA	NA	NA	NA
NA	NA	NA	NA	NA	NA	NA	NA	NA	NA	NA	NA
NA	NA	NA	NA	NA	NA	NA	NA	NA	NA	NA	NA
NA	NA	NA	NA	NA	NA	NA	NA	NA	NA	NA	NA
NA	NA	NA	NA	NA	NA	NA	NA	NA	NA	NA	NA
NA	NA	NA	NA	NA	NA	NA	NA	NA	NA	NA	NA
NA	NA	NA	NA	NA	NA	NA	NA	NA	NA	NA	NA
NA	NA	NA	NA	NA	NA	NA	NA	NA	NA	NA	NA
NA	NA	NA	NA	NA	NA	NA	NA	NA	NA	NA	NA
NA	NA	NA	NA	NA	NA	NA	NA	NA	NA	NA	NA
NA	NA	NA	NA	NA	NA	NA	NA	NA	NA	NA	NA
NA	NA	NA	NA	NA	NA	NA	NA	NA	NA	NA	NA
NA	NA	NA	NA	NA	NA	NA	NA	NA	NA	NA	NA
NA	NA	NA	NA	NA	NA	NA	NA	NA	NA	NA	NA
NA	NA	NA	NA	NA	NA	NA	NA	NA	NA	NA	NA
NA	NA	NA	NA	NA	NA	NA	NA	NA	NA	NA	NA
NA	NA	NA	NA	NA	NA	NA	NA	NA	NA	NA	NA
NA	NA	NA	NA	NA	NA	NA	NA	NA	NA	NA	NA
NA	NA	NA	NA	NA	NA	NA	NA	NA	NA	NA	NA
NA	NA	NA	NA	NA	NA	NA	NA	NA	NA	NA	NA
NA	NA	NA	NA	NA	NA	NA	NA	NA	NA	NA	NA
NA	NA	NA	NA	NA	NA	NA	NA	NA	NA	NA	NA
NA	NA	NA	NA	NA	NA	NA	NA	NA	NA	NA	NA
NA	NA	NA	NA	NA	NA	NA	NA	NA	NA	NA	NA
NA	NA	NA	NA	NA	NA	NA	NA	NA	NA	NA	NA
NA	NA	NA	NA	NA	NA	NA	NA	NA	NA	NA	NA
NA	NA	NA	NA	NA	NA	NA	NA	NA	NA	NA	NA
NA	NA	NA	NA	NA	NA	NA	NA	NA	NA	NA	NA
NA	NA	NA	NA	NA	NA	NA	NA	NA	NA	NA	NA
NA	NA	NA	NA	NA	NA	NA	NA	NA	NA	NA	NA
NA	NA	NA	NA	NA	NA	NA	NA	NA	NA	NA	NA
NA	NA	NA	NA	NA	NA	NA	NA	NA	NA	NA	NA
NA	NA	NA	NA	NA	NA	NA	NA	NA	NA	NA	NA
NA	NA	NA	NA	NA	NA	NA	NA	NA	NA	NA	NA
NA	NA	NA	NA	NA	NA	NA	NA	NA	NA	NA	NA
NA	NA	NA	NA	NA	NA	NA	NA	NA	NA	NA	NA
NA	NA	NA	NA	NA	NA	NA	NA	NA	NA	NA	NA
NA	NA	NA	NA	NA	NA	NA	NA	NA	NA	NA	NA
NA	NA	NA	NA	NA	NA	NA	NA	NA	NA	NA	NA
NA	NA	NA	NA	NA	NA	NA	NA	NA	NA	NA	NA
NA	NA	NA	NA	NA	NA	NA	NA	NA	NA	NA	NA
NA	NA	NA	NA	NA	NA	NA	NA	NA	NA	NA	NA
NA	NA	NA	NA	NA	NA	NA	NA	NA	NA	NA	NA
NA	NA	NA	NA	NA	NA	NA	NA	NA	NA	NA	NA
NA	NA	NA	NA	NA	NA	NA	NA	NA	NA	NA	NA
NA	NA	NA	NA	NA	NA	NA	NA	NA	NA	NA	NA
NA	NA	NA	NA	NA	NA	NA	NA	NA	NA	NA	NA
NA	NA	NA	NA	NA	NA	NA	NA	NA	NA	NA	NA
NA	NA	NA	NA	NA	NA	NA	NA	NA	NA	NA	NA
NA	NA	NA	NA	NA	NA	NA	NA	NA	NA	NA	NA
NA	NA	NA	NA	NA	NA	NA	NA	NA	NA	NA	NA
NA	NA	NA	NA	NA	NA	NA	NA	NA	NA	NA	NA
NA	NA	NA	NA	NA	NA	NA	NA	NA	NA	NA	NA
NA	NA	NA	NA	NA	NA	NA	NA	NA	NA	NA	NA
NA	NA	NA	NA	NA	NA	NA	NA	NA	NA	NA	NA
NA	NA	NA	NA	NA	NA	NA	NA	NA	NA	NA	NA
NA	NA	NA	NA	NA	NA	NA	NA	NA	NA	NA	NA
NA	NA	NA	NA	NA	NA	NA	NA	NA	NA	NA	NA
NA	NA	NA	NA	NA	NA	NA	NA	NA	NA	NA	NA
NA	NA	NA	NA	NA	NA	NA	NA	NA	NA	NA	NA
NA	NA	NA	NA	NA	NA	NA	NA	NA	NA	NA	NA
NA	NA	NA	NA	NA	NA	NA	NA	NA	NA	NA	NA
NA	NA	NA	NA	NA	NA	NA	NA	NA	NA	NA	NA
NA	NA	NA	NA	NA	NA	NA	NA	NA	NA	NA	NA
NA	NA	NA	NA	NA	NA	NA	NA	NA	NA	NA	NA
NA	NA	NA	NA	NA	NA	NA	NA	NA	NA	NA	NA
NA	NA	NA	NA	NA	NA	NA	NA	NA	NA	NA	NA
NA	NA	NA	NA	NA	NA	NA	NA	NA	NA	NA	NA
NA	NA	NA	NA	NA	NA	NA	NA	NA	NA	NA	NA
NA	NA	NA	NA	NA	NA	NA	NA	NA	NA	NA	NA
NA	NA	NA	NA	NA	NA	NA	NA	NA	NA	NA	NA
NA	NA	NA	NA	NA	NA	NA	NA	NA	NA	NA	NA
NA	NA	NA	NA	NA	NA	NA	NA	NA	NA	NA	NA
NA	NA	NA	NA	NA	NA	NA	NA	NA	NA	NA	NA
NA	NA	NA	NA	NA	NA	NA	NA	NA	NA	NA	NA
NA	NA	NA	NA	NA	NA	NA	NA	NA	NA	NA	NA
NA	NA	NA	NA	NA	NA	NA	NA	NA	NA	NA	NA
NA	NA	NA	NA	NA	NA	NA	NA	NA	NA	NA	NA
NA	NA	NA	NA	NA	NA	NA	NA	NA	NA	NA	NA
NA	NA	NA	NA	NA	NA	NA	NA	NA	NA	NA	NA
NA	NA	NA	NA	NA	NA	NA	NA	NA	NA	NA	NA
NA	NA	NA	NA	NA	NA	NA	NA	NA	NA	NA	NA
NA	NA	NA	NA	NA	NA	NA	NA	NA	NA	NA	NA
NA	NA	NA	NA	NA	NA	NA	NA	NA	NA	NA	NA
NA	NA	NA	NA	NA	NA	NA	NA	NA	NA	NA	NA
NA	NA	NA	NA	NA	NA	NA	NA	NA	NA	NA	NA
NA	NA	NA	NA	NA	NA	NA	NA	NA	NA	NA	NA
NA	NA	NA	NA	NA	NA	NA	NA	NA	NA	NA	NA
NA	NA	NA	NA	NA	NA	NA	NA	NA	NA	NA	NA
NA	NA	NA	NA	NA	NA	NA	NA	NA	NA	NA	NA
NA	NA	NA	NA	NA	NA	NA	NA	NA	NA	NA	NA
NA	NA	NA	NA	NA	NA	NA	NA	NA	NA	NA	NA
