X1	X2	X3	X4	X1.1	X2.1	X3.1	X4.1	X1.2	X2.2	X3.2	X4.2
NA	NA	NA	NA	NA	NA	NA	NA	NA	NA	NA	NA
NA	NA	NA	NA	NA	NA	NA	NA	NA	NA	NA	NA
NA	NA	NA	NA	NA	NA	NA	NA	NA	NA	NA	NA
NA	NA	NA	NA	NA	NA	NA	NA	NA	NA	NA	NA
NA	NA	NA	NA	NA	NA	NA	NA	NA	NA	NA	NA
NA	NA	NA	NA	NA	NA	NA	NA	NA	NA	NA	NA
NA	NA	NA	NA	NA	NA	NA	NA	NA	NA	NA	NA
NA	NA	NA	NA	NA	NA	NA	NA	NA	NA	NA	NA
NA	NA	NA	NA	NA	NA	NA	NA	NA	NA	NA	NA
NA	NA	NA	NA	NA	NA	NA	NA	NA	NA	NA	NA
NA	NA	NA	NA	NA	NA	NA	NA	NA	NA	NA	NA
NA	NA	NA	NA	NA	NA	NA	NA	NA	NA	NA	NA
NA	NA	NA	NA	NA	NA	NA	NA	NA	NA	NA	NA
NA	NA	NA	NA	NA	NA	NA	NA	NA	NA	NA	NA
NA	NA	NA	NA	NA	NA	NA	NA	NA	NA	NA	NA
NA	NA	NA	NA	NA	NA	NA	NA	NA	NA	NA	NA
NA	NA	NA	NA	NA	NA	NA	NA	NA	NA	NA	NA
NA	NA	NA	NA	NA	NA	NA	NA	NA	NA	NA	NA
NA	NA	NA	NA	NA	NA	NA	NA	NA	NA	NA	NA
NA	NA	NA	NA	NA	NA	NA	NA	NA	NA	NA	NA
NA	NA	NA	NA	NA	NA	NA	NA	NA	NA	NA	NA
NA	NA	NA	NA	NA	NA	NA	NA	NA	NA	NA	NA
NA	NA	NA	NA	NA	NA	NA	NA	NA	NA	NA	NA
NA	NA	NA	NA	NA	NA	NA	NA	NA	NA	NA	NA
NA	NA	NA	NA	NA	NA	NA	NA	NA	NA	NA	NA
NA	NA	NA	NA	NA	NA	NA	NA	NA	NA	NA	NA
NA	NA	NA	NA	NA	NA	NA	NA	NA	NA	NA	NA
NA	NA	NA	NA	NA	NA	NA	NA	NA	NA	NA	NA
NA	NA	NA	NA	NA	NA	NA	NA	NA	NA	NA	NA
NA	NA	NA	NA	NA	NA	NA	NA	NA	NA	NA	NA
NA	NA	NA	NA	NA	NA	NA	NA	NA	NA	NA	NA
NA	NA	NA	NA	NA	NA	NA	NA	NA	NA	NA	NA
NA	NA	NA	NA	NA	NA	NA	NA	NA	NA	NA	NA
NA	NA	NA	NA	NA	NA	NA	NA	NA	NA	NA	NA
NA	NA	NA	NA	NA	NA	NA	NA	NA	NA	NA	NA
NA	NA	NA	NA	NA	NA	NA	NA	NA	NA	NA	NA
NA	NA	NA	NA	NA	NA	NA	NA	NA	NA	NA	NA
NA	NA	NA	NA	NA	NA	NA	NA	NA	NA	NA	NA
NA	NA	NA	NA	NA	NA	NA	NA	NA	NA	NA	NA
NA	NA	NA	NA	NA	NA	NA	NA	NA	NA	NA	NA
NA	NA	NA	NA	NA	NA	NA	NA	NA	NA	NA	NA
NA	NA	NA	NA	NA	NA	NA	NA	NA	NA	NA	NA
NA	NA	NA	NA	NA	NA	NA	NA	NA	NA	NA	NA
NA	NA	NA	NA	NA	NA	NA	NA	NA	NA	NA	NA
NA	NA	NA	NA	NA	NA	NA	NA	NA	NA	NA	NA
NA	NA	NA	NA	NA	NA	NA	NA	NA	NA	NA	NA
NA	NA	NA	NA	NA	NA	NA	NA	NA	NA	NA	NA
NA	NA	NA	NA	NA	NA	NA	NA	NA	NA	NA	NA
NA	NA	NA	NA	NA	NA	NA	NA	NA	NA	NA	NA
NA	NA	NA	NA	NA	NA	NA	NA	NA	NA	NA	NA
NA	NA	NA	NA	NA	NA	NA	NA	NA	NA	NA	NA
NA	NA	NA	NA	NA	NA	NA	NA	NA	NA	NA	NA
NA	NA	NA	NA	NA	NA	NA	NA	NA	NA	NA	NA
NA	NA	NA	NA	NA	NA	NA	NA	NA	NA	NA	NA
NA	NA	NA	NA	NA	NA	NA	NA	NA	NA	NA	NA
NA	NA	NA	NA	NA	NA	NA	NA	NA	NA	NA	NA
NA	NA	NA	NA	NA	NA	NA	NA	NA	NA	NA	NA
NA	NA	NA	NA	NA	NA	NA	NA	NA	NA	NA	NA
NA	NA	NA	NA	NA	NA	NA	NA	NA	NA	NA	NA
NA	NA	NA	NA	NA	NA	NA	NA	NA	NA	NA	NA
NA	NA	NA	NA	NA	NA	NA	NA	NA	NA	NA	NA
NA	NA	NA	NA	NA	NA	NA	NA	NA	NA	NA	NA
NA	NA	NA	NA	NA	NA	NA	NA	NA	NA	NA	NA
NA	NA	NA	NA	NA	NA	NA	NA	NA	NA	NA	NA
NA	NA	NA	NA	NA	NA	NA	NA	NA	NA	NA	NA
NA	NA	NA	NA	NA	NA	NA	NA	NA	NA	NA	NA
NA	NA	NA	NA	NA	NA	NA	NA	NA	NA	NA	NA
NA	NA	NA	NA	NA	NA	NA	NA	NA	NA	NA	NA
NA	NA	NA	NA	NA	NA	NA	NA	NA	NA	NA	NA
NA	NA	NA	NA	NA	NA	NA	NA	NA	NA	NA	NA
NA	NA	NA	NA	NA	NA	NA	NA	NA	NA	NA	NA
NA	NA	NA	NA	NA	NA	NA	NA	NA	NA	NA	NA
NA	NA	NA	NA	NA	NA	NA	NA	NA	NA	NA	NA
NA	NA	NA	NA	NA	NA	NA	NA	NA	NA	NA	NA
NA	NA	NA	NA	NA	NA	NA	NA	NA	NA	NA	NA
NA	NA	NA	NA	NA	NA	NA	NA	NA	NA	NA	NA
NA	NA	NA	NA	NA	NA	NA	NA	NA	NA	NA	NA
NA	NA	NA	NA	NA	NA	NA	NA	NA	NA	NA	NA
NA	NA	NA	NA	NA	NA	NA	NA	NA	NA	NA	NA
NA	NA	NA	NA	NA	NA	NA	NA	NA	NA	NA	NA
NA	NA	NA	NA	NA	NA	NA	NA	NA	NA	NA	NA
NA	NA	NA	NA	NA	NA	NA	NA	NA	NA	NA	NA
NA	NA	NA	NA	NA	NA	NA	NA	NA	NA	NA	NA
NA	NA	NA	NA	NA	NA	NA	NA	NA	NA	NA	NA
NA	NA	NA	NA	NA	NA	NA	NA	NA	NA	NA	NA
NA	NA	NA	NA	NA	NA	NA	NA	NA	NA	NA	NA
NA	NA	NA	NA	NA	NA	NA	NA	NA	NA	NA	NA
NA	NA	NA	NA	NA	NA	NA	NA	NA	NA	NA	NA
NA	NA	NA	NA	NA	NA	NA	NA	NA	NA	NA	NA
NA	NA	NA	NA	NA	NA	NA	NA	NA	NA	NA	NA
NA	NA	NA	NA	NA	NA	NA	NA	NA	NA	NA	NA
NA	NA	NA	NA	NA	NA	NA	NA	NA	NA	NA	NA
NA	NA	NA	NA	NA	NA	NA	NA	NA	NA	NA	NA
NA	NA	NA	NA	NA	NA	NA	NA	NA	NA	NA	NA
NA	NA	NA	NA	NA	NA	NA	NA	NA	NA	NA	NA
NA	NA	NA	NA	NA	NA	NA	NA	NA	NA	NA	NA
NA	NA	NA	NA	NA	NA	NA	NA	NA	NA	NA	NA
NA	NA	NA	NA	NA	NA	NA	NA	NA	NA	NA	NA
NA	NA	NA	NA	NA	NA	NA	NA	NA	NA	NA	NA
NA	NA	NA	NA	NA	NA	NA	NA	NA	NA	NA	NA
1.99864699802166	0.391798586654877	1.2307217681781	2.76657222786522	1.99211731181233	0.298845055207102	1.40638100360641	2.57785362001825	1.99211731181233	0.391798586654877	1.11216439191807	2.62530611884205
1.84862145092905	0.156160890982112	1.54254610460411	2.15469679725398	1.84989169058177	0.149401230254827	1.55706527928231	2.14271810188123	1.84989169058177	0.156160890982112	1.5373842017203	2.14062498934406
1.91063287385984	0.346746945975625	1.23100885974761	2.59025688797206	1.88408902936822	0.286923967020567	1.32171805400791	2.44646000472853	1.88408902936822	0.346746945975625	1.13906826249957	2.43501638651288
1.98034287214842	0.204841300713525	1.57885392274991	2.38183182154693	1.99998586435912	0.193350348893409	1.62101918052804	2.3789525481902	1.99998586435912	0.204841300713525	1.61003364616916	2.38968895349954
1.84314399265591	0.212140814448923	1.42734799633602	2.2589399889758	1.82609435603812	0.197634973861688	1.43872980726922	2.21345890480703	1.82609435603812	0.212140814448923	1.3282562911079	2.20792369856877
2.30274523821631	0.202194937797442	1.90644316013333	2.6990473162993	2.30891395085482	0.193070790102686	1.93049520225356	2.68733269945609	2.30891395085482	0.202194937797442	1.90295915198778	2.68641830361611
2.51108448048876	0.165842739809825	2.18603271046151	2.83613625051602	2.50962324658521	0.171897371533444	2.17270439837966	2.84654209479076	2.50962324658521	0.165842739809825	2.17624156419567	2.82815396279435
2.10240213269931	0.203585220090872	1.7033751013212	2.50142916407742	2.05115182813956	0.184248122324021	1.69002550838448	2.41227814789464	2.05115182813956	0.203585220090872	1.65428911154321	2.4528463869675
2.19308678996344	0.2347397828228	1.73299681563075	2.65317676429613	2.18010229108192	0.201590895847289	1.78498413522124	2.57522044694261	2.18010229108192	0.2347397828228	1.68174195782931	2.60660949164652
2.22566878723146	0.161763176045931	1.90861296218144	2.54272461228148	2.2137456735864	0.164494196228725	1.8913370489781	2.53615429819471	2.2137456735864	0.161763176045931	1.90775649669352	2.53893879317177
1.91800227652091	0.176068279106512	1.57290844947214	2.26309610356967	1.90370166082503	0.176295614578698	1.55816225625078	2.24924106539928	1.90370166082503	0.176068279106512	1.54259802561825	2.24110069327875
1.88323867566634	0.206915234807826	1.477684815443	2.28879253588968	1.85445349920433	0.178623422958143	1.50435159020637	2.20455540820229	1.85445349920433	0.206915234807826	1.38586716150171	2.21982412650242
2.28308363187882	0.194549489593223	1.90176663227611	2.66440063148154	2.29903409658769	0.180427550753047	1.94539609711172	2.65267209606367	2.29903409658769	0.194549489593223	1.93465100321761	2.69036633203764
2.1640752309926	0.159893325508281	1.85068431299637	2.47746614898883	2.14147526266897	0.159384402817224	1.82908183314721	2.45386869219073	2.14147526266897	0.159893325508281	1.82370597671511	2.46062934027983
2.28416390639115	0.176598900787235	1.93803006084817	2.63029775193413	2.26475390359929	0.175795878995759	1.92019398076761	2.60931382643098	2.26475390359929	0.176598900787235	1.92106510058529	2.60193006679169
2.307639569322	0.241876059067565	1.83356249354957	2.78171664509443	2.29147860552907	0.213312461069411	1.87338618183302	2.70957102922511	2.29147860552907	0.241876059067565	1.77658922764308	2.729746538113
1.86268393732277	0.232743914629496	1.40650586464896	2.31886200999658	1.89228953107688	0.200928954350493	1.49846878054991	2.28611028160384	1.89228953107688	0.232743914629496	1.44889101669431	2.41716128188454
1.88999832509679	0.262904092451682	1.37470630389149	2.40529034630209	1.93133202180253	0.23168053368178	1.47723817578624	2.38542586781882	1.93133202180253	0.262904092451682	1.40295539851468	2.43095401550178
1.9757223619076	0.164803738311083	1.65270703481787	2.29873768899732	2.00934892996535	0.156243874882417	1.70311093519582	2.31558692473489	2.00934892996535	0.164803738311083	1.70002493543718	2.3320364193219
1.64567741727942	0.155334203859361	1.34122237771507	1.95013245684376	1.65042529685498	0.164407837623578	1.32818593511276	1.97266465859719	1.65042529685498	0.155334203859361	1.34224815674201	1.96509570528396
2.0162409895932	0.245375727455925	1.53530456377959	2.49717741540681	2.04571692945396	0.239723549263323	1.57585877289785	2.51557508601007	2.04571692945396	0.245375727455925	1.53166920391814	2.47763395196944
2.00233711601957	0.206173239956042	1.59823756570573	2.40643666633341	1.99249846741326	0.18540196615997	1.62911061373972	2.3558863210868	1.99249846741326	0.206173239956042	1.58972639699889	2.39050002842216
2.33032584846565	0.179530901986251	1.97844528057259	2.6822064163587	2.33319871564104	0.1795260808122	1.98132759724912	2.68506983403295	2.33319871564104	0.179530901986251	1.99802737049095	2.70580074188824
1.89581534890009	0.184368317279078	1.5344534470331	2.25717725076708	1.87166102524343	0.18101196727649	1.51687756938151	2.22644448110535	1.87166102524343	0.184368317279078	1.52431899659728	2.18899390516766
2.14451223427368	0.180640686596957	1.79045648854365	2.49856798000372	2.16892922520153	0.172348494905344	1.83112617518706	2.50673227521601	2.16892922520153	0.180640686596957	1.84586803430702	2.5313299543806
1.87169649790611	0.258127817766451	1.36576597508387	2.37762702072836	1.85372900563002	0.226716168030565	1.40936531629011	2.29809269496993	1.85372900563002	0.258127817766451	1.29528134501693	2.31692258593623
1.95068926821453	0.349645195199459	1.26538468562359	2.63599385080547	1.75762961929331	0.287430943111502	1.19426497079477	2.32099426779186	1.75762961929331	0.349645195199459	0.932570004584239	2.29218414672604
2.15369910537588	0.201731366373337	1.75830562728414	2.54909258346762	2.16191764691899	0.206803916988392	1.75658196962174	2.56725332421623	2.16191764691899	0.201731366373337	1.80425230498007	2.59888414979684
1.99900441761965	0.32424155628419	1.36349096730263	2.63451786793666	1.97958096530936	0.298679410477311	1.39416932077383	2.56499260984489	1.97958096530936	0.32424155628419	1.32338710604065	2.49520063847701
2.06176182548124	0.339510235080665	1.39632176472313	2.72720188623934	1.99082638509943	0.269802752325192	1.46201299054205	2.5196397796568	1.99082638509943	0.339510235080665	1.15557408691516	2.4829090435075
2.0471701547446	0.234296566809466	1.58794888379805	2.50639142569115	2.0493733447464	0.219164523628304	1.61981087843492	2.47893581105787	2.0493733447464	0.234296566809466	1.51859123432688	2.47173481138953
2.16185402830033	0.263662910364987	1.64507472398495	2.6786333326157	2.19535215604623	0.251818925809027	1.70178706146053	2.68891725063192	2.19535215604623	0.263662910364987	1.66314237223009	2.65282536070697
2.0703599960049	0.166657922001425	1.74371046888211	2.39700952312769	2.06674905266955	0.180228317648999	1.71350155007752	2.41999655526159	2.06674905266955	0.166657922001425	1.76162558623781	2.3928283132542
2.52563765711661	0.16294274282613	2.2062698811774	2.84500543305583	2.51427292627191	0.165287987638152	2.19030847050113	2.83823738204268	2.51427292627191	0.16294274282613	2.20643719838989	2.83038079515633
1.82589441560989	0.262673761248064	1.31105384356368	2.34073498765609	1.84913393409485	0.233177571391681	1.39210589416716	2.30616197402255	1.84913393409485	0.262673761248064	1.31710336036463	2.34637563465117
1.87124940231	0.208360926893338	1.46286198559905	2.27963681902094	1.88085769800308	0.190789664423813	1.5069099557324	2.25480544027375	1.88085769800308	0.208360926893338	1.43060087314927	2.27098144623637
2.22612050314018	0.185198506303619	1.86313143078509	2.58910957549527	2.23198453968273	0.190566002074458	1.85847517561679	2.60549390374866	2.23198453968273	0.185198506303619	1.86799994059084	2.5885691367524
2.19153102774791	0.274435873244445	1.65363671618879	2.72942533930702	2.26192084204858	0.238341357319514	1.79477178170233	2.72906990239482	2.26192084204858	0.274435873244445	1.72150724957218	2.81382111422187
2.24815826004319	0.164964425669478	1.92482798573102	2.57148853435537	2.26575564628669	0.167031726447284	1.93837346245001	2.59313783012337	2.26575564628669	0.164964425669478	1.93043607389899	2.57026060281429
2.2296442693805	0.1814250499721	1.87405117143518	2.58523736732582	2.21836888065772	0.174548583439659	1.87625365711598	2.56048410419945	2.21836888065772	0.1814250499721	1.84532703790648	2.56975826075502
2.09027776903008	0.22038382594217	1.65832547018342	2.52223006787673	2.13630376957808	0.20083133981205	1.74267434354646	2.5299331956097	2.13630376957808	0.22038382594217	1.71463194576195	2.56315521883275
1.93495544855975	0.187233747637892	1.56797730318948	2.30193359393001	1.9449193568813	0.176973605187427	1.59805109071395	2.29178762304866	1.9449193568813	0.187233747637892	1.58517967668669	2.33042728488892
2.31459002226632	0.208411530750877	1.9061034219946	2.72307662253803	2.26923914632391	0.189054040379116	1.89869322718084	2.63978506546698	2.26923914632391	0.208411530750877	1.86067781007178	2.63660205310881
1.9660594633975	0.212987041741012	1.54860486158512	2.38351406520988	1.98631634329344	0.216570319698081	1.5618385166852	2.41079416990168	1.98631634329344	0.212987041741012	1.5737184553715	2.40636579022764
1.56629418952092	0.29966576261392	0.978949294797631	2.1536390842442	1.56856976402888	0.282427540271301	1.01501178509713	2.12212774296063	1.56856976402888	0.29966576261392	0.8933201609501	2.11029135925461
2.01729212580539	0.268334708060111	1.49135609800757	2.54322815360321	1.90476345812132	0.22957601359822	1.45479447146881	2.35473244477383	1.90476345812132	0.268334708060111	1.2919673007782	2.33587938692248
1.80218920169557	0.291385040113452	1.23107452307321	2.37330388031794	1.87518804493975	0.250468759440587	1.3842692764362	2.3661068134433	1.87518804493975	0.291385040113452	1.25099964406645	2.43493186198555
1.80561959608958	0.178746083360021	1.45527727270393	2.15596191947522	1.81344500097055	0.181996479000433	1.4567319021297	2.1701580998114	1.81344500097055	0.178746083360021	1.45689071134947	2.18428451542603
2.00916682191577	0.15511787093413	1.70513579488487	2.31319784894666	2.01972627606713	0.147407186130316	1.73080819125172	2.30864436088255	2.01972627606713	0.15511787093413	1.72806106227946	2.34457804762781
2.36024218824779	0.152337579771046	2.06166053189654	2.65882384459904	2.36592641886208	0.150652877409861	2.07064677913876	2.66120605858541	2.36592641886208	0.152337579771046	2.08494272857795	2.65889530577202
1.80845851926675	0.245826417293277	1.32663874137193	2.29027829716158	1.81490775579335	0.224773315887265	1.37435205665431	2.25546345493239	1.81490775579335	0.245826417293277	1.35980414159532	2.35151224635419
1.81140746763447	0.197703035562027	1.4239095179329	2.19890541733605	1.77024399609921	0.185299804777901	1.40705637873453	2.1334316134639	1.77024399609921	0.197703035562027	1.35765469723969	2.12873237646363
2.07312494393727	0.25579207102556	1.57177248472717	2.57447740314737	2.00699460918452	0.20835597698728	1.59861689428945	2.41537232407959	2.00699460918452	0.25579207102556	1.44344124964576	2.41586254943602
2.06944221735897	0.192417223517055	1.69230445926555	2.4465799754524	2.12473501504257	0.187172699722254	1.75787652358695	2.49159350649818	2.12473501504257	0.192417223517055	1.77347684348421	2.50561109066809
2.29900422247824	0.217886848760313	1.87194599890803	2.72606244604845	2.2504666656861	0.201536754564916	1.85545462673887	2.64547870463334	2.2504666656861	0.217886848760313	1.78071751194633	2.606916198583
1.89203480170916	0.254026170591153	1.3941435073505	2.38992609606782	1.8695585906376	0.21006302483847	1.4578350619542	2.28128211932101	1.8695585906376	0.254026170591153	1.259327165518	2.29029452108532
2.01380740371561	0.157667946344504	1.70477822888038	2.32283657855084	2.03456257988229	0.144510663007678	1.75132168038724	2.31780347937734	2.03456257988229	0.157667946344504	1.74399759062378	2.3930325856284
2.28206447301837	0.164025480764961	1.96057453071905	2.6035544153177	2.27390813292697	0.16395325045515	1.95255976203487	2.59525650381906	2.27390813292697	0.164025480764961	1.94376844812293	2.58769388059452
1.88942181635269	0.201754027250693	1.49398392294133	2.28485970976405	1.87361854828966	0.206730076131781	1.46842759907137	2.27880949750795	1.87361854828966	0.201754027250693	1.46450513405434	2.25437354642626
2.34642851562046	0.148451943148315	2.05546270704976	2.63739432419116	2.33586293291339	0.146883508752066	2.04797125575934	2.62375461006743	2.33586293291339	0.148451943148315	2.04981915491739	2.6291163480681
1.95526798568068	0.246405133974987	1.4723139230897	2.43822204827165	1.94931179674719	0.22121710250507	1.51572627583725	2.38289731765712	1.94931179674719	0.246405133974987	1.4293636250111	2.41713921882607
1.96476676435692	0.187022211742639	1.59820322934135	2.33133029937249	2.00466316664313	0.163245299746625	1.68470237913975	2.32462395414652	2.00466316664313	0.187022211742639	1.65946159334453	2.38235659118909
2.11844794389555	0.169129294293269	1.78695452708075	2.44994136071036	2.15651524139017	0.164341807029425	1.83440529961249	2.47862518316784	2.15651524139017	0.169129294293269	1.8260305342382	2.48551011365347
1.99570490640772	0.254293768160385	1.49728912081337	2.49412069200208	1.87169292112211	0.222575536708326	1.43544486917379	2.30794097307043	1.87169292112211	0.254293768160385	1.38450209485676	2.37247906270605
2.11731361248393	0.208185721398025	1.7092695985438	2.52535762642406	2.1473930509883	0.183403926177111	1.78792135568116	2.50686474629544	2.1473930509883	0.208185721398025	1.7398995610153	2.53543390918969
1.98142552323607	0.174237835955315	1.63991936476365	2.32293168170849	1.99746783895059	0.174735804878577	1.65498566138857	2.3399500165126	1.99746783895059	0.174237835955315	1.68517031415466	2.33077884118312
1.77003424051475	0.28917795581086	1.20324544712546	2.33682303390404	1.81118417053253	0.244270639259536	1.33241371758384	2.28995462348122	1.81118417053253	0.28917795581086	1.2015283092891	2.31859917205746
2.18584838306009	0.193468183107987	1.80665074416844	2.56504602195175	2.21378939666333	0.195676980435622	1.83026251500951	2.59731627831715	2.21378939666333	0.193468183107987	1.82058365619804	2.59505471151294
2.00504563938393	0.217447087186181	1.57884934849902	2.43124193026885	2.01842034725269	0.217887495585986	1.59136085590416	2.44547983860123	2.01842034725269	0.217447087186181	1.59893210572641	2.42308399545333
1.9824638519925	0.151934905957662	1.68467143631548	2.28025626766952	1.98777602483697	0.15817614218637	1.67775078615169	2.29780126352226	1.98777602483697	0.151934905957662	1.68992516250105	2.26909472926987
1.90566219313118	0.180412391460696	1.55205390586822	2.25927048039414	1.88110351263383	0.161631821206033	1.56430514307001	2.19790188219766	1.88110351263383	0.180412391460696	1.49477523389951	2.22287185421612
2.12198654366463	0.188641563656034	1.7522490788988	2.49172400843046	2.10869916605822	0.188859942789792	1.73853367819022	2.47886465392621	2.10869916605822	0.188641563656034	1.73099225889063	2.44695276729352
1.99844877129507	0.187505771173727	1.63093745979457	2.36596008279558	1.99627410463558	0.178987174936007	1.645459241761	2.34708896751015	1.99627410463558	0.187505771173727	1.63371830094502	2.34710204079101
2.0807234192416	0.189355823667984	1.70958600485235	2.45186083363085	2.08268772037938	0.197923996382188	1.69475668747029	2.47061875328847	2.08268772037938	0.189355823667984	1.70369219244232	2.42516279408435
1.93105192794856	0.20538306869998	1.5285011132966	2.33360274260052	1.95641977883925	0.198601729976901	1.56716038808453	2.34567916959398	1.95641977883925	0.20538306869998	1.57592385241378	2.35847635389822
1.71487382416799	0.210635563028712	1.30202812063171	2.12771952770426	1.73503349688799	0.195513309068006	1.3518274111147	2.11823958266128	1.73503349688799	0.210635563028712	1.30028296236469	2.12300820252193
1.42011951784962	0.422916864266924	0.591202463886444	2.24903657181279	1.43305753938141	0.403537433567561	0.642124169588986	2.22399090917383	1.43305753938141	0.422916864266924	0.415604797191735	2.08180363006662
2.19673197530106	0.287298182061046	1.63362753846141	2.75983641214071	2.27202331906217	0.261082056928753	1.76030248748182	2.78374415064253	2.27202331906217	0.287298182061046	1.66164669573399	2.76234884148517
2.02370660638895	0.226013709015947	1.58071973671769	2.46669347606021	2.0477447111294	0.19825111079956	1.65917253396226	2.43631688829653	2.0477447111294	0.226013709015947	1.64119093066554	2.51308458208632
2.13653096876217	0.208616998690157	1.72764165132946	2.54542028619488	2.15619901279557	0.200543486848741	1.76313377857204	2.54926424701911	2.15619901279557	0.208616998690157	1.6980461078801	2.54294993395867
1.69200890731918	0.269732909239849	1.16333240520908	2.22068540942929	1.72277639717383	0.245006721617041	1.24256322280443	2.20298957154323	1.72277639717383	0.269732909239849	1.1397572836158	2.18527790317248
2.11146875222399	0.16140913445532	1.79510684869156	2.42783065575641	2.10534092280653	0.168575946401997	1.77493206785861	2.43574977775444	2.10534092280653	0.16140913445532	1.79315048708453	2.42881370133772
2.18565112777172	0.179014127454427	1.83478343796104	2.53651881758239	2.15427139391283	0.178486292049504	1.8044382614958	2.50410452632986	2.15427139391283	0.179014127454427	1.78567727115885	2.49103751864629
2.07888606377321	0.179416035314368	1.72723063455705	2.43054149298937	2.05832550179787	0.177863691201447	1.70971266704303	2.4069383365527	2.05832550179787	0.179416035314368	1.69621883367087	2.40982163180556
1.61239597594346	0.336577101041858	0.952704857901418	2.2720870939855	1.62098985213003	0.325955180625355	0.982117698104337	2.25986200615573	1.62098985213003	0.336577101041858	0.826888631545617	2.11384102296844
1.88221673065692	0.213150024677403	1.46444268228921	2.29999077902463	1.8921064627969	0.201800355896796	1.49657776523918	2.28763516035462	1.8921064627969	0.213150024677403	1.45043570635763	2.30648780085807
2.22591028106705	0.199187393679652	1.83550298945493	2.61631757267916	2.21784206495344	0.197888275856549	1.82998104427461	2.60570308563228	2.21784206495344	0.199187393679652	1.82264930608621	2.58546353442357
1.80391277413982	0.32601980146271	1.16491396327291	2.44291158500673	1.84408801169245	0.292115059166031	1.27154249572703	2.41663352765787	1.84408801169245	0.32601980146271	1.14150459594794	2.42454626993774
2.01235273366841	0.195345255651017	1.62947603259242	2.3952294347444	2.02144944537203	0.183553482934781	1.66168461881986	2.3812142719242	2.02144944537203	0.195345255651017	1.63149837454115	2.38114164323439
2.0637853672084	0.286152862705617	1.50292575630539	2.62464497811141	2.02572998175036	0.25986710418241	1.51639045755283	2.53506950594788	2.02572998175036	0.286152862705617	1.38468712539698	2.49235193757158
1.69080728120314	0.37988140025186	0.946239736709499	2.43537482569679	1.72931342900754	0.303234561162208	1.13497368912961	2.32365316888546	1.72931342900754	0.37988140025186	0.795402527760562	2.36957353073377
2.03594229563669	0.170650063919431	1.70146817035461	2.37041642091878	2.02569378301293	0.168497407885569	1.69543886355721	2.35594870246864	2.02569378301293	0.170650063919431	1.6916615853301	2.34962618057464
1.81800998946911	0.278633112186213	1.27188908958413	2.36413088935408	1.84103579944162	0.247081453706241	1.35675615017739	2.32531544870585	1.84103579944162	0.278633112186213	1.20897998357592	2.32188085707513
2.02542789870442	0.328550366729882	1.38146917991385	2.66938661749499	1.96215924274762	0.288140661771007	1.39740354567645	2.52691493981879	1.96215924274762	0.328550366729882	1.21640791026958	2.50839958976833
2.15770393774741	0.196816318754299	1.77194395298898	2.54346392250583	2.17909015607185	0.187577257253321	1.81143873185534	2.54674158028836	2.17909015607185	0.196816318754299	1.79960638965521	2.56518595388305
2.15687962722442	0.214806903173716	1.73585809700394	2.57790115744491	2.25045695420075	0.182579632860781	1.89260087379362	2.60831303460788	2.25045695420075	0.214806903173716	1.83426932515926	2.67271948128571
1.96716115548563	0.286175346053426	1.40625747722091	2.52806483375034	1.94282445769924	0.247087077248172	1.45853378629282	2.42711512910566	1.94282445769924	0.286175346053426	1.17780915335705	2.41187208652643
1.99289236469868	0.267301829362919	1.46898077914736	2.51680395025	2.22960117489829	0.230681167271601	1.77746608704595	2.68173626275063	2.22960117489829	0.267301829362919	1.70522990016132	2.70268714161428
2.05001543908269	0.197204787525238	1.66349405553323	2.43653682263216	2.10783896158653	0.193368783527837	1.72883614587197	2.48684177730109	2.10783896158653	0.197204787525238	1.7316761562287	2.51652134452589
2.06672817329154	0.152171387797673	1.7684722532081	2.36498409337498	2.06548366075401	0.154529573111125	1.76260569745621	2.36836162405182	2.06548366075401	0.152171387797673	1.76260179854057	2.34619460179753
NA	NA	NA	NA	NA	NA	NA	NA	NA	NA	NA	NA
NA	NA	NA	NA	NA	NA	NA	NA	NA	NA	NA	NA
NA	NA	NA	NA	NA	NA	NA	NA	NA	NA	NA	NA
NA	NA	NA	NA	NA	NA	NA	NA	NA	NA	NA	NA
NA	NA	NA	NA	NA	NA	NA	NA	NA	NA	NA	NA
NA	NA	NA	NA	NA	NA	NA	NA	NA	NA	NA	NA
NA	NA	NA	NA	NA	NA	NA	NA	NA	NA	NA	NA
NA	NA	NA	NA	NA	NA	NA	NA	NA	NA	NA	NA
NA	NA	NA	NA	NA	NA	NA	NA	NA	NA	NA	NA
NA	NA	NA	NA	NA	NA	NA	NA	NA	NA	NA	NA
NA	NA	NA	NA	NA	NA	NA	NA	NA	NA	NA	NA
NA	NA	NA	NA	NA	NA	NA	NA	NA	NA	NA	NA
NA	NA	NA	NA	NA	NA	NA	NA	NA	NA	NA	NA
NA	NA	NA	NA	NA	NA	NA	NA	NA	NA	NA	NA
NA	NA	NA	NA	NA	NA	NA	NA	NA	NA	NA	NA
NA	NA	NA	NA	NA	NA	NA	NA	NA	NA	NA	NA
NA	NA	NA	NA	NA	NA	NA	NA	NA	NA	NA	NA
NA	NA	NA	NA	NA	NA	NA	NA	NA	NA	NA	NA
NA	NA	NA	NA	NA	NA	NA	NA	NA	NA	NA	NA
NA	NA	NA	NA	NA	NA	NA	NA	NA	NA	NA	NA
NA	NA	NA	NA	NA	NA	NA	NA	NA	NA	NA	NA
NA	NA	NA	NA	NA	NA	NA	NA	NA	NA	NA	NA
NA	NA	NA	NA	NA	NA	NA	NA	NA	NA	NA	NA
NA	NA	NA	NA	NA	NA	NA	NA	NA	NA	NA	NA
NA	NA	NA	NA	NA	NA	NA	NA	NA	NA	NA	NA
NA	NA	NA	NA	NA	NA	NA	NA	NA	NA	NA	NA
NA	NA	NA	NA	NA	NA	NA	NA	NA	NA	NA	NA
NA	NA	NA	NA	NA	NA	NA	NA	NA	NA	NA	NA
NA	NA	NA	NA	NA	NA	NA	NA	NA	NA	NA	NA
NA	NA	NA	NA	NA	NA	NA	NA	NA	NA	NA	NA
NA	NA	NA	NA	NA	NA	NA	NA	NA	NA	NA	NA
NA	NA	NA	NA	NA	NA	NA	NA	NA	NA	NA	NA
NA	NA	NA	NA	NA	NA	NA	NA	NA	NA	NA	NA
NA	NA	NA	NA	NA	NA	NA	NA	NA	NA	NA	NA
NA	NA	NA	NA	NA	NA	NA	NA	NA	NA	NA	NA
NA	NA	NA	NA	NA	NA	NA	NA	NA	NA	NA	NA
NA	NA	NA	NA	NA	NA	NA	NA	NA	NA	NA	NA
NA	NA	NA	NA	NA	NA	NA	NA	NA	NA	NA	NA
NA	NA	NA	NA	NA	NA	NA	NA	NA	NA	NA	NA
NA	NA	NA	NA	NA	NA	NA	NA	NA	NA	NA	NA
NA	NA	NA	NA	NA	NA	NA	NA	NA	NA	NA	NA
NA	NA	NA	NA	NA	NA	NA	NA	NA	NA	NA	NA
NA	NA	NA	NA	NA	NA	NA	NA	NA	NA	NA	NA
NA	NA	NA	NA	NA	NA	NA	NA	NA	NA	NA	NA
NA	NA	NA	NA	NA	NA	NA	NA	NA	NA	NA	NA
NA	NA	NA	NA	NA	NA	NA	NA	NA	NA	NA	NA
NA	NA	NA	NA	NA	NA	NA	NA	NA	NA	NA	NA
NA	NA	NA	NA	NA	NA	NA	NA	NA	NA	NA	NA
NA	NA	NA	NA	NA	NA	NA	NA	NA	NA	NA	NA
NA	NA	NA	NA	NA	NA	NA	NA	NA	NA	NA	NA
NA	NA	NA	NA	NA	NA	NA	NA	NA	NA	NA	NA
NA	NA	NA	NA	NA	NA	NA	NA	NA	NA	NA	NA
NA	NA	NA	NA	NA	NA	NA	NA	NA	NA	NA	NA
NA	NA	NA	NA	NA	NA	NA	NA	NA	NA	NA	NA
NA	NA	NA	NA	NA	NA	NA	NA	NA	NA	NA	NA
NA	NA	NA	NA	NA	NA	NA	NA	NA	NA	NA	NA
NA	NA	NA	NA	NA	NA	NA	NA	NA	NA	NA	NA
NA	NA	NA	NA	NA	NA	NA	NA	NA	NA	NA	NA
NA	NA	NA	NA	NA	NA	NA	NA	NA	NA	NA	NA
NA	NA	NA	NA	NA	NA	NA	NA	NA	NA	NA	NA
NA	NA	NA	NA	NA	NA	NA	NA	NA	NA	NA	NA
NA	NA	NA	NA	NA	NA	NA	NA	NA	NA	NA	NA
NA	NA	NA	NA	NA	NA	NA	NA	NA	NA	NA	NA
NA	NA	NA	NA	NA	NA	NA	NA	NA	NA	NA	NA
NA	NA	NA	NA	NA	NA	NA	NA	NA	NA	NA	NA
NA	NA	NA	NA	NA	NA	NA	NA	NA	NA	NA	NA
NA	NA	NA	NA	NA	NA	NA	NA	NA	NA	NA	NA
NA	NA	NA	NA	NA	NA	NA	NA	NA	NA	NA	NA
NA	NA	NA	NA	NA	NA	NA	NA	NA	NA	NA	NA
NA	NA	NA	NA	NA	NA	NA	NA	NA	NA	NA	NA
NA	NA	NA	NA	NA	NA	NA	NA	NA	NA	NA	NA
NA	NA	NA	NA	NA	NA	NA	NA	NA	NA	NA	NA
NA	NA	NA	NA	NA	NA	NA	NA	NA	NA	NA	NA
NA	NA	NA	NA	NA	NA	NA	NA	NA	NA	NA	NA
NA	NA	NA	NA	NA	NA	NA	NA	NA	NA	NA	NA
NA	NA	NA	NA	NA	NA	NA	NA	NA	NA	NA	NA
NA	NA	NA	NA	NA	NA	NA	NA	NA	NA	NA	NA
NA	NA	NA	NA	NA	NA	NA	NA	NA	NA	NA	NA
NA	NA	NA	NA	NA	NA	NA	NA	NA	NA	NA	NA
NA	NA	NA	NA	NA	NA	NA	NA	NA	NA	NA	NA
NA	NA	NA	NA	NA	NA	NA	NA	NA	NA	NA	NA
NA	NA	NA	NA	NA	NA	NA	NA	NA	NA	NA	NA
NA	NA	NA	NA	NA	NA	NA	NA	NA	NA	NA	NA
NA	NA	NA	NA	NA	NA	NA	NA	NA	NA	NA	NA
NA	NA	NA	NA	NA	NA	NA	NA	NA	NA	NA	NA
NA	NA	NA	NA	NA	NA	NA	NA	NA	NA	NA	NA
NA	NA	NA	NA	NA	NA	NA	NA	NA	NA	NA	NA
NA	NA	NA	NA	NA	NA	NA	NA	NA	NA	NA	NA
NA	NA	NA	NA	NA	NA	NA	NA	NA	NA	NA	NA
NA	NA	NA	NA	NA	NA	NA	NA	NA	NA	NA	NA
NA	NA	NA	NA	NA	NA	NA	NA	NA	NA	NA	NA
NA	NA	NA	NA	NA	NA	NA	NA	NA	NA	NA	NA
NA	NA	NA	NA	NA	NA	NA	NA	NA	NA	NA	NA
NA	NA	NA	NA	NA	NA	NA	NA	NA	NA	NA	NA
NA	NA	NA	NA	NA	NA	NA	NA	NA	NA	NA	NA
NA	NA	NA	NA	NA	NA	NA	NA	NA	NA	NA	NA
NA	NA	NA	NA	NA	NA	NA	NA	NA	NA	NA	NA
NA	NA	NA	NA	NA	NA	NA	NA	NA	NA	NA	NA
NA	NA	NA	NA	NA	NA	NA	NA	NA	NA	NA	NA
NA	NA	NA	NA	NA	NA	NA	NA	NA	NA	NA	NA
NA	NA	NA	NA	NA	NA	NA	NA	NA	NA	NA	NA
NA	NA	NA	NA	NA	NA	NA	NA	NA	NA	NA	NA
NA	NA	NA	NA	NA	NA	NA	NA	NA	NA	NA	NA
NA	NA	NA	NA	NA	NA	NA	NA	NA	NA	NA	NA
NA	NA	NA	NA	NA	NA	NA	NA	NA	NA	NA	NA
NA	NA	NA	NA	NA	NA	NA	NA	NA	NA	NA	NA
NA	NA	NA	NA	NA	NA	NA	NA	NA	NA	NA	NA
NA	NA	NA	NA	NA	NA	NA	NA	NA	NA	NA	NA
NA	NA	NA	NA	NA	NA	NA	NA	NA	NA	NA	NA
NA	NA	NA	NA	NA	NA	NA	NA	NA	NA	NA	NA
NA	NA	NA	NA	NA	NA	NA	NA	NA	NA	NA	NA
NA	NA	NA	NA	NA	NA	NA	NA	NA	NA	NA	NA
NA	NA	NA	NA	NA	NA	NA	NA	NA	NA	NA	NA
NA	NA	NA	NA	NA	NA	NA	NA	NA	NA	NA	NA
NA	NA	NA	NA	NA	NA	NA	NA	NA	NA	NA	NA
NA	NA	NA	NA	NA	NA	NA	NA	NA	NA	NA	NA
NA	NA	NA	NA	NA	NA	NA	NA	NA	NA	NA	NA
NA	NA	NA	NA	NA	NA	NA	NA	NA	NA	NA	NA
NA	NA	NA	NA	NA	NA	NA	NA	NA	NA	NA	NA
NA	NA	NA	NA	NA	NA	NA	NA	NA	NA	NA	NA
NA	NA	NA	NA	NA	NA	NA	NA	NA	NA	NA	NA
NA	NA	NA	NA	NA	NA	NA	NA	NA	NA	NA	NA
NA	NA	NA	NA	NA	NA	NA	NA	NA	NA	NA	NA
NA	NA	NA	NA	NA	NA	NA	NA	NA	NA	NA	NA
NA	NA	NA	NA	NA	NA	NA	NA	NA	NA	NA	NA
NA	NA	NA	NA	NA	NA	NA	NA	NA	NA	NA	NA
NA	NA	NA	NA	NA	NA	NA	NA	NA	NA	NA	NA
NA	NA	NA	NA	NA	NA	NA	NA	NA	NA	NA	NA
NA	NA	NA	NA	NA	NA	NA	NA	NA	NA	NA	NA
NA	NA	NA	NA	NA	NA	NA	NA	NA	NA	NA	NA
NA	NA	NA	NA	NA	NA	NA	NA	NA	NA	NA	NA
NA	NA	NA	NA	NA	NA	NA	NA	NA	NA	NA	NA
NA	NA	NA	NA	NA	NA	NA	NA	NA	NA	NA	NA
NA	NA	NA	NA	NA	NA	NA	NA	NA	NA	NA	NA
NA	NA	NA	NA	NA	NA	NA	NA	NA	NA	NA	NA
NA	NA	NA	NA	NA	NA	NA	NA	NA	NA	NA	NA
NA	NA	NA	NA	NA	NA	NA	NA	NA	NA	NA	NA
NA	NA	NA	NA	NA	NA	NA	NA	NA	NA	NA	NA
NA	NA	NA	NA	NA	NA	NA	NA	NA	NA	NA	NA
NA	NA	NA	NA	NA	NA	NA	NA	NA	NA	NA	NA
NA	NA	NA	NA	NA	NA	NA	NA	NA	NA	NA	NA
NA	NA	NA	NA	NA	NA	NA	NA	NA	NA	NA	NA
NA	NA	NA	NA	NA	NA	NA	NA	NA	NA	NA	NA
NA	NA	NA	NA	NA	NA	NA	NA	NA	NA	NA	NA
NA	NA	NA	NA	NA	NA	NA	NA	NA	NA	NA	NA
NA	NA	NA	NA	NA	NA	NA	NA	NA	NA	NA	NA
NA	NA	NA	NA	NA	NA	NA	NA	NA	NA	NA	NA
NA	NA	NA	NA	NA	NA	NA	NA	NA	NA	NA	NA
NA	NA	NA	NA	NA	NA	NA	NA	NA	NA	NA	NA
NA	NA	NA	NA	NA	NA	NA	NA	NA	NA	NA	NA
NA	NA	NA	NA	NA	NA	NA	NA	NA	NA	NA	NA
NA	NA	NA	NA	NA	NA	NA	NA	NA	NA	NA	NA
NA	NA	NA	NA	NA	NA	NA	NA	NA	NA	NA	NA
NA	NA	NA	NA	NA	NA	NA	NA	NA	NA	NA	NA
NA	NA	NA	NA	NA	NA	NA	NA	NA	NA	NA	NA
NA	NA	NA	NA	NA	NA	NA	NA	NA	NA	NA	NA
NA	NA	NA	NA	NA	NA	NA	NA	NA	NA	NA	NA
NA	NA	NA	NA	NA	NA	NA	NA	NA	NA	NA	NA
NA	NA	NA	NA	NA	NA	NA	NA	NA	NA	NA	NA
NA	NA	NA	NA	NA	NA	NA	NA	NA	NA	NA	NA
NA	NA	NA	NA	NA	NA	NA	NA	NA	NA	NA	NA
NA	NA	NA	NA	NA	NA	NA	NA	NA	NA	NA	NA
NA	NA	NA	NA	NA	NA	NA	NA	NA	NA	NA	NA
NA	NA	NA	NA	NA	NA	NA	NA	NA	NA	NA	NA
NA	NA	NA	NA	NA	NA	NA	NA	NA	NA	NA	NA
NA	NA	NA	NA	NA	NA	NA	NA	NA	NA	NA	NA
NA	NA	NA	NA	NA	NA	NA	NA	NA	NA	NA	NA
NA	NA	NA	NA	NA	NA	NA	NA	NA	NA	NA	NA
NA	NA	NA	NA	NA	NA	NA	NA	NA	NA	NA	NA
NA	NA	NA	NA	NA	NA	NA	NA	NA	NA	NA	NA
NA	NA	NA	NA	NA	NA	NA	NA	NA	NA	NA	NA
NA	NA	NA	NA	NA	NA	NA	NA	NA	NA	NA	NA
NA	NA	NA	NA	NA	NA	NA	NA	NA	NA	NA	NA
NA	NA	NA	NA	NA	NA	NA	NA	NA	NA	NA	NA
NA	NA	NA	NA	NA	NA	NA	NA	NA	NA	NA	NA
NA	NA	NA	NA	NA	NA	NA	NA	NA	NA	NA	NA
NA	NA	NA	NA	NA	NA	NA	NA	NA	NA	NA	NA
NA	NA	NA	NA	NA	NA	NA	NA	NA	NA	NA	NA
NA	NA	NA	NA	NA	NA	NA	NA	NA	NA	NA	NA
NA	NA	NA	NA	NA	NA	NA	NA	NA	NA	NA	NA
NA	NA	NA	NA	NA	NA	NA	NA	NA	NA	NA	NA
NA	NA	NA	NA	NA	NA	NA	NA	NA	NA	NA	NA
NA	NA	NA	NA	NA	NA	NA	NA	NA	NA	NA	NA
NA	NA	NA	NA	NA	NA	NA	NA	NA	NA	NA	NA
NA	NA	NA	NA	NA	NA	NA	NA	NA	NA	NA	NA
NA	NA	NA	NA	NA	NA	NA	NA	NA	NA	NA	NA
NA	NA	NA	NA	NA	NA	NA	NA	NA	NA	NA	NA
NA	NA	NA	NA	NA	NA	NA	NA	NA	NA	NA	NA
NA	NA	NA	NA	NA	NA	NA	NA	NA	NA	NA	NA
NA	NA	NA	NA	NA	NA	NA	NA	NA	NA	NA	NA
NA	NA	NA	NA	NA	NA	NA	NA	NA	NA	NA	NA
NA	NA	NA	NA	NA	NA	NA	NA	NA	NA	NA	NA
NA	NA	NA	NA	NA	NA	NA	NA	NA	NA	NA	NA
NA	NA	NA	NA	NA	NA	NA	NA	NA	NA	NA	NA
NA	NA	NA	NA	NA	NA	NA	NA	NA	NA	NA	NA
NA	NA	NA	NA	NA	NA	NA	NA	NA	NA	NA	NA
NA	NA	NA	NA	NA	NA	NA	NA	NA	NA	NA	NA
NA	NA	NA	NA	NA	NA	NA	NA	NA	NA	NA	NA
NA	NA	NA	NA	NA	NA	NA	NA	NA	NA	NA	NA
NA	NA	NA	NA	NA	NA	NA	NA	NA	NA	NA	NA
NA	NA	NA	NA	NA	NA	NA	NA	NA	NA	NA	NA
NA	NA	NA	NA	NA	NA	NA	NA	NA	NA	NA	NA
NA	NA	NA	NA	NA	NA	NA	NA	NA	NA	NA	NA
NA	NA	NA	NA	NA	NA	NA	NA	NA	NA	NA	NA
NA	NA	NA	NA	NA	NA	NA	NA	NA	NA	NA	NA
NA	NA	NA	NA	NA	NA	NA	NA	NA	NA	NA	NA
NA	NA	NA	NA	NA	NA	NA	NA	NA	NA	NA	NA
NA	NA	NA	NA	NA	NA	NA	NA	NA	NA	NA	NA
NA	NA	NA	NA	NA	NA	NA	NA	NA	NA	NA	NA
NA	NA	NA	NA	NA	NA	NA	NA	NA	NA	NA	NA
NA	NA	NA	NA	NA	NA	NA	NA	NA	NA	NA	NA
NA	NA	NA	NA	NA	NA	NA	NA	NA	NA	NA	NA
NA	NA	NA	NA	NA	NA	NA	NA	NA	NA	NA	NA
NA	NA	NA	NA	NA	NA	NA	NA	NA	NA	NA	NA
NA	NA	NA	NA	NA	NA	NA	NA	NA	NA	NA	NA
NA	NA	NA	NA	NA	NA	NA	NA	NA	NA	NA	NA
NA	NA	NA	NA	NA	NA	NA	NA	NA	NA	NA	NA
NA	NA	NA	NA	NA	NA	NA	NA	NA	NA	NA	NA
NA	NA	NA	NA	NA	NA	NA	NA	NA	NA	NA	NA
NA	NA	NA	NA	NA	NA	NA	NA	NA	NA	NA	NA
NA	NA	NA	NA	NA	NA	NA	NA	NA	NA	NA	NA
NA	NA	NA	NA	NA	NA	NA	NA	NA	NA	NA	NA
NA	NA	NA	NA	NA	NA	NA	NA	NA	NA	NA	NA
NA	NA	NA	NA	NA	NA	NA	NA	NA	NA	NA	NA
NA	NA	NA	NA	NA	NA	NA	NA	NA	NA	NA	NA
NA	NA	NA	NA	NA	NA	NA	NA	NA	NA	NA	NA
NA	NA	NA	NA	NA	NA	NA	NA	NA	NA	NA	NA
NA	NA	NA	NA	NA	NA	NA	NA	NA	NA	NA	NA
NA	NA	NA	NA	NA	NA	NA	NA	NA	NA	NA	NA
NA	NA	NA	NA	NA	NA	NA	NA	NA	NA	NA	NA
NA	NA	NA	NA	NA	NA	NA	NA	NA	NA	NA	NA
NA	NA	NA	NA	NA	NA	NA	NA	NA	NA	NA	NA
NA	NA	NA	NA	NA	NA	NA	NA	NA	NA	NA	NA
NA	NA	NA	NA	NA	NA	NA	NA	NA	NA	NA	NA
NA	NA	NA	NA	NA	NA	NA	NA	NA	NA	NA	NA
NA	NA	NA	NA	NA	NA	NA	NA	NA	NA	NA	NA
NA	NA	NA	NA	NA	NA	NA	NA	NA	NA	NA	NA
NA	NA	NA	NA	NA	NA	NA	NA	NA	NA	NA	NA
NA	NA	NA	NA	NA	NA	NA	NA	NA	NA	NA	NA
NA	NA	NA	NA	NA	NA	NA	NA	NA	NA	NA	NA
NA	NA	NA	NA	NA	NA	NA	NA	NA	NA	NA	NA
NA	NA	NA	NA	NA	NA	NA	NA	NA	NA	NA	NA
NA	NA	NA	NA	NA	NA	NA	NA	NA	NA	NA	NA
NA	NA	NA	NA	NA	NA	NA	NA	NA	NA	NA	NA
NA	NA	NA	NA	NA	NA	NA	NA	NA	NA	NA	NA
NA	NA	NA	NA	NA	NA	NA	NA	NA	NA	NA	NA
NA	NA	NA	NA	NA	NA	NA	NA	NA	NA	NA	NA
NA	NA	NA	NA	NA	NA	NA	NA	NA	NA	NA	NA
NA	NA	NA	NA	NA	NA	NA	NA	NA	NA	NA	NA
NA	NA	NA	NA	NA	NA	NA	NA	NA	NA	NA	NA
NA	NA	NA	NA	NA	NA	NA	NA	NA	NA	NA	NA
NA	NA	NA	NA	NA	NA	NA	NA	NA	NA	NA	NA
NA	NA	NA	NA	NA	NA	NA	NA	NA	NA	NA	NA
NA	NA	NA	NA	NA	NA	NA	NA	NA	NA	NA	NA
NA	NA	NA	NA	NA	NA	NA	NA	NA	NA	NA	NA
NA	NA	NA	NA	NA	NA	NA	NA	NA	NA	NA	NA
NA	NA	NA	NA	NA	NA	NA	NA	NA	NA	NA	NA
NA	NA	NA	NA	NA	NA	NA	NA	NA	NA	NA	NA
NA	NA	NA	NA	NA	NA	NA	NA	NA	NA	NA	NA
NA	NA	NA	NA	NA	NA	NA	NA	NA	NA	NA	NA
NA	NA	NA	NA	NA	NA	NA	NA	NA	NA	NA	NA
NA	NA	NA	NA	NA	NA	NA	NA	NA	NA	NA	NA
NA	NA	NA	NA	NA	NA	NA	NA	NA	NA	NA	NA
NA	NA	NA	NA	NA	NA	NA	NA	NA	NA	NA	NA
NA	NA	NA	NA	NA	NA	NA	NA	NA	NA	NA	NA
NA	NA	NA	NA	NA	NA	NA	NA	NA	NA	NA	NA
NA	NA	NA	NA	NA	NA	NA	NA	NA	NA	NA	NA
NA	NA	NA	NA	NA	NA	NA	NA	NA	NA	NA	NA
NA	NA	NA	NA	NA	NA	NA	NA	NA	NA	NA	NA
NA	NA	NA	NA	NA	NA	NA	NA	NA	NA	NA	NA
NA	NA	NA	NA	NA	NA	NA	NA	NA	NA	NA	NA
NA	NA	NA	NA	NA	NA	NA	NA	NA	NA	NA	NA
NA	NA	NA	NA	NA	NA	NA	NA	NA	NA	NA	NA
NA	NA	NA	NA	NA	NA	NA	NA	NA	NA	NA	NA
NA	NA	NA	NA	NA	NA	NA	NA	NA	NA	NA	NA
NA	NA	NA	NA	NA	NA	NA	NA	NA	NA	NA	NA
NA	NA	NA	NA	NA	NA	NA	NA	NA	NA	NA	NA
NA	NA	NA	NA	NA	NA	NA	NA	NA	NA	NA	NA
NA	NA	NA	NA	NA	NA	NA	NA	NA	NA	NA	NA
NA	NA	NA	NA	NA	NA	NA	NA	NA	NA	NA	NA
NA	NA	NA	NA	NA	NA	NA	NA	NA	NA	NA	NA
NA	NA	NA	NA	NA	NA	NA	NA	NA	NA	NA	NA
NA	NA	NA	NA	NA	NA	NA	NA	NA	NA	NA	NA
NA	NA	NA	NA	NA	NA	NA	NA	NA	NA	NA	NA
NA	NA	NA	NA	NA	NA	NA	NA	NA	NA	NA	NA
NA	NA	NA	NA	NA	NA	NA	NA	NA	NA	NA	NA
NA	NA	NA	NA	NA	NA	NA	NA	NA	NA	NA	NA
NA	NA	NA	NA	NA	NA	NA	NA	NA	NA	NA	NA
NA	NA	NA	NA	NA	NA	NA	NA	NA	NA	NA	NA
NA	NA	NA	NA	NA	NA	NA	NA	NA	NA	NA	NA
NA	NA	NA	NA	NA	NA	NA	NA	NA	NA	NA	NA
NA	NA	NA	NA	NA	NA	NA	NA	NA	NA	NA	NA
NA	NA	NA	NA	NA	NA	NA	NA	NA	NA	NA	NA
NA	NA	NA	NA	NA	NA	NA	NA	NA	NA	NA	NA
NA	NA	NA	NA	NA	NA	NA	NA	NA	NA	NA	NA
NA	NA	NA	NA	NA	NA	NA	NA	NA	NA	NA	NA
NA	NA	NA	NA	NA	NA	NA	NA	NA	NA	NA	NA
NA	NA	NA	NA	NA	NA	NA	NA	NA	NA	NA	NA
NA	NA	NA	NA	NA	NA	NA	NA	NA	NA	NA	NA
NA	NA	NA	NA	NA	NA	NA	NA	NA	NA	NA	NA
