X1	X2	X3	X4	X1.1	X2.1	X3.1	X4.1	X1.2	X2.2	X3.2	X4.2
NA	NA	NA	NA	NA	NA	NA	NA	NA	NA	NA	NA
NA	NA	NA	NA	NA	NA	NA	NA	NA	NA	NA	NA
NA	NA	NA	NA	NA	NA	NA	NA	NA	NA	NA	NA
NA	NA	NA	NA	NA	NA	NA	NA	NA	NA	NA	NA
NA	NA	NA	NA	NA	NA	NA	NA	NA	NA	NA	NA
NA	NA	NA	NA	NA	NA	NA	NA	NA	NA	NA	NA
NA	NA	NA	NA	NA	NA	NA	NA	NA	NA	NA	NA
NA	NA	NA	NA	NA	NA	NA	NA	NA	NA	NA	NA
NA	NA	NA	NA	NA	NA	NA	NA	NA	NA	NA	NA
NA	NA	NA	NA	NA	NA	NA	NA	NA	NA	NA	NA
NA	NA	NA	NA	NA	NA	NA	NA	NA	NA	NA	NA
NA	NA	NA	NA	NA	NA	NA	NA	NA	NA	NA	NA
NA	NA	NA	NA	NA	NA	NA	NA	NA	NA	NA	NA
NA	NA	NA	NA	NA	NA	NA	NA	NA	NA	NA	NA
NA	NA	NA	NA	NA	NA	NA	NA	NA	NA	NA	NA
NA	NA	NA	NA	NA	NA	NA	NA	NA	NA	NA	NA
NA	NA	NA	NA	NA	NA	NA	NA	NA	NA	NA	NA
NA	NA	NA	NA	NA	NA	NA	NA	NA	NA	NA	NA
NA	NA	NA	NA	NA	NA	NA	NA	NA	NA	NA	NA
NA	NA	NA	NA	NA	NA	NA	NA	NA	NA	NA	NA
NA	NA	NA	NA	NA	NA	NA	NA	NA	NA	NA	NA
NA	NA	NA	NA	NA	NA	NA	NA	NA	NA	NA	NA
NA	NA	NA	NA	NA	NA	NA	NA	NA	NA	NA	NA
NA	NA	NA	NA	NA	NA	NA	NA	NA	NA	NA	NA
NA	NA	NA	NA	NA	NA	NA	NA	NA	NA	NA	NA
NA	NA	NA	NA	NA	NA	NA	NA	NA	NA	NA	NA
NA	NA	NA	NA	NA	NA	NA	NA	NA	NA	NA	NA
NA	NA	NA	NA	NA	NA	NA	NA	NA	NA	NA	NA
NA	NA	NA	NA	NA	NA	NA	NA	NA	NA	NA	NA
NA	NA	NA	NA	NA	NA	NA	NA	NA	NA	NA	NA
NA	NA	NA	NA	NA	NA	NA	NA	NA	NA	NA	NA
NA	NA	NA	NA	NA	NA	NA	NA	NA	NA	NA	NA
NA	NA	NA	NA	NA	NA	NA	NA	NA	NA	NA	NA
NA	NA	NA	NA	NA	NA	NA	NA	NA	NA	NA	NA
NA	NA	NA	NA	NA	NA	NA	NA	NA	NA	NA	NA
NA	NA	NA	NA	NA	NA	NA	NA	NA	NA	NA	NA
NA	NA	NA	NA	NA	NA	NA	NA	NA	NA	NA	NA
NA	NA	NA	NA	NA	NA	NA	NA	NA	NA	NA	NA
NA	NA	NA	NA	NA	NA	NA	NA	NA	NA	NA	NA
NA	NA	NA	NA	NA	NA	NA	NA	NA	NA	NA	NA
NA	NA	NA	NA	NA	NA	NA	NA	NA	NA	NA	NA
NA	NA	NA	NA	NA	NA	NA	NA	NA	NA	NA	NA
NA	NA	NA	NA	NA	NA	NA	NA	NA	NA	NA	NA
NA	NA	NA	NA	NA	NA	NA	NA	NA	NA	NA	NA
NA	NA	NA	NA	NA	NA	NA	NA	NA	NA	NA	NA
NA	NA	NA	NA	NA	NA	NA	NA	NA	NA	NA	NA
NA	NA	NA	NA	NA	NA	NA	NA	NA	NA	NA	NA
NA	NA	NA	NA	NA	NA	NA	NA	NA	NA	NA	NA
NA	NA	NA	NA	NA	NA	NA	NA	NA	NA	NA	NA
NA	NA	NA	NA	NA	NA	NA	NA	NA	NA	NA	NA
NA	NA	NA	NA	NA	NA	NA	NA	NA	NA	NA	NA
NA	NA	NA	NA	NA	NA	NA	NA	NA	NA	NA	NA
NA	NA	NA	NA	NA	NA	NA	NA	NA	NA	NA	NA
NA	NA	NA	NA	NA	NA	NA	NA	NA	NA	NA	NA
NA	NA	NA	NA	NA	NA	NA	NA	NA	NA	NA	NA
NA	NA	NA	NA	NA	NA	NA	NA	NA	NA	NA	NA
NA	NA	NA	NA	NA	NA	NA	NA	NA	NA	NA	NA
NA	NA	NA	NA	NA	NA	NA	NA	NA	NA	NA	NA
NA	NA	NA	NA	NA	NA	NA	NA	NA	NA	NA	NA
NA	NA	NA	NA	NA	NA	NA	NA	NA	NA	NA	NA
NA	NA	NA	NA	NA	NA	NA	NA	NA	NA	NA	NA
NA	NA	NA	NA	NA	NA	NA	NA	NA	NA	NA	NA
NA	NA	NA	NA	NA	NA	NA	NA	NA	NA	NA	NA
NA	NA	NA	NA	NA	NA	NA	NA	NA	NA	NA	NA
NA	NA	NA	NA	NA	NA	NA	NA	NA	NA	NA	NA
NA	NA	NA	NA	NA	NA	NA	NA	NA	NA	NA	NA
NA	NA	NA	NA	NA	NA	NA	NA	NA	NA	NA	NA
NA	NA	NA	NA	NA	NA	NA	NA	NA	NA	NA	NA
NA	NA	NA	NA	NA	NA	NA	NA	NA	NA	NA	NA
NA	NA	NA	NA	NA	NA	NA	NA	NA	NA	NA	NA
NA	NA	NA	NA	NA	NA	NA	NA	NA	NA	NA	NA
NA	NA	NA	NA	NA	NA	NA	NA	NA	NA	NA	NA
NA	NA	NA	NA	NA	NA	NA	NA	NA	NA	NA	NA
NA	NA	NA	NA	NA	NA	NA	NA	NA	NA	NA	NA
NA	NA	NA	NA	NA	NA	NA	NA	NA	NA	NA	NA
NA	NA	NA	NA	NA	NA	NA	NA	NA	NA	NA	NA
NA	NA	NA	NA	NA	NA	NA	NA	NA	NA	NA	NA
NA	NA	NA	NA	NA	NA	NA	NA	NA	NA	NA	NA
NA	NA	NA	NA	NA	NA	NA	NA	NA	NA	NA	NA
NA	NA	NA	NA	NA	NA	NA	NA	NA	NA	NA	NA
NA	NA	NA	NA	NA	NA	NA	NA	NA	NA	NA	NA
NA	NA	NA	NA	NA	NA	NA	NA	NA	NA	NA	NA
NA	NA	NA	NA	NA	NA	NA	NA	NA	NA	NA	NA
NA	NA	NA	NA	NA	NA	NA	NA	NA	NA	NA	NA
NA	NA	NA	NA	NA	NA	NA	NA	NA	NA	NA	NA
NA	NA	NA	NA	NA	NA	NA	NA	NA	NA	NA	NA
NA	NA	NA	NA	NA	NA	NA	NA	NA	NA	NA	NA
NA	NA	NA	NA	NA	NA	NA	NA	NA	NA	NA	NA
NA	NA	NA	NA	NA	NA	NA	NA	NA	NA	NA	NA
NA	NA	NA	NA	NA	NA	NA	NA	NA	NA	NA	NA
NA	NA	NA	NA	NA	NA	NA	NA	NA	NA	NA	NA
NA	NA	NA	NA	NA	NA	NA	NA	NA	NA	NA	NA
NA	NA	NA	NA	NA	NA	NA	NA	NA	NA	NA	NA
NA	NA	NA	NA	NA	NA	NA	NA	NA	NA	NA	NA
NA	NA	NA	NA	NA	NA	NA	NA	NA	NA	NA	NA
NA	NA	NA	NA	NA	NA	NA	NA	NA	NA	NA	NA
NA	NA	NA	NA	NA	NA	NA	NA	NA	NA	NA	NA
NA	NA	NA	NA	NA	NA	NA	NA	NA	NA	NA	NA
NA	NA	NA	NA	NA	NA	NA	NA	NA	NA	NA	NA
NA	NA	NA	NA	NA	NA	NA	NA	NA	NA	NA	NA
1.98283388026105	0.373834347116581	1.25011855991255	2.71554920060955	1.9703721183484	0.257736622359512	1.46520833852376	2.47553589817304	1.9703721183484	0.373834347116581	1.15131580641164	2.60086896780787
2.1696669245812	0.345826320878082	1.49184733566016	2.84748651350224	2.22015144661769	0.276396575641772	1.67841415835981	2.76188873487556	2.22015144661769	0.345826320878082	1.67546390835733	3.09383642750661
1.7135601808877	0.432698446145834	0.865471226441868	2.56164913533354	1.67060869585849	0.285037830977267	1.11193454714305	2.22928284457394	1.67060869585849	0.432698446145834	0.559478432437024	2.26371185737855
1.44574742242416	0.410123402756536	0.641905553021346	2.24958929182697	1.4909867443199	0.322803966042292	0.858290970877011	2.1236825177628	1.4909867443199	0.410123402756536	0.675743542232978	2.23168013861747
1.40478477479261	0.695909485372552	0.0408021834624099	2.76876736612281	1.44471127795355	0.476598144807799	0.510578914130267	2.37884364177684	1.44471127795355	0.695909485372552	-0.223239216095926	2.57311448113222
1.71598894365414	0.408127375945443	0.916059286801073	2.51591860050721	1.84507065081106	0.306460022314095	1.24440900707544	2.44573229454669	1.84507065081106	0.408127375945443	0.968170632549816	2.61213234176413
2.39148936574048	0.323136101118574	1.75814260754808	3.02483612393289	2.34909171640761	0.232156372480486	1.89406522634585	2.80411820646936	2.34909171640761	0.323136101118574	1.7753970153044	3.05335132339717
1.64191561163059	0.329609257577937	0.995881466777834	2.28794975648335	1.69174273061048	0.253970151317313	1.19396123402855	2.18952422719241	1.69174273061048	0.329609257577937	1.13466462459544	2.36817492171762
1.71398522438252	0.446108999825436	0.839611584724662	2.58835886404037	1.78441791568105	0.338184484848212	1.12157632537855	2.44725950598354	1.78441791568105	0.446108999825436	0.617414714983228	2.45789533146205
2.02052865323527	0.31700258747473	1.3992035817848	2.64185372468574	2.06549323008634	0.231328537946811	1.61208929571059	2.51889716446209	2.06549323008634	0.31700258747473	1.37267297722839	2.63374518772437
2.10345698078892	0.656985417817827	0.815765561865974	3.39114839971186	2.16213917788135	0.437126593817001	1.30537105400003	3.01890730176267	2.16213917788135	0.656985417817827	0.555408737019184	3.24520948498295
1.63757463750515	0.306431859423956	1.03696819303419	2.2381810819761	1.62941927968919	0.244137495375628	1.15090978875296	2.10792877062542	1.62941927968919	0.306431859423956	0.977343187228823	2.15865216062047
1.9580135145903	0.335806609993624	1.29983255900279	2.6161944701778	1.9385376654712	0.228099565744875	1.49146251661124	2.38561281433116	1.9385376654712	0.335806609993624	1.16998666310655	2.51885524505316
1.7696810649326	0.417390223671589	0.951596226536281	2.58776590332891	1.88796515827284	0.306656699832379	1.28691802660138	2.4890122899443	1.88796515827284	0.417390223671589	0.861961892573264	2.57564891305176
1.86686483625799	0.356683043043639	1.16776607189246	2.56596360062352	1.96516875379395	0.259323134565073	1.4568954100464	2.47344209754149	1.96516875379395	0.356683043043639	1.27540183293609	2.81188708426831
2.15832985311431	0.358436802003673	1.45579372118711	2.86086598504151	2.17764860386315	0.258902404362481	1.67019989131269	2.68509731641362	2.17764860386315	0.358436802003673	1.5383296250819	2.84593853776143
2.0496102537674	0.311401696342437	1.43926292893622	2.65995757859857	2.07135084544543	0.237054170915415	1.60672467045122	2.53597702043965	2.07135084544543	0.311401696342437	1.47280729418751	2.76344143893583
2.19397481287698	0.4018574899824	1.40633413251147	2.98161549324248	2.23874314759958	0.283016620664749	1.68403057109668	2.79345572410249	2.23874314759958	0.4018574899824	1.48652371313117	3.13135722534806
2.13194769474961	0.333988780549881	1.47732968487185	2.78656570462738	2.10866595530983	0.239935558462758	1.63839226072282	2.57893964989684	2.10866595530983	0.333988780549881	1.33767187750451	2.66378906596885
1.7555503025978	0.229751546862748	1.30523727074681	2.20586333444878	1.78844606153108	0.186152095063238	1.42358795520713	2.15330416785503	1.78844606153108	0.229751546862748	1.32177429301205	2.28402140353695
2.35507419404932	0.280287547044816	1.80571060184149	2.90443778625716	2.4033764547426	0.209557453330247	1.99264384621531	2.81410906326988	2.4033764547426	0.280287547044816	1.81597648215958	2.98264966172216
2.04606728632808	0.250411410673356	1.5552609214083	2.53687365124786	2.01031726789599	0.20122284260607	1.61592049638809	2.40471403940388	2.01031726789599	0.250411410673356	1.53694233587527	2.53095153253904
2.20734894583145	0.281771374778652	1.6550770512653	2.75962084039761	2.18710059143456	0.21201460888216	1.77155195802552	2.60264922484359	2.18710059143456	0.281771374778652	1.62846580492094	2.785893004201
1.71620947168843	0.307583250008642	1.11334630167149	2.31907264170537	1.49079152271991	0.230677878453055	1.03866288095192	1.9429201644879	1.49079152271991	0.307583250008642	0.877098362220487	2.02376337617632
2.01624744548901	0.307437444799751	1.4136700536815	2.61882483729653	2.07840472534487	0.230453912586292	1.62671505667574	2.53009439401401	2.07840472534487	0.307437444799751	1.42110992919858	2.62555776480476
1.96399883019752	0.431097119715095	1.11904847555594	2.80894918483911	1.97320438007925	0.310657606381432	1.36431547157164	2.58209328858686	1.97320438007925	0.431097119715095	0.992200399107124	2.71570953716076
1.78941284958102	0.468861080202315	0.870445132384479	2.70838056677755	1.78891622234111	0.331707458987032	1.13876960272652	2.43906284195569	1.78891622234111	0.468861080202315	0.726846999330694	2.58353178414273
1.93855647859674	0.308736703820953	1.33343253910767	2.5436804180858	1.93314602294524	0.240313673759141	1.46213122237733	2.40416082351316	1.93314602294524	0.308736703820953	1.22891661023304	2.42678174530566
1.94855274633228	0.337744749397944	1.28657303751231	2.61053245515225	1.87813461603873	0.265282468490082	1.35818097779817	2.39808825427929	1.87813461603873	0.337744749397944	1.04705583376999	2.41792665431347
1.68569057014474	0.664132052534203	0.383991747177705	2.98738939311178	1.62874649320898	0.437431240983648	0.771381260881034	2.48611172553693	1.62874649320898	0.664132052534203	0.322806840457161	2.63982636133245
2.11052788275915	0.505284342909891	1.12017057065576	3.10088519486253	2.15811648124665	0.325577558295768	1.51998446698695	2.79624849550636	2.15811648124665	0.505284342909891	1.24574835956537	3.11913339680722
2.68161398774714	0.420201364184096	1.85801931394631	3.50520866154796	2.68156509026201	0.258080806870798	2.17572670879525	3.18740347172878	2.68156509026201	0.420201364184096	1.8616834826111	3.52453801748813
2.11221966465809	0.342105802378082	1.44169229199705	2.78274703731913	2.10310438714809	0.271848177164496	1.57028195990568	2.6359268143905	2.10310438714809	0.342105802378082	1.4162894739725	2.77129740893206
2.13768888178472	0.341246110629531	1.46884650495084	2.8065312586186	2.0944435195583	0.2515137649966	1.60147654016497	2.58741049895164	2.0944435195583	0.341246110629531	1.29126368448377	2.72742786807807
2.25042123015609	0.431509576337189	1.4046624605352	3.09617999977698	2.26398573390003	0.307748675723738	1.6607983294815	2.86717313831856	2.26398573390003	0.431509576337189	1.31018847042218	3.06858041659431
2.29017040184445	0.332478960277757	1.63851163970004	2.94182916398885	2.29586389492995	0.243989291395346	1.81764488379507	2.77408290606483	2.29586389492995	0.332478960277757	1.58401468729147	2.89510056588573
2.06812272954486	0.330734856503896	1.41988241079722	2.71636304829249	2.07973468057163	0.261445768286616	1.56730097472986	2.5921683864134	2.07973468057163	0.330734856503896	1.34950599090522	2.69474386120586
2.15920553358874	0.253091690099441	1.66314582099383	2.65526524618364	2.10720114516716	0.208383879464959	1.69876874141585	2.51563354891848	2.10720114516716	0.253091690099441	1.57951895405127	2.57860114381083
1.96425097372777	0.385401136544867	1.20886474609983	2.71963720135571	1.92563321606715	0.289228589863742	1.35874517993422	2.49252125220009	1.92563321606715	0.385401136544867	1.09206465243093	2.60745118581765
1.96055391631275	0.31448104854119	1.34417106117202	2.57693677145349	1.94718660258778	0.229278626170547	1.4978004952935	2.39657270988205	1.94718660258778	0.31448104854119	1.22347387153302	2.44309851017983
2.15672458890903	0.308677350481088	1.5517169819661	2.76173219585196	2.18858648405147	0.249326460025905	1.69990662240069	2.67726634570224	2.18858648405147	0.308677350481088	1.5223322982197	2.73747340171425
2.09393735019374	0.332818790251812	1.44161252130019	2.74626217908729	2.08020854407571	0.245675730665182	1.59868411197195	2.56173297617946	2.08020854407571	0.332818790251812	1.40910923811062	2.73565480368642
1.88650460227294	0.377739699061392	1.14613479211261	2.62687441243327	1.88961718338202	0.283063915759222	1.33481190849394	2.4444224582701	1.88961718338202	0.377739699061392	1.11854692592394	2.67960716482037
2.30246028815489	0.346534586463311	1.62325249868681	2.98166807762298	2.36601851138166	0.276413409606249	1.82424822855341	2.90778879420991	2.36601851138166	0.346534586463311	1.65090633606199	3.02708585304922
1.8631699168237	0.343894619399579	1.18913646280053	2.53720337084688	1.89726500710525	0.25952962245403	1.38858694709536	2.40594306711515	1.89726500710525	0.343894619399579	1.16378966978285	2.52836270877088
1.55186000943948	0.758452072204303	0.065293947919048	3.03842607095992	1.47789944876794	0.595001874650219	0.311695774453515	2.64410312308237	1.47789944876794	0.758452072204303	-0.263149477424235	2.82691236170256
1.70437750975858	0.475883586155415	0.771645680893961	2.63710933862319	1.70290056659129	0.329992802411793	1.05611467386418	2.3496864593184	1.70290056659129	0.475883586155415	0.638269319312297	2.45553911226538
1.45196552074674	0.468209061044166	0.534275761100172	2.3696552803933	1.50757064683417	0.351567185048787	0.818498964138551	2.1966423295298	1.50757064683417	0.468209061044166	0.304008477088629	2.17439668169511
2.43271743093617	0.295250575367516	1.85402630321584	3.01140855865651	2.48112151209488	0.242656176756022	2.00551540565307	2.95672761853668	2.48112151209488	0.295250575367516	1.96688244576435	3.18435998975629
1.86377801031735	0.320019584030495	1.23653962561758	2.49101639501712	1.85637152109442	0.252040386195795	1.36237236415066	2.35037067803818	1.85637152109442	0.320019584030495	1.15256507945137	2.42929406830771
1.94320305199033	0.43894637438007	1.08286815820539	2.80353794577527	1.92511167487472	0.312478210701148	1.31265438190047	2.53756896784897	1.92511167487472	0.43894637438007	1.07437764855736	2.79086673583749
1.69262122255218	0.309015195549689	1.08695143927479	2.29829100582957	1.72077219223214	0.226777546597412	1.27628820090122	2.16525618356307	1.72077219223214	0.309015195549689	0.982348587136071	2.25174286207827
1.41723172052184	0.507315774648223	0.422892802211327	2.41157063883236	1.47057489095716	0.373931080958919	0.737669972277675	2.20347980963664	1.47057489095716	0.507315774648223	0.314646814913288	2.3144180182976
2.33274602145523	0.31911318401313	1.70728418078949	2.95820786212096	2.38021862025584	0.257098208748787	1.87630613110821	2.88413110940346	2.38021862025584	0.31911318401313	1.79269611205756	3.08183736486394
2.04562964429766	0.238473575266704	1.57822143677492	2.51303785182041	2.09951093581653	0.202833091347569	1.7019580767753	2.49706379485776	2.09951093581653	0.238473575266704	1.58810408156687	2.56762652573254
2.32534465697218	0.273382256420929	1.78951543438716	2.8611738795572	2.26478828056939	0.21310775291032	1.84709708486517	2.68247947627362	2.26478828056939	0.273382256420929	1.7702218400455	2.8458929357659
1.95235593700071	0.495874042130079	0.980442814425757	2.92426905957567	1.78387445929432	0.382853271304958	1.0334820475366	2.53426687105204	1.78387445929432	0.495874042130079	0.634012477111042	2.59082537726249
2.10316492790106	0.299059659364069	1.51700799554749	2.68932186025464	2.07761386683762	0.226013879848043	1.63462666233545	2.52060107133978	2.07761386683762	0.299059659364069	1.46601423291019	2.61105457381094
1.71781786142709	0.467618811809464	0.801284990280545	2.63435073257364	1.80891432113729	0.33186609482715	1.15845677527607	2.4593718669985	1.80891432113729	0.467618811809464	1.01875176883602	2.83840180859812
1.89539095645134	0.315590067364574	1.27683442441678	2.51394748848591	1.89912446153243	0.258377439644107	1.39270467982998	2.40554424323488	1.89912446153243	0.315590067364574	1.18837635123873	2.45811891619197
1.87502521070543	0.55381159775429	0.789554479107024	2.96049594230384	1.77531313974373	0.439969162852649	0.912973580552537	2.63765269893492	1.77531313974373	0.55381159775429	0.347132405955036	2.55556768009547
2.21498619096762	0.273242225379734	1.67943142922334	2.7505409527119	2.18280169828571	0.191277420949645	1.80789795322441	2.55770544334701	2.18280169828571	0.273242225379734	1.66031116435402	2.74189945497754
1.94862650975804	0.301563501484855	1.35756204684773	2.53969097266836	1.89665964599159	0.238616965269913	1.42897039406256	2.36434889792061	1.89665964599159	0.301563501484855	1.28494322561132	2.44328215597835
2.19275459156569	0.454648004156136	1.30164450341966	3.08386467971171	2.24725742948859	0.325400019872687	1.60947339053812	2.88504146843905	2.24725742948859	0.454648004156136	1.39085749828561	3.19383775376758
1.54495273041996	0.320666934343042	0.916445539107597	2.17345992173232	1.52230341979144	0.242756392288212	1.04650089090654	1.99810594867633	1.52230341979144	0.320666934343042	0.822357067037458	2.09273953159516
1.39922460860591	0.536992033421008	0.346720223100738	2.45172899411109	1.50455321604595	0.411211919235971	0.698577854343452	2.31052857774846	1.50455321604595	0.536992033421008	0.255682948650465	2.28648130730892
2.07322086041193	0.231198389759104	1.62007201648408	2.52636970433977	2.11118392151027	0.194200418786238	1.73055110068924	2.49181674233129	2.11118392151027	0.231198389759104	1.67195575439539	2.58779035855035
2.21724725296595	0.302939328578434	1.62348616895222	2.81100833697968	2.23425519209702	0.217545158547675	1.80786668134358	2.66064370285047	2.23425519209702	0.302939328578434	1.65046492698772	2.7725951854968
1.78989207491548	0.263005727037027	1.27440084992291	2.30538329990806	1.73165086617143	0.222869146764831	1.29482733851236	2.1684743938305	1.73165086617143	0.263005727037027	1.2629382473743	2.24773045893457
1.54399075701488	0.826033270955117	-0.0750344540571479	3.16301596808691	1.56197223616021	0.534507636317066	0.51433726897876	2.60960720334166	1.56197223616021	0.826033270955117	-0.714702299933694	2.62306929813338
1.6056531445414	0.369525772018264	0.881382631385603	2.3299236576972	1.67192932786842	0.236980702352716	1.2074471512571	2.13641150447975	1.67192932786842	0.369525772018264	0.916647647384617	2.34099800706381
1.82784172054444	0.463890244740412	0.918616840853235	2.73706660023565	1.80698096986814	0.354791026033026	1.11159055884341	2.50237138089288	1.80698096986814	0.463890244740412	0.774812662236738	2.56715397947653
2.31606653659483	0.378895759205444	1.57343084855216	3.0587022246375	2.28099073449652	0.270383234472893	1.75103959492965	2.81094187406339	2.28099073449652	0.378895759205444	1.58826549682914	3.1228649164561
1.87680776351455	0.246897142953622	1.39288936332545	2.36072616370365	1.89450943703246	0.220742363083873	1.46185440538807	2.32716446867685	1.89450943703246	0.246897142953622	1.36743570249998	2.34847583273688
1.89874076490871	0.444451247792186	1.02761631923603	2.7698652105814	1.91691784768134	0.345076417449801	1.24056806947973	2.59326762588295	1.91691784768134	0.444451247792186	1.08799648604082	2.9144752613094
2.5025553416618	0.339271968023587	1.83758228433557	3.16752839898803	2.43655821054431	0.264608383100563	1.91792577966721	2.95519064142141	2.43655821054431	0.339271968023587	1.86290634344118	3.1695671764214
1.785535857489	0.4228004622875	0.956846951405495	2.6142247635725	1.73048170903874	0.303590259553765	1.13544480031337	2.32551861776412	1.73048170903874	0.4228004622875	0.827132917551081	2.45690011531534
2.26279602748127	0.319445918894337	1.63668202644837	2.88891002851417	2.28071820588225	0.235452538267066	1.8192312308788	2.7422051808857	2.28071820588225	0.319445918894337	1.67318978672072	2.97817065740252
1.4909421702905	0.403621249372021	0.699844521521337	2.28203981905966	1.49545470036085	0.309782193473945	0.888281601151913	2.10262779956978	1.49545470036085	0.403621249372021	0.659908403148264	2.19949898331171
1.69045368656115	0.607617010837086	0.499524345320459	2.88138302780184	1.97948132806413	0.44856989144351	1.10028434083485	2.85867831529341	1.97948132806413	0.607617010837086	0.734365632037486	3.15433099607382
2.05141693857605	0.260022328656928	1.54177317440847	2.56106070274362	2.12796230261948	0.21865817785595	1.69939227402182	2.55653233121715	2.12796230261948	0.260022328656928	1.64296076892191	2.64586933586279
2.15609022278033	0.380737660274436	1.40984440864244	2.90233603691823	2.10675921739762	0.312698697124621	1.49386977103337	2.71964866376188	2.10675921739762	0.380737660274436	1.30743911150632	2.85798973848562
2.30738020123895	0.237261818865276	1.84234703626301	2.77241336621489	2.29991887418104	0.185150968591137	1.93702297574241	2.66281477261967	2.29991887418104	0.237261818865276	1.83565828565952	2.79831577086412
2.16478379144898	0.378812664791853	1.42231096845695	2.90725661444101	2.09927012606417	0.281310138269653	1.54790225505565	2.65063799707269	2.09927012606417	0.378812664791853	1.43233750285665	2.95140625243491
2.5330045588396	0.506936490388637	1.53940903767788	3.52660008000133	2.5132596265025	0.339438641971891	1.84795988823759	3.17855936476741	2.5132596265025	0.506936490388637	1.76277285203288	3.72820347290379
2.43181409381245	0.490966926738211	1.46951891740556	3.39410927021935	2.43111416714176	0.358646390529864	1.72816724170323	3.13406109258029	2.43111416714176	0.490966926738211	1.53604180226796	3.50926377038806
2.1445697483855	0.293142566585717	1.5700103178775	2.71912917889351	2.17671525808228	0.236501689752685	1.71317194616702	2.64025856999754	2.17671525808228	0.293142566585717	1.67089521381522	2.81093244456282
1.78091932154909	0.280991726811042	1.23017553699945	2.33166310609874	1.74450872674072	0.218196689170463	1.31684321596661	2.17217423751482	1.74450872674072	0.280991726811042	1.14961165651806	2.2689900201039
1.83371142380301	0.3434927698315	1.16046559493327	2.50695725267275	1.8006958216717	0.262513059904995	1.2861702242579	2.31522141908549	1.8006958216717	0.3434927698315	1.04464602478725	2.39773931827657
1.91203572501827	0.438448478303602	1.05267670754321	2.77139474249333	1.94841586600351	0.319588265611107	1.32202286540574	2.57480886660128	1.94841586600351	0.438448478303602	0.802258497872571	2.6531091235426
2.22222843676625	0.323496714257708	1.58817487682114	2.85628199671136	2.22332826882339	0.2399777056658	1.75297196571842	2.69368457192836	2.22332826882339	0.323496714257708	1.43847591519444	2.78211122401162
2.27537387413879	0.319977113738962	1.64821873121042	2.90252901706715	2.08789747920334	0.233295789502794	1.63063773177786	2.54515722662882	2.08789747920334	0.319977113738962	1.39849902200232	2.65260767106424
2.06921169693497	0.494799342101134	1.09940498641675	3.0390184074532	2.03055156521689	0.380365108038798	1.28503595346085	2.77606717697294	2.03055156521689	0.494799342101134	0.665089628240069	2.74517741019417
2.31550106606716	0.429768481645488	1.47315484204201	3.15784729009232	2.36533998013934	0.298093517126041	1.7810766865723	2.94960327370638	2.36533998013934	0.429768481645488	1.5922326255393	3.34070425715576
2.02918470407454	0.27981104709374	1.48075505177081	2.57761435637827	2.02866542991322	0.21283281043605	1.61151312145856	2.44581773836788	2.02866542991322	0.27981104709374	1.44930784131559	2.59185304075632
1.64163520785893	0.507498715752202	0.646937724984614	2.63633269073325	1.85752953197554	0.381181948885499	1.11041291215997	2.60464615179112	1.85752953197554	0.507498715752202	0.643696530424996	2.68941087454911
1.90520266095788	0.510061653077471	0.905481820926039	2.90492350098973	1.90332276376571	0.383073735413048	1.15249824235613	2.65414728517528	1.90332276376571	0.510061653077471	0.605869880503214	2.65220320774995
2.53772810757163	0.366870344353036	1.81866223263968	3.25679398250358	2.41311532081014	0.290325010717127	1.84407829980457	2.98215234181571	2.41311532081014	0.366870344353036	1.62198849562702	3.04969494243075
1.88660234514441	0.264068157462888	1.36902875651715	2.40417593377167	1.9457184063474	0.218112391953515	1.51821811811851	2.37321869457629	1.9457184063474	0.264068157462888	1.41631312541059	2.43798549275251
2.28476640523052	0.362924028561123	1.57343530925072	2.99609750121032	2.34965142905852	0.264559287049503	1.8311152264415	2.86818763167555	2.34965142905852	0.362924028561123	1.60434982497248	3.07187585025464
NA	NA	NA	NA	NA	NA	NA	NA	NA	NA	NA	NA
NA	NA	NA	NA	NA	NA	NA	NA	NA	NA	NA	NA
NA	NA	NA	NA	NA	NA	NA	NA	NA	NA	NA	NA
NA	NA	NA	NA	NA	NA	NA	NA	NA	NA	NA	NA
NA	NA	NA	NA	NA	NA	NA	NA	NA	NA	NA	NA
NA	NA	NA	NA	NA	NA	NA	NA	NA	NA	NA	NA
NA	NA	NA	NA	NA	NA	NA	NA	NA	NA	NA	NA
NA	NA	NA	NA	NA	NA	NA	NA	NA	NA	NA	NA
NA	NA	NA	NA	NA	NA	NA	NA	NA	NA	NA	NA
NA	NA	NA	NA	NA	NA	NA	NA	NA	NA	NA	NA
NA	NA	NA	NA	NA	NA	NA	NA	NA	NA	NA	NA
NA	NA	NA	NA	NA	NA	NA	NA	NA	NA	NA	NA
NA	NA	NA	NA	NA	NA	NA	NA	NA	NA	NA	NA
NA	NA	NA	NA	NA	NA	NA	NA	NA	NA	NA	NA
NA	NA	NA	NA	NA	NA	NA	NA	NA	NA	NA	NA
NA	NA	NA	NA	NA	NA	NA	NA	NA	NA	NA	NA
NA	NA	NA	NA	NA	NA	NA	NA	NA	NA	NA	NA
NA	NA	NA	NA	NA	NA	NA	NA	NA	NA	NA	NA
NA	NA	NA	NA	NA	NA	NA	NA	NA	NA	NA	NA
NA	NA	NA	NA	NA	NA	NA	NA	NA	NA	NA	NA
NA	NA	NA	NA	NA	NA	NA	NA	NA	NA	NA	NA
NA	NA	NA	NA	NA	NA	NA	NA	NA	NA	NA	NA
NA	NA	NA	NA	NA	NA	NA	NA	NA	NA	NA	NA
NA	NA	NA	NA	NA	NA	NA	NA	NA	NA	NA	NA
NA	NA	NA	NA	NA	NA	NA	NA	NA	NA	NA	NA
NA	NA	NA	NA	NA	NA	NA	NA	NA	NA	NA	NA
NA	NA	NA	NA	NA	NA	NA	NA	NA	NA	NA	NA
NA	NA	NA	NA	NA	NA	NA	NA	NA	NA	NA	NA
NA	NA	NA	NA	NA	NA	NA	NA	NA	NA	NA	NA
NA	NA	NA	NA	NA	NA	NA	NA	NA	NA	NA	NA
NA	NA	NA	NA	NA	NA	NA	NA	NA	NA	NA	NA
NA	NA	NA	NA	NA	NA	NA	NA	NA	NA	NA	NA
NA	NA	NA	NA	NA	NA	NA	NA	NA	NA	NA	NA
NA	NA	NA	NA	NA	NA	NA	NA	NA	NA	NA	NA
NA	NA	NA	NA	NA	NA	NA	NA	NA	NA	NA	NA
NA	NA	NA	NA	NA	NA	NA	NA	NA	NA	NA	NA
NA	NA	NA	NA	NA	NA	NA	NA	NA	NA	NA	NA
NA	NA	NA	NA	NA	NA	NA	NA	NA	NA	NA	NA
NA	NA	NA	NA	NA	NA	NA	NA	NA	NA	NA	NA
NA	NA	NA	NA	NA	NA	NA	NA	NA	NA	NA	NA
NA	NA	NA	NA	NA	NA	NA	NA	NA	NA	NA	NA
NA	NA	NA	NA	NA	NA	NA	NA	NA	NA	NA	NA
NA	NA	NA	NA	NA	NA	NA	NA	NA	NA	NA	NA
NA	NA	NA	NA	NA	NA	NA	NA	NA	NA	NA	NA
NA	NA	NA	NA	NA	NA	NA	NA	NA	NA	NA	NA
NA	NA	NA	NA	NA	NA	NA	NA	NA	NA	NA	NA
NA	NA	NA	NA	NA	NA	NA	NA	NA	NA	NA	NA
NA	NA	NA	NA	NA	NA	NA	NA	NA	NA	NA	NA
NA	NA	NA	NA	NA	NA	NA	NA	NA	NA	NA	NA
NA	NA	NA	NA	NA	NA	NA	NA	NA	NA	NA	NA
NA	NA	NA	NA	NA	NA	NA	NA	NA	NA	NA	NA
NA	NA	NA	NA	NA	NA	NA	NA	NA	NA	NA	NA
NA	NA	NA	NA	NA	NA	NA	NA	NA	NA	NA	NA
NA	NA	NA	NA	NA	NA	NA	NA	NA	NA	NA	NA
NA	NA	NA	NA	NA	NA	NA	NA	NA	NA	NA	NA
NA	NA	NA	NA	NA	NA	NA	NA	NA	NA	NA	NA
NA	NA	NA	NA	NA	NA	NA	NA	NA	NA	NA	NA
NA	NA	NA	NA	NA	NA	NA	NA	NA	NA	NA	NA
NA	NA	NA	NA	NA	NA	NA	NA	NA	NA	NA	NA
NA	NA	NA	NA	NA	NA	NA	NA	NA	NA	NA	NA
NA	NA	NA	NA	NA	NA	NA	NA	NA	NA	NA	NA
NA	NA	NA	NA	NA	NA	NA	NA	NA	NA	NA	NA
NA	NA	NA	NA	NA	NA	NA	NA	NA	NA	NA	NA
NA	NA	NA	NA	NA	NA	NA	NA	NA	NA	NA	NA
NA	NA	NA	NA	NA	NA	NA	NA	NA	NA	NA	NA
NA	NA	NA	NA	NA	NA	NA	NA	NA	NA	NA	NA
NA	NA	NA	NA	NA	NA	NA	NA	NA	NA	NA	NA
NA	NA	NA	NA	NA	NA	NA	NA	NA	NA	NA	NA
NA	NA	NA	NA	NA	NA	NA	NA	NA	NA	NA	NA
NA	NA	NA	NA	NA	NA	NA	NA	NA	NA	NA	NA
NA	NA	NA	NA	NA	NA	NA	NA	NA	NA	NA	NA
NA	NA	NA	NA	NA	NA	NA	NA	NA	NA	NA	NA
NA	NA	NA	NA	NA	NA	NA	NA	NA	NA	NA	NA
NA	NA	NA	NA	NA	NA	NA	NA	NA	NA	NA	NA
NA	NA	NA	NA	NA	NA	NA	NA	NA	NA	NA	NA
NA	NA	NA	NA	NA	NA	NA	NA	NA	NA	NA	NA
NA	NA	NA	NA	NA	NA	NA	NA	NA	NA	NA	NA
NA	NA	NA	NA	NA	NA	NA	NA	NA	NA	NA	NA
NA	NA	NA	NA	NA	NA	NA	NA	NA	NA	NA	NA
NA	NA	NA	NA	NA	NA	NA	NA	NA	NA	NA	NA
NA	NA	NA	NA	NA	NA	NA	NA	NA	NA	NA	NA
NA	NA	NA	NA	NA	NA	NA	NA	NA	NA	NA	NA
NA	NA	NA	NA	NA	NA	NA	NA	NA	NA	NA	NA
NA	NA	NA	NA	NA	NA	NA	NA	NA	NA	NA	NA
NA	NA	NA	NA	NA	NA	NA	NA	NA	NA	NA	NA
NA	NA	NA	NA	NA	NA	NA	NA	NA	NA	NA	NA
NA	NA	NA	NA	NA	NA	NA	NA	NA	NA	NA	NA
NA	NA	NA	NA	NA	NA	NA	NA	NA	NA	NA	NA
NA	NA	NA	NA	NA	NA	NA	NA	NA	NA	NA	NA
NA	NA	NA	NA	NA	NA	NA	NA	NA	NA	NA	NA
NA	NA	NA	NA	NA	NA	NA	NA	NA	NA	NA	NA
NA	NA	NA	NA	NA	NA	NA	NA	NA	NA	NA	NA
NA	NA	NA	NA	NA	NA	NA	NA	NA	NA	NA	NA
NA	NA	NA	NA	NA	NA	NA	NA	NA	NA	NA	NA
NA	NA	NA	NA	NA	NA	NA	NA	NA	NA	NA	NA
NA	NA	NA	NA	NA	NA	NA	NA	NA	NA	NA	NA
NA	NA	NA	NA	NA	NA	NA	NA	NA	NA	NA	NA
NA	NA	NA	NA	NA	NA	NA	NA	NA	NA	NA	NA
NA	NA	NA	NA	NA	NA	NA	NA	NA	NA	NA	NA
NA	NA	NA	NA	NA	NA	NA	NA	NA	NA	NA	NA
NA	NA	NA	NA	NA	NA	NA	NA	NA	NA	NA	NA
NA	NA	NA	NA	NA	NA	NA	NA	NA	NA	NA	NA
NA	NA	NA	NA	NA	NA	NA	NA	NA	NA	NA	NA
NA	NA	NA	NA	NA	NA	NA	NA	NA	NA	NA	NA
NA	NA	NA	NA	NA	NA	NA	NA	NA	NA	NA	NA
NA	NA	NA	NA	NA	NA	NA	NA	NA	NA	NA	NA
NA	NA	NA	NA	NA	NA	NA	NA	NA	NA	NA	NA
NA	NA	NA	NA	NA	NA	NA	NA	NA	NA	NA	NA
NA	NA	NA	NA	NA	NA	NA	NA	NA	NA	NA	NA
NA	NA	NA	NA	NA	NA	NA	NA	NA	NA	NA	NA
NA	NA	NA	NA	NA	NA	NA	NA	NA	NA	NA	NA
NA	NA	NA	NA	NA	NA	NA	NA	NA	NA	NA	NA
NA	NA	NA	NA	NA	NA	NA	NA	NA	NA	NA	NA
NA	NA	NA	NA	NA	NA	NA	NA	NA	NA	NA	NA
NA	NA	NA	NA	NA	NA	NA	NA	NA	NA	NA	NA
NA	NA	NA	NA	NA	NA	NA	NA	NA	NA	NA	NA
NA	NA	NA	NA	NA	NA	NA	NA	NA	NA	NA	NA
NA	NA	NA	NA	NA	NA	NA	NA	NA	NA	NA	NA
NA	NA	NA	NA	NA	NA	NA	NA	NA	NA	NA	NA
NA	NA	NA	NA	NA	NA	NA	NA	NA	NA	NA	NA
NA	NA	NA	NA	NA	NA	NA	NA	NA	NA	NA	NA
NA	NA	NA	NA	NA	NA	NA	NA	NA	NA	NA	NA
NA	NA	NA	NA	NA	NA	NA	NA	NA	NA	NA	NA
NA	NA	NA	NA	NA	NA	NA	NA	NA	NA	NA	NA
NA	NA	NA	NA	NA	NA	NA	NA	NA	NA	NA	NA
NA	NA	NA	NA	NA	NA	NA	NA	NA	NA	NA	NA
NA	NA	NA	NA	NA	NA	NA	NA	NA	NA	NA	NA
NA	NA	NA	NA	NA	NA	NA	NA	NA	NA	NA	NA
NA	NA	NA	NA	NA	NA	NA	NA	NA	NA	NA	NA
NA	NA	NA	NA	NA	NA	NA	NA	NA	NA	NA	NA
NA	NA	NA	NA	NA	NA	NA	NA	NA	NA	NA	NA
NA	NA	NA	NA	NA	NA	NA	NA	NA	NA	NA	NA
NA	NA	NA	NA	NA	NA	NA	NA	NA	NA	NA	NA
NA	NA	NA	NA	NA	NA	NA	NA	NA	NA	NA	NA
NA	NA	NA	NA	NA	NA	NA	NA	NA	NA	NA	NA
NA	NA	NA	NA	NA	NA	NA	NA	NA	NA	NA	NA
NA	NA	NA	NA	NA	NA	NA	NA	NA	NA	NA	NA
NA	NA	NA	NA	NA	NA	NA	NA	NA	NA	NA	NA
NA	NA	NA	NA	NA	NA	NA	NA	NA	NA	NA	NA
NA	NA	NA	NA	NA	NA	NA	NA	NA	NA	NA	NA
NA	NA	NA	NA	NA	NA	NA	NA	NA	NA	NA	NA
NA	NA	NA	NA	NA	NA	NA	NA	NA	NA	NA	NA
NA	NA	NA	NA	NA	NA	NA	NA	NA	NA	NA	NA
NA	NA	NA	NA	NA	NA	NA	NA	NA	NA	NA	NA
NA	NA	NA	NA	NA	NA	NA	NA	NA	NA	NA	NA
NA	NA	NA	NA	NA	NA	NA	NA	NA	NA	NA	NA
NA	NA	NA	NA	NA	NA	NA	NA	NA	NA	NA	NA
NA	NA	NA	NA	NA	NA	NA	NA	NA	NA	NA	NA
NA	NA	NA	NA	NA	NA	NA	NA	NA	NA	NA	NA
NA	NA	NA	NA	NA	NA	NA	NA	NA	NA	NA	NA
NA	NA	NA	NA	NA	NA	NA	NA	NA	NA	NA	NA
NA	NA	NA	NA	NA	NA	NA	NA	NA	NA	NA	NA
NA	NA	NA	NA	NA	NA	NA	NA	NA	NA	NA	NA
NA	NA	NA	NA	NA	NA	NA	NA	NA	NA	NA	NA
NA	NA	NA	NA	NA	NA	NA	NA	NA	NA	NA	NA
NA	NA	NA	NA	NA	NA	NA	NA	NA	NA	NA	NA
NA	NA	NA	NA	NA	NA	NA	NA	NA	NA	NA	NA
NA	NA	NA	NA	NA	NA	NA	NA	NA	NA	NA	NA
NA	NA	NA	NA	NA	NA	NA	NA	NA	NA	NA	NA
NA	NA	NA	NA	NA	NA	NA	NA	NA	NA	NA	NA
NA	NA	NA	NA	NA	NA	NA	NA	NA	NA	NA	NA
NA	NA	NA	NA	NA	NA	NA	NA	NA	NA	NA	NA
NA	NA	NA	NA	NA	NA	NA	NA	NA	NA	NA	NA
NA	NA	NA	NA	NA	NA	NA	NA	NA	NA	NA	NA
NA	NA	NA	NA	NA	NA	NA	NA	NA	NA	NA	NA
NA	NA	NA	NA	NA	NA	NA	NA	NA	NA	NA	NA
NA	NA	NA	NA	NA	NA	NA	NA	NA	NA	NA	NA
NA	NA	NA	NA	NA	NA	NA	NA	NA	NA	NA	NA
NA	NA	NA	NA	NA	NA	NA	NA	NA	NA	NA	NA
NA	NA	NA	NA	NA	NA	NA	NA	NA	NA	NA	NA
NA	NA	NA	NA	NA	NA	NA	NA	NA	NA	NA	NA
NA	NA	NA	NA	NA	NA	NA	NA	NA	NA	NA	NA
NA	NA	NA	NA	NA	NA	NA	NA	NA	NA	NA	NA
NA	NA	NA	NA	NA	NA	NA	NA	NA	NA	NA	NA
NA	NA	NA	NA	NA	NA	NA	NA	NA	NA	NA	NA
NA	NA	NA	NA	NA	NA	NA	NA	NA	NA	NA	NA
NA	NA	NA	NA	NA	NA	NA	NA	NA	NA	NA	NA
NA	NA	NA	NA	NA	NA	NA	NA	NA	NA	NA	NA
NA	NA	NA	NA	NA	NA	NA	NA	NA	NA	NA	NA
NA	NA	NA	NA	NA	NA	NA	NA	NA	NA	NA	NA
NA	NA	NA	NA	NA	NA	NA	NA	NA	NA	NA	NA
NA	NA	NA	NA	NA	NA	NA	NA	NA	NA	NA	NA
NA	NA	NA	NA	NA	NA	NA	NA	NA	NA	NA	NA
NA	NA	NA	NA	NA	NA	NA	NA	NA	NA	NA	NA
NA	NA	NA	NA	NA	NA	NA	NA	NA	NA	NA	NA
NA	NA	NA	NA	NA	NA	NA	NA	NA	NA	NA	NA
NA	NA	NA	NA	NA	NA	NA	NA	NA	NA	NA	NA
NA	NA	NA	NA	NA	NA	NA	NA	NA	NA	NA	NA
NA	NA	NA	NA	NA	NA	NA	NA	NA	NA	NA	NA
NA	NA	NA	NA	NA	NA	NA	NA	NA	NA	NA	NA
NA	NA	NA	NA	NA	NA	NA	NA	NA	NA	NA	NA
NA	NA	NA	NA	NA	NA	NA	NA	NA	NA	NA	NA
NA	NA	NA	NA	NA	NA	NA	NA	NA	NA	NA	NA
NA	NA	NA	NA	NA	NA	NA	NA	NA	NA	NA	NA
NA	NA	NA	NA	NA	NA	NA	NA	NA	NA	NA	NA
NA	NA	NA	NA	NA	NA	NA	NA	NA	NA	NA	NA
NA	NA	NA	NA	NA	NA	NA	NA	NA	NA	NA	NA
NA	NA	NA	NA	NA	NA	NA	NA	NA	NA	NA	NA
NA	NA	NA	NA	NA	NA	NA	NA	NA	NA	NA	NA
NA	NA	NA	NA	NA	NA	NA	NA	NA	NA	NA	NA
NA	NA	NA	NA	NA	NA	NA	NA	NA	NA	NA	NA
NA	NA	NA	NA	NA	NA	NA	NA	NA	NA	NA	NA
NA	NA	NA	NA	NA	NA	NA	NA	NA	NA	NA	NA
NA	NA	NA	NA	NA	NA	NA	NA	NA	NA	NA	NA
NA	NA	NA	NA	NA	NA	NA	NA	NA	NA	NA	NA
NA	NA	NA	NA	NA	NA	NA	NA	NA	NA	NA	NA
NA	NA	NA	NA	NA	NA	NA	NA	NA	NA	NA	NA
NA	NA	NA	NA	NA	NA	NA	NA	NA	NA	NA	NA
NA	NA	NA	NA	NA	NA	NA	NA	NA	NA	NA	NA
NA	NA	NA	NA	NA	NA	NA	NA	NA	NA	NA	NA
NA	NA	NA	NA	NA	NA	NA	NA	NA	NA	NA	NA
NA	NA	NA	NA	NA	NA	NA	NA	NA	NA	NA	NA
NA	NA	NA	NA	NA	NA	NA	NA	NA	NA	NA	NA
NA	NA	NA	NA	NA	NA	NA	NA	NA	NA	NA	NA
NA	NA	NA	NA	NA	NA	NA	NA	NA	NA	NA	NA
NA	NA	NA	NA	NA	NA	NA	NA	NA	NA	NA	NA
NA	NA	NA	NA	NA	NA	NA	NA	NA	NA	NA	NA
NA	NA	NA	NA	NA	NA	NA	NA	NA	NA	NA	NA
NA	NA	NA	NA	NA	NA	NA	NA	NA	NA	NA	NA
NA	NA	NA	NA	NA	NA	NA	NA	NA	NA	NA	NA
NA	NA	NA	NA	NA	NA	NA	NA	NA	NA	NA	NA
NA	NA	NA	NA	NA	NA	NA	NA	NA	NA	NA	NA
NA	NA	NA	NA	NA	NA	NA	NA	NA	NA	NA	NA
NA	NA	NA	NA	NA	NA	NA	NA	NA	NA	NA	NA
NA	NA	NA	NA	NA	NA	NA	NA	NA	NA	NA	NA
NA	NA	NA	NA	NA	NA	NA	NA	NA	NA	NA	NA
NA	NA	NA	NA	NA	NA	NA	NA	NA	NA	NA	NA
NA	NA	NA	NA	NA	NA	NA	NA	NA	NA	NA	NA
NA	NA	NA	NA	NA	NA	NA	NA	NA	NA	NA	NA
NA	NA	NA	NA	NA	NA	NA	NA	NA	NA	NA	NA
NA	NA	NA	NA	NA	NA	NA	NA	NA	NA	NA	NA
NA	NA	NA	NA	NA	NA	NA	NA	NA	NA	NA	NA
NA	NA	NA	NA	NA	NA	NA	NA	NA	NA	NA	NA
NA	NA	NA	NA	NA	NA	NA	NA	NA	NA	NA	NA
NA	NA	NA	NA	NA	NA	NA	NA	NA	NA	NA	NA
NA	NA	NA	NA	NA	NA	NA	NA	NA	NA	NA	NA
NA	NA	NA	NA	NA	NA	NA	NA	NA	NA	NA	NA
NA	NA	NA	NA	NA	NA	NA	NA	NA	NA	NA	NA
NA	NA	NA	NA	NA	NA	NA	NA	NA	NA	NA	NA
NA	NA	NA	NA	NA	NA	NA	NA	NA	NA	NA	NA
NA	NA	NA	NA	NA	NA	NA	NA	NA	NA	NA	NA
NA	NA	NA	NA	NA	NA	NA	NA	NA	NA	NA	NA
NA	NA	NA	NA	NA	NA	NA	NA	NA	NA	NA	NA
NA	NA	NA	NA	NA	NA	NA	NA	NA	NA	NA	NA
NA	NA	NA	NA	NA	NA	NA	NA	NA	NA	NA	NA
NA	NA	NA	NA	NA	NA	NA	NA	NA	NA	NA	NA
NA	NA	NA	NA	NA	NA	NA	NA	NA	NA	NA	NA
NA	NA	NA	NA	NA	NA	NA	NA	NA	NA	NA	NA
NA	NA	NA	NA	NA	NA	NA	NA	NA	NA	NA	NA
NA	NA	NA	NA	NA	NA	NA	NA	NA	NA	NA	NA
NA	NA	NA	NA	NA	NA	NA	NA	NA	NA	NA	NA
NA	NA	NA	NA	NA	NA	NA	NA	NA	NA	NA	NA
NA	NA	NA	NA	NA	NA	NA	NA	NA	NA	NA	NA
NA	NA	NA	NA	NA	NA	NA	NA	NA	NA	NA	NA
NA	NA	NA	NA	NA	NA	NA	NA	NA	NA	NA	NA
NA	NA	NA	NA	NA	NA	NA	NA	NA	NA	NA	NA
NA	NA	NA	NA	NA	NA	NA	NA	NA	NA	NA	NA
NA	NA	NA	NA	NA	NA	NA	NA	NA	NA	NA	NA
NA	NA	NA	NA	NA	NA	NA	NA	NA	NA	NA	NA
NA	NA	NA	NA	NA	NA	NA	NA	NA	NA	NA	NA
NA	NA	NA	NA	NA	NA	NA	NA	NA	NA	NA	NA
NA	NA	NA	NA	NA	NA	NA	NA	NA	NA	NA	NA
NA	NA	NA	NA	NA	NA	NA	NA	NA	NA	NA	NA
NA	NA	NA	NA	NA	NA	NA	NA	NA	NA	NA	NA
NA	NA	NA	NA	NA	NA	NA	NA	NA	NA	NA	NA
NA	NA	NA	NA	NA	NA	NA	NA	NA	NA	NA	NA
NA	NA	NA	NA	NA	NA	NA	NA	NA	NA	NA	NA
NA	NA	NA	NA	NA	NA	NA	NA	NA	NA	NA	NA
NA	NA	NA	NA	NA	NA	NA	NA	NA	NA	NA	NA
NA	NA	NA	NA	NA	NA	NA	NA	NA	NA	NA	NA
NA	NA	NA	NA	NA	NA	NA	NA	NA	NA	NA	NA
NA	NA	NA	NA	NA	NA	NA	NA	NA	NA	NA	NA
NA	NA	NA	NA	NA	NA	NA	NA	NA	NA	NA	NA
NA	NA	NA	NA	NA	NA	NA	NA	NA	NA	NA	NA
NA	NA	NA	NA	NA	NA	NA	NA	NA	NA	NA	NA
NA	NA	NA	NA	NA	NA	NA	NA	NA	NA	NA	NA
NA	NA	NA	NA	NA	NA	NA	NA	NA	NA	NA	NA
NA	NA	NA	NA	NA	NA	NA	NA	NA	NA	NA	NA
NA	NA	NA	NA	NA	NA	NA	NA	NA	NA	NA	NA
NA	NA	NA	NA	NA	NA	NA	NA	NA	NA	NA	NA
NA	NA	NA	NA	NA	NA	NA	NA	NA	NA	NA	NA
NA	NA	NA	NA	NA	NA	NA	NA	NA	NA	NA	NA
NA	NA	NA	NA	NA	NA	NA	NA	NA	NA	NA	NA
NA	NA	NA	NA	NA	NA	NA	NA	NA	NA	NA	NA
NA	NA	NA	NA	NA	NA	NA	NA	NA	NA	NA	NA
NA	NA	NA	NA	NA	NA	NA	NA	NA	NA	NA	NA
NA	NA	NA	NA	NA	NA	NA	NA	NA	NA	NA	NA
NA	NA	NA	NA	NA	NA	NA	NA	NA	NA	NA	NA
NA	NA	NA	NA	NA	NA	NA	NA	NA	NA	NA	NA
NA	NA	NA	NA	NA	NA	NA	NA	NA	NA	NA	NA
NA	NA	NA	NA	NA	NA	NA	NA	NA	NA	NA	NA
NA	NA	NA	NA	NA	NA	NA	NA	NA	NA	NA	NA
NA	NA	NA	NA	NA	NA	NA	NA	NA	NA	NA	NA
NA	NA	NA	NA	NA	NA	NA	NA	NA	NA	NA	NA
NA	NA	NA	NA	NA	NA	NA	NA	NA	NA	NA	NA
NA	NA	NA	NA	NA	NA	NA	NA	NA	NA	NA	NA
NA	NA	NA	NA	NA	NA	NA	NA	NA	NA	NA	NA
NA	NA	NA	NA	NA	NA	NA	NA	NA	NA	NA	NA
NA	NA	NA	NA	NA	NA	NA	NA	NA	NA	NA	NA
NA	NA	NA	NA	NA	NA	NA	NA	NA	NA	NA	NA
