X1	X2	X3	X4	X1.1	X2.1	X3.1	X4.1	X1.2	X2.2	X3.2	X4.2
NA	NA	NA	NA	NA	NA	NA	NA	NA	NA	NA	NA
NA	NA	NA	NA	NA	NA	NA	NA	NA	NA	NA	NA
NA	NA	NA	NA	NA	NA	NA	NA	NA	NA	NA	NA
NA	NA	NA	NA	NA	NA	NA	NA	NA	NA	NA	NA
NA	NA	NA	NA	NA	NA	NA	NA	NA	NA	NA	NA
NA	NA	NA	NA	NA	NA	NA	NA	NA	NA	NA	NA
NA	NA	NA	NA	NA	NA	NA	NA	NA	NA	NA	NA
NA	NA	NA	NA	NA	NA	NA	NA	NA	NA	NA	NA
NA	NA	NA	NA	NA	NA	NA	NA	NA	NA	NA	NA
NA	NA	NA	NA	NA	NA	NA	NA	NA	NA	NA	NA
NA	NA	NA	NA	NA	NA	NA	NA	NA	NA	NA	NA
NA	NA	NA	NA	NA	NA	NA	NA	NA	NA	NA	NA
NA	NA	NA	NA	NA	NA	NA	NA	NA	NA	NA	NA
NA	NA	NA	NA	NA	NA	NA	NA	NA	NA	NA	NA
NA	NA	NA	NA	NA	NA	NA	NA	NA	NA	NA	NA
NA	NA	NA	NA	NA	NA	NA	NA	NA	NA	NA	NA
NA	NA	NA	NA	NA	NA	NA	NA	NA	NA	NA	NA
NA	NA	NA	NA	NA	NA	NA	NA	NA	NA	NA	NA
NA	NA	NA	NA	NA	NA	NA	NA	NA	NA	NA	NA
NA	NA	NA	NA	NA	NA	NA	NA	NA	NA	NA	NA
NA	NA	NA	NA	NA	NA	NA	NA	NA	NA	NA	NA
NA	NA	NA	NA	NA	NA	NA	NA	NA	NA	NA	NA
NA	NA	NA	NA	NA	NA	NA	NA	NA	NA	NA	NA
NA	NA	NA	NA	NA	NA	NA	NA	NA	NA	NA	NA
NA	NA	NA	NA	NA	NA	NA	NA	NA	NA	NA	NA
NA	NA	NA	NA	NA	NA	NA	NA	NA	NA	NA	NA
NA	NA	NA	NA	NA	NA	NA	NA	NA	NA	NA	NA
NA	NA	NA	NA	NA	NA	NA	NA	NA	NA	NA	NA
NA	NA	NA	NA	NA	NA	NA	NA	NA	NA	NA	NA
NA	NA	NA	NA	NA	NA	NA	NA	NA	NA	NA	NA
NA	NA	NA	NA	NA	NA	NA	NA	NA	NA	NA	NA
NA	NA	NA	NA	NA	NA	NA	NA	NA	NA	NA	NA
NA	NA	NA	NA	NA	NA	NA	NA	NA	NA	NA	NA
NA	NA	NA	NA	NA	NA	NA	NA	NA	NA	NA	NA
NA	NA	NA	NA	NA	NA	NA	NA	NA	NA	NA	NA
NA	NA	NA	NA	NA	NA	NA	NA	NA	NA	NA	NA
NA	NA	NA	NA	NA	NA	NA	NA	NA	NA	NA	NA
NA	NA	NA	NA	NA	NA	NA	NA	NA	NA	NA	NA
NA	NA	NA	NA	NA	NA	NA	NA	NA	NA	NA	NA
NA	NA	NA	NA	NA	NA	NA	NA	NA	NA	NA	NA
NA	NA	NA	NA	NA	NA	NA	NA	NA	NA	NA	NA
NA	NA	NA	NA	NA	NA	NA	NA	NA	NA	NA	NA
NA	NA	NA	NA	NA	NA	NA	NA	NA	NA	NA	NA
NA	NA	NA	NA	NA	NA	NA	NA	NA	NA	NA	NA
NA	NA	NA	NA	NA	NA	NA	NA	NA	NA	NA	NA
NA	NA	NA	NA	NA	NA	NA	NA	NA	NA	NA	NA
NA	NA	NA	NA	NA	NA	NA	NA	NA	NA	NA	NA
NA	NA	NA	NA	NA	NA	NA	NA	NA	NA	NA	NA
NA	NA	NA	NA	NA	NA	NA	NA	NA	NA	NA	NA
NA	NA	NA	NA	NA	NA	NA	NA	NA	NA	NA	NA
NA	NA	NA	NA	NA	NA	NA	NA	NA	NA	NA	NA
NA	NA	NA	NA	NA	NA	NA	NA	NA	NA	NA	NA
NA	NA	NA	NA	NA	NA	NA	NA	NA	NA	NA	NA
NA	NA	NA	NA	NA	NA	NA	NA	NA	NA	NA	NA
NA	NA	NA	NA	NA	NA	NA	NA	NA	NA	NA	NA
NA	NA	NA	NA	NA	NA	NA	NA	NA	NA	NA	NA
NA	NA	NA	NA	NA	NA	NA	NA	NA	NA	NA	NA
NA	NA	NA	NA	NA	NA	NA	NA	NA	NA	NA	NA
NA	NA	NA	NA	NA	NA	NA	NA	NA	NA	NA	NA
NA	NA	NA	NA	NA	NA	NA	NA	NA	NA	NA	NA
NA	NA	NA	NA	NA	NA	NA	NA	NA	NA	NA	NA
NA	NA	NA	NA	NA	NA	NA	NA	NA	NA	NA	NA
NA	NA	NA	NA	NA	NA	NA	NA	NA	NA	NA	NA
NA	NA	NA	NA	NA	NA	NA	NA	NA	NA	NA	NA
NA	NA	NA	NA	NA	NA	NA	NA	NA	NA	NA	NA
NA	NA	NA	NA	NA	NA	NA	NA	NA	NA	NA	NA
NA	NA	NA	NA	NA	NA	NA	NA	NA	NA	NA	NA
NA	NA	NA	NA	NA	NA	NA	NA	NA	NA	NA	NA
NA	NA	NA	NA	NA	NA	NA	NA	NA	NA	NA	NA
NA	NA	NA	NA	NA	NA	NA	NA	NA	NA	NA	NA
NA	NA	NA	NA	NA	NA	NA	NA	NA	NA	NA	NA
NA	NA	NA	NA	NA	NA	NA	NA	NA	NA	NA	NA
NA	NA	NA	NA	NA	NA	NA	NA	NA	NA	NA	NA
NA	NA	NA	NA	NA	NA	NA	NA	NA	NA	NA	NA
NA	NA	NA	NA	NA	NA	NA	NA	NA	NA	NA	NA
NA	NA	NA	NA	NA	NA	NA	NA	NA	NA	NA	NA
NA	NA	NA	NA	NA	NA	NA	NA	NA	NA	NA	NA
NA	NA	NA	NA	NA	NA	NA	NA	NA	NA	NA	NA
NA	NA	NA	NA	NA	NA	NA	NA	NA	NA	NA	NA
NA	NA	NA	NA	NA	NA	NA	NA	NA	NA	NA	NA
NA	NA	NA	NA	NA	NA	NA	NA	NA	NA	NA	NA
NA	NA	NA	NA	NA	NA	NA	NA	NA	NA	NA	NA
NA	NA	NA	NA	NA	NA	NA	NA	NA	NA	NA	NA
NA	NA	NA	NA	NA	NA	NA	NA	NA	NA	NA	NA
NA	NA	NA	NA	NA	NA	NA	NA	NA	NA	NA	NA
NA	NA	NA	NA	NA	NA	NA	NA	NA	NA	NA	NA
NA	NA	NA	NA	NA	NA	NA	NA	NA	NA	NA	NA
NA	NA	NA	NA	NA	NA	NA	NA	NA	NA	NA	NA
NA	NA	NA	NA	NA	NA	NA	NA	NA	NA	NA	NA
NA	NA	NA	NA	NA	NA	NA	NA	NA	NA	NA	NA
NA	NA	NA	NA	NA	NA	NA	NA	NA	NA	NA	NA
NA	NA	NA	NA	NA	NA	NA	NA	NA	NA	NA	NA
NA	NA	NA	NA	NA	NA	NA	NA	NA	NA	NA	NA
NA	NA	NA	NA	NA	NA	NA	NA	NA	NA	NA	NA
NA	NA	NA	NA	NA	NA	NA	NA	NA	NA	NA	NA
NA	NA	NA	NA	NA	NA	NA	NA	NA	NA	NA	NA
NA	NA	NA	NA	NA	NA	NA	NA	NA	NA	NA	NA
NA	NA	NA	NA	NA	NA	NA	NA	NA	NA	NA	NA
NA	NA	NA	NA	NA	NA	NA	NA	NA	NA	NA	NA
NA	NA	NA	NA	NA	NA	NA	NA	NA	NA	NA	NA
2.16861964082586	0.25862884665601	1.66170710138008	2.67553218027164	2.01290929449703	0.211533074083312	1.59830446929374	2.42751411970032	2.01290929449703	0.25862884665601	1.4293974245849	2.42955441630345
2.06652784498389	0.179299531278207	1.7151007636786	2.41795492628918	1.92005307830203	0.165486397509062	1.59569973918427	2.24440641741979	1.92005307830203	0.179299531278207	1.54328597558558	2.247725994256
2.31482314068278	0.343244989798921	1.64206296067689	2.98758332068867	2.0275720207988	0.282092037700638	1.47467162690555	2.58047241469205	2.0275720207988	0.343244989798921	1.23923423432305	2.50685497244499
2.112491104559	0.210962847522795	1.69900392341432	2.52597828570368	2.00966110839398	0.200456669067183	1.6167660370223	2.40255617976566	2.00966110839398	0.210962847522795	1.60573398441786	2.40789037464535
1.8553992805874	0.209844307608572	1.4441044376746	2.2666941235002	1.84756222756966	0.193443039590955	1.46841386997139	2.22671058516793	1.84756222756966	0.209844307608572	1.33532169521154	2.19605365652062
2.4424966945317	0.183557821973006	2.0827233634646	2.80227002559879	2.31458843808215	0.171297709954795	1.97884492657076	2.65033194959355	2.31458843808215	0.183557821973006	1.95502164242973	2.68127412141207
2.56033823179505	0.1674985908501	2.23204099372886	2.88863546986125	2.50876565777346	0.170188882573991	2.17519544792844	2.84233586761848	2.50876565777346	0.1674985908501	2.16674951568645	2.82057552445981
1.98149756630978	0.21562891838956	1.55886488626624	2.40413024635331	1.95814606462604	0.193878987610701	1.57814324890907	2.33814888034302	1.95814606462604	0.21562891838956	1.54730034252138	2.36770834770925
2.23268943383514	0.177111063621234	1.88555174913752	2.57982711853276	2.18507040732675	0.159862275361945	1.87174034761734	2.49840046703617	2.18507040732675	0.177111063621234	1.81344008679145	2.49663892834888
2.25772160649419	0.17014844984645	1.92423064479515	2.59121256819324	2.21023004389018	0.164136019343255	1.8885234459774	2.53193664180296	2.21023004389018	0.17014844984645	1.86240768500836	2.50872943916725
1.90429705365551	0.18560141354366	1.54051828310994	2.26807582420109	1.98668405840755	0.172850266351415	1.64789753635878	2.32547058045633	1.98668405840755	0.18560141354366	1.61462789062817	2.34278371949086
1.86762487996951	0.191064630971262	1.49313820326584	2.24211155667319	1.8558037683894	0.169049583746475	1.52446658424631	2.18714095253249	1.8558037683894	0.191064630971262	1.48293910635267	2.21447854424532
2.21681631182419	0.201210306204245	1.82244411166387	2.61118851198451	2.29016428561971	0.184463301465875	1.92861621474659	2.65171235649282	2.29016428561971	0.201210306204245	1.89408002012211	2.66180508247398
2.23013702217285	0.171540743395582	1.89391716511751	2.56635687922819	2.10731241842421	0.164978717466279	1.7839541321903	2.43067070465812	2.10731241842421	0.171540743395582	1.7882315617049	2.42323520387696
2.39678482631287	0.186551412718346	2.03114405738491	2.76242559524083	2.27290843857569	0.179069288531087	1.92193263305476	2.62388424409662	2.27290843857569	0.186551412718346	1.89931721479735	2.6125548392917
2.47585472004059	0.187802106601256	2.10776259110213	2.84394684897905	2.39066276445117	0.173830492725124	2.04995499870993	2.73137053019242	2.39066276445117	0.187802106601256	1.97849947751486	2.72352225023845
2.12313684345235	0.215980848704847	1.69981437999085	2.54645930691385	1.96125624858489	0.194678129462615	1.57968711483817	2.34282538233162	1.96125624858489	0.215980848704847	1.50167116713771	2.34791032040883
1.87312808935536	0.253932498022526	1.37542039323121	2.37083578547951	1.93285262241566	0.228378137097331	1.48523147370489	2.38047377112643	1.93285262241566	0.253932498022526	1.4326455714774	2.43663177180475
1.9311166087964	0.161583907475937	1.61441215014356	2.24782106744923	1.9258894797679	0.154509444691276	1.623050968173	2.22872799136281	1.9258894797679	0.161583907475937	1.61806562543847	2.25408776852844
1.82084297847917	0.174358287737311	1.47910073451404	2.16258522244429	1.69257274814623	0.174945366250394	1.34967983029546	2.03546566599701	1.69257274814623	0.174358287737311	1.36061332378064	2.040883790289
2.12883489699407	0.183889692084036	1.76841110050936	2.48925869347878	2.03747483699415	0.176132912675758	1.69225432814967	2.38269534583864	2.03747483699415	0.183889692084036	1.66594389331303	2.37669068093932
1.97082263867431	0.199502835161731	1.57979708175732	2.36184819559131	1.99732305043738	0.184571969952539	1.6355619893304	2.35908411154436	1.99732305043738	0.199502835161731	1.59035949445228	2.36040722927713
2.42633777207953	0.18505122639765	2.06363736834014	2.78903817581892	2.30618760670649	0.173298895955664	1.96652177063339	2.64585344277959	2.30618760670649	0.18505122639765	1.95947315563999	2.65298778050227
1.97376560089709	0.203055174064582	1.57577745973051	2.37175374206367	1.93030042903214	0.188567258384067	1.56070860259937	2.29989225546491	1.93030042903214	0.203055174064582	1.51571232201285	2.28377023255433
2.28126403978604	0.182117299086783	1.92431413357595	2.63821394599614	2.2212378877347	0.174037175955776	1.88012502286138	2.56235075260802	2.2212378877347	0.182117299086783	1.88439698975739	2.60019853975262
1.86660939920844	0.24793031080482	1.38066599003099	2.35255280838589	1.8896415444301	0.219777976405958	1.45887671067443	2.32040637818578	1.8896415444301	0.24793031080482	1.34848495384882	2.34585952834248
1.58509229368883	0.288775477180815	1.01909235841443	2.15109222896322	1.77504427334519	0.246198316089854	1.29249557380907	2.2575929728813	1.77504427334519	0.288775477180815	1.16160433285309	2.27687617382423
2.10406127843497	0.189495544007035	1.73265001218118	2.47547254468876	2.08972955855436	0.190708177213522	1.71594153121585	2.46351758589286	2.08972955855436	0.189495544007035	1.73574733889962	2.45789770197201
2.2735169789036	0.186749139705994	1.90748866507985	2.63954529272735	2.20056725681001	0.185998772345636	1.83600966301257	2.56512485060746	2.20056725681001	0.186749139705994	1.84107137736756	2.544569575181
2.07549060682649	0.290329889204575	1.50644402398552	2.64453718966746	2.01443501764224	0.231320504720582	1.5610468283899	2.46782320689459	2.01443501764224	0.290329889204575	1.35693846559617	2.45841522949627
2.40356313367012	0.245385785115258	1.92260699484421	2.88451927249603	2.20159097679804	0.207169862580973	1.79553804613933	2.60764390745674	2.20159097679804	0.245385785115258	1.64194768261883	2.62412599016194
2.53537560342471	0.213962876593032	2.11600836530236	2.95474284154705	2.40605859795522	0.183823055967071	2.04576540825976	2.76635178765068	2.40605859795522	0.213962876593032	1.93331009772297	2.78019467283838
2.01892254651219	0.184194016601193	1.65790227397385	2.37994281905053	2.06868155081058	0.192243374177991	1.69188453742172	2.44547856419944	2.06868155081058	0.184194016601193	1.71712534464837	2.42062534343497
2.46650590828976	0.169732379127496	2.13383044519987	2.79918137137965	2.39205143146893	0.163266303599649	2.07204947641362	2.71205338652424	2.39205143146893	0.169732379127496	2.05352324477124	2.73149643127272
2.03427461044737	0.270414207327218	1.50426276408602	2.56428645680872	1.96038408168726	0.239574890476072	1.49081729635416	2.42995086702036	1.96038408168726	0.270414207327218	1.41358575245877	2.41951130678901
2.07772980800693	0.217751450149371	1.65093696571416	2.5045226502997	1.99093432237029	0.198859376379565	1.60116994466634	2.38069870007424	1.99093432237029	0.217751450149371	1.49817076320271	2.35027291156448
2.4088477250115	0.179929320923758	2.05618625600093	2.76150919402207	2.35840818531909	0.186079273764685	1.99369280874031	2.72312356189788	2.35840818531909	0.179929320923758	1.98353007595652	2.69413630691342
2.30828594334005	0.246253186016006	1.82562969874868	2.79094218793142	2.23455381515636	0.221705555695457	1.80001092599326	2.66909670431945	2.23455381515636	0.246253186016006	1.7350413203637	2.70554027431282
2.34858886419926	0.181963074972099	1.99194123725395	2.70523649114458	2.25988926059597	0.176462382783917	1.9140229903395	2.60575553085245	2.25988926059597	0.181963074972099	1.88800544379435	2.59803272740363
2.27914961506804	0.188932737716621	1.90884144914347	2.64945778099262	2.22835705166158	0.180391481340698	1.87478974823381	2.58192435508935	2.22835705166158	0.188932737716621	1.85327208822715	2.60943072964251
2.19496988310237	0.212206728308151	1.77904469561839	2.61089507058635	2.17805321565038	0.20247448046496	1.78120323393906	2.5749031973617	2.17805321565038	0.212206728308151	1.74746073450527	2.56308283069665
2.06998393304183	0.210496468392777	1.65741085499199	2.48255701109167	1.99444784422255	0.173935946804157	1.6535333884864	2.3353622999587	1.99444784422255	0.210496468392777	1.60551956304647	2.38422772951195
2.30026087532928	0.221246102235596	1.86661851494751	2.73390323571105	2.23179585154487	0.195164226217464	1.84927396815864	2.6143177349311	2.23179585154487	0.221246102235596	1.79418855385563	2.61625031293372
2.10862378948586	0.178593986363237	1.75857957621392	2.45866800275781	2.07043033162192	0.181240789807958	1.71519838359832	2.42566227964551	2.07043033162192	0.178593986363237	1.72659807324089	2.39825267159436
2.05184131023884	0.287814966369857	1.48772397615392	2.61595864432376	1.79095436883231	0.260564170296398	1.28024859505137	2.30166014261325	1.79095436883231	0.287814966369857	1.15966828657881	2.28052120592677
2.18288138849685	0.301701735282243	1.59154598734366	2.77421678965005	1.93634725664128	0.256690069076101	1.43323472125212	2.43945979203044	1.93634725664128	0.301701735282243	1.26838384700452	2.40859521500184
2.04531865828076	0.237655868695114	1.57951315563834	2.51112416092318	1.95801683354988	0.215954962763986	1.53474510653246	2.38128856056729	1.95801683354988	0.237655868695114	1.51667743421878	2.40329694800907
1.90722124085434	0.187144742342758	1.54041754586253	2.27402493584614	1.86554506034882	0.189564376113181	1.49399888316699	2.23709123753066	1.86554506034882	0.187144742342758	1.49132270020464	2.24789694913599
2.0054726942903	0.155878245984905	1.69995133215988	2.31099405642071	2.03130274988192	0.1494584748429	1.73836413918984	2.32424136057401	2.03130274988192	0.155878245984905	1.74218162437504	2.35663287763394
2.41238480512528	0.160939034412746	2.0969442976763	2.72782531257426	2.3527514017037	0.154996345990419	2.04895856356248	2.65654423984493	2.3527514017037	0.160939034412746	2.04904147794719	2.66520235700701
1.88984587508967	0.292614439445418	1.31632157377665	2.46337017640268	1.85394607025089	0.231972051621473	1.39928084907281	2.30861129142898	1.85394607025089	0.292614439445418	1.39291009218929	2.3992990490781
1.92125936236755	0.205371551037377	1.5187311223343	2.32378760240081	1.74574950924643	0.193922918945419	1.36566058811341	2.12583843037945	1.74574950924643	0.205371551037377	1.33127222638345	2.11549522622539
2.08063665322774	0.305600308776185	1.48166004802642	2.67961325842906	1.96742907079993	0.250436115714788	1.47657428399895	2.45828385760091	1.96742907079993	0.305600308776185	1.26731171192101	2.41360794773339
2.27668928547418	0.188633083890594	1.90696844104861	2.64641012989974	2.25531522947918	0.180084822715077	1.90234897695763	2.60828148200073	2.25531522947918	0.188633083890594	1.87452245720743	2.59368223481364
2.39729692884455	0.21827951309021	1.96946908318773	2.82512477450136	2.25448125051787	0.1845797416738	1.89270495683722	2.61625754419851	2.25448125051787	0.21827951309021	1.7587966816959	2.60946987959176
1.83421958889653	0.261146215632742	1.32237300625636	2.34606617153671	1.81247745681719	0.220131968526227	1.38101879850578	2.24393611512859	1.81247745681719	0.261146215632742	1.17526548313516	2.25608895434287
2.25555734004893	0.176727256632751	1.90917191704874	2.60194276304912	2.07007414105868	0.164249721112038	1.74814468767909	2.39200359443828	2.07007414105868	0.176727256632751	1.76031265590252	2.4551405815568
2.2315230337054	0.179829152743282	1.87905789432857	2.58398817308224	2.25117960561691	0.174507707544087	1.9091444988305	2.59321471240332	2.25117960561691	0.179829152743282	1.88296422151099	2.59010232447569
2.03180483756124	0.193309667578617	1.65291788910715	2.41069178601533	1.95655227610032	0.191264416395716	1.58167401996472	2.33143053223593	1.95655227610032	0.193309667578617	1.51725053390212	2.29840603237728
2.36478425597802	0.167255478519625	2.03696351807956	2.69260499387649	2.31646931499295	0.162042081362488	1.99886683552247	2.63407179446343	2.31646931499295	0.167255478519625	1.97891107079801	2.6454174594884
2.29313246441485	0.22724493655914	1.84773238875893	2.73853254007076	2.06563096652075	0.198419781247052	1.67672819527653	2.45453373776497	2.06563096652075	0.22724493655914	1.63897372575939	2.50175393656402
2.22207432405646	0.190286104771686	1.84911355870396	2.59503508940897	2.0574727599423	0.17637803865083	1.71177180418667	2.40317371569793	2.0574727599423	0.190286104771686	1.70792897445515	2.44304259485706
2.15951272184428	0.182160172010822	1.80247878470307	2.51654665898549	2.16806547250662	0.175550593532505	1.82398630918291	2.51214463583033	2.16806547250662	0.182160172010822	1.82393009840792	2.55218166983187
1.76764276366366	0.285726313435864	1.20761918932937	2.32766633799795	1.92589784826108	0.254591581630081	1.42689834826612	2.42489734825604	1.92589784826108	0.285726313435864	1.40167180466736	2.47234227250138
2.09558347945592	0.167614323113039	1.76705940615436	2.42410755275748	2.06707601601274	0.156794918441102	1.75975797586818	2.3743940561573	2.06707601601274	0.167614323113039	1.7466695211669	2.39294075623063
1.96549358618878	0.169499874854312	1.63327383147432	2.29771334090323	2.00980555194668	0.172425618537348	1.67185133961347	2.34775976427988	2.00980555194668	0.169499874854312	1.70225567268924	2.3549956689747
2.07129101718099	0.224153376145028	1.63195039993674	2.51063163442525	1.8973258877609	0.192467800568437	1.52008899864676	2.27456277687504	1.8973258877609	0.224153376145028	1.41001607498486	2.28713682942371
2.29882259748975	0.178274144036213	1.94940527517877	2.64823991980073	2.26238699146385	0.179282833640425	1.91099263752861	2.61378134539908	2.26238699146385	0.178274144036213	1.90748825961961	2.60700100361504
2.06082244663162	0.164413200670601	1.73857257331724	2.383072319946	2.03832947610561	0.162565278376645	1.71970153048739	2.35695742172384	2.03832947610561	0.164413200670601	1.69455904753289	2.34645027803486
2.01563586732093	0.16264896293662	1.69684389996516	2.33442783467671	2.00485098741393	0.161033280937046	1.68922575677732	2.32047621805054	2.00485098741393	0.16264896293662	1.68054265467603	2.30631656625572
2.16133362581914	0.184391078222395	1.79992711250325	2.52274013913504	2.0144583587308	0.168034249806186	1.68511122911068	2.34380548835093	2.0144583587308	0.184391078222395	1.65688891916901	2.36302800977943
2.20951130762314	0.197022189183456	1.82334781682357	2.59567479842271	2.10765761271059	0.187529590643988	1.74009961504837	2.4752156103728	2.10765761271059	0.197022189183456	1.69702992901952	2.43886385806499
2.08658820890858	0.180309980347599	1.73318064742729	2.43999577038988	2.00421925244105	0.171509377761404	1.6680608720287	2.3403776328534	2.00421925244105	0.180309980347599	1.63782988831118	2.32395005244245
2.3508141040862	0.197120599896395	1.96445772828926	2.73717047988313	2.23806550398955	0.194585396277589	1.85667812728547	2.61945288069362	2.23806550398955	0.197120599896395	1.82412589177124	2.59218939818835
2.00482913983034	0.187578265774911	1.63717573891152	2.37248254074917	1.99625018704248	0.177089504339573	1.64915475853692	2.34334561554805	1.99625018704248	0.187578265774911	1.64508075143798	2.35762028726252
2.01509515093953	0.20364111368916	1.61595856810878	2.41423173377029	1.82327237147256	0.182593170289222	1.46538975770569	2.18115498523944	1.82327237147256	0.20364111368916	1.43977316682208	2.22569802175446
1.98049613108893	0.392267821418136	1.21165120110938	2.74934106106848	1.71766706693396	0.345113931614825	1.0412437609689	2.39409037289902	1.71766706693396	0.392267821418136	0.885027107581938	2.3176014251078
2.41581910499444	0.236909877914047	1.95147574428291	2.88016246570597	2.27097020021079	0.209679815571294	1.85999776169106	2.68194263873053	2.27097020021079	0.236909877914047	1.75892352013426	2.64132475708372
2.08825082417387	0.186362825771661	1.72297968566141	2.45352196268632	2.06704218790946	0.167245017214091	1.73924195416985	2.39484242164908	2.06704218790946	0.186362825771661	1.70675276416854	2.4526035490895
2.30726202637867	0.170943305656685	1.97221314729156	2.64231090546577	2.26398137083145	0.159636334291723	1.95109415561967	2.57686858604322	2.26398137083145	0.170943305656685	1.89076720047089	2.55028634255181
2.07426386621621	0.284423629181138	1.51679355302118	2.63173417941124	1.81754981790618	0.2531221222025	1.32143045838928	2.31366917742308	1.81754981790618	0.284423629181138	1.19603021996007	2.29432072287762
2.23250696790214	0.173582596316696	1.89228507912142	2.57272885668287	2.14760922868833	0.1736818854033	1.80719273329786	2.48802572407879	2.14760922868833	0.173582596316696	1.80688009647235	2.48677165955586
2.07036596235783	0.181764330952318	1.71410787369129	2.42662405102437	2.02626207381248	0.178422278876566	1.67655440721441	2.37596974041055	2.02626207381248	0.181764330952318	1.65591984994649	2.36638817826949
2.14612093135809	0.176963346426572	1.799272772362	2.49296909035417	2.07757380589988	0.176693720238744	1.73125411423194	2.42389349756782	2.07757380589988	0.176963346426572	1.72602019266642	2.4290575769755
2.07998885982927	0.318482714820373	1.45576273878133	2.7042149808772	1.85938952844574	0.288137685058063	1.29463966573193	2.42413939115954	1.85938952844574	0.318482714820373	1.13422936402956	2.38211531717822
1.89050843153927	0.226637857243754	1.44629823134151	2.33471863173703	1.9438870856106	0.208858657855737	1.53452411621336	2.35325005500785	1.9438870856106	0.226637857243754	1.49112374145275	2.39443611636703
2.22824289566881	0.22832928199144	1.78071750296558	2.67576828837203	2.12382714693678	0.212769099443669	1.70679971202719	2.54085458184637	2.12382714693678	0.22832928199144	1.56672749198771	2.47992042418332
2.28970324428405	0.286556056102974	1.72805337432222	2.85135311424588	2.08307802269459	0.260212622951643	1.57306128170937	2.59309476367981	2.08307802269459	0.286556056102974	1.42305432865217	2.55091736854949
2.2049485419374	0.183331143299772	1.84561950106985	2.56427758280495	2.15630039883656	0.165712618043587	1.83150366747113	2.48109713020199	2.15630039883656	0.183331143299772	1.80987635767089	2.51587203824035
2.18248392119453	0.246499038243679	1.69934580623692	2.66562203615214	2.0739407687971	0.228634370360638	1.62581740289025	2.52206413470395	2.0739407687971	0.246499038243679	1.50393099091383	2.48263858908925
1.81604832738216	0.281451377296939	1.26440362788016	2.36769302688416	1.91338404864297	0.234585305022578	1.45359685079872	2.37317124648723	1.91338404864297	0.281451377296939	1.32115921372725	2.40779602240307
2.22201419288846	0.156720524287612	1.91484196528474	2.52918642049218	2.08804248477345	0.146275375265628	1.80134274925282	2.37474222029408	2.08804248477345	0.156720524287612	1.78237974389217	2.3998686941396
2.21071964457135	0.268328405352157	1.68479597008112	2.73664331906158	2.08772806255446	0.221570643996751	1.65344960032083	2.52200652478809	2.08772806255446	0.268328405352157	1.56819772379272	2.61321611556522
2.11401011157681	0.279124251009081	1.56692657959901	2.66109364355461	2.1120239703955	0.249737308946124	1.6225388448611	2.6015090959299	2.1120239703955	0.279124251009081	1.56927816344468	2.63634716486377
2.33025777819428	0.185998067024517	1.96570156682623	2.69481398956234	2.1748906236319	0.178265459274922	1.82549032345305	2.52429092381074	2.1748906236319	0.185998067024517	1.80595779952143	2.53534464825858
2.21108298031628	0.190731449316294	1.83724933965635	2.58491662097622	2.22822986779917	0.16879044959727	1.89740058658852	2.55905914900982	2.22822986779917	0.190731449316294	1.83101457391648	2.57546496371644
2.23130138319955	0.271957625405255	1.69826443740525	2.76433832899385	2.01585083094173	0.224071842408614	1.57667001982085	2.45503164206261	2.01585083094173	0.271957625405255	1.27877948161371	2.41432017998903
2.17484230932718	0.229736620524608	1.72455853309895	2.62512608555541	2.29534428836188	0.209880495912584	1.88397851637321	2.70671006035054	2.29534428836188	0.229736620524608	1.82464351082557	2.71323847690333
2.2148694061902	0.204607985210767	1.8138377551771	2.6159010572033	2.09304782690474	0.194018336656139	1.71277188705871	2.47332376675078	2.09304782690474	0.204607985210767	1.69239932153044	2.47351731500244
2.21943697410999	0.15261589581334	1.92030981831584	2.51856412990414	2.2084849275331	0.161804567799372	1.89134797464633	2.52562188041986	2.2084849275331	0.15261589581334	1.90140806873235	2.48860219044902
NA	NA	NA	NA	NA	NA	NA	NA	NA	NA	NA	NA
NA	NA	NA	NA	NA	NA	NA	NA	NA	NA	NA	NA
NA	NA	NA	NA	NA	NA	NA	NA	NA	NA	NA	NA
NA	NA	NA	NA	NA	NA	NA	NA	NA	NA	NA	NA
NA	NA	NA	NA	NA	NA	NA	NA	NA	NA	NA	NA
NA	NA	NA	NA	NA	NA	NA	NA	NA	NA	NA	NA
NA	NA	NA	NA	NA	NA	NA	NA	NA	NA	NA	NA
NA	NA	NA	NA	NA	NA	NA	NA	NA	NA	NA	NA
NA	NA	NA	NA	NA	NA	NA	NA	NA	NA	NA	NA
NA	NA	NA	NA	NA	NA	NA	NA	NA	NA	NA	NA
NA	NA	NA	NA	NA	NA	NA	NA	NA	NA	NA	NA
NA	NA	NA	NA	NA	NA	NA	NA	NA	NA	NA	NA
NA	NA	NA	NA	NA	NA	NA	NA	NA	NA	NA	NA
NA	NA	NA	NA	NA	NA	NA	NA	NA	NA	NA	NA
NA	NA	NA	NA	NA	NA	NA	NA	NA	NA	NA	NA
NA	NA	NA	NA	NA	NA	NA	NA	NA	NA	NA	NA
NA	NA	NA	NA	NA	NA	NA	NA	NA	NA	NA	NA
NA	NA	NA	NA	NA	NA	NA	NA	NA	NA	NA	NA
NA	NA	NA	NA	NA	NA	NA	NA	NA	NA	NA	NA
NA	NA	NA	NA	NA	NA	NA	NA	NA	NA	NA	NA
NA	NA	NA	NA	NA	NA	NA	NA	NA	NA	NA	NA
NA	NA	NA	NA	NA	NA	NA	NA	NA	NA	NA	NA
NA	NA	NA	NA	NA	NA	NA	NA	NA	NA	NA	NA
NA	NA	NA	NA	NA	NA	NA	NA	NA	NA	NA	NA
NA	NA	NA	NA	NA	NA	NA	NA	NA	NA	NA	NA
NA	NA	NA	NA	NA	NA	NA	NA	NA	NA	NA	NA
NA	NA	NA	NA	NA	NA	NA	NA	NA	NA	NA	NA
NA	NA	NA	NA	NA	NA	NA	NA	NA	NA	NA	NA
NA	NA	NA	NA	NA	NA	NA	NA	NA	NA	NA	NA
NA	NA	NA	NA	NA	NA	NA	NA	NA	NA	NA	NA
NA	NA	NA	NA	NA	NA	NA	NA	NA	NA	NA	NA
NA	NA	NA	NA	NA	NA	NA	NA	NA	NA	NA	NA
NA	NA	NA	NA	NA	NA	NA	NA	NA	NA	NA	NA
NA	NA	NA	NA	NA	NA	NA	NA	NA	NA	NA	NA
NA	NA	NA	NA	NA	NA	NA	NA	NA	NA	NA	NA
NA	NA	NA	NA	NA	NA	NA	NA	NA	NA	NA	NA
NA	NA	NA	NA	NA	NA	NA	NA	NA	NA	NA	NA
NA	NA	NA	NA	NA	NA	NA	NA	NA	NA	NA	NA
NA	NA	NA	NA	NA	NA	NA	NA	NA	NA	NA	NA
NA	NA	NA	NA	NA	NA	NA	NA	NA	NA	NA	NA
NA	NA	NA	NA	NA	NA	NA	NA	NA	NA	NA	NA
NA	NA	NA	NA	NA	NA	NA	NA	NA	NA	NA	NA
NA	NA	NA	NA	NA	NA	NA	NA	NA	NA	NA	NA
NA	NA	NA	NA	NA	NA	NA	NA	NA	NA	NA	NA
NA	NA	NA	NA	NA	NA	NA	NA	NA	NA	NA	NA
NA	NA	NA	NA	NA	NA	NA	NA	NA	NA	NA	NA
NA	NA	NA	NA	NA	NA	NA	NA	NA	NA	NA	NA
NA	NA	NA	NA	NA	NA	NA	NA	NA	NA	NA	NA
NA	NA	NA	NA	NA	NA	NA	NA	NA	NA	NA	NA
NA	NA	NA	NA	NA	NA	NA	NA	NA	NA	NA	NA
NA	NA	NA	NA	NA	NA	NA	NA	NA	NA	NA	NA
NA	NA	NA	NA	NA	NA	NA	NA	NA	NA	NA	NA
NA	NA	NA	NA	NA	NA	NA	NA	NA	NA	NA	NA
NA	NA	NA	NA	NA	NA	NA	NA	NA	NA	NA	NA
NA	NA	NA	NA	NA	NA	NA	NA	NA	NA	NA	NA
NA	NA	NA	NA	NA	NA	NA	NA	NA	NA	NA	NA
NA	NA	NA	NA	NA	NA	NA	NA	NA	NA	NA	NA
NA	NA	NA	NA	NA	NA	NA	NA	NA	NA	NA	NA
NA	NA	NA	NA	NA	NA	NA	NA	NA	NA	NA	NA
NA	NA	NA	NA	NA	NA	NA	NA	NA	NA	NA	NA
NA	NA	NA	NA	NA	NA	NA	NA	NA	NA	NA	NA
NA	NA	NA	NA	NA	NA	NA	NA	NA	NA	NA	NA
NA	NA	NA	NA	NA	NA	NA	NA	NA	NA	NA	NA
NA	NA	NA	NA	NA	NA	NA	NA	NA	NA	NA	NA
NA	NA	NA	NA	NA	NA	NA	NA	NA	NA	NA	NA
NA	NA	NA	NA	NA	NA	NA	NA	NA	NA	NA	NA
NA	NA	NA	NA	NA	NA	NA	NA	NA	NA	NA	NA
NA	NA	NA	NA	NA	NA	NA	NA	NA	NA	NA	NA
NA	NA	NA	NA	NA	NA	NA	NA	NA	NA	NA	NA
NA	NA	NA	NA	NA	NA	NA	NA	NA	NA	NA	NA
NA	NA	NA	NA	NA	NA	NA	NA	NA	NA	NA	NA
NA	NA	NA	NA	NA	NA	NA	NA	NA	NA	NA	NA
NA	NA	NA	NA	NA	NA	NA	NA	NA	NA	NA	NA
NA	NA	NA	NA	NA	NA	NA	NA	NA	NA	NA	NA
NA	NA	NA	NA	NA	NA	NA	NA	NA	NA	NA	NA
NA	NA	NA	NA	NA	NA	NA	NA	NA	NA	NA	NA
NA	NA	NA	NA	NA	NA	NA	NA	NA	NA	NA	NA
NA	NA	NA	NA	NA	NA	NA	NA	NA	NA	NA	NA
NA	NA	NA	NA	NA	NA	NA	NA	NA	NA	NA	NA
NA	NA	NA	NA	NA	NA	NA	NA	NA	NA	NA	NA
NA	NA	NA	NA	NA	NA	NA	NA	NA	NA	NA	NA
NA	NA	NA	NA	NA	NA	NA	NA	NA	NA	NA	NA
NA	NA	NA	NA	NA	NA	NA	NA	NA	NA	NA	NA
NA	NA	NA	NA	NA	NA	NA	NA	NA	NA	NA	NA
NA	NA	NA	NA	NA	NA	NA	NA	NA	NA	NA	NA
NA	NA	NA	NA	NA	NA	NA	NA	NA	NA	NA	NA
NA	NA	NA	NA	NA	NA	NA	NA	NA	NA	NA	NA
NA	NA	NA	NA	NA	NA	NA	NA	NA	NA	NA	NA
NA	NA	NA	NA	NA	NA	NA	NA	NA	NA	NA	NA
NA	NA	NA	NA	NA	NA	NA	NA	NA	NA	NA	NA
NA	NA	NA	NA	NA	NA	NA	NA	NA	NA	NA	NA
NA	NA	NA	NA	NA	NA	NA	NA	NA	NA	NA	NA
NA	NA	NA	NA	NA	NA	NA	NA	NA	NA	NA	NA
NA	NA	NA	NA	NA	NA	NA	NA	NA	NA	NA	NA
NA	NA	NA	NA	NA	NA	NA	NA	NA	NA	NA	NA
NA	NA	NA	NA	NA	NA	NA	NA	NA	NA	NA	NA
NA	NA	NA	NA	NA	NA	NA	NA	NA	NA	NA	NA
NA	NA	NA	NA	NA	NA	NA	NA	NA	NA	NA	NA
NA	NA	NA	NA	NA	NA	NA	NA	NA	NA	NA	NA
NA	NA	NA	NA	NA	NA	NA	NA	NA	NA	NA	NA
NA	NA	NA	NA	NA	NA	NA	NA	NA	NA	NA	NA
NA	NA	NA	NA	NA	NA	NA	NA	NA	NA	NA	NA
NA	NA	NA	NA	NA	NA	NA	NA	NA	NA	NA	NA
NA	NA	NA	NA	NA	NA	NA	NA	NA	NA	NA	NA
NA	NA	NA	NA	NA	NA	NA	NA	NA	NA	NA	NA
NA	NA	NA	NA	NA	NA	NA	NA	NA	NA	NA	NA
NA	NA	NA	NA	NA	NA	NA	NA	NA	NA	NA	NA
NA	NA	NA	NA	NA	NA	NA	NA	NA	NA	NA	NA
NA	NA	NA	NA	NA	NA	NA	NA	NA	NA	NA	NA
NA	NA	NA	NA	NA	NA	NA	NA	NA	NA	NA	NA
NA	NA	NA	NA	NA	NA	NA	NA	NA	NA	NA	NA
NA	NA	NA	NA	NA	NA	NA	NA	NA	NA	NA	NA
NA	NA	NA	NA	NA	NA	NA	NA	NA	NA	NA	NA
NA	NA	NA	NA	NA	NA	NA	NA	NA	NA	NA	NA
NA	NA	NA	NA	NA	NA	NA	NA	NA	NA	NA	NA
NA	NA	NA	NA	NA	NA	NA	NA	NA	NA	NA	NA
NA	NA	NA	NA	NA	NA	NA	NA	NA	NA	NA	NA
NA	NA	NA	NA	NA	NA	NA	NA	NA	NA	NA	NA
NA	NA	NA	NA	NA	NA	NA	NA	NA	NA	NA	NA
NA	NA	NA	NA	NA	NA	NA	NA	NA	NA	NA	NA
NA	NA	NA	NA	NA	NA	NA	NA	NA	NA	NA	NA
NA	NA	NA	NA	NA	NA	NA	NA	NA	NA	NA	NA
NA	NA	NA	NA	NA	NA	NA	NA	NA	NA	NA	NA
NA	NA	NA	NA	NA	NA	NA	NA	NA	NA	NA	NA
NA	NA	NA	NA	NA	NA	NA	NA	NA	NA	NA	NA
NA	NA	NA	NA	NA	NA	NA	NA	NA	NA	NA	NA
NA	NA	NA	NA	NA	NA	NA	NA	NA	NA	NA	NA
NA	NA	NA	NA	NA	NA	NA	NA	NA	NA	NA	NA
NA	NA	NA	NA	NA	NA	NA	NA	NA	NA	NA	NA
NA	NA	NA	NA	NA	NA	NA	NA	NA	NA	NA	NA
NA	NA	NA	NA	NA	NA	NA	NA	NA	NA	NA	NA
NA	NA	NA	NA	NA	NA	NA	NA	NA	NA	NA	NA
NA	NA	NA	NA	NA	NA	NA	NA	NA	NA	NA	NA
NA	NA	NA	NA	NA	NA	NA	NA	NA	NA	NA	NA
NA	NA	NA	NA	NA	NA	NA	NA	NA	NA	NA	NA
NA	NA	NA	NA	NA	NA	NA	NA	NA	NA	NA	NA
NA	NA	NA	NA	NA	NA	NA	NA	NA	NA	NA	NA
NA	NA	NA	NA	NA	NA	NA	NA	NA	NA	NA	NA
NA	NA	NA	NA	NA	NA	NA	NA	NA	NA	NA	NA
NA	NA	NA	NA	NA	NA	NA	NA	NA	NA	NA	NA
NA	NA	NA	NA	NA	NA	NA	NA	NA	NA	NA	NA
NA	NA	NA	NA	NA	NA	NA	NA	NA	NA	NA	NA
NA	NA	NA	NA	NA	NA	NA	NA	NA	NA	NA	NA
NA	NA	NA	NA	NA	NA	NA	NA	NA	NA	NA	NA
NA	NA	NA	NA	NA	NA	NA	NA	NA	NA	NA	NA
NA	NA	NA	NA	NA	NA	NA	NA	NA	NA	NA	NA
NA	NA	NA	NA	NA	NA	NA	NA	NA	NA	NA	NA
NA	NA	NA	NA	NA	NA	NA	NA	NA	NA	NA	NA
NA	NA	NA	NA	NA	NA	NA	NA	NA	NA	NA	NA
NA	NA	NA	NA	NA	NA	NA	NA	NA	NA	NA	NA
NA	NA	NA	NA	NA	NA	NA	NA	NA	NA	NA	NA
NA	NA	NA	NA	NA	NA	NA	NA	NA	NA	NA	NA
NA	NA	NA	NA	NA	NA	NA	NA	NA	NA	NA	NA
NA	NA	NA	NA	NA	NA	NA	NA	NA	NA	NA	NA
NA	NA	NA	NA	NA	NA	NA	NA	NA	NA	NA	NA
NA	NA	NA	NA	NA	NA	NA	NA	NA	NA	NA	NA
NA	NA	NA	NA	NA	NA	NA	NA	NA	NA	NA	NA
NA	NA	NA	NA	NA	NA	NA	NA	NA	NA	NA	NA
NA	NA	NA	NA	NA	NA	NA	NA	NA	NA	NA	NA
NA	NA	NA	NA	NA	NA	NA	NA	NA	NA	NA	NA
NA	NA	NA	NA	NA	NA	NA	NA	NA	NA	NA	NA
NA	NA	NA	NA	NA	NA	NA	NA	NA	NA	NA	NA
NA	NA	NA	NA	NA	NA	NA	NA	NA	NA	NA	NA
NA	NA	NA	NA	NA	NA	NA	NA	NA	NA	NA	NA
NA	NA	NA	NA	NA	NA	NA	NA	NA	NA	NA	NA
NA	NA	NA	NA	NA	NA	NA	NA	NA	NA	NA	NA
NA	NA	NA	NA	NA	NA	NA	NA	NA	NA	NA	NA
NA	NA	NA	NA	NA	NA	NA	NA	NA	NA	NA	NA
NA	NA	NA	NA	NA	NA	NA	NA	NA	NA	NA	NA
NA	NA	NA	NA	NA	NA	NA	NA	NA	NA	NA	NA
NA	NA	NA	NA	NA	NA	NA	NA	NA	NA	NA	NA
NA	NA	NA	NA	NA	NA	NA	NA	NA	NA	NA	NA
NA	NA	NA	NA	NA	NA	NA	NA	NA	NA	NA	NA
NA	NA	NA	NA	NA	NA	NA	NA	NA	NA	NA	NA
NA	NA	NA	NA	NA	NA	NA	NA	NA	NA	NA	NA
NA	NA	NA	NA	NA	NA	NA	NA	NA	NA	NA	NA
NA	NA	NA	NA	NA	NA	NA	NA	NA	NA	NA	NA
NA	NA	NA	NA	NA	NA	NA	NA	NA	NA	NA	NA
NA	NA	NA	NA	NA	NA	NA	NA	NA	NA	NA	NA
NA	NA	NA	NA	NA	NA	NA	NA	NA	NA	NA	NA
NA	NA	NA	NA	NA	NA	NA	NA	NA	NA	NA	NA
NA	NA	NA	NA	NA	NA	NA	NA	NA	NA	NA	NA
NA	NA	NA	NA	NA	NA	NA	NA	NA	NA	NA	NA
NA	NA	NA	NA	NA	NA	NA	NA	NA	NA	NA	NA
NA	NA	NA	NA	NA	NA	NA	NA	NA	NA	NA	NA
NA	NA	NA	NA	NA	NA	NA	NA	NA	NA	NA	NA
NA	NA	NA	NA	NA	NA	NA	NA	NA	NA	NA	NA
NA	NA	NA	NA	NA	NA	NA	NA	NA	NA	NA	NA
NA	NA	NA	NA	NA	NA	NA	NA	NA	NA	NA	NA
NA	NA	NA	NA	NA	NA	NA	NA	NA	NA	NA	NA
NA	NA	NA	NA	NA	NA	NA	NA	NA	NA	NA	NA
NA	NA	NA	NA	NA	NA	NA	NA	NA	NA	NA	NA
NA	NA	NA	NA	NA	NA	NA	NA	NA	NA	NA	NA
NA	NA	NA	NA	NA	NA	NA	NA	NA	NA	NA	NA
NA	NA	NA	NA	NA	NA	NA	NA	NA	NA	NA	NA
NA	NA	NA	NA	NA	NA	NA	NA	NA	NA	NA	NA
NA	NA	NA	NA	NA	NA	NA	NA	NA	NA	NA	NA
NA	NA	NA	NA	NA	NA	NA	NA	NA	NA	NA	NA
NA	NA	NA	NA	NA	NA	NA	NA	NA	NA	NA	NA
NA	NA	NA	NA	NA	NA	NA	NA	NA	NA	NA	NA
NA	NA	NA	NA	NA	NA	NA	NA	NA	NA	NA	NA
NA	NA	NA	NA	NA	NA	NA	NA	NA	NA	NA	NA
NA	NA	NA	NA	NA	NA	NA	NA	NA	NA	NA	NA
NA	NA	NA	NA	NA	NA	NA	NA	NA	NA	NA	NA
NA	NA	NA	NA	NA	NA	NA	NA	NA	NA	NA	NA
NA	NA	NA	NA	NA	NA	NA	NA	NA	NA	NA	NA
NA	NA	NA	NA	NA	NA	NA	NA	NA	NA	NA	NA
NA	NA	NA	NA	NA	NA	NA	NA	NA	NA	NA	NA
NA	NA	NA	NA	NA	NA	NA	NA	NA	NA	NA	NA
NA	NA	NA	NA	NA	NA	NA	NA	NA	NA	NA	NA
NA	NA	NA	NA	NA	NA	NA	NA	NA	NA	NA	NA
NA	NA	NA	NA	NA	NA	NA	NA	NA	NA	NA	NA
NA	NA	NA	NA	NA	NA	NA	NA	NA	NA	NA	NA
NA	NA	NA	NA	NA	NA	NA	NA	NA	NA	NA	NA
NA	NA	NA	NA	NA	NA	NA	NA	NA	NA	NA	NA
NA	NA	NA	NA	NA	NA	NA	NA	NA	NA	NA	NA
NA	NA	NA	NA	NA	NA	NA	NA	NA	NA	NA	NA
NA	NA	NA	NA	NA	NA	NA	NA	NA	NA	NA	NA
NA	NA	NA	NA	NA	NA	NA	NA	NA	NA	NA	NA
NA	NA	NA	NA	NA	NA	NA	NA	NA	NA	NA	NA
NA	NA	NA	NA	NA	NA	NA	NA	NA	NA	NA	NA
NA	NA	NA	NA	NA	NA	NA	NA	NA	NA	NA	NA
NA	NA	NA	NA	NA	NA	NA	NA	NA	NA	NA	NA
NA	NA	NA	NA	NA	NA	NA	NA	NA	NA	NA	NA
NA	NA	NA	NA	NA	NA	NA	NA	NA	NA	NA	NA
NA	NA	NA	NA	NA	NA	NA	NA	NA	NA	NA	NA
NA	NA	NA	NA	NA	NA	NA	NA	NA	NA	NA	NA
NA	NA	NA	NA	NA	NA	NA	NA	NA	NA	NA	NA
NA	NA	NA	NA	NA	NA	NA	NA	NA	NA	NA	NA
NA	NA	NA	NA	NA	NA	NA	NA	NA	NA	NA	NA
NA	NA	NA	NA	NA	NA	NA	NA	NA	NA	NA	NA
NA	NA	NA	NA	NA	NA	NA	NA	NA	NA	NA	NA
NA	NA	NA	NA	NA	NA	NA	NA	NA	NA	NA	NA
NA	NA	NA	NA	NA	NA	NA	NA	NA	NA	NA	NA
NA	NA	NA	NA	NA	NA	NA	NA	NA	NA	NA	NA
NA	NA	NA	NA	NA	NA	NA	NA	NA	NA	NA	NA
NA	NA	NA	NA	NA	NA	NA	NA	NA	NA	NA	NA
NA	NA	NA	NA	NA	NA	NA	NA	NA	NA	NA	NA
NA	NA	NA	NA	NA	NA	NA	NA	NA	NA	NA	NA
NA	NA	NA	NA	NA	NA	NA	NA	NA	NA	NA	NA
NA	NA	NA	NA	NA	NA	NA	NA	NA	NA	NA	NA
NA	NA	NA	NA	NA	NA	NA	NA	NA	NA	NA	NA
NA	NA	NA	NA	NA	NA	NA	NA	NA	NA	NA	NA
NA	NA	NA	NA	NA	NA	NA	NA	NA	NA	NA	NA
NA	NA	NA	NA	NA	NA	NA	NA	NA	NA	NA	NA
NA	NA	NA	NA	NA	NA	NA	NA	NA	NA	NA	NA
NA	NA	NA	NA	NA	NA	NA	NA	NA	NA	NA	NA
NA	NA	NA	NA	NA	NA	NA	NA	NA	NA	NA	NA
NA	NA	NA	NA	NA	NA	NA	NA	NA	NA	NA	NA
NA	NA	NA	NA	NA	NA	NA	NA	NA	NA	NA	NA
NA	NA	NA	NA	NA	NA	NA	NA	NA	NA	NA	NA
NA	NA	NA	NA	NA	NA	NA	NA	NA	NA	NA	NA
NA	NA	NA	NA	NA	NA	NA	NA	NA	NA	NA	NA
NA	NA	NA	NA	NA	NA	NA	NA	NA	NA	NA	NA
NA	NA	NA	NA	NA	NA	NA	NA	NA	NA	NA	NA
NA	NA	NA	NA	NA	NA	NA	NA	NA	NA	NA	NA
NA	NA	NA	NA	NA	NA	NA	NA	NA	NA	NA	NA
NA	NA	NA	NA	NA	NA	NA	NA	NA	NA	NA	NA
NA	NA	NA	NA	NA	NA	NA	NA	NA	NA	NA	NA
NA	NA	NA	NA	NA	NA	NA	NA	NA	NA	NA	NA
NA	NA	NA	NA	NA	NA	NA	NA	NA	NA	NA	NA
NA	NA	NA	NA	NA	NA	NA	NA	NA	NA	NA	NA
NA	NA	NA	NA	NA	NA	NA	NA	NA	NA	NA	NA
NA	NA	NA	NA	NA	NA	NA	NA	NA	NA	NA	NA
NA	NA	NA	NA	NA	NA	NA	NA	NA	NA	NA	NA
NA	NA	NA	NA	NA	NA	NA	NA	NA	NA	NA	NA
NA	NA	NA	NA	NA	NA	NA	NA	NA	NA	NA	NA
NA	NA	NA	NA	NA	NA	NA	NA	NA	NA	NA	NA
NA	NA	NA	NA	NA	NA	NA	NA	NA	NA	NA	NA
NA	NA	NA	NA	NA	NA	NA	NA	NA	NA	NA	NA
NA	NA	NA	NA	NA	NA	NA	NA	NA	NA	NA	NA
NA	NA	NA	NA	NA	NA	NA	NA	NA	NA	NA	NA
NA	NA	NA	NA	NA	NA	NA	NA	NA	NA	NA	NA
NA	NA	NA	NA	NA	NA	NA	NA	NA	NA	NA	NA
NA	NA	NA	NA	NA	NA	NA	NA	NA	NA	NA	NA
NA	NA	NA	NA	NA	NA	NA	NA	NA	NA	NA	NA
NA	NA	NA	NA	NA	NA	NA	NA	NA	NA	NA	NA
NA	NA	NA	NA	NA	NA	NA	NA	NA	NA	NA	NA
NA	NA	NA	NA	NA	NA	NA	NA	NA	NA	NA	NA
NA	NA	NA	NA	NA	NA	NA	NA	NA	NA	NA	NA
NA	NA	NA	NA	NA	NA	NA	NA	NA	NA	NA	NA
NA	NA	NA	NA	NA	NA	NA	NA	NA	NA	NA	NA
NA	NA	NA	NA	NA	NA	NA	NA	NA	NA	NA	NA
NA	NA	NA	NA	NA	NA	NA	NA	NA	NA	NA	NA
NA	NA	NA	NA	NA	NA	NA	NA	NA	NA	NA	NA
NA	NA	NA	NA	NA	NA	NA	NA	NA	NA	NA	NA
NA	NA	NA	NA	NA	NA	NA	NA	NA	NA	NA	NA
NA	NA	NA	NA	NA	NA	NA	NA	NA	NA	NA	NA
NA	NA	NA	NA	NA	NA	NA	NA	NA	NA	NA	NA
NA	NA	NA	NA	NA	NA	NA	NA	NA	NA	NA	NA
NA	NA	NA	NA	NA	NA	NA	NA	NA	NA	NA	NA
NA	NA	NA	NA	NA	NA	NA	NA	NA	NA	NA	NA
NA	NA	NA	NA	NA	NA	NA	NA	NA	NA	NA	NA
NA	NA	NA	NA	NA	NA	NA	NA	NA	NA	NA	NA
NA	NA	NA	NA	NA	NA	NA	NA	NA	NA	NA	NA
NA	NA	NA	NA	NA	NA	NA	NA	NA	NA	NA	NA
NA	NA	NA	NA	NA	NA	NA	NA	NA	NA	NA	NA
NA	NA	NA	NA	NA	NA	NA	NA	NA	NA	NA	NA
NA	NA	NA	NA	NA	NA	NA	NA	NA	NA	NA	NA
NA	NA	NA	NA	NA	NA	NA	NA	NA	NA	NA	NA
