X1	X2	X3	X4	X1.1	X2.1	X3.1	X4.1	X1.2	X2.2	X3.2	X4.2	X1.3	X2.3	X3.3	X4.3
NA	NA	NA	NA	NA	NA	NA	NA	NA	NA	NA	NA	NA	NA	NA	NA
NA	NA	NA	NA	NA	NA	NA	NA	NA	NA	NA	NA	NA	NA	NA	NA
NA	NA	NA	NA	NA	NA	NA	NA	NA	NA	NA	NA	NA	NA	NA	NA
NA	NA	NA	NA	NA	NA	NA	NA	NA	NA	NA	NA	NA	NA	NA	NA
NA	NA	NA	NA	NA	NA	NA	NA	NA	NA	NA	NA	NA	NA	NA	NA
NA	NA	NA	NA	NA	NA	NA	NA	NA	NA	NA	NA	NA	NA	NA	NA
NA	NA	NA	NA	NA	NA	NA	NA	NA	NA	NA	NA	NA	NA	NA	NA
NA	NA	NA	NA	NA	NA	NA	NA	NA	NA	NA	NA	NA	NA	NA	NA
NA	NA	NA	NA	NA	NA	NA	NA	NA	NA	NA	NA	NA	NA	NA	NA
NA	NA	NA	NA	NA	NA	NA	NA	NA	NA	NA	NA	NA	NA	NA	NA
NA	NA	NA	NA	NA	NA	NA	NA	NA	NA	NA	NA	NA	NA	NA	NA
NA	NA	NA	NA	NA	NA	NA	NA	NA	NA	NA	NA	NA	NA	NA	NA
NA	NA	NA	NA	NA	NA	NA	NA	NA	NA	NA	NA	NA	NA	NA	NA
NA	NA	NA	NA	NA	NA	NA	NA	NA	NA	NA	NA	NA	NA	NA	NA
NA	NA	NA	NA	NA	NA	NA	NA	NA	NA	NA	NA	NA	NA	NA	NA
NA	NA	NA	NA	NA	NA	NA	NA	NA	NA	NA	NA	NA	NA	NA	NA
NA	NA	NA	NA	NA	NA	NA	NA	NA	NA	NA	NA	NA	NA	NA	NA
NA	NA	NA	NA	NA	NA	NA	NA	NA	NA	NA	NA	NA	NA	NA	NA
NA	NA	NA	NA	NA	NA	NA	NA	NA	NA	NA	NA	NA	NA	NA	NA
NA	NA	NA	NA	NA	NA	NA	NA	NA	NA	NA	NA	NA	NA	NA	NA
NA	NA	NA	NA	NA	NA	NA	NA	NA	NA	NA	NA	NA	NA	NA	NA
NA	NA	NA	NA	NA	NA	NA	NA	NA	NA	NA	NA	NA	NA	NA	NA
NA	NA	NA	NA	NA	NA	NA	NA	NA	NA	NA	NA	NA	NA	NA	NA
NA	NA	NA	NA	NA	NA	NA	NA	NA	NA	NA	NA	NA	NA	NA	NA
NA	NA	NA	NA	NA	NA	NA	NA	NA	NA	NA	NA	NA	NA	NA	NA
NA	NA	NA	NA	NA	NA	NA	NA	NA	NA	NA	NA	NA	NA	NA	NA
NA	NA	NA	NA	NA	NA	NA	NA	NA	NA	NA	NA	NA	NA	NA	NA
NA	NA	NA	NA	NA	NA	NA	NA	NA	NA	NA	NA	NA	NA	NA	NA
NA	NA	NA	NA	NA	NA	NA	NA	NA	NA	NA	NA	NA	NA	NA	NA
NA	NA	NA	NA	NA	NA	NA	NA	NA	NA	NA	NA	NA	NA	NA	NA
NA	NA	NA	NA	NA	NA	NA	NA	NA	NA	NA	NA	NA	NA	NA	NA
NA	NA	NA	NA	NA	NA	NA	NA	NA	NA	NA	NA	NA	NA	NA	NA
NA	NA	NA	NA	NA	NA	NA	NA	NA	NA	NA	NA	NA	NA	NA	NA
NA	NA	NA	NA	NA	NA	NA	NA	NA	NA	NA	NA	NA	NA	NA	NA
NA	NA	NA	NA	NA	NA	NA	NA	NA	NA	NA	NA	NA	NA	NA	NA
NA	NA	NA	NA	NA	NA	NA	NA	NA	NA	NA	NA	NA	NA	NA	NA
NA	NA	NA	NA	NA	NA	NA	NA	NA	NA	NA	NA	NA	NA	NA	NA
NA	NA	NA	NA	NA	NA	NA	NA	NA	NA	NA	NA	NA	NA	NA	NA
NA	NA	NA	NA	NA	NA	NA	NA	NA	NA	NA	NA	NA	NA	NA	NA
NA	NA	NA	NA	NA	NA	NA	NA	NA	NA	NA	NA	NA	NA	NA	NA
NA	NA	NA	NA	NA	NA	NA	NA	NA	NA	NA	NA	NA	NA	NA	NA
NA	NA	NA	NA	NA	NA	NA	NA	NA	NA	NA	NA	NA	NA	NA	NA
NA	NA	NA	NA	NA	NA	NA	NA	NA	NA	NA	NA	NA	NA	NA	NA
NA	NA	NA	NA	NA	NA	NA	NA	NA	NA	NA	NA	NA	NA	NA	NA
NA	NA	NA	NA	NA	NA	NA	NA	NA	NA	NA	NA	NA	NA	NA	NA
NA	NA	NA	NA	NA	NA	NA	NA	NA	NA	NA	NA	NA	NA	NA	NA
NA	NA	NA	NA	NA	NA	NA	NA	NA	NA	NA	NA	NA	NA	NA	NA
NA	NA	NA	NA	NA	NA	NA	NA	NA	NA	NA	NA	NA	NA	NA	NA
NA	NA	NA	NA	NA	NA	NA	NA	NA	NA	NA	NA	NA	NA	NA	NA
NA	NA	NA	NA	NA	NA	NA	NA	NA	NA	NA	NA	NA	NA	NA	NA
NA	NA	NA	NA	NA	NA	NA	NA	NA	NA	NA	NA	NA	NA	NA	NA
NA	NA	NA	NA	NA	NA	NA	NA	NA	NA	NA	NA	NA	NA	NA	NA
NA	NA	NA	NA	NA	NA	NA	NA	NA	NA	NA	NA	NA	NA	NA	NA
NA	NA	NA	NA	NA	NA	NA	NA	NA	NA	NA	NA	NA	NA	NA	NA
NA	NA	NA	NA	NA	NA	NA	NA	NA	NA	NA	NA	NA	NA	NA	NA
NA	NA	NA	NA	NA	NA	NA	NA	NA	NA	NA	NA	NA	NA	NA	NA
NA	NA	NA	NA	NA	NA	NA	NA	NA	NA	NA	NA	NA	NA	NA	NA
NA	NA	NA	NA	NA	NA	NA	NA	NA	NA	NA	NA	NA	NA	NA	NA
NA	NA	NA	NA	NA	NA	NA	NA	NA	NA	NA	NA	NA	NA	NA	NA
NA	NA	NA	NA	NA	NA	NA	NA	NA	NA	NA	NA	NA	NA	NA	NA
NA	NA	NA	NA	NA	NA	NA	NA	NA	NA	NA	NA	NA	NA	NA	NA
NA	NA	NA	NA	NA	NA	NA	NA	NA	NA	NA	NA	NA	NA	NA	NA
NA	NA	NA	NA	NA	NA	NA	NA	NA	NA	NA	NA	NA	NA	NA	NA
NA	NA	NA	NA	NA	NA	NA	NA	NA	NA	NA	NA	NA	NA	NA	NA
NA	NA	NA	NA	NA	NA	NA	NA	NA	NA	NA	NA	NA	NA	NA	NA
NA	NA	NA	NA	NA	NA	NA	NA	NA	NA	NA	NA	NA	NA	NA	NA
NA	NA	NA	NA	NA	NA	NA	NA	NA	NA	NA	NA	NA	NA	NA	NA
NA	NA	NA	NA	NA	NA	NA	NA	NA	NA	NA	NA	NA	NA	NA	NA
NA	NA	NA	NA	NA	NA	NA	NA	NA	NA	NA	NA	NA	NA	NA	NA
NA	NA	NA	NA	NA	NA	NA	NA	NA	NA	NA	NA	NA	NA	NA	NA
NA	NA	NA	NA	NA	NA	NA	NA	NA	NA	NA	NA	NA	NA	NA	NA
NA	NA	NA	NA	NA	NA	NA	NA	NA	NA	NA	NA	NA	NA	NA	NA
NA	NA	NA	NA	NA	NA	NA	NA	NA	NA	NA	NA	NA	NA	NA	NA
NA	NA	NA	NA	NA	NA	NA	NA	NA	NA	NA	NA	NA	NA	NA	NA
NA	NA	NA	NA	NA	NA	NA	NA	NA	NA	NA	NA	NA	NA	NA	NA
NA	NA	NA	NA	NA	NA	NA	NA	NA	NA	NA	NA	NA	NA	NA	NA
NA	NA	NA	NA	NA	NA	NA	NA	NA	NA	NA	NA	NA	NA	NA	NA
NA	NA	NA	NA	NA	NA	NA	NA	NA	NA	NA	NA	NA	NA	NA	NA
NA	NA	NA	NA	NA	NA	NA	NA	NA	NA	NA	NA	NA	NA	NA	NA
NA	NA	NA	NA	NA	NA	NA	NA	NA	NA	NA	NA	NA	NA	NA	NA
NA	NA	NA	NA	NA	NA	NA	NA	NA	NA	NA	NA	NA	NA	NA	NA
NA	NA	NA	NA	NA	NA	NA	NA	NA	NA	NA	NA	NA	NA	NA	NA
NA	NA	NA	NA	NA	NA	NA	NA	NA	NA	NA	NA	NA	NA	NA	NA
NA	NA	NA	NA	NA	NA	NA	NA	NA	NA	NA	NA	NA	NA	NA	NA
NA	NA	NA	NA	NA	NA	NA	NA	NA	NA	NA	NA	NA	NA	NA	NA
NA	NA	NA	NA	NA	NA	NA	NA	NA	NA	NA	NA	NA	NA	NA	NA
NA	NA	NA	NA	NA	NA	NA	NA	NA	NA	NA	NA	NA	NA	NA	NA
NA	NA	NA	NA	NA	NA	NA	NA	NA	NA	NA	NA	NA	NA	NA	NA
NA	NA	NA	NA	NA	NA	NA	NA	NA	NA	NA	NA	NA	NA	NA	NA
NA	NA	NA	NA	NA	NA	NA	NA	NA	NA	NA	NA	NA	NA	NA	NA
NA	NA	NA	NA	NA	NA	NA	NA	NA	NA	NA	NA	NA	NA	NA	NA
NA	NA	NA	NA	NA	NA	NA	NA	NA	NA	NA	NA	NA	NA	NA	NA
NA	NA	NA	NA	NA	NA	NA	NA	NA	NA	NA	NA	NA	NA	NA	NA
NA	NA	NA	NA	NA	NA	NA	NA	NA	NA	NA	NA	NA	NA	NA	NA
NA	NA	NA	NA	NA	NA	NA	NA	NA	NA	NA	NA	NA	NA	NA	NA
NA	NA	NA	NA	NA	NA	NA	NA	NA	NA	NA	NA	NA	NA	NA	NA
NA	NA	NA	NA	NA	NA	NA	NA	NA	NA	NA	NA	NA	NA	NA	NA
NA	NA	NA	NA	NA	NA	NA	NA	NA	NA	NA	NA	NA	NA	NA	NA
NA	NA	NA	NA	NA	NA	NA	NA	NA	NA	NA	NA	NA	NA	NA	NA
NA	NA	NA	NA	NA	NA	NA	NA	NA	NA	NA	NA	NA	NA	NA	NA
NA	NA	NA	NA	NA	NA	NA	NA	NA	NA	NA	NA	NA	NA	NA	NA
NA	NA	NA	NA	NA	NA	NA	NA	NA	NA	NA	NA	NA	NA	NA	NA
NA	NA	NA	NA	NA	NA	NA	NA	NA	NA	NA	NA	NA	NA	NA	NA
NA	NA	NA	NA	NA	NA	NA	NA	NA	NA	NA	NA	NA	NA	NA	NA
NA	NA	NA	NA	NA	NA	NA	NA	NA	NA	NA	NA	NA	NA	NA	NA
NA	NA	NA	NA	NA	NA	NA	NA	NA	NA	NA	NA	NA	NA	NA	NA
NA	NA	NA	NA	NA	NA	NA	NA	NA	NA	NA	NA	NA	NA	NA	NA
NA	NA	NA	NA	NA	NA	NA	NA	NA	NA	NA	NA	NA	NA	NA	NA
NA	NA	NA	NA	NA	NA	NA	NA	NA	NA	NA	NA	NA	NA	NA	NA
NA	NA	NA	NA	NA	NA	NA	NA	NA	NA	NA	NA	NA	NA	NA	NA
NA	NA	NA	NA	NA	NA	NA	NA	NA	NA	NA	NA	NA	NA	NA	NA
NA	NA	NA	NA	NA	NA	NA	NA	NA	NA	NA	NA	NA	NA	NA	NA
NA	NA	NA	NA	NA	NA	NA	NA	NA	NA	NA	NA	NA	NA	NA	NA
NA	NA	NA	NA	NA	NA	NA	NA	NA	NA	NA	NA	NA	NA	NA	NA
NA	NA	NA	NA	NA	NA	NA	NA	NA	NA	NA	NA	NA	NA	NA	NA
NA	NA	NA	NA	NA	NA	NA	NA	NA	NA	NA	NA	NA	NA	NA	NA
NA	NA	NA	NA	NA	NA	NA	NA	NA	NA	NA	NA	NA	NA	NA	NA
NA	NA	NA	NA	NA	NA	NA	NA	NA	NA	NA	NA	NA	NA	NA	NA
NA	NA	NA	NA	NA	NA	NA	NA	NA	NA	NA	NA	NA	NA	NA	NA
NA	NA	NA	NA	NA	NA	NA	NA	NA	NA	NA	NA	NA	NA	NA	NA
NA	NA	NA	NA	NA	NA	NA	NA	NA	NA	NA	NA	NA	NA	NA	NA
NA	NA	NA	NA	NA	NA	NA	NA	NA	NA	NA	NA	NA	NA	NA	NA
NA	NA	NA	NA	NA	NA	NA	NA	NA	NA	NA	NA	NA	NA	NA	NA
NA	NA	NA	NA	NA	NA	NA	NA	NA	NA	NA	NA	NA	NA	NA	NA
NA	NA	NA	NA	NA	NA	NA	NA	NA	NA	NA	NA	NA	NA	NA	NA
NA	NA	NA	NA	NA	NA	NA	NA	NA	NA	NA	NA	NA	NA	NA	NA
NA	NA	NA	NA	NA	NA	NA	NA	NA	NA	NA	NA	NA	NA	NA	NA
NA	NA	NA	NA	NA	NA	NA	NA	NA	NA	NA	NA	NA	NA	NA	NA
NA	NA	NA	NA	NA	NA	NA	NA	NA	NA	NA	NA	NA	NA	NA	NA
NA	NA	NA	NA	NA	NA	NA	NA	NA	NA	NA	NA	NA	NA	NA	NA
NA	NA	NA	NA	NA	NA	NA	NA	NA	NA	NA	NA	NA	NA	NA	NA
NA	NA	NA	NA	NA	NA	NA	NA	NA	NA	NA	NA	NA	NA	NA	NA
NA	NA	NA	NA	NA	NA	NA	NA	NA	NA	NA	NA	NA	NA	NA	NA
NA	NA	NA	NA	NA	NA	NA	NA	NA	NA	NA	NA	NA	NA	NA	NA
NA	NA	NA	NA	NA	NA	NA	NA	NA	NA	NA	NA	NA	NA	NA	NA
NA	NA	NA	NA	NA	NA	NA	NA	NA	NA	NA	NA	NA	NA	NA	NA
NA	NA	NA	NA	NA	NA	NA	NA	NA	NA	NA	NA	NA	NA	NA	NA
NA	NA	NA	NA	NA	NA	NA	NA	NA	NA	NA	NA	NA	NA	NA	NA
NA	NA	NA	NA	NA	NA	NA	NA	NA	NA	NA	NA	NA	NA	NA	NA
NA	NA	NA	NA	NA	NA	NA	NA	NA	NA	NA	NA	NA	NA	NA	NA
NA	NA	NA	NA	NA	NA	NA	NA	NA	NA	NA	NA	NA	NA	NA	NA
NA	NA	NA	NA	NA	NA	NA	NA	NA	NA	NA	NA	NA	NA	NA	NA
NA	NA	NA	NA	NA	NA	NA	NA	NA	NA	NA	NA	NA	NA	NA	NA
NA	NA	NA	NA	NA	NA	NA	NA	NA	NA	NA	NA	NA	NA	NA	NA
NA	NA	NA	NA	NA	NA	NA	NA	NA	NA	NA	NA	NA	NA	NA	NA
NA	NA	NA	NA	NA	NA	NA	NA	NA	NA	NA	NA	NA	NA	NA	NA
NA	NA	NA	NA	NA	NA	NA	NA	NA	NA	NA	NA	NA	NA	NA	NA
NA	NA	NA	NA	NA	NA	NA	NA	NA	NA	NA	NA	NA	NA	NA	NA
NA	NA	NA	NA	NA	NA	NA	NA	NA	NA	NA	NA	NA	NA	NA	NA
NA	NA	NA	NA	NA	NA	NA	NA	NA	NA	NA	NA	NA	NA	NA	NA
NA	NA	NA	NA	NA	NA	NA	NA	NA	NA	NA	NA	NA	NA	NA	NA
NA	NA	NA	NA	NA	NA	NA	NA	NA	NA	NA	NA	NA	NA	NA	NA
NA	NA	NA	NA	NA	NA	NA	NA	NA	NA	NA	NA	NA	NA	NA	NA
NA	NA	NA	NA	NA	NA	NA	NA	NA	NA	NA	NA	NA	NA	NA	NA
NA	NA	NA	NA	NA	NA	NA	NA	NA	NA	NA	NA	NA	NA	NA	NA
NA	NA	NA	NA	NA	NA	NA	NA	NA	NA	NA	NA	NA	NA	NA	NA
NA	NA	NA	NA	NA	NA	NA	NA	NA	NA	NA	NA	NA	NA	NA	NA
NA	NA	NA	NA	NA	NA	NA	NA	NA	NA	NA	NA	NA	NA	NA	NA
NA	NA	NA	NA	NA	NA	NA	NA	NA	NA	NA	NA	NA	NA	NA	NA
NA	NA	NA	NA	NA	NA	NA	NA	NA	NA	NA	NA	NA	NA	NA	NA
NA	NA	NA	NA	NA	NA	NA	NA	NA	NA	NA	NA	NA	NA	NA	NA
NA	NA	NA	NA	NA	NA	NA	NA	NA	NA	NA	NA	NA	NA	NA	NA
NA	NA	NA	NA	NA	NA	NA	NA	NA	NA	NA	NA	NA	NA	NA	NA
NA	NA	NA	NA	NA	NA	NA	NA	NA	NA	NA	NA	NA	NA	NA	NA
NA	NA	NA	NA	NA	NA	NA	NA	NA	NA	NA	NA	NA	NA	NA	NA
NA	NA	NA	NA	NA	NA	NA	NA	NA	NA	NA	NA	NA	NA	NA	NA
NA	NA	NA	NA	NA	NA	NA	NA	NA	NA	NA	NA	NA	NA	NA	NA
NA	NA	NA	NA	NA	NA	NA	NA	NA	NA	NA	NA	NA	NA	NA	NA
NA	NA	NA	NA	NA	NA	NA	NA	NA	NA	NA	NA	NA	NA	NA	NA
NA	NA	NA	NA	NA	NA	NA	NA	NA	NA	NA	NA	NA	NA	NA	NA
NA	NA	NA	NA	NA	NA	NA	NA	NA	NA	NA	NA	NA	NA	NA	NA
NA	NA	NA	NA	NA	NA	NA	NA	NA	NA	NA	NA	NA	NA	NA	NA
NA	NA	NA	NA	NA	NA	NA	NA	NA	NA	NA	NA	NA	NA	NA	NA
NA	NA	NA	NA	NA	NA	NA	NA	NA	NA	NA	NA	NA	NA	NA	NA
NA	NA	NA	NA	NA	NA	NA	NA	NA	NA	NA	NA	NA	NA	NA	NA
NA	NA	NA	NA	NA	NA	NA	NA	NA	NA	NA	NA	NA	NA	NA	NA
NA	NA	NA	NA	NA	NA	NA	NA	NA	NA	NA	NA	NA	NA	NA	NA
NA	NA	NA	NA	NA	NA	NA	NA	NA	NA	NA	NA	NA	NA	NA	NA
NA	NA	NA	NA	NA	NA	NA	NA	NA	NA	NA	NA	NA	NA	NA	NA
NA	NA	NA	NA	NA	NA	NA	NA	NA	NA	NA	NA	NA	NA	NA	NA
NA	NA	NA	NA	NA	NA	NA	NA	NA	NA	NA	NA	NA	NA	NA	NA
NA	NA	NA	NA	NA	NA	NA	NA	NA	NA	NA	NA	NA	NA	NA	NA
NA	NA	NA	NA	NA	NA	NA	NA	NA	NA	NA	NA	NA	NA	NA	NA
NA	NA	NA	NA	NA	NA	NA	NA	NA	NA	NA	NA	NA	NA	NA	NA
NA	NA	NA	NA	NA	NA	NA	NA	NA	NA	NA	NA	NA	NA	NA	NA
NA	NA	NA	NA	NA	NA	NA	NA	NA	NA	NA	NA	NA	NA	NA	NA
NA	NA	NA	NA	NA	NA	NA	NA	NA	NA	NA	NA	NA	NA	NA	NA
NA	NA	NA	NA	NA	NA	NA	NA	NA	NA	NA	NA	NA	NA	NA	NA
NA	NA	NA	NA	NA	NA	NA	NA	NA	NA	NA	NA	NA	NA	NA	NA
NA	NA	NA	NA	NA	NA	NA	NA	NA	NA	NA	NA	NA	NA	NA	NA
NA	NA	NA	NA	NA	NA	NA	NA	NA	NA	NA	NA	NA	NA	NA	NA
NA	NA	NA	NA	NA	NA	NA	NA	NA	NA	NA	NA	NA	NA	NA	NA
NA	NA	NA	NA	NA	NA	NA	NA	NA	NA	NA	NA	NA	NA	NA	NA
NA	NA	NA	NA	NA	NA	NA	NA	NA	NA	NA	NA	NA	NA	NA	NA
NA	NA	NA	NA	NA	NA	NA	NA	NA	NA	NA	NA	NA	NA	NA	NA
NA	NA	NA	NA	NA	NA	NA	NA	NA	NA	NA	NA	NA	NA	NA	NA
NA	NA	NA	NA	NA	NA	NA	NA	NA	NA	NA	NA	NA	NA	NA	NA
NA	NA	NA	NA	NA	NA	NA	NA	NA	NA	NA	NA	NA	NA	NA	NA
NA	NA	NA	NA	NA	NA	NA	NA	NA	NA	NA	NA	NA	NA	NA	NA
NA	NA	NA	NA	NA	NA	NA	NA	NA	NA	NA	NA	NA	NA	NA	NA
NA	NA	NA	NA	NA	NA	NA	NA	NA	NA	NA	NA	NA	NA	NA	NA
NA	NA	NA	NA	NA	NA	NA	NA	NA	NA	NA	NA	NA	NA	NA	NA
NA	NA	NA	NA	NA	NA	NA	NA	NA	NA	NA	NA	NA	NA	NA	NA
NA	NA	NA	NA	NA	NA	NA	NA	NA	NA	NA	NA	NA	NA	NA	NA
NA	NA	NA	NA	NA	NA	NA	NA	NA	NA	NA	NA	NA	NA	NA	NA
NA	NA	NA	NA	NA	NA	NA	NA	NA	NA	NA	NA	NA	NA	NA	NA
NA	NA	NA	NA	NA	NA	NA	NA	NA	NA	NA	NA	NA	NA	NA	NA
NA	NA	NA	NA	NA	NA	NA	NA	NA	NA	NA	NA	NA	NA	NA	NA
NA	NA	NA	NA	NA	NA	NA	NA	NA	NA	NA	NA	NA	NA	NA	NA
NA	NA	NA	NA	NA	NA	NA	NA	NA	NA	NA	NA	NA	NA	NA	NA
NA	NA	NA	NA	NA	NA	NA	NA	NA	NA	NA	NA	NA	NA	NA	NA
NA	NA	NA	NA	NA	NA	NA	NA	NA	NA	NA	NA	NA	NA	NA	NA
NA	NA	NA	NA	NA	NA	NA	NA	NA	NA	NA	NA	NA	NA	NA	NA
NA	NA	NA	NA	NA	NA	NA	NA	NA	NA	NA	NA	NA	NA	NA	NA
NA	NA	NA	NA	NA	NA	NA	NA	NA	NA	NA	NA	NA	NA	NA	NA
NA	NA	NA	NA	NA	NA	NA	NA	NA	NA	NA	NA	NA	NA	NA	NA
NA	NA	NA	NA	NA	NA	NA	NA	NA	NA	NA	NA	NA	NA	NA	NA
NA	NA	NA	NA	NA	NA	NA	NA	NA	NA	NA	NA	NA	NA	NA	NA
NA	NA	NA	NA	NA	NA	NA	NA	NA	NA	NA	NA	NA	NA	NA	NA
NA	NA	NA	NA	NA	NA	NA	NA	NA	NA	NA	NA	NA	NA	NA	NA
NA	NA	NA	NA	NA	NA	NA	NA	NA	NA	NA	NA	NA	NA	NA	NA
NA	NA	NA	NA	NA	NA	NA	NA	NA	NA	NA	NA	NA	NA	NA	NA
NA	NA	NA	NA	NA	NA	NA	NA	NA	NA	NA	NA	NA	NA	NA	NA
NA	NA	NA	NA	NA	NA	NA	NA	NA	NA	NA	NA	NA	NA	NA	NA
NA	NA	NA	NA	NA	NA	NA	NA	NA	NA	NA	NA	NA	NA	NA	NA
NA	NA	NA	NA	NA	NA	NA	NA	NA	NA	NA	NA	NA	NA	NA	NA
NA	NA	NA	NA	NA	NA	NA	NA	NA	NA	NA	NA	NA	NA	NA	NA
NA	NA	NA	NA	NA	NA	NA	NA	NA	NA	NA	NA	NA	NA	NA	NA
NA	NA	NA	NA	NA	NA	NA	NA	NA	NA	NA	NA	NA	NA	NA	NA
NA	NA	NA	NA	NA	NA	NA	NA	NA	NA	NA	NA	NA	NA	NA	NA
NA	NA	NA	NA	NA	NA	NA	NA	NA	NA	NA	NA	NA	NA	NA	NA
NA	NA	NA	NA	NA	NA	NA	NA	NA	NA	NA	NA	NA	NA	NA	NA
NA	NA	NA	NA	NA	NA	NA	NA	NA	NA	NA	NA	NA	NA	NA	NA
NA	NA	NA	NA	NA	NA	NA	NA	NA	NA	NA	NA	NA	NA	NA	NA
NA	NA	NA	NA	NA	NA	NA	NA	NA	NA	NA	NA	NA	NA	NA	NA
NA	NA	NA	NA	NA	NA	NA	NA	NA	NA	NA	NA	NA	NA	NA	NA
NA	NA	NA	NA	NA	NA	NA	NA	NA	NA	NA	NA	NA	NA	NA	NA
NA	NA	NA	NA	NA	NA	NA	NA	NA	NA	NA	NA	NA	NA	NA	NA
NA	NA	NA	NA	NA	NA	NA	NA	NA	NA	NA	NA	NA	NA	NA	NA
NA	NA	NA	NA	NA	NA	NA	NA	NA	NA	NA	NA	NA	NA	NA	NA
NA	NA	NA	NA	NA	NA	NA	NA	NA	NA	NA	NA	NA	NA	NA	NA
NA	NA	NA	NA	NA	NA	NA	NA	NA	NA	NA	NA	NA	NA	NA	NA
NA	NA	NA	NA	NA	NA	NA	NA	NA	NA	NA	NA	NA	NA	NA	NA
NA	NA	NA	NA	NA	NA	NA	NA	NA	NA	NA	NA	NA	NA	NA	NA
NA	NA	NA	NA	NA	NA	NA	NA	NA	NA	NA	NA	NA	NA	NA	NA
NA	NA	NA	NA	NA	NA	NA	NA	NA	NA	NA	NA	NA	NA	NA	NA
NA	NA	NA	NA	NA	NA	NA	NA	NA	NA	NA	NA	NA	NA	NA	NA
NA	NA	NA	NA	NA	NA	NA	NA	NA	NA	NA	NA	NA	NA	NA	NA
NA	NA	NA	NA	NA	NA	NA	NA	NA	NA	NA	NA	NA	NA	NA	NA
NA	NA	NA	NA	NA	NA	NA	NA	NA	NA	NA	NA	NA	NA	NA	NA
NA	NA	NA	NA	NA	NA	NA	NA	NA	NA	NA	NA	NA	NA	NA	NA
NA	NA	NA	NA	NA	NA	NA	NA	NA	NA	NA	NA	NA	NA	NA	NA
NA	NA	NA	NA	NA	NA	NA	NA	NA	NA	NA	NA	NA	NA	NA	NA
NA	NA	NA	NA	NA	NA	NA	NA	NA	NA	NA	NA	NA	NA	NA	NA
NA	NA	NA	NA	NA	NA	NA	NA	NA	NA	NA	NA	NA	NA	NA	NA
NA	NA	NA	NA	NA	NA	NA	NA	NA	NA	NA	NA	NA	NA	NA	NA
NA	NA	NA	NA	NA	NA	NA	NA	NA	NA	NA	NA	NA	NA	NA	NA
NA	NA	NA	NA	NA	NA	NA	NA	NA	NA	NA	NA	NA	NA	NA	NA
NA	NA	NA	NA	NA	NA	NA	NA	NA	NA	NA	NA	NA	NA	NA	NA
NA	NA	NA	NA	NA	NA	NA	NA	NA	NA	NA	NA	NA	NA	NA	NA
NA	NA	NA	NA	NA	NA	NA	NA	NA	NA	NA	NA	NA	NA	NA	NA
NA	NA	NA	NA	NA	NA	NA	NA	NA	NA	NA	NA	NA	NA	NA	NA
NA	NA	NA	NA	NA	NA	NA	NA	NA	NA	NA	NA	NA	NA	NA	NA
NA	NA	NA	NA	NA	NA	NA	NA	NA	NA	NA	NA	NA	NA	NA	NA
NA	NA	NA	NA	NA	NA	NA	NA	NA	NA	NA	NA	NA	NA	NA	NA
NA	NA	NA	NA	NA	NA	NA	NA	NA	NA	NA	NA	NA	NA	NA	NA
NA	NA	NA	NA	NA	NA	NA	NA	NA	NA	NA	NA	NA	NA	NA	NA
NA	NA	NA	NA	NA	NA	NA	NA	NA	NA	NA	NA	NA	NA	NA	NA
NA	NA	NA	NA	NA	NA	NA	NA	NA	NA	NA	NA	NA	NA	NA	NA
NA	NA	NA	NA	NA	NA	NA	NA	NA	NA	NA	NA	NA	NA	NA	NA
NA	NA	NA	NA	NA	NA	NA	NA	NA	NA	NA	NA	NA	NA	NA	NA
NA	NA	NA	NA	NA	NA	NA	NA	NA	NA	NA	NA	NA	NA	NA	NA
NA	NA	NA	NA	NA	NA	NA	NA	NA	NA	NA	NA	NA	NA	NA	NA
NA	NA	NA	NA	NA	NA	NA	NA	NA	NA	NA	NA	NA	NA	NA	NA
NA	NA	NA	NA	NA	NA	NA	NA	NA	NA	NA	NA	NA	NA	NA	NA
NA	NA	NA	NA	NA	NA	NA	NA	NA	NA	NA	NA	NA	NA	NA	NA
NA	NA	NA	NA	NA	NA	NA	NA	NA	NA	NA	NA	NA	NA	NA	NA
NA	NA	NA	NA	NA	NA	NA	NA	NA	NA	NA	NA	NA	NA	NA	NA
NA	NA	NA	NA	NA	NA	NA	NA	NA	NA	NA	NA	NA	NA	NA	NA
NA	NA	NA	NA	NA	NA	NA	NA	NA	NA	NA	NA	NA	NA	NA	NA
NA	NA	NA	NA	NA	NA	NA	NA	NA	NA	NA	NA	NA	NA	NA	NA
NA	NA	NA	NA	NA	NA	NA	NA	NA	NA	NA	NA	NA	NA	NA	NA
NA	NA	NA	NA	NA	NA	NA	NA	NA	NA	NA	NA	NA	NA	NA	NA
NA	NA	NA	NA	NA	NA	NA	NA	NA	NA	NA	NA	NA	NA	NA	NA
NA	NA	NA	NA	NA	NA	NA	NA	NA	NA	NA	NA	NA	NA	NA	NA
NA	NA	NA	NA	NA	NA	NA	NA	NA	NA	NA	NA	NA	NA	NA	NA
NA	NA	NA	NA	NA	NA	NA	NA	NA	NA	NA	NA	NA	NA	NA	NA
NA	NA	NA	NA	NA	NA	NA	NA	NA	NA	NA	NA	NA	NA	NA	NA
NA	NA	NA	NA	NA	NA	NA	NA	NA	NA	NA	NA	NA	NA	NA	NA
NA	NA	NA	NA	NA	NA	NA	NA	NA	NA	NA	NA	NA	NA	NA	NA
NA	NA	NA	NA	NA	NA	NA	NA	NA	NA	NA	NA	NA	NA	NA	NA
NA	NA	NA	NA	NA	NA	NA	NA	NA	NA	NA	NA	NA	NA	NA	NA
NA	NA	NA	NA	NA	NA	NA	NA	NA	NA	NA	NA	NA	NA	NA	NA
NA	NA	NA	NA	NA	NA	NA	NA	NA	NA	NA	NA	NA	NA	NA	NA
NA	NA	NA	NA	NA	NA	NA	NA	NA	NA	NA	NA	NA	NA	NA	NA
NA	NA	NA	NA	NA	NA	NA	NA	NA	NA	NA	NA	NA	NA	NA	NA
NA	NA	NA	NA	NA	NA	NA	NA	NA	NA	NA	NA	NA	NA	NA	NA
NA	NA	NA	NA	NA	NA	NA	NA	NA	NA	NA	NA	NA	NA	NA	NA
NA	NA	NA	NA	NA	NA	NA	NA	NA	NA	NA	NA	NA	NA	NA	NA
NA	NA	NA	NA	NA	NA	NA	NA	NA	NA	NA	NA	NA	NA	NA	NA
NA	NA	NA	NA	NA	NA	NA	NA	NA	NA	NA	NA	NA	NA	NA	NA
NA	NA	NA	NA	NA	NA	NA	NA	NA	NA	NA	NA	NA	NA	NA	NA
NA	NA	NA	NA	NA	NA	NA	NA	NA	NA	NA	NA	NA	NA	NA	NA
NA	NA	NA	NA	NA	NA	NA	NA	NA	NA	NA	NA	NA	NA	NA	NA
NA	NA	NA	NA	NA	NA	NA	NA	NA	NA	NA	NA	NA	NA	NA	NA
NA	NA	NA	NA	NA	NA	NA	NA	NA	NA	NA	NA	NA	NA	NA	NA
NA	NA	NA	NA	NA	NA	NA	NA	NA	NA	NA	NA	NA	NA	NA	NA
NA	NA	NA	NA	NA	NA	NA	NA	NA	NA	NA	NA	NA	NA	NA	NA
NA	NA	NA	NA	NA	NA	NA	NA	NA	NA	NA	NA	NA	NA	NA	NA
NA	NA	NA	NA	NA	NA	NA	NA	NA	NA	NA	NA	NA	NA	NA	NA
NA	NA	NA	NA	NA	NA	NA	NA	NA	NA	NA	NA	NA	NA	NA	NA
NA	NA	NA	NA	NA	NA	NA	NA	NA	NA	NA	NA	NA	NA	NA	NA
NA	NA	NA	NA	NA	NA	NA	NA	NA	NA	NA	NA	NA	NA	NA	NA
NA	NA	NA	NA	NA	NA	NA	NA	NA	NA	NA	NA	NA	NA	NA	NA
NA	NA	NA	NA	NA	NA	NA	NA	NA	NA	NA	NA	NA	NA	NA	NA
NA	NA	NA	NA	NA	NA	NA	NA	NA	NA	NA	NA	NA	NA	NA	NA
NA	NA	NA	NA	NA	NA	NA	NA	NA	NA	NA	NA	NA	NA	NA	NA
NA	NA	NA	NA	NA	NA	NA	NA	NA	NA	NA	NA	NA	NA	NA	NA
NA	NA	NA	NA	NA	NA	NA	NA	NA	NA	NA	NA	NA	NA	NA	NA
NA	NA	NA	NA	NA	NA	NA	NA	NA	NA	NA	NA	NA	NA	NA	NA
NA	NA	NA	NA	NA	NA	NA	NA	NA	NA	NA	NA	NA	NA	NA	NA
NA	NA	NA	NA	NA	NA	NA	NA	NA	NA	NA	NA	NA	NA	NA	NA
NA	NA	NA	NA	NA	NA	NA	NA	NA	NA	NA	NA	NA	NA	NA	NA
NA	NA	NA	NA	NA	NA	NA	NA	NA	NA	NA	NA	NA	NA	NA	NA
NA	NA	NA	NA	NA	NA	NA	NA	NA	NA	NA	NA	NA	NA	NA	NA
NA	NA	NA	NA	NA	NA	NA	NA	NA	NA	NA	NA	NA	NA	NA	NA
NA	NA	NA	NA	NA	NA	NA	NA	NA	NA	NA	NA	NA	NA	NA	NA
NA	NA	NA	NA	NA	NA	NA	NA	NA	NA	NA	NA	NA	NA	NA	NA
NA	NA	NA	NA	NA	NA	NA	NA	NA	NA	NA	NA	NA	NA	NA	NA
NA	NA	NA	NA	NA	NA	NA	NA	NA	NA	NA	NA	NA	NA	NA	NA
NA	NA	NA	NA	NA	NA	NA	NA	NA	NA	NA	NA	NA	NA	NA	NA
NA	NA	NA	NA	NA	NA	NA	NA	NA	NA	NA	NA	NA	NA	NA	NA
NA	NA	NA	NA	NA	NA	NA	NA	NA	NA	NA	NA	NA	NA	NA	NA
NA	NA	NA	NA	NA	NA	NA	NA	NA	NA	NA	NA	NA	NA	NA	NA
NA	NA	NA	NA	NA	NA	NA	NA	NA	NA	NA	NA	NA	NA	NA	NA
NA	NA	NA	NA	NA	NA	NA	NA	NA	NA	NA	NA	NA	NA	NA	NA
NA	NA	NA	NA	NA	NA	NA	NA	NA	NA	NA	NA	NA	NA	NA	NA
NA	NA	NA	NA	NA	NA	NA	NA	NA	NA	NA	NA	NA	NA	NA	NA
NA	NA	NA	NA	NA	NA	NA	NA	NA	NA	NA	NA	NA	NA	NA	NA
NA	NA	NA	NA	NA	NA	NA	NA	NA	NA	NA	NA	NA	NA	NA	NA
NA	NA	NA	NA	NA	NA	NA	NA	NA	NA	NA	NA	NA	NA	NA	NA
NA	NA	NA	NA	NA	NA	NA	NA	NA	NA	NA	NA	NA	NA	NA	NA
NA	NA	NA	NA	NA	NA	NA	NA	NA	NA	NA	NA	NA	NA	NA	NA
NA	NA	NA	NA	NA	NA	NA	NA	NA	NA	NA	NA	NA	NA	NA	NA
NA	NA	NA	NA	NA	NA	NA	NA	NA	NA	NA	NA	NA	NA	NA	NA
NA	NA	NA	NA	NA	NA	NA	NA	NA	NA	NA	NA	NA	NA	NA	NA
NA	NA	NA	NA	NA	NA	NA	NA	NA	NA	NA	NA	NA	NA	NA	NA
NA	NA	NA	NA	NA	NA	NA	NA	NA	NA	NA	NA	NA	NA	NA	NA
NA	NA	NA	NA	NA	NA	NA	NA	NA	NA	NA	NA	NA	NA	NA	NA
NA	NA	NA	NA	NA	NA	NA	NA	NA	NA	NA	NA	NA	NA	NA	NA
NA	NA	NA	NA	NA	NA	NA	NA	NA	NA	NA	NA	NA	NA	NA	NA
NA	NA	NA	NA	NA	NA	NA	NA	NA	NA	NA	NA	NA	NA	NA	NA
NA	NA	NA	NA	NA	NA	NA	NA	NA	NA	NA	NA	NA	NA	NA	NA
NA	NA	NA	NA	NA	NA	NA	NA	NA	NA	NA	NA	NA	NA	NA	NA
NA	NA	NA	NA	NA	NA	NA	NA	NA	NA	NA	NA	NA	NA	NA	NA
NA	NA	NA	NA	NA	NA	NA	NA	NA	NA	NA	NA	NA	NA	NA	NA
NA	NA	NA	NA	NA	NA	NA	NA	NA	NA	NA	NA	NA	NA	NA	NA
NA	NA	NA	NA	NA	NA	NA	NA	NA	NA	NA	NA	NA	NA	NA	NA
NA	NA	NA	NA	NA	NA	NA	NA	NA	NA	NA	NA	NA	NA	NA	NA
NA	NA	NA	NA	NA	NA	NA	NA	NA	NA	NA	NA	NA	NA	NA	NA
NA	NA	NA	NA	NA	NA	NA	NA	NA	NA	NA	NA	NA	NA	NA	NA
NA	NA	NA	NA	NA	NA	NA	NA	NA	NA	NA	NA	NA	NA	NA	NA
NA	NA	NA	NA	NA	NA	NA	NA	NA	NA	NA	NA	NA	NA	NA	NA
NA	NA	NA	NA	NA	NA	NA	NA	NA	NA	NA	NA	NA	NA	NA	NA
NA	NA	NA	NA	NA	NA	NA	NA	NA	NA	NA	NA	NA	NA	NA	NA
NA	NA	NA	NA	NA	NA	NA	NA	NA	NA	NA	NA	NA	NA	NA	NA
NA	NA	NA	NA	NA	NA	NA	NA	NA	NA	NA	NA	NA	NA	NA	NA
NA	NA	NA	NA	NA	NA	NA	NA	NA	NA	NA	NA	NA	NA	NA	NA
NA	NA	NA	NA	NA	NA	NA	NA	NA	NA	NA	NA	NA	NA	NA	NA
NA	NA	NA	NA	NA	NA	NA	NA	NA	NA	NA	NA	NA	NA	NA	NA
NA	NA	NA	NA	NA	NA	NA	NA	NA	NA	NA	NA	NA	NA	NA	NA
NA	NA	NA	NA	NA	NA	NA	NA	NA	NA	NA	NA	NA	NA	NA	NA
NA	NA	NA	NA	NA	NA	NA	NA	NA	NA	NA	NA	NA	NA	NA	NA
NA	NA	NA	NA	NA	NA	NA	NA	NA	NA	NA	NA	NA	NA	NA	NA
NA	NA	NA	NA	NA	NA	NA	NA	NA	NA	NA	NA	NA	NA	NA	NA
NA	NA	NA	NA	NA	NA	NA	NA	NA	NA	NA	NA	NA	NA	NA	NA
NA	NA	NA	NA	NA	NA	NA	NA	NA	NA	NA	NA	NA	NA	NA	NA
NA	NA	NA	NA	NA	NA	NA	NA	NA	NA	NA	NA	NA	NA	NA	NA
NA	NA	NA	NA	NA	NA	NA	NA	NA	NA	NA	NA	NA	NA	NA	NA
NA	NA	NA	NA	NA	NA	NA	NA	NA	NA	NA	NA	NA	NA	NA	NA
NA	NA	NA	NA	NA	NA	NA	NA	NA	NA	NA	NA	NA	NA	NA	NA
NA	NA	NA	NA	NA	NA	NA	NA	NA	NA	NA	NA	NA	NA	NA	NA
NA	NA	NA	NA	NA	NA	NA	NA	NA	NA	NA	NA	NA	NA	NA	NA
NA	NA	NA	NA	NA	NA	NA	NA	NA	NA	NA	NA	NA	NA	NA	NA
NA	NA	NA	NA	NA	NA	NA	NA	NA	NA	NA	NA	NA	NA	NA	NA
NA	NA	NA	NA	NA	NA	NA	NA	NA	NA	NA	NA	NA	NA	NA	NA
NA	NA	NA	NA	NA	NA	NA	NA	NA	NA	NA	NA	NA	NA	NA	NA
NA	NA	NA	NA	NA	NA	NA	NA	NA	NA	NA	NA	NA	NA	NA	NA
NA	NA	NA	NA	NA	NA	NA	NA	NA	NA	NA	NA	NA	NA	NA	NA
NA	NA	NA	NA	NA	NA	NA	NA	NA	NA	NA	NA	NA	NA	NA	NA
NA	NA	NA	NA	NA	NA	NA	NA	NA	NA	NA	NA	NA	NA	NA	NA
NA	NA	NA	NA	NA	NA	NA	NA	NA	NA	NA	NA	NA	NA	NA	NA
NA	NA	NA	NA	NA	NA	NA	NA	NA	NA	NA	NA	NA	NA	NA	NA
NA	NA	NA	NA	NA	NA	NA	NA	NA	NA	NA	NA	NA	NA	NA	NA
NA	NA	NA	NA	NA	NA	NA	NA	NA	NA	NA	NA	NA	NA	NA	NA
NA	NA	NA	NA	NA	NA	NA	NA	NA	NA	NA	NA	NA	NA	NA	NA
NA	NA	NA	NA	NA	NA	NA	NA	NA	NA	NA	NA	NA	NA	NA	NA
NA	NA	NA	NA	NA	NA	NA	NA	NA	NA	NA	NA	NA	NA	NA	NA
NA	NA	NA	NA	NA	NA	NA	NA	NA	NA	NA	NA	NA	NA	NA	NA
NA	NA	NA	NA	NA	NA	NA	NA	NA	NA	NA	NA	NA	NA	NA	NA
2.43615189558292	0.26079366663514	1.92499630897804	2.94730748218779	2.47692381657234	0.211547200072198	2.06229130443083	2.89155632871384	2.47692381657234	0.26079366663514	1.96765900671779	2.95884214880028	2.47500955493449	0.2586215962182	1.96767585510932	2.98234325475967
2.20579071710123	0.2227263174018	1.7692471349937	2.64233429920876	2.12928692153757	0.186831725411544	1.76309673973095	2.4954771033442	2.12928692153757	0.2227263174018	1.6507497317071	2.54871115925082	2.12681759653862	0.21517210893788	1.70478326932281	2.54885192375443
2.14677480140868	0.198841581171325	1.75704530231289	2.53650430050448	2.26840427522998	0.17175304948532	1.93176829823876	2.60504025222121	2.26840427522998	0.198841581171325	1.88339421724567	2.67037019934481	2.27335864408568	0.189208524871445	1.90228469036132	2.64443259781003
2.0204265922937	0.25233982555044	1.52584053421484	2.51501265037256	2.10814683552317	0.210225748389228	1.69610436868028	2.52018930236605	2.10814683552317	0.25233982555044	1.64478056719887	2.60531029420964	2.10789379565732	0.239129852120018	1.63883869630707	2.57694889500757
2.3374094554186	0.241446536068002	1.86417424472531	2.81064466611188	2.26065987863749	0.196760675987548	1.8750089537019	2.64631080357309	2.26065987863749	0.241446536068002	1.81284457407173	2.70254541826805	2.26562843300135	0.231772156178961	1.8110060628354	2.72025080316729
1.76572341499167	0.189809882120969	1.39369604603457	2.13775078394877	1.76459996194785	0.161663768251096	1.4477389761757	2.08146094771999	1.76459996194785	0.189809882120969	1.42006204885764	2.14734785520474	1.76793379807291	0.17918584081607	1.41653983471788	2.11932776142795
2.0912936537091	0.208369132144704	1.68289015470547	2.49969715271272	2.09106099621584	0.178104076329364	1.74197700661029	2.4401449858214	2.09106099621584	0.208369132144704	1.69071133067652	2.51093039621573	2.09352877017075	0.201730549965601	1.69788734274512	2.48917019759638
1.989405747308	0.272393907125278	1.45551368934245	2.52329780527354	1.87329609954757	0.226104760736972	1.43013076850311	2.31646143059204	1.87329609954757	0.272393907125278	1.28535235029372	2.39141952733171	1.87448188909011	0.256074096141728	1.37217048841295	2.37679328976726
2.10627803596769	0.227039546193869	1.66128052542771	2.55127554650768	2.18985894784253	0.185744985808827	1.82579877565723	2.55391912002783	2.18985894784253	0.227039546193869	1.72671723269775	2.63235469885452	2.19797854523154	0.212238295444795	1.78169143933997	2.6142656511231
1.94968782347662	0.271869386560584	1.41682382581787	2.48255182113536	1.86648851096843	0.255459941824605	1.36578702499221	2.36718999694466	1.86648851096843	0.271869386560584	1.3222867288383	2.38879427695639	1.87033973586368	0.256770132236648	1.36666565606026	2.37401381566711
2.26733315016725	0.248871579387047	1.77954485456864	2.75512144576586	2.23195544337702	0.197809719155607	1.84424839383203	2.619662492922	2.23195544337702	0.248871579387047	1.75673955790658	2.7059426277738	2.22878164799399	0.240408811129447	1.75723022043435	2.70033307555363
2.42929546130921	0.234730433014085	1.96922381260161	2.88936711001682	2.23530556081598	0.207400416421458	1.82880074462993	2.64181037700204	2.23530556081598	0.234730433014085	1.79803182671727	2.71341706884614	2.24362007579415	0.216026624460997	1.81991469476542	2.66732545682287
1.94502645906626	0.202912042725414	1.54731885532445	2.34273406280808	1.96963875135185	0.173068080937792	1.63042531271378	2.30885218998992	1.96963875135185	0.202912042725414	1.59535659876268	2.34308058296421	1.97470076005746	0.200182779461688	1.58207796728169	2.36732355283322
1.72992153344849	0.257925634268966	1.22438729028132	2.23545577661566	1.82842738959162	0.211149089859236	1.41457517346752	2.24227960571572	1.82842738959162	0.257925634268966	1.35910974482448	2.35091588221991	1.82517963133279	0.250909845432793	1.33300829652025	2.31735096614534
1.96280997729566	0.218078156218633	1.53537679110714	2.39024316348418	2.04249609825896	0.179134183448403	1.69139309870009	2.39359909781783	2.04249609825896	0.218078156218633	1.60542737504629	2.45801461564184	2.04650242992397	0.21224243443434	1.63020030198412	2.46280455786381
1.73571886191153	0.2836202585531	1.17982315514745	2.2916145686756	2.14047754668496	0.241625704882452	1.66689116511535	2.61406392825457	2.14047754668496	0.2836202585531	1.63900094349824	2.70203161579405	2.134283028126	0.27228502965898	1.60015574113465	2.66841031511735
1.8962277947547	0.185770270743034	1.53211806409835	2.26033752541104	1.82641058433857	0.16201061300993	1.5088697828391	2.14395138583803	1.82641058433857	0.185770270743034	1.46599864811412	2.16933003809939	1.83058051516478	0.181631409328527	1.4743608561072	2.18680017422236
1.56877043065668	0.258309459804128	1.06248388944059	2.07505697187277	1.56999715322499	0.216872446958384	1.14492715718655	1.99506714926342	1.56999715322499	0.258309459804128	1.02169897693826	2.06238505938989	1.57789467757894	0.242957915611291	1.10132002185555	2.05446933330233
1.69491182769452	0.243575827480808	1.21750320583213	2.1723204495569	1.65188420887284	0.201630809926765	1.25668782141638	2.0470805963293	1.65188420887284	0.243575827480808	1.15337010264797	2.13626007852444	1.6627182428358	0.229172697410988	1.21321774286515	2.11221874280645
1.83256964894299	0.177327670729877	1.48500741431243	2.18013188357355	1.85424988961521	0.154746492518734	1.55094676427849	2.15755301495193	1.85424988961521	0.177327670729877	1.49726850406344	2.21688965720195	1.84925888273731	0.170758466020772	1.51441411136034	2.18410365411428
1.90574030621853	0.305672770174279	1.30662167667695	2.50485893576012	2.04974057238084	0.248170762596583	1.56332587769154	2.53615526707014	2.04974057238084	0.305672770174279	1.4349537493355	2.60727393455757	2.0533632884603	0.288388477213853	1.48762790892618	2.61909866799442
1.56313236332791	0.269225725059598	1.03544994221109	2.09081478444472	1.69062090067234	0.214345644289251	1.27050343786541	2.11073836347927	1.69062090067234	0.269225725059598	1.20670490371777	2.2242730999446	1.70489063782001	0.261333819781765	1.19224243859059	2.21753883704942
1.80805988500821	0.25004517132668	1.31797134920791	2.2981484208085	1.75196110991679	0.207710734317423	1.34484807065464	2.15907414917893	1.75196110991679	0.25004517132668	1.29887620280014	2.22584860401607	1.75846926974029	0.238540660951039	1.29055746482328	2.2263810746573
1.74484667845338	0.247248400111884	1.26023981423408	2.22945354267267	1.71996850436557	0.212204064610194	1.30404853772959	2.13588847100155	1.71996850436557	0.247248400111884	1.23199824492643	2.22953481927355	1.72804749808591	0.236744105487779	1.2636999829739	2.19239501319792
1.97376477467662	0.260898588333358	1.46240354154323	2.48512600781	2.15531212061119	0.223597314368526	1.71706138444887	2.5935628567735	2.15531212061119	0.260898588333358	1.72383182105399	2.61335377371914	2.15606826376559	0.226234421047054	1.71235080662767	2.59978572090352
2.00076952949569	0.247807166463825	1.51506748322659	2.48647157576478	2.0607488582313	0.2000068086757	1.66873551322693	2.45276220323567	2.0607488582313	0.247807166463825	1.59487822793762	2.55388754795925	2.06773187830954	0.233610097585327	1.6095070055441	2.52595675107498
1.80446154283726	0.272604819990051	1.27015609565676	2.33876699001776	1.96273238508802	0.176586979527489	1.61662190521414	2.3088428649619	1.96273238508802	0.272604819990051	1.46617831863439	2.45917114826535	1.9581747875886	0.266252636891422	1.4358696433852	2.48047993179201
1.54672157877445	0.195754409214821	1.1630429367134	1.9304002208355	1.58241188711563	0.180657441261844	1.22832330224242	1.93650047198885	1.58241188711563	0.195754409214821	1.19930092348906	1.95046764425443	1.58927423693414	0.184223201219225	1.22798614692121	1.95056232694707
2.12639182505741	0.238322765662269	1.65927920435936	2.59350444575545	2.15916033912528	0.197408382181722	1.7722399100491	2.54608076820145	2.15916033912528	0.238322765662269	1.67828816584333	2.60789047808067	2.16122047355523	0.222947013436194	1.72393047682375	2.5985104702867
1.5588055563301	0.407889760923768	0.759341624919512	2.35826948774068	1.7943182883228	0.326390934233067	1.15459205722599	2.43404451941961	1.7943182883228	0.407889760923768	0.942991654613109	2.47261627974454	1.80607962333	0.390245030256351	1.04042806241477	2.57173118424523
2.03188563528747	0.209448666372711	1.62136624919696	2.44240502137798	2.18548863486533	0.170792351120595	1.85073562666896	2.52024164306169	2.18548863486533	0.209448666372711	1.80765573149932	2.59652391950667	2.18634412451788	0.197969390212294	1.79805911687812	2.57462913215763
1.9434332501821	0.216549803944611	1.51899563445066	2.36787086591353	2.08084870064316	0.185920121616035	1.71644526227573	2.44525213901059	2.08084870064316	0.216549803944611	1.64275555859588	2.48128243340285	2.07849059213993	0.202969511876725	1.68043993775584	2.47654124652401
1.96500518197526	0.323476118240016	1.33099199022483	2.59901837372569	2.12619660982866	0.249115628001334	1.63792997894604	2.61446324071127	2.12619660982866	0.323476118240016	1.47615046913056	2.69278989803736	2.13111392992621	0.312533423848007	1.51799113046996	2.74423672938245
1.78231081867251	0.23373054862559	1.32419894336636	2.24042269397867	1.77440194682631	0.17045484424463	1.44031045210684	2.10849344154579	1.77440194682631	0.23373054862559	1.33369305470068	2.23955660226012	1.77609236949547	0.227035234143606	1.33074639594425	2.22143834304669
2.1628222324724	0.253765305384999	1.6654422339178	2.66020223102699	2.08728138959427	0.204543937418013	1.68637527225496	2.48818750693357	2.08728138959427	0.253765305384999	1.58050025097001	2.58197755733959	2.09338939975685	0.243073098995628	1.61660301674126	2.57017578277244
1.77330486332418	0.199417340730431	1.38244687549253	2.16416285115583	1.85852572240175	0.179642490177543	1.50642644165376	2.21062500314973	1.85852572240175	0.199417340730431	1.47973543514656	2.25739720658996	1.86227868400104	0.187006703043109	1.49551872159223	2.22903864640986
1.93195040374274	0.269901968636168	1.40294254521585	2.46095826226963	1.95253917854565	0.22605174898644	1.50947775053223	2.39560060655907	1.95253917854565	0.269901968636168	1.38110594379549	2.40713828527556	1.95401820021377	0.252873202287088	1.45798553283771	2.45005086758982
2.08618955757186	0.209958747157676	1.67467041314281	2.4977087020009	2.1258635490021	0.181096506762533	1.77091439574754	2.48081270225667	2.1258635490021	0.209958747157676	1.68797839867915	2.49265698787765	2.12743824233267	0.192029628704397	1.75083212411638	2.50404436054897
2.18987085357816	0.223313603926484	1.75217618988225	2.62756551727407	2.27572732497381	0.170156761729908	1.94222007198319	2.60923457796443	2.27572732497381	0.223313603926484	1.900786985576	2.75464694393909	2.27771777918886	0.217466682327594	1.85116619156757	2.70426936681016
2.111691930197	0.213989297364835	1.69227290736192	2.53111095303207	2.27292776783604	0.167981750722888	1.94368353641918	2.6021719992529	2.27292776783604	0.213989297364835	1.87326674560031	2.66232847514747	2.26911251136201	0.20679009305378	1.86353853827276	2.67468648445126
2.22264939483052	0.254418446194586	1.72398924028913	2.72130954937191	2.06892703480402	0.219273814143703	1.63915035908236	2.49870371052568	2.06892703480402	0.254418446194586	1.60456236326472	2.58071326166314	2.07321029007011	0.241146459708715	1.60019633064343	2.54622424949678
1.75403222275196	0.283827161896241	1.19773098543533	2.31033346006859	1.88397967058315	0.234307309688059	1.42473734359455	2.34322199757174	1.88397967058315	0.283827161896241	1.36405943044537	2.42295737609851	1.88551296610301	0.279813985135529	1.33662223991123	2.43440369229478
2.07750647119562	0.258928974511107	1.57000568115386	2.58500726123739	2.11325655365709	0.206978912143064	1.70757788585668	2.5189352214575	2.11325655365709	0.258928974511107	1.5795719930754	2.61655667809418	2.12412346875307	0.251920341836878	1.62994679650218	2.61830014100395
2.05587097148868	0.275173632148585	1.51653065247745	2.59521129049991	2.19637576889338	0.227523704173588	1.75042930871314	2.64232222907361	2.19637576889338	0.275173632148585	1.6900800736669	2.75551762681249	2.19683268927147	0.264877314043057	1.67725618462322	2.71640919391973
2.29976885270363	0.23198302317036	1.84508212728972	2.75445557811753	2.19561448719253	0.207719638135197	1.78848399644754	2.60274497793752	2.19561448719253	0.23198302317036	1.73912251252145	2.64341998814194	2.19739617863901	0.214951849927975	1.77577656498664	2.61901579229137
2.30871080273829	0.222024721707967	1.87354234819067	2.7438792572859	2.25118909252307	0.196685683639671	1.86568515258932	2.63669303245683	2.25118909252307	0.222024721707967	1.82225101248835	2.71114759460089	2.25191839067396	0.203843025463857	1.8521104028291	2.65172637851882
1.6653966233941	0.205369723733216	1.26287196487699	2.0679212819112	1.80405940456181	0.169991695857771	1.47087568068058	2.13724312844304	1.80405940456181	0.205369723733216	1.37169180014343	2.20128547808501	1.80177169741084	0.197312649288346	1.41478822083711	2.18875517398456
2.09862303919287	0.241157503872758	1.62595433160226	2.57129174678347	2.20372985128536	0.203969069517358	1.80395047503134	2.60350922753939	2.20372985128536	0.241157503872758	1.73229470792028	2.66706278182615	2.21409888568016	0.232228227931065	1.75856864062026	2.66962913074007
2.00048517349654	0.27659172352993	1.45836539537788	2.5426049516152	1.82220329993832	0.228581453716233	1.3741836506545	2.27022294922214	1.82220329993832	0.27659172352993	1.15935380485599	2.28992322406684	1.82878541068544	0.26499986325545	1.3089433578046	2.34862746356628
1.82617521816597	0.267563045999989	1.30175164800599	2.35059878832595	1.81646364835988	0.210364788932367	1.40414866205244	2.22877863466732	1.81646364835988	0.267563045999989	1.31640549652097	2.35211167919747	1.83001490362021	0.261649017116294	1.31675372764384	2.34327607959658
2.23106866631937	0.184975273862297	1.86851712954927	2.59362020308947	2.11563706798	0.159716508390305	1.802592711535	2.42868142442499	2.11563706798	0.184975273862297	1.73385319645167	2.46819851252182	2.11918386640454	0.17757570272949	1.77095581456281	2.46741191824627
2.03229152540515	0.237355359481273	1.56707502082185	2.49750802998844	2.09368761992218	0.193132805966239	1.71514732022835	2.47222791961601	2.09368761992218	0.237355359481273	1.64067369939536	2.56153128304291	2.09795634192519	0.225592481560707	1.65546144811158	2.54045123573881
2.15297156922091	0.246947009571757	1.66895543046026	2.63698770798155	2.2023612881938	0.215376912799665	1.78022253910646	2.62450003728115	2.2023612881938	0.246947009571757	1.74344014572825	2.68115052378507	2.2005764732134	0.229262213593179	1.75086549106195	2.65028745536486
2.04202592112765	0.266779590301981	1.51913792413576	2.56491391811953	2.23899912230623	0.210246127066386	1.82691671325611	2.65108153135635	2.23899912230623	0.266779590301981	1.74919659049636	2.75405232222017	2.24524658633352	0.257738649865913	1.73967324086772	2.75081993179932
2.08545411816146	0.211322316498267	1.67126237782485	2.49964585849806	2.12190666548665	0.184328287642111	1.76062322170812	2.48319010926519	2.12190666548665	0.211322316498267	1.72230210768802	2.54850806028634	2.1273275759509	0.196134413687447	1.74267664388114	2.51197850802066
1.68464980203398	0.268009270557498	1.15935163174128	2.20994797232667	1.83148123771134	0.242346796675064	1.35648151622822	2.30648095919447	1.83148123771134	0.268009270557498	1.27620221045254	2.31951976876017	1.84126305166245	0.25490163986427	1.34123138704622	2.34129471627867
2.02642368448002	0.215044859358935	1.6049357601365	2.44791160882353	2.00983478025623	0.18046852726681	1.65611646681329	2.36355309369918	2.00983478025623	0.215044859358935	1.57884049808896	2.41906252144533	2.01896355718738	0.208626991900539	1.60974728100403	2.42817983337072
2.07666941075812	0.236642622906472	1.61284986986143	2.5404889516548	2.04553481657239	0.19665280611997	1.66009531657725	2.43097431656753	2.04553481657239	0.236642622906472	1.53427955307459	2.48127184619311	2.05136770014328	0.228809108822564	1.60257822849757	2.50015717178899
1.48990874520167	0.289062536267488	0.923346174117396	2.05647131628595	1.53896797558749	0.246093250695956	1.05662520422342	2.02131074695157	1.53896797558749	0.289062536267488	0.955135929605435	2.07253584603932	1.54344449591827	0.274808437922463	1.00435507004277	2.08253392179377
1.82944564099604	0.282040268716643	1.27664671431142	2.38224456768066	2.05003757983221	0.249619091382536	1.56078416072244	2.53929099894198	2.05003757983221	0.282040268716643	1.48924835513702	2.60238790776512	2.05502518648002	0.268287603050014	1.52874150908405	2.581308863876
2.20654959058594	0.275933387981541	1.66572015014212	2.74737903102976	2.16518297264775	0.218086386079074	1.73773365593276	2.59263228936273	2.16518297264775	0.275933387981541	1.63067903081158	2.69759729295287	2.16639482082148	0.263877864489229	1.64878654867585	2.6840030929671
1.9324610994587	0.232198162911487	1.47735270015219	2.38756949876522	2.00254065593475	0.179053439706812	1.65159591410939	2.3534853977601	2.00254065593475	0.232198162911487	1.58828544267673	2.43027623921153	2.00975560171248	0.228490728140988	1.56161505618383	2.45789614724113
2.19158941057737	0.288190162072186	1.62673669291588	2.75644212823885	2.17446330081081	0.228092127391972	1.72740273112255	2.62152387049908	2.17446330081081	0.288190162072186	1.6344277839922	2.76109396028011	2.16835108156776	0.276638878696347	1.62566864944032	2.71103351369519
2.17067899074727	0.18631819123888	1.80549533591907	2.53586264557548	2.29633673289195	0.156149408753557	1.99028389173497	2.60238957404892	2.29633673289195	0.18631819123888	1.92827072189047	2.66537415603926	2.2938918620207	0.181263278223226	1.93838525394769	2.64939847009372
2.17144041445252	0.215864941911789	1.74834512830541	2.59453570059963	2.16764433653701	0.181653193974202	1.81160407634758	2.52368459672645	2.16764433653701	0.215864941911789	1.74617213675153	2.58348991400543	2.17515774418753	0.201244193858495	1.78045078387033	2.56986470450473
2.14830456637608	0.229004334447899	1.69945607085819	2.59715306189396	2.2389351744719	0.20519087918608	1.83676105126718	2.64110929767662	2.2389351744719	0.229004334447899	1.80775705312854	2.68987682141724	2.23896348064408	0.219598796650598	1.80824264416473	2.66968431712343
2.32322934708891	0.214818383734553	1.90218531496918	2.74427337920863	2.26537855929395	0.173533805434862	1.92525230064162	2.60550481794628	2.26537855929395	0.214818383734553	1.84602715950913	2.64379236536951	2.27374230402694	0.207852872031614	1.8660472447917	2.68143736326218
1.8648512008735	0.311750640656124	1.2538199451875	2.47588245655951	1.94774413783117	0.255374409923458	1.44721029438119	2.44827798128114	1.94774413783117	0.311750640656124	1.34033141326203	2.46633026743401	1.95263003652542	0.295079545278389	1.37377085978232	2.53148921326852
1.82099857773313	0.262534905510768	1.30643016293203	2.33556699253424	1.93203515167491	0.182239582764385	1.57484556945671	2.2892247338931	1.93203515167491	0.262534905510768	1.48394211719167	2.46699533802355	1.93791108467197	0.251905064421468	1.44378255623173	2.43203961311221
2.10551996997317	0.26574541933595	1.58465894807471	2.62638099187164	2.09869549860978	0.203296360357246	1.70023463230958	2.49715636490998	2.09869549860978	0.26574541933595	1.57060737114122	2.62073545776015	2.10841712033909	0.252985059359342	1.61218761832265	2.60464662235552
1.8959234326228	0.21683445107978	1.47092790850643	2.32091895673917	1.8973130869995	0.195183780247506	1.51475287771439	2.27987329628462	1.8973130869995	0.21683445107978	1.46403371877988	2.31570987454286	1.90500974992372	0.203690240155754	1.50555318300042	2.30446631684702
2.0474726403	0.302250316671416	1.45506201962402	2.63988326097598	2.06375114894106	0.261821604332825	1.55058080444873	2.5769214934334	2.06375114894106	0.302250316671416	1.48435969611654	2.60640480804396	2.06155158044283	0.272861009809334	1.52629976037786	2.5968034005078
2.15846092906413	0.303581519910042	1.56344115004045	2.75348070808782	1.88421493930065	0.242459988648481	1.40899336154962	2.35943651705167	1.88421493930065	0.303581519910042	1.27042200308594	2.48234477132342	1.88126435452657	0.298477108254935	1.29571679995555	2.46681190909759
1.89681714945496	0.256007487414365	1.39504247412281	2.39859182478712	1.8490575755128	0.233635191053046	1.39113260104883	2.30698254997677	1.8490575755128	0.256007487414365	1.31688437892555	2.34074688676053	1.85571797252677	0.241861242883926	1.38128096607737	2.33015497897618
1.86271725160992	0.247294355377624	1.37802031506977	2.34741418815006	2.01097009388104	0.22060367721907	1.57858688653166	2.44335330123042	2.01097009388104	0.247294355377624	1.52242181228479	2.47311876935059	2.00645423135764	0.235153875637166	1.5451917810959	2.46771668161937
1.9366969357259	0.307551031322919	1.33389691433298	2.53949695711883	1.90300536366269	0.24111156171918	1.43042670269309	2.37558402463228	1.90300536366269	0.307551031322919	1.27100750181861	2.42571334321532	1.91458037105228	0.294720266828177	1.33641107325911	2.49274966884545
2.26180587511391	0.214091539563156	1.84218645757012	2.68142529265769	2.25255505996479	0.178988522517048	1.90173755583137	2.6033725640982	2.25255505996479	0.214091539563156	1.8330939010296	2.68972411888833	2.25183901814137	0.210206486465081	1.83954982327871	2.66412821300403
1.90628306020782	0.222631450956033	1.46992541633399	2.34264070408164	1.95566573971105	0.191250840992321	1.5808140913661	2.330517388056	1.95566573971105	0.222631450956033	1.5317220296667	2.38829500612391	1.95459633225765	0.212096408096884	1.53860715983987	2.37058550467544
1.79592446344848	0.227465963213421	1.35009117555018	2.24175775134679	1.95051138566796	0.18646808615423	1.58503393680567	2.31598883453025	1.95051138566796	0.227465963213421	1.51272523342366	2.36724430791171	1.95451367851928	0.221097320468392	1.52085159707198	2.38817575996657
2.02244868150828	0.296277063496658	1.44174563705483	2.60315172596173	2.13583039324507	0.239042805284477	1.6673064948875	2.60435429160265	2.13583039324507	0.296277063496658	1.61456074295077	2.75559143691912	2.13368881710641	0.277234997622871	1.58981762860664	2.67756000560618
1.95019895966514	0.240930976940817	1.47797424486114	2.42242367446915	2.00238556402874	0.200505524496024	1.60939473601654	2.39537639204095	2.00238556402874	0.240930976940817	1.53684698883652	2.45711674323329	1.99306927877492	0.234690490204094	1.53271663813098	2.45342191941887
1.61723527867313	0.235091819634989	1.15645531218856	2.07801524515771	1.53657466104618	0.200041953608494	1.14449243197353	1.92865689011883	1.53657466104618	0.235091819634989	1.09055015027034	1.97899110092285	1.5402314108366	0.215708614065889	1.11713421069379	1.96332861097941
1.63764758532869	0.219642377694622	1.20714852504723	2.06814664561015	1.64225765360307	0.193008129285988	1.26396172020253	2.0205535870036	1.64225765360307	0.219642377694622	1.20676628687407	2.08207646311785	1.64871290510317	0.209558435382825	1.2376964180703	2.05972939213604
1.90578168880588	0.305575321233788	1.30685405918765	2.5047093184241	2.00272850041437	0.253421916966082	1.50602154316085	2.49943545766789	2.00272850041437	0.305575321233788	1.42693638772589	2.58399691410337	2.00334743964544	0.299862463367529	1.41507818219522	2.59161669709566
2.06691974259843	0.268637952131963	1.54038935641978	2.59345012877707	2.09334550493448	0.211833524132193	1.67815179763538	2.50853921223358	2.09334550493448	0.268637952131963	1.54776579595634	2.57519541912749	2.09152811869787	0.256671149843702	1.58803061319089	2.59502562420485
1.96386149048057	0.248316498559173	1.47716115330459	2.45056182765654	1.96672609471462	0.204016783828144	1.56685319841145	2.36659899101778	1.96672609471462	0.248316498559173	1.48819179943829	2.42263358711338	1.96719339278478	0.238453581448478	1.49945398157626	2.4349328039933
1.97009149438807	0.265493878216363	1.449723493084	2.49045949569214	1.93227359410478	0.193223683145885	1.55355517513885	2.31099201307072	1.93227359410478	0.265493878216363	1.47947635643417	2.44593269023633	1.93120632043211	0.254875591373107	1.43123346807672	2.4311791727875
1.88263574453077	0.241016519024769	1.41024336724222	2.35502812181932	1.78117176374096	0.211272394895146	1.36707786974647	2.19526565773544	1.78117176374096	0.241016519024769	1.29733772986022	2.26191112129341	1.79570260386904	0.226489196276021	1.35146167851361	2.23994352922448
2.36119376404969	0.211154076575259	1.94733177396218	2.77505575413719	2.30070504152341	0.178096681727175	1.95163554533815	2.64977453770867	2.30070504152341	0.211154076575259	1.87493686822044	2.67419948057017	2.30315169633535	0.203842271094394	1.90335532553277	2.70294806713793
1.76164822124602	0.289442411454841	1.19434109479454	2.32895534769751	1.76953280106707	0.23066522287685	1.31742896422845	2.2216366379057	1.76953280106707	0.289442411454841	1.2181600574876	2.31674334236123	1.77649704496373	0.2703300889542	1.2462123779085	2.30678171201896
2.29538902060496	0.26134693245366	1.78314903299578	2.80762900821413	2.16648890789786	0.22064383559532	1.73402699013103	2.59895082566469	2.16648890789786	0.26134693245366	1.65938851823222	2.67171797330359	2.16578510353033	0.255165866869997	1.66525442470921	2.66631578235144
1.95195888415996	0.289647180935797	1.3842504095258	2.51966735879412	2.06450485295348	0.245042545982687	1.58422146282742	2.54478824307955	2.06450485295348	0.289647180935797	1.50087457022382	2.65460121613728	2.06540535153542	0.277452472579046	1.52115122484463	2.60965947822621
1.97806748820891	0.225668236549052	1.53575774457277	2.42037723184506	1.94453621153251	0.196912709675182	1.55858730056915	2.33048512249587	1.94453621153251	0.225668236549052	1.49098488449403	2.39431745238342	1.95498473192146	0.211335812123878	1.54045922298219	2.36951024086073
2.11494865412974	0.239492650177188	1.64554305978245	2.58435424847703	2.24710064092736	0.215384492440606	1.82494703574377	2.66925424611095	2.24710064092736	0.239492650177188	1.82967537022174	2.73857484525065	2.25207181450109	0.216500365525659	1.82746097980628	2.67668264919589
1.91860569677544	0.287939242081334	1.35424478229603	2.48296661125486	1.86085224333154	0.220175266957327	1.42930872009518	2.2923957665679	1.86085224333154	0.287939242081334	1.30111041547036	2.3738705980096	1.86528839739235	0.274804356506839	1.32621305080684	2.40436374397786
1.88329779487719	0.216231030527821	1.45948497504266	2.30711061471172	1.95173858807719	0.184222643516228	1.59066220678538	2.312814969369	1.95173858807719	0.216231030527821	1.52376090907757	2.38032748555492	1.95217873404661	0.200097476844856	1.55974465202516	2.34461281606805
2.17933019685237	0.169600766503836	1.84691269450485	2.51174769919989	2.17687772286967	0.138394740223604	1.90562403203141	2.44813141370794	2.17687772286967	0.169600766503836	1.84304207184349	2.51025508253208	2.17738527046555	0.161573315898287	1.86051881242824	2.49425172850286
1.66802846010391	0.245297175828317	1.18724599548041	2.14881092472741	1.74807654816107	0.201679788414218	1.35278416286921	2.14336893345294	1.74807654816107	0.245297175828317	1.27806264236042	2.25540820072893	1.74933535625239	0.233508055438329	1.29132708905237	2.20734362345241
1.9975187890248	0.221141179042083	1.56408207810231	2.43095549994728	1.93724385778875	0.184854991958602	1.5749280735499	2.29955964202761	1.93724385778875	0.221141179042083	1.51105791074689	2.32236634205679	1.94138550327392	0.21408261030278	1.52149386727847	2.36127713926938
2.11527421582052	0.243356398081349	1.63829567558108	2.59225275605996	2.00524324347986	0.213366712587273	1.58704448680881	2.42344200015092	2.00524324347986	0.243356398081349	1.50880107953702	2.44892543650357	2.01424652282046	0.229914099474777	1.56327070941079	2.46522233623013
