X1	X2	X3	X4	X1.1	X2.1	X3.1	X4.1	X1.2	X2.2	X3.2	X4.2	X1.3	X2.3	X3.3	X4.3
NA	NA	NA	NA	NA	NA	NA	NA	NA	NA	NA	NA	NA	NA	NA	NA
NA	NA	NA	NA	NA	NA	NA	NA	NA	NA	NA	NA	NA	NA	NA	NA
NA	NA	NA	NA	NA	NA	NA	NA	NA	NA	NA	NA	NA	NA	NA	NA
NA	NA	NA	NA	NA	NA	NA	NA	NA	NA	NA	NA	NA	NA	NA	NA
NA	NA	NA	NA	NA	NA	NA	NA	NA	NA	NA	NA	NA	NA	NA	NA
NA	NA	NA	NA	NA	NA	NA	NA	NA	NA	NA	NA	NA	NA	NA	NA
NA	NA	NA	NA	NA	NA	NA	NA	NA	NA	NA	NA	NA	NA	NA	NA
NA	NA	NA	NA	NA	NA	NA	NA	NA	NA	NA	NA	NA	NA	NA	NA
NA	NA	NA	NA	NA	NA	NA	NA	NA	NA	NA	NA	NA	NA	NA	NA
NA	NA	NA	NA	NA	NA	NA	NA	NA	NA	NA	NA	NA	NA	NA	NA
NA	NA	NA	NA	NA	NA	NA	NA	NA	NA	NA	NA	NA	NA	NA	NA
NA	NA	NA	NA	NA	NA	NA	NA	NA	NA	NA	NA	NA	NA	NA	NA
NA	NA	NA	NA	NA	NA	NA	NA	NA	NA	NA	NA	NA	NA	NA	NA
NA	NA	NA	NA	NA	NA	NA	NA	NA	NA	NA	NA	NA	NA	NA	NA
NA	NA	NA	NA	NA	NA	NA	NA	NA	NA	NA	NA	NA	NA	NA	NA
NA	NA	NA	NA	NA	NA	NA	NA	NA	NA	NA	NA	NA	NA	NA	NA
NA	NA	NA	NA	NA	NA	NA	NA	NA	NA	NA	NA	NA	NA	NA	NA
NA	NA	NA	NA	NA	NA	NA	NA	NA	NA	NA	NA	NA	NA	NA	NA
NA	NA	NA	NA	NA	NA	NA	NA	NA	NA	NA	NA	NA	NA	NA	NA
NA	NA	NA	NA	NA	NA	NA	NA	NA	NA	NA	NA	NA	NA	NA	NA
NA	NA	NA	NA	NA	NA	NA	NA	NA	NA	NA	NA	NA	NA	NA	NA
NA	NA	NA	NA	NA	NA	NA	NA	NA	NA	NA	NA	NA	NA	NA	NA
NA	NA	NA	NA	NA	NA	NA	NA	NA	NA	NA	NA	NA	NA	NA	NA
NA	NA	NA	NA	NA	NA	NA	NA	NA	NA	NA	NA	NA	NA	NA	NA
NA	NA	NA	NA	NA	NA	NA	NA	NA	NA	NA	NA	NA	NA	NA	NA
NA	NA	NA	NA	NA	NA	NA	NA	NA	NA	NA	NA	NA	NA	NA	NA
NA	NA	NA	NA	NA	NA	NA	NA	NA	NA	NA	NA	NA	NA	NA	NA
NA	NA	NA	NA	NA	NA	NA	NA	NA	NA	NA	NA	NA	NA	NA	NA
NA	NA	NA	NA	NA	NA	NA	NA	NA	NA	NA	NA	NA	NA	NA	NA
NA	NA	NA	NA	NA	NA	NA	NA	NA	NA	NA	NA	NA	NA	NA	NA
NA	NA	NA	NA	NA	NA	NA	NA	NA	NA	NA	NA	NA	NA	NA	NA
NA	NA	NA	NA	NA	NA	NA	NA	NA	NA	NA	NA	NA	NA	NA	NA
NA	NA	NA	NA	NA	NA	NA	NA	NA	NA	NA	NA	NA	NA	NA	NA
NA	NA	NA	NA	NA	NA	NA	NA	NA	NA	NA	NA	NA	NA	NA	NA
NA	NA	NA	NA	NA	NA	NA	NA	NA	NA	NA	NA	NA	NA	NA	NA
NA	NA	NA	NA	NA	NA	NA	NA	NA	NA	NA	NA	NA	NA	NA	NA
NA	NA	NA	NA	NA	NA	NA	NA	NA	NA	NA	NA	NA	NA	NA	NA
NA	NA	NA	NA	NA	NA	NA	NA	NA	NA	NA	NA	NA	NA	NA	NA
NA	NA	NA	NA	NA	NA	NA	NA	NA	NA	NA	NA	NA	NA	NA	NA
NA	NA	NA	NA	NA	NA	NA	NA	NA	NA	NA	NA	NA	NA	NA	NA
NA	NA	NA	NA	NA	NA	NA	NA	NA	NA	NA	NA	NA	NA	NA	NA
NA	NA	NA	NA	NA	NA	NA	NA	NA	NA	NA	NA	NA	NA	NA	NA
NA	NA	NA	NA	NA	NA	NA	NA	NA	NA	NA	NA	NA	NA	NA	NA
NA	NA	NA	NA	NA	NA	NA	NA	NA	NA	NA	NA	NA	NA	NA	NA
NA	NA	NA	NA	NA	NA	NA	NA	NA	NA	NA	NA	NA	NA	NA	NA
NA	NA	NA	NA	NA	NA	NA	NA	NA	NA	NA	NA	NA	NA	NA	NA
NA	NA	NA	NA	NA	NA	NA	NA	NA	NA	NA	NA	NA	NA	NA	NA
NA	NA	NA	NA	NA	NA	NA	NA	NA	NA	NA	NA	NA	NA	NA	NA
NA	NA	NA	NA	NA	NA	NA	NA	NA	NA	NA	NA	NA	NA	NA	NA
NA	NA	NA	NA	NA	NA	NA	NA	NA	NA	NA	NA	NA	NA	NA	NA
NA	NA	NA	NA	NA	NA	NA	NA	NA	NA	NA	NA	NA	NA	NA	NA
NA	NA	NA	NA	NA	NA	NA	NA	NA	NA	NA	NA	NA	NA	NA	NA
NA	NA	NA	NA	NA	NA	NA	NA	NA	NA	NA	NA	NA	NA	NA	NA
NA	NA	NA	NA	NA	NA	NA	NA	NA	NA	NA	NA	NA	NA	NA	NA
NA	NA	NA	NA	NA	NA	NA	NA	NA	NA	NA	NA	NA	NA	NA	NA
NA	NA	NA	NA	NA	NA	NA	NA	NA	NA	NA	NA	NA	NA	NA	NA
NA	NA	NA	NA	NA	NA	NA	NA	NA	NA	NA	NA	NA	NA	NA	NA
NA	NA	NA	NA	NA	NA	NA	NA	NA	NA	NA	NA	NA	NA	NA	NA
NA	NA	NA	NA	NA	NA	NA	NA	NA	NA	NA	NA	NA	NA	NA	NA
NA	NA	NA	NA	NA	NA	NA	NA	NA	NA	NA	NA	NA	NA	NA	NA
NA	NA	NA	NA	NA	NA	NA	NA	NA	NA	NA	NA	NA	NA	NA	NA
NA	NA	NA	NA	NA	NA	NA	NA	NA	NA	NA	NA	NA	NA	NA	NA
NA	NA	NA	NA	NA	NA	NA	NA	NA	NA	NA	NA	NA	NA	NA	NA
NA	NA	NA	NA	NA	NA	NA	NA	NA	NA	NA	NA	NA	NA	NA	NA
NA	NA	NA	NA	NA	NA	NA	NA	NA	NA	NA	NA	NA	NA	NA	NA
NA	NA	NA	NA	NA	NA	NA	NA	NA	NA	NA	NA	NA	NA	NA	NA
NA	NA	NA	NA	NA	NA	NA	NA	NA	NA	NA	NA	NA	NA	NA	NA
NA	NA	NA	NA	NA	NA	NA	NA	NA	NA	NA	NA	NA	NA	NA	NA
NA	NA	NA	NA	NA	NA	NA	NA	NA	NA	NA	NA	NA	NA	NA	NA
NA	NA	NA	NA	NA	NA	NA	NA	NA	NA	NA	NA	NA	NA	NA	NA
NA	NA	NA	NA	NA	NA	NA	NA	NA	NA	NA	NA	NA	NA	NA	NA
NA	NA	NA	NA	NA	NA	NA	NA	NA	NA	NA	NA	NA	NA	NA	NA
NA	NA	NA	NA	NA	NA	NA	NA	NA	NA	NA	NA	NA	NA	NA	NA
NA	NA	NA	NA	NA	NA	NA	NA	NA	NA	NA	NA	NA	NA	NA	NA
NA	NA	NA	NA	NA	NA	NA	NA	NA	NA	NA	NA	NA	NA	NA	NA
NA	NA	NA	NA	NA	NA	NA	NA	NA	NA	NA	NA	NA	NA	NA	NA
NA	NA	NA	NA	NA	NA	NA	NA	NA	NA	NA	NA	NA	NA	NA	NA
NA	NA	NA	NA	NA	NA	NA	NA	NA	NA	NA	NA	NA	NA	NA	NA
NA	NA	NA	NA	NA	NA	NA	NA	NA	NA	NA	NA	NA	NA	NA	NA
NA	NA	NA	NA	NA	NA	NA	NA	NA	NA	NA	NA	NA	NA	NA	NA
NA	NA	NA	NA	NA	NA	NA	NA	NA	NA	NA	NA	NA	NA	NA	NA
NA	NA	NA	NA	NA	NA	NA	NA	NA	NA	NA	NA	NA	NA	NA	NA
NA	NA	NA	NA	NA	NA	NA	NA	NA	NA	NA	NA	NA	NA	NA	NA
NA	NA	NA	NA	NA	NA	NA	NA	NA	NA	NA	NA	NA	NA	NA	NA
NA	NA	NA	NA	NA	NA	NA	NA	NA	NA	NA	NA	NA	NA	NA	NA
NA	NA	NA	NA	NA	NA	NA	NA	NA	NA	NA	NA	NA	NA	NA	NA
NA	NA	NA	NA	NA	NA	NA	NA	NA	NA	NA	NA	NA	NA	NA	NA
NA	NA	NA	NA	NA	NA	NA	NA	NA	NA	NA	NA	NA	NA	NA	NA
NA	NA	NA	NA	NA	NA	NA	NA	NA	NA	NA	NA	NA	NA	NA	NA
NA	NA	NA	NA	NA	NA	NA	NA	NA	NA	NA	NA	NA	NA	NA	NA
NA	NA	NA	NA	NA	NA	NA	NA	NA	NA	NA	NA	NA	NA	NA	NA
NA	NA	NA	NA	NA	NA	NA	NA	NA	NA	NA	NA	NA	NA	NA	NA
NA	NA	NA	NA	NA	NA	NA	NA	NA	NA	NA	NA	NA	NA	NA	NA
NA	NA	NA	NA	NA	NA	NA	NA	NA	NA	NA	NA	NA	NA	NA	NA
NA	NA	NA	NA	NA	NA	NA	NA	NA	NA	NA	NA	NA	NA	NA	NA
NA	NA	NA	NA	NA	NA	NA	NA	NA	NA	NA	NA	NA	NA	NA	NA
NA	NA	NA	NA	NA	NA	NA	NA	NA	NA	NA	NA	NA	NA	NA	NA
NA	NA	NA	NA	NA	NA	NA	NA	NA	NA	NA	NA	NA	NA	NA	NA
NA	NA	NA	NA	NA	NA	NA	NA	NA	NA	NA	NA	NA	NA	NA	NA
NA	NA	NA	NA	NA	NA	NA	NA	NA	NA	NA	NA	NA	NA	NA	NA
NA	NA	NA	NA	NA	NA	NA	NA	NA	NA	NA	NA	NA	NA	NA	NA
NA	NA	NA	NA	NA	NA	NA	NA	NA	NA	NA	NA	NA	NA	NA	NA
NA	NA	NA	NA	NA	NA	NA	NA	NA	NA	NA	NA	NA	NA	NA	NA
NA	NA	NA	NA	NA	NA	NA	NA	NA	NA	NA	NA	NA	NA	NA	NA
NA	NA	NA	NA	NA	NA	NA	NA	NA	NA	NA	NA	NA	NA	NA	NA
NA	NA	NA	NA	NA	NA	NA	NA	NA	NA	NA	NA	NA	NA	NA	NA
NA	NA	NA	NA	NA	NA	NA	NA	NA	NA	NA	NA	NA	NA	NA	NA
NA	NA	NA	NA	NA	NA	NA	NA	NA	NA	NA	NA	NA	NA	NA	NA
NA	NA	NA	NA	NA	NA	NA	NA	NA	NA	NA	NA	NA	NA	NA	NA
NA	NA	NA	NA	NA	NA	NA	NA	NA	NA	NA	NA	NA	NA	NA	NA
NA	NA	NA	NA	NA	NA	NA	NA	NA	NA	NA	NA	NA	NA	NA	NA
NA	NA	NA	NA	NA	NA	NA	NA	NA	NA	NA	NA	NA	NA	NA	NA
NA	NA	NA	NA	NA	NA	NA	NA	NA	NA	NA	NA	NA	NA	NA	NA
NA	NA	NA	NA	NA	NA	NA	NA	NA	NA	NA	NA	NA	NA	NA	NA
NA	NA	NA	NA	NA	NA	NA	NA	NA	NA	NA	NA	NA	NA	NA	NA
NA	NA	NA	NA	NA	NA	NA	NA	NA	NA	NA	NA	NA	NA	NA	NA
NA	NA	NA	NA	NA	NA	NA	NA	NA	NA	NA	NA	NA	NA	NA	NA
NA	NA	NA	NA	NA	NA	NA	NA	NA	NA	NA	NA	NA	NA	NA	NA
NA	NA	NA	NA	NA	NA	NA	NA	NA	NA	NA	NA	NA	NA	NA	NA
NA	NA	NA	NA	NA	NA	NA	NA	NA	NA	NA	NA	NA	NA	NA	NA
NA	NA	NA	NA	NA	NA	NA	NA	NA	NA	NA	NA	NA	NA	NA	NA
NA	NA	NA	NA	NA	NA	NA	NA	NA	NA	NA	NA	NA	NA	NA	NA
NA	NA	NA	NA	NA	NA	NA	NA	NA	NA	NA	NA	NA	NA	NA	NA
NA	NA	NA	NA	NA	NA	NA	NA	NA	NA	NA	NA	NA	NA	NA	NA
NA	NA	NA	NA	NA	NA	NA	NA	NA	NA	NA	NA	NA	NA	NA	NA
NA	NA	NA	NA	NA	NA	NA	NA	NA	NA	NA	NA	NA	NA	NA	NA
NA	NA	NA	NA	NA	NA	NA	NA	NA	NA	NA	NA	NA	NA	NA	NA
NA	NA	NA	NA	NA	NA	NA	NA	NA	NA	NA	NA	NA	NA	NA	NA
NA	NA	NA	NA	NA	NA	NA	NA	NA	NA	NA	NA	NA	NA	NA	NA
NA	NA	NA	NA	NA	NA	NA	NA	NA	NA	NA	NA	NA	NA	NA	NA
NA	NA	NA	NA	NA	NA	NA	NA	NA	NA	NA	NA	NA	NA	NA	NA
NA	NA	NA	NA	NA	NA	NA	NA	NA	NA	NA	NA	NA	NA	NA	NA
NA	NA	NA	NA	NA	NA	NA	NA	NA	NA	NA	NA	NA	NA	NA	NA
NA	NA	NA	NA	NA	NA	NA	NA	NA	NA	NA	NA	NA	NA	NA	NA
NA	NA	NA	NA	NA	NA	NA	NA	NA	NA	NA	NA	NA	NA	NA	NA
NA	NA	NA	NA	NA	NA	NA	NA	NA	NA	NA	NA	NA	NA	NA	NA
NA	NA	NA	NA	NA	NA	NA	NA	NA	NA	NA	NA	NA	NA	NA	NA
NA	NA	NA	NA	NA	NA	NA	NA	NA	NA	NA	NA	NA	NA	NA	NA
NA	NA	NA	NA	NA	NA	NA	NA	NA	NA	NA	NA	NA	NA	NA	NA
NA	NA	NA	NA	NA	NA	NA	NA	NA	NA	NA	NA	NA	NA	NA	NA
NA	NA	NA	NA	NA	NA	NA	NA	NA	NA	NA	NA	NA	NA	NA	NA
NA	NA	NA	NA	NA	NA	NA	NA	NA	NA	NA	NA	NA	NA	NA	NA
NA	NA	NA	NA	NA	NA	NA	NA	NA	NA	NA	NA	NA	NA	NA	NA
NA	NA	NA	NA	NA	NA	NA	NA	NA	NA	NA	NA	NA	NA	NA	NA
NA	NA	NA	NA	NA	NA	NA	NA	NA	NA	NA	NA	NA	NA	NA	NA
NA	NA	NA	NA	NA	NA	NA	NA	NA	NA	NA	NA	NA	NA	NA	NA
NA	NA	NA	NA	NA	NA	NA	NA	NA	NA	NA	NA	NA	NA	NA	NA
NA	NA	NA	NA	NA	NA	NA	NA	NA	NA	NA	NA	NA	NA	NA	NA
NA	NA	NA	NA	NA	NA	NA	NA	NA	NA	NA	NA	NA	NA	NA	NA
NA	NA	NA	NA	NA	NA	NA	NA	NA	NA	NA	NA	NA	NA	NA	NA
NA	NA	NA	NA	NA	NA	NA	NA	NA	NA	NA	NA	NA	NA	NA	NA
NA	NA	NA	NA	NA	NA	NA	NA	NA	NA	NA	NA	NA	NA	NA	NA
NA	NA	NA	NA	NA	NA	NA	NA	NA	NA	NA	NA	NA	NA	NA	NA
NA	NA	NA	NA	NA	NA	NA	NA	NA	NA	NA	NA	NA	NA	NA	NA
NA	NA	NA	NA	NA	NA	NA	NA	NA	NA	NA	NA	NA	NA	NA	NA
NA	NA	NA	NA	NA	NA	NA	NA	NA	NA	NA	NA	NA	NA	NA	NA
NA	NA	NA	NA	NA	NA	NA	NA	NA	NA	NA	NA	NA	NA	NA	NA
NA	NA	NA	NA	NA	NA	NA	NA	NA	NA	NA	NA	NA	NA	NA	NA
NA	NA	NA	NA	NA	NA	NA	NA	NA	NA	NA	NA	NA	NA	NA	NA
NA	NA	NA	NA	NA	NA	NA	NA	NA	NA	NA	NA	NA	NA	NA	NA
NA	NA	NA	NA	NA	NA	NA	NA	NA	NA	NA	NA	NA	NA	NA	NA
NA	NA	NA	NA	NA	NA	NA	NA	NA	NA	NA	NA	NA	NA	NA	NA
NA	NA	NA	NA	NA	NA	NA	NA	NA	NA	NA	NA	NA	NA	NA	NA
NA	NA	NA	NA	NA	NA	NA	NA	NA	NA	NA	NA	NA	NA	NA	NA
NA	NA	NA	NA	NA	NA	NA	NA	NA	NA	NA	NA	NA	NA	NA	NA
NA	NA	NA	NA	NA	NA	NA	NA	NA	NA	NA	NA	NA	NA	NA	NA
NA	NA	NA	NA	NA	NA	NA	NA	NA	NA	NA	NA	NA	NA	NA	NA
NA	NA	NA	NA	NA	NA	NA	NA	NA	NA	NA	NA	NA	NA	NA	NA
NA	NA	NA	NA	NA	NA	NA	NA	NA	NA	NA	NA	NA	NA	NA	NA
NA	NA	NA	NA	NA	NA	NA	NA	NA	NA	NA	NA	NA	NA	NA	NA
NA	NA	NA	NA	NA	NA	NA	NA	NA	NA	NA	NA	NA	NA	NA	NA
NA	NA	NA	NA	NA	NA	NA	NA	NA	NA	NA	NA	NA	NA	NA	NA
NA	NA	NA	NA	NA	NA	NA	NA	NA	NA	NA	NA	NA	NA	NA	NA
NA	NA	NA	NA	NA	NA	NA	NA	NA	NA	NA	NA	NA	NA	NA	NA
NA	NA	NA	NA	NA	NA	NA	NA	NA	NA	NA	NA	NA	NA	NA	NA
NA	NA	NA	NA	NA	NA	NA	NA	NA	NA	NA	NA	NA	NA	NA	NA
NA	NA	NA	NA	NA	NA	NA	NA	NA	NA	NA	NA	NA	NA	NA	NA
NA	NA	NA	NA	NA	NA	NA	NA	NA	NA	NA	NA	NA	NA	NA	NA
NA	NA	NA	NA	NA	NA	NA	NA	NA	NA	NA	NA	NA	NA	NA	NA
NA	NA	NA	NA	NA	NA	NA	NA	NA	NA	NA	NA	NA	NA	NA	NA
NA	NA	NA	NA	NA	NA	NA	NA	NA	NA	NA	NA	NA	NA	NA	NA
NA	NA	NA	NA	NA	NA	NA	NA	NA	NA	NA	NA	NA	NA	NA	NA
NA	NA	NA	NA	NA	NA	NA	NA	NA	NA	NA	NA	NA	NA	NA	NA
NA	NA	NA	NA	NA	NA	NA	NA	NA	NA	NA	NA	NA	NA	NA	NA
NA	NA	NA	NA	NA	NA	NA	NA	NA	NA	NA	NA	NA	NA	NA	NA
NA	NA	NA	NA	NA	NA	NA	NA	NA	NA	NA	NA	NA	NA	NA	NA
NA	NA	NA	NA	NA	NA	NA	NA	NA	NA	NA	NA	NA	NA	NA	NA
NA	NA	NA	NA	NA	NA	NA	NA	NA	NA	NA	NA	NA	NA	NA	NA
NA	NA	NA	NA	NA	NA	NA	NA	NA	NA	NA	NA	NA	NA	NA	NA
NA	NA	NA	NA	NA	NA	NA	NA	NA	NA	NA	NA	NA	NA	NA	NA
NA	NA	NA	NA	NA	NA	NA	NA	NA	NA	NA	NA	NA	NA	NA	NA
NA	NA	NA	NA	NA	NA	NA	NA	NA	NA	NA	NA	NA	NA	NA	NA
NA	NA	NA	NA	NA	NA	NA	NA	NA	NA	NA	NA	NA	NA	NA	NA
NA	NA	NA	NA	NA	NA	NA	NA	NA	NA	NA	NA	NA	NA	NA	NA
NA	NA	NA	NA	NA	NA	NA	NA	NA	NA	NA	NA	NA	NA	NA	NA
NA	NA	NA	NA	NA	NA	NA	NA	NA	NA	NA	NA	NA	NA	NA	NA
NA	NA	NA	NA	NA	NA	NA	NA	NA	NA	NA	NA	NA	NA	NA	NA
NA	NA	NA	NA	NA	NA	NA	NA	NA	NA	NA	NA	NA	NA	NA	NA
NA	NA	NA	NA	NA	NA	NA	NA	NA	NA	NA	NA	NA	NA	NA	NA
NA	NA	NA	NA	NA	NA	NA	NA	NA	NA	NA	NA	NA	NA	NA	NA
1.98888766250739	0.199640170143548	1.59759292902604	2.38018239598875	1.97096888448049	0.152285284198448	1.67248972745153	2.26944804150945	1.97096888448049	0.199640170143548	1.57243452819267	2.30389603176262	1.97103360639284	0.194639747854045	1.5892532613713	2.35281395141439
1.70206605867084	0.302849571270844	1.10848089897999	2.2956512183617	1.55234839041102	0.265709484168633	1.0315578014405	2.07313897938154	1.55234839041102	0.302849571270844	0.891552930070438	2.07654818714436	1.55938466592119	0.28023974956251	1.00965532069286	2.10911401114951
2.13509065819105	0.22331610019263	1.6973911018135	2.57279021456861	2.08527812977678	0.184443133769147	1.72376958758925	2.4467866719643	2.08527812977678	0.22331610019263	1.67518839535955	2.54077081664828	2.07899211528076	0.210232106373691	1.6666639817533	2.49132024880822
2.19811040057977	0.226943090042135	1.75330194409719	2.64291885706236	2.07388503879657	0.187811347390932	1.70577479791034	2.44199527968279	2.07388503879657	0.226943090042135	1.62232908908042	2.48283104951095	2.07738173673821	0.20846924463772	1.66849346211538	2.48627001136103
1.89676756628508	0.245769424398441	1.41505949446414	2.37847563810603	1.889523192927	0.205683204503822	1.48638411209951	2.29266227375449	1.889523192927	0.245769424398441	1.39488364066265	2.36536466882531	1.88756113531708	0.235462537666447	1.42571284938668	2.34940942124749
1.87576984984897	0.256082958297891	1.3738472515851	2.37769244811283	1.86569772515082	0.189369993003452	1.49453253886405	2.23686291143759	1.86569772515082	0.256082958297891	1.35626132186559	2.41185520825066	1.868558608049	0.248009845544099	1.38204480048011	2.35507241561789
1.66197499481305	0.272280462904744	1.12830528751975	2.19564470210634	1.87804602977067	0.230385178154143	1.42649108058855	2.32960097895279	1.87804602977067	0.272280462904744	1.31885812887096	2.36560384919147	1.87260306317836	0.253414760496455	1.37551284832964	2.36969327802708
2.21416648949428	0.206412827716181	1.80959734717057	2.618735631818	2.13939368063748	0.187793158033685	1.77131909089146	2.50746827038351	2.13939368063748	0.206412827716181	1.72982582768875	2.52029304006246	2.14323197045841	0.193190846334053	1.7643657782501	2.52209816266672
1.89838722198649	0.282343073756962	1.34499479742285	2.45177964655014	1.75788943051317	0.217482113099197	1.33162448883874	2.1841543721876	1.75788943051317	0.282343073756962	1.17784312835063	2.24885023227076	1.76239482947072	0.267784140490065	1.23708630224879	2.28770335669264
2.01509063853785	0.26091029309045	1.50370646408057	2.52647481299513	2.03109763507369	0.207003372942225	1.62537102410693	2.43682424604045	2.03109763507369	0.26091029309045	1.45865228047689	2.46545286080322	2.03440171536951	0.248133895065707	1.54768729306804	2.52111613767097
2.1998357917869	0.300304713264352	1.61123855378877	2.78843302978503	2.08712487080824	0.25395023974019	1.58938240091746	2.58486734069901	2.08712487080824	0.300304713264352	1.4803963338784	2.62248862942063	2.08955654327951	0.288326455893363	1.52396492644097	2.65514816011805
2.22540023983294	0.201378773954562	1.830697842882	2.62010263678388	2.24621665029662	0.184935221780484	1.88374361560687	2.60868968498637	2.24621665029662	0.201378773954562	1.8741233371825	2.68413781217521	2.24731675602191	0.190557473355547	1.87360076863811	2.62103274340571
1.88135836259358	0.182204119235222	1.52423828889255	2.23847843629462	1.95086953715238	0.151639529574629	1.65365605918611	2.24808301511866	1.95086953715238	0.182204119235222	1.5825436293882	2.27477145946129	1.94488528636317	0.175822639721691	1.60007095781678	2.28969961490956
1.77995936336712	0.222362096183429	1.3441296548476	2.21578907188664	1.80377357658189	0.196114208478636	1.41938972796376	2.18815742520002	1.80377357658189	0.222362096183429	1.38157176648725	2.24466034080749	1.80063007757571	0.201909159342298	1.404637085496	2.19662306965541
2.01320888094869	0.243420113557328	1.53610545837632	2.49031230352105	2.10025105730719	0.211263649269959	1.68617430473807	2.51432780987631	2.10025105730719	0.243420113557328	1.65695306827959	2.59836927248856	2.09971365190019	0.231317795042126	1.64598457712867	2.55344272667172
1.94226833501068	0.207102011539757	1.53634839239276	2.34818827762861	2.0411718969912	0.16636734136658	1.7150919079127	2.3672518860697	2.0411718969912	0.207102011539757	1.64695649839541	2.41942422073106	2.03732648647752	0.197597853905282	1.64980034428709	2.42485262866794
2.17395464180373	0.188552610314371	1.80439152558756	2.5435177580199	2.1053897383064	0.150448998942667	1.81050970037877	2.40026977623402	2.1053897383064	0.188552610314371	1.73176232368632	2.44193133558727	2.1121054290976	0.183122609930861	1.75295729005833	2.47125356813687
2.05376138213345	0.233571821837397	1.59596061133215	2.51156215293474	2.04051666389806	0.20104605382362	1.64646639840376	2.43456692939235	2.04051666389806	0.233571821837397	1.58618109868302	2.49894565145923	2.04507427027181	0.223451403874369	1.60677856364094	2.48336997690267
2.14302003004795	0.282024691871091	1.59025163398062	2.69578842611529	1.99316683350308	0.228387425159884	1.54552748018971	2.44080618681645	1.99316683350308	0.282024691871091	1.38081262681015	2.49258457809092	1.99832886759459	0.274242380349764	1.46034478055214	2.53631295463705
1.75910992575387	0.26424345643959	1.24119275113227	2.27702710037547	1.75757014239573	0.228914331741782	1.30889805218184	2.20624223260962	1.75757014239573	0.26424345643959	1.21292098894793	2.25844847757981	1.76119453733691	0.254481127347332	1.26200647762938	2.26038259704444
2.20901829522467	0.252723703603528	1.71367983616175	2.70435675428758	2.09642130873651	0.203254948667402	1.6980416093484	2.49480100812462	2.09642130873651	0.252723703603528	1.59082470472119	2.5376492928102	2.09740492180044	0.237531701249658	1.63145981925877	2.56335002434212
2.14570913217688	0.189556113805397	1.7741791491183	2.51723911523546	2.03474388554301	0.164856019126864	1.71162608805435	2.35786168303166	2.03474388554301	0.189556113805397	1.69139415011801	2.40500595353899	2.03438518424177	0.179395017319466	1.68256465574069	2.38620571274284
2.24721496782203	0.201294054568479	1.85267862086781	2.64175131477625	2.08647464815636	0.168750688382348	1.75572329892696	2.41722599738577	2.08647464815636	0.201294054568479	1.65409444401452	2.44075248583382	2.08728898397433	0.193235428666693	1.70829783660381	2.46628013134486
2.04908197728622	0.275491156878312	1.50911930980472	2.58904464476771	1.91883657538472	0.217359881410139	1.49281120782085	2.34486194294859	1.91883657538472	0.275491156878312	1.30595730868739	2.3823517297259	1.92392945024605	0.269523238393211	1.39520378964936	2.45265511084275
1.88820587560934	0.216310973845809	1.46423636687156	2.31217538434713	1.80956350277939	0.190045004237949	1.43707529447301	2.18205171108577	1.80956350277939	0.216310973845809	1.35855708487882	2.21156016758226	1.80880485802302	0.202423017852829	1.41180666286142	2.20580305318462
2.02701190591557	0.231408950022162	1.57345036387213	2.48057344795901	2.07152020364685	0.187124627763849	1.70475593322971	2.438284474064	2.07152020364685	0.231408950022162	1.58433056178791	2.4552348077442	2.07444209552209	0.218895121258952	1.64509306308498	2.50379112795919
1.93082596543715	0.304037091696565	1.33491326571188	2.52673866516241	2.02591022099734	0.248918394534314	1.53803016771009	2.5137902742846	2.02591022099734	0.304037091696565	1.49469051563719	2.73087392824627	2.02546790359872	0.283635752212385	1.4690666749876	2.58186913220984
2.04654061066982	0.23971080011733	1.57670744243985	2.51637377889978	2.01971845266075	0.185541820904898	1.65605648368715	2.38338042163435	2.01971845266075	0.23971080011733	1.57601182372714	2.47854545741489	2.01332786847791	0.243675734074329	1.53532477646811	2.4913309604877
1.98535537771196	0.212785933365627	1.56829494831533	2.40241580710859	1.91761195899374	0.176564973488201	1.57154461095686	2.26367930703061	1.91761195899374	0.212785933365627	1.47183986246574	2.33325357355978	1.91899756913808	0.206710272573436	1.51356901657084	2.32442612170533
2.1627507062192	0.237480258186893	1.69728940017289	2.62821201226551	2.10460068360723	0.196885428279612	1.71870524417919	2.49049612303527	2.10460068360723	0.237480258186893	1.62669357522208	2.53354544437946	2.10803917449017	0.218095664184578	1.680252940816	2.53582540816434
1.85448603667066	0.232937471373921	1.39792859277778	2.31104348056355	1.90327818646101	0.194754006450688	1.52156033381766	2.28499603910436	1.90327818646101	0.232937471373921	1.40466119638584	2.33019797143243	1.90540933413217	0.233509933837063	1.4473827645933	2.36343590367104
2.11364793793141	0.257336161095648	1.60926906218394	2.61802681367888	2.16544603320231	0.218008907794589	1.73814857392492	2.59274349247971	2.16544603320231	0.257336161095648	1.65561897269824	2.66871236312685	2.16316695269524	0.237460962430199	1.69738086180373	2.62895304358676
1.74412330517408	0.258985275289229	1.23651216560719	2.25173444474096	1.69202652367387	0.210822657629043	1.27881411472094	2.10523893262679	1.69202652367387	0.258985275289229	1.17054435073189	2.18851207884385	1.69209623485876	0.243747399425328	1.21397572856976	2.17021674114777
2.10725577075977	0.198705096020676	1.71779378255925	2.4967177589603	2.02248763498906	0.168524140379094	1.69218031984604	2.35279495013209	2.02248763498906	0.198705096020676	1.65771216232239	2.4199921880569	2.01218079148806	0.191415938986707	1.63677562649413	2.387585956482
2.41814755349565	0.259301224895349	1.90991715270076	2.92637795429053	2.45230026592672	0.212105832207251	2.03657283480051	2.86802769705293	2.45230026592672	0.259301224895349	1.95495927617599	2.94506358034342	2.45463819155562	0.248432113780733	1.96735727472377	2.94191910838747
2.18052402920423	0.218868217997046	1.75154232193002	2.60950573647844	2.11061223379376	0.183377851986819	1.7511916438996	2.47003282368793	2.11061223379376	0.218868217997046	1.70532426841915	2.50253641836235	2.10714134477238	0.206128897398505	1.70284179291158	2.51144089663317
1.92060006141528	0.256556578096488	1.41774916834617	2.4234509544844	1.96291402796289	0.209721316454907	1.55186024771127	2.3739678082145	1.96291402796289	0.256556578096488	1.49924784479981	2.47554815124555	1.96397047148113	0.251260591094169	1.4710965060603	2.45684443690197
2.26210900671968	0.198757689673207	1.87254393496019	2.65167407847916	2.32495408722448	0.165467733756772	2.00063732906121	2.64927084538775	2.32495408722448	0.198757689673207	1.92934814218687	2.71761093021473	2.33247691936536	0.191066767311596	1.95773871066093	2.7072151280698
2.10714961064112	0.184881539756241	1.74478179271888	2.46951742856335	2.15755529006515	0.16626403395187	1.83167778351949	2.48343279661081	2.15755529006515	0.184881539756241	1.79724646238708	2.53529099648869	2.15672756761776	0.172241385068576	1.81895975876094	2.49449537647458
1.99554043295792	0.25469863535941	1.49633110765347	2.49474975826236	1.94725904330358	0.210034237685454	1.53559193744009	2.35892614916707	1.94725904330358	0.25469863535941	1.47165630701898	2.46214778293555	1.9505859931805	0.240650176594968	1.47857552783969	2.4225964585213
2.09229077532662	0.298294819121222	1.50763292984902	2.67694862080421	2.10588755813467	0.231752031792404	1.65165357582155	2.56012154044778	2.10588755813467	0.298294819121222	1.53750003782171	2.68939271024217	2.10698468895024	0.286622990171407	1.54473514129559	2.66923423660489
1.90446042417192	0.226777583619236	1.45997636027822	2.34894448806562	1.97444463619814	0.188982512903764	1.60403891090676	2.34485036148951	1.97444463619814	0.226777583619236	1.55744296742696	2.39275116164749	1.96963394085058	0.209212071540647	1.55928488837059	2.37998299333056
2.13810028712414	0.287514520262813	1.57457182740902	2.70162874683925	2.02424448346465	0.250036262842053	1.53417340829422	2.51431555863507	2.02424448346465	0.287514520262813	1.49744538330134	2.63136392444021	2.02368144352266	0.263720948902518	1.5063491374854	2.54101374955992
1.82461908435274	0.285781710501999	1.26448693176882	2.38475123693666	1.82030433789117	0.210077473529028	1.40855248977428	2.23205618600807	1.82030433789117	0.285781710501999	1.22737596359021	2.38674578286275	1.82360110192719	0.27395798922312	1.2862035997679	2.36099860408648
2.02087681193608	0.237271910354628	1.55582386764101	2.48592975623115	1.96323830966125	0.202384920633796	1.56656386521901	2.35991275410349	1.96323830966125	0.237271910354628	1.52469577602971	2.38933751596869	1.9678444701754	0.228827540036842	1.51901764186878	2.41667129848201
1.99286494043631	0.244594516057457	1.51345968896369	2.47227019190892	1.96490580327438	0.188436522408989	1.59557021935276	2.334241387196	1.96490580327438	0.244594516057457	1.46953899331675	2.45881609920885	1.96509262058084	0.240351870642013	1.49364544177122	2.43653979939045
2.05479626586182	0.205427587990939	1.65215819339958	2.45743433832406	2.08011145430393	0.142001367435739	1.80178877412989	2.35843413447798	2.08011145430393	0.205427587990939	1.67901905897222	2.46622693443896	2.08752541010579	0.198858060804061	1.69748874907842	2.47756207113317
2.05604199165927	0.181673164849077	1.69996258855508	2.41212139476346	2.05645140685363	0.162033442444411	1.73886585966258	2.37403695404467	2.05645140685363	0.181673164849077	1.72019780193638	2.40290816048327	2.04587142100877	0.169276985062269	1.71391272962371	2.37783011239383
1.81875498689253	0.209346469317553	1.40843590703013	2.22907406675494	1.78933288118236	0.182377878681196	1.43187223896721	2.1467935233975	1.78933288118236	0.209346469317553	1.3853068892541	2.1944484051708	1.79465591966744	0.199001676404297	1.40438970388454	2.18492213545034
2.07001199069827	0.218377912677399	1.64199128185057	2.49803269954598	1.98641882613114	0.170000632244538	1.65321758693185	2.31962006533044	1.98641882613114	0.218377912677399	1.5748495642813	2.3651746672101	1.97979976975455	0.206292802658314	1.57517578840963	2.38442375109946
1.79698849703413	0.238451586795589	1.32962338691478	2.26435360715348	1.79804928635264	0.197576410653642	1.41079952147151	2.18529905123378	1.79804928635264	0.238451586795589	1.35747495904802	2.27432511170326	1.80029757138004	0.2247103311598	1.35955604832602	2.24103909443405
2.2561809075396	0.223983151512398	1.8171739305753	2.6951878845039	2.23016488734239	0.184812715161312	1.86793196562622	2.59239780905856	2.23016488734239	0.223983151512398	1.80512084053889	2.65741874114715	2.22714970252839	0.208032348673852	1.81913630175296	2.63516310330382
1.92213078541992	0.227939154236403	1.47537004311657	2.36889152772327	1.88387836312781	0.192034307368907	1.50749112068475	2.26026560557087	1.88387836312781	0.227939154236403	1.49362861956837	2.37819681882804	1.8858539841704	0.214293733759858	1.46553168394619	2.30617628439462
2.32562814140996	0.239702044022941	1.85581213512499	2.79544414769492	2.29248675978804	0.191693794985506	1.91676692161645	2.66820659795963	2.29248675978804	0.239702044022941	1.84112622856066	2.77593134806008	2.30055126119289	0.228718703139824	1.8519166654215	2.74918585696428
2.06180694824708	0.234058456409696	1.60305237368407	2.52056152281008	1.9549854883556	0.206333630105199	1.55057157334941	2.35939940336179	1.9549854883556	0.234058456409696	1.47759818708199	2.40269393536626	1.94682940393894	0.22037346626585	1.5146100767931	2.37904873108478
1.83363580462624	0.219803618925061	1.40282071153312	2.26445089771936	1.77318650070263	0.188536934922459	1.40365410825461	2.14271889315065	1.77318650070263	0.219803618925061	1.36354706482422	2.24508231259729	1.77503813040436	0.207310448855778	1.36841495700356	2.18166130380516
1.81378654639764	0.21891293482703	1.38471719413666	2.24285589865862	1.89833686391428	0.191669449089308	1.52266474369924	2.27400898412933	1.89833686391428	0.21891293482703	1.46649312932943	2.33137226494566	1.89328725882741	0.198955628069597	1.50309621179333	2.2834783058615
2.12824850385749	0.232826831088454	1.67190791492412	2.58458909279086	2.05290392386905	0.183921001836536	1.69241876026944	2.41338908746866	2.05290392386905	0.232826831088454	1.59539814606276	2.46402312096042	2.05513795969062	0.22419468890875	1.61538449431457	2.49489142506667
1.64239470181032	0.307097041051001	1.04048450135036	2.24430490227028	1.85117421021795	0.253113544201011	1.35507166358397	2.34727675685194	1.85117421021795	0.307097041051001	1.29818484474925	2.53507635146395	1.84861599897129	0.289610011030721	1.28049113960635	2.41674085833622
1.91312046362683	0.249120890188004	1.42484351885834	2.40139740839532	1.8183858845844	0.211098663839824	1.40463250345835	2.23213926571046	1.8183858845844	0.249120890188004	1.3524181006727	2.31365159556565	1.82726968502048	0.230307591331038	1.37554006733159	2.27899930270937
2.09469656112432	0.227694084559663	1.64841615538738	2.54097696686126	2.05064115202125	0.168288305904124	1.72079607244916	2.38048623159333	2.05064115202125	0.227694084559663	1.5703146474841	2.53144973594597	2.0494435505428	0.221132680708309	1.61570336382931	2.48318373725629
2.21779134760307	0.316384202219206	1.59767831125343	2.83790438395272	2.15902660123092	0.242820417595103	1.68309858274452	2.63495461971732	2.15902660123092	0.316384202219206	1.55997731338385	2.84576386361551	2.16216484461518	0.299566533728232	1.5744894872869	2.74984020194345
2.06625749207323	0.294466367619897	1.48910341153823	2.64341157260823	2.03361870455871	0.214506849429401	1.61318527967709	2.45405212944034	2.03361870455871	0.294466367619897	1.52209421666857	2.66448555694334	2.03954600549432	0.286254840126206	1.47800348112705	2.60108852986158
2.03187441909426	0.24853452927921	1.54474674170701	2.51900209648151	1.90858711090852	0.211437499362714	1.4941696121576	2.32300460965944	1.90858711090852	0.24853452927921	1.41820694694792	2.3687230885467	1.91924600329701	0.245737569105892	1.43721994862283	2.40127205797119
1.92915901395412	0.206371248446692	1.5246713669986	2.33364666090963	1.88532373973589	0.184051155877436	1.52458347421612	2.24606400525567	1.88532373973589	0.206371248446692	1.48329465743202	2.29621288456676	1.88716611186567	0.188082348790668	1.51830522448802	2.25602699924331
1.88385270844758	0.189172769621579	1.51307407998929	2.25463133690588	1.89262501548381	0.157869880464888	1.58320004977263	2.20204998119499	1.89262501548381	0.189172769621579	1.50370714579217	2.24324799178925	1.89846758751548	0.181372900261136	1.54274330557779	2.25419186945316
2.11567660287856	0.232997866408651	1.65900078471761	2.57235242103952	2.32174431476157	0.196893361986854	1.93583332526734	2.70765530425581	2.32174431476157	0.232997866408651	1.8956394938236	2.75165140928156	2.31699855848898	0.217208266258717	1.89097822811653	2.74301888886144
1.98639964886179	0.2114539460032	1.57194991469552	2.40084938302807	1.99025046137043	0.177220758961029	1.64289777380681	2.33760314893405	1.99025046137043	0.2114539460032	1.56186960756722	2.39573620142834	1.99046801359553	0.199478054936734	1.59924890798311	2.38168711920795
2.28656548464365	0.226108399329252	1.84339302195831	2.72973794732898	2.17802630316632	0.196455780931087	1.79297297254139	2.56307963379125	2.17802630316632	0.226108399329252	1.75191061448505	2.63079624377374	2.18766570527076	0.215623464451318	1.76474749539153	2.61058391514998
1.78666056618589	0.217380397239549	1.36059498759638	2.21272614477541	1.79059484485049	0.169458154786467	1.45845686146902	2.12273282823197	1.79059484485049	0.217380397239549	1.40067493316721	2.1398392052814	1.79140063329616	0.195021433426162	1.40890735906815	2.17389390752417
1.67835757920368	0.27316479709429	1.14295457689888	2.21376058150849	1.58870814947342	0.233932683299348	1.13020009020669	2.04721620874014	1.58870814947342	0.27316479709429	1.0770950435259	2.1089889624893	1.58972869188317	0.254250339206128	1.09100714594379	2.08845023782255
1.92630905862818	0.216232041819225	1.5024942566625	2.35012386059386	1.96007551096593	0.195240277054056	1.57740456793998	2.34274645399188	1.96007551096593	0.216232041819225	1.55018873427137	2.38344238869369	1.95708534797331	0.196388952791171	1.57192037593661	2.34225032001001
2.14417556204195	0.2199833372367	1.71300822105801	2.57534290302588	2.16582641090407	0.186407354690112	1.80046799571145	2.53118482609669	2.16582641090407	0.2199833372367	1.76520858786474	2.55972183240557	2.16656673321457	0.204363580047187	1.76572819150745	2.56740527492168
2.10968947450355	0.272525402271556	1.5755396860513	2.6438392629558	2.09814668000946	0.209249819291395	1.68801703419833	2.50827632582059	2.09814668000946	0.272525402271556	1.51554140805828	2.58841177565479	2.09745191594454	0.258075498339037	1.59120433976881	2.60369949212027
1.88358425120899	0.241816667467206	1.40962358297327	2.35754491944471	1.89548027106246	0.208306787900985	1.48719896677653	2.30376157534839	1.89548027106246	0.241816667467206	1.41113775897732	2.3478429691918	1.88717207711034	0.230126317058804	1.43576971974485	2.33857443447582
2.42015662183071	0.316152866308942	1.80049700386519	3.03981623979624	2.37144252419348	0.269972083941132	1.84229723966886	2.9005878087181	2.37144252419348	0.316152866308942	1.86865512912192	3.0588084584248	2.36488984808394	0.294692098185286	1.78677206022651	2.94300763594138
2.25849464154614	0.353923150197725	1.5648052671586	2.95218401593368	2.23068179115862	0.266583256905513	1.70817860762382	2.75318497469343	2.23068179115862	0.353923150197725	1.48642019995436	2.84010828893696	2.23293401156206	0.338169663388176	1.56949260664673	2.89637541647739
1.68774154597291	0.232520691379248	1.23200099086958	2.14348210107623	1.68285406594901	0.198931334268546	1.29294865078266	2.07275948111536	1.68285406594901	0.232520691379248	1.23637787587576	2.13561112424653	1.68599055734201	0.216920132241356	1.26050239377682	2.1114787209072
2.15849237015434	0.179765059749817	1.8061528530447	2.51083188726398	2.14869384344043	0.15211463650599	1.85054915588869	2.44683853099217	2.14869384344043	0.179765059749817	1.7890995404365	2.50170636702679	2.15293135627982	0.179417345794254	1.80107463815812	2.50478807440153
2.0675481259677	0.275625994390693	1.52732117696194	2.60777507497346	2.05724820853152	0.21976987372959	1.62649925602152	2.48799716104151	2.05724820853152	0.275625994390693	1.49015375971293	2.56062931750307	2.06488961454137	0.261779577661537	1.55135693195782	2.57842229712491
1.81766653600528	0.200251936407636	1.42517274064631	2.21016033136424	1.90508782387205	0.167035597325885	1.57769805311332	2.23247759463079	1.90508782387205	0.200251936407636	1.53989677455291	2.30485938078947	1.91124460716958	0.187550596457739	1.54341484638296	2.27907436795621
2.14518969487396	0.30372323503605	1.5498921542033	2.74048723554461	2.32090604292611	0.242778343595965	1.84506048947801	2.7967515963742	2.32090604292611	0.30372323503605	1.72626358334955	2.84626134317706	2.31735389890103	0.286001790615424	1.7562980998591	2.87840969794295
1.96793987334146	0.245953757483513	1.48587050867377	2.45000923800915	2.01477107301035	0.19947407684616	1.62380188239187	2.40574026362882	2.01477107301035	0.245953757483513	1.54800811963247	2.524170993523	2.0158522389699	0.232657767293692	1.55948791216724	2.47221656577257
2.15688856089526	0.198692292839812	1.76745166692923	2.54632545486129	2.10463212089523	0.183354484245129	1.74525733177478	2.46400691001569	2.10463212089523	0.198692292839812	1.69709627251563	2.49045518426512	2.11074749351093	0.180897366237786	1.75599703242327	2.46549795459859
1.76365001708832	0.442208147765227	0.896922047468479	2.63037798670817	1.88465940156352	0.301133164553678	1.29443839903831	2.47488040408873	1.88465940156352	0.442208147765227	1.00521532749118	2.68036624207607	1.88842753847717	0.420502818632094	1.06340575642805	2.7134493205263
1.6220549041222	0.359251841651932	0.917921294484415	2.32618851375999	1.67250706001296	0.281703500705857	1.12036819862948	2.22464592139644	1.67250706001296	0.359251841651932	1.04173175107658	2.41295555033972	1.67882158478508	0.341984949154467	1.00789509833844	2.34974807123172
1.83938923530262	0.219712825293747	1.40875209772687	2.27002637287836	1.95169130285221	0.191028760305596	1.57727493265324	2.32610767305117	1.95169130285221	0.219712825293747	1.49190940579627	2.37202568110282	1.94690637057727	0.204792289877353	1.54526114148487	2.34855159966967
1.87520591707115	0.273652609719998	1.33884680201995	2.41156503212234	1.76760185506983	0.21144180597015	1.35317591536833	2.18202779477132	1.76760185506983	0.273652609719998	1.24829557105809	2.2551459979028	1.76682391638767	0.268315381968352	1.24046982548762	2.29317800728772
1.78547788509282	0.308814956025233	1.18020057128336	2.39075519890228	1.84668825096101	0.236088127409527	1.38395552123834	2.30942098068369	1.84668825096101	0.308814956025233	1.32252225019894	2.54736711117494	1.83601989136637	0.298193772517609	1.25103445625292	2.42100532647981
1.76774526340242	0.238891477865609	1.29951796678583	2.23597256001901	1.82922033333086	0.208237907424888	1.42107403477808	2.23736663188364	1.82922033333086	0.238891477865609	1.40442309430667	2.2708090766884	1.82786405630948	0.220556612676742	1.39523844287697	2.26048966974199
2.4247884056299	0.239863525545035	1.95465589556164	2.89492091569817	2.39721633799793	0.181415513493087	2.04164193155147	2.75279074444438	2.39721633799793	0.239863525545035	1.9256746848477	2.83445719722675	2.39356364686124	0.227672100861577	1.94699732662654	2.84012996709595
2.17410921370624	0.25451883053199	1.67525230586353	2.67296612154894	2.15432049083705	0.219842216499144	1.72342974649873	2.58521123517538	2.15432049083705	0.25451883053199	1.66559748616913	2.65959926239631	2.15447471247448	0.237906039294705	1.68783650072693	2.62111292422203
2.05514395892393	0.250443218661439	1.5642752503475	2.54601266750035	2.05647769691239	0.181523068070768	1.70069248349368	2.4122629103311	2.05647769691239	0.250443218661439	1.54439486832922	2.5377171525013	2.05916126605338	0.246974891299654	1.57470979871352	2.54361273339323
1.93251499475817	0.205670762247274	1.52940030075351	2.33562968876283	2.01848783426845	0.168683269162514	1.68786862670992	2.34910704182698	2.01848783426845	0.205670762247274	1.62086245146687	2.41582232922783	2.01727231577987	0.190873062546404	1.64292916147073	2.39161547008901
2.19696453864372	0.234287102647035	1.73776181745553	2.6561672598319	2.18824144167202	0.177302825877956	1.84072790295123	2.53575498039282	2.18824144167202	0.234287102647035	1.72313480942227	2.67615374731105	2.1834649762887	0.226305875876344	1.73957847955182	2.62735147302558
1.75408254494792	0.241598220233923	1.28055003328943	2.2276150566064	1.6981478105716	0.206236587333967	1.29392409939702	2.10237152174617	1.6981478105716	0.241598220233923	1.26761799784886	2.14334003549649	1.70403269296747	0.223433943098709	1.26578654483515	2.14227884109979
1.90273299103425	0.245922696497337	1.42072450589947	2.38474147616904	2.04474034455657	0.224146105507032	1.60541397776278	2.48406671135035	2.04474034455657	0.245922696497337	1.5684829911601	2.58781629751612	2.0466993147085	0.233134665540745	1.58941335239777	2.50398527701923
1.99853122983842	0.234404926466707	1.53909757396368	2.45796488571317	1.97294506895093	0.207238894801988	1.56675683513903	2.37913330276283	1.97294506895093	0.234404926466707	1.54758414153075	2.42554999098645	1.97219262250137	0.217618868213359	1.54536284485826	2.39902240014449
1.86142236074967	0.247344251230201	1.37662762833848	2.34621709316087	1.79142426575607	0.179212778784288	1.44016721933887	2.14268131217327	1.79142426575607	0.247344251230201	1.37152527555686	2.28427661627913	1.79435704271229	0.244361508733556	1.31503364175398	2.27368044367059
1.84601590251386	0.272842488151774	1.31124462573639	2.38078717929134	1.72229062472245	0.244384333405038	1.24329733124857	2.20128391819632	1.72229062472245	0.272842488151774	1.12289073215441	2.20294920955784	1.72658063746035	0.251886838915125	1.23246413966257	2.22069713525814
NA	NA	NA	NA	NA	NA	NA	NA	NA	NA	NA	NA	NA	NA	NA	NA
NA	NA	NA	NA	NA	NA	NA	NA	NA	NA	NA	NA	NA	NA	NA	NA
NA	NA	NA	NA	NA	NA	NA	NA	NA	NA	NA	NA	NA	NA	NA	NA
NA	NA	NA	NA	NA	NA	NA	NA	NA	NA	NA	NA	NA	NA	NA	NA
NA	NA	NA	NA	NA	NA	NA	NA	NA	NA	NA	NA	NA	NA	NA	NA
NA	NA	NA	NA	NA	NA	NA	NA	NA	NA	NA	NA	NA	NA	NA	NA
NA	NA	NA	NA	NA	NA	NA	NA	NA	NA	NA	NA	NA	NA	NA	NA
NA	NA	NA	NA	NA	NA	NA	NA	NA	NA	NA	NA	NA	NA	NA	NA
NA	NA	NA	NA	NA	NA	NA	NA	NA	NA	NA	NA	NA	NA	NA	NA
NA	NA	NA	NA	NA	NA	NA	NA	NA	NA	NA	NA	NA	NA	NA	NA
NA	NA	NA	NA	NA	NA	NA	NA	NA	NA	NA	NA	NA	NA	NA	NA
NA	NA	NA	NA	NA	NA	NA	NA	NA	NA	NA	NA	NA	NA	NA	NA
NA	NA	NA	NA	NA	NA	NA	NA	NA	NA	NA	NA	NA	NA	NA	NA
NA	NA	NA	NA	NA	NA	NA	NA	NA	NA	NA	NA	NA	NA	NA	NA
NA	NA	NA	NA	NA	NA	NA	NA	NA	NA	NA	NA	NA	NA	NA	NA
NA	NA	NA	NA	NA	NA	NA	NA	NA	NA	NA	NA	NA	NA	NA	NA
NA	NA	NA	NA	NA	NA	NA	NA	NA	NA	NA	NA	NA	NA	NA	NA
NA	NA	NA	NA	NA	NA	NA	NA	NA	NA	NA	NA	NA	NA	NA	NA
NA	NA	NA	NA	NA	NA	NA	NA	NA	NA	NA	NA	NA	NA	NA	NA
NA	NA	NA	NA	NA	NA	NA	NA	NA	NA	NA	NA	NA	NA	NA	NA
NA	NA	NA	NA	NA	NA	NA	NA	NA	NA	NA	NA	NA	NA	NA	NA
NA	NA	NA	NA	NA	NA	NA	NA	NA	NA	NA	NA	NA	NA	NA	NA
NA	NA	NA	NA	NA	NA	NA	NA	NA	NA	NA	NA	NA	NA	NA	NA
NA	NA	NA	NA	NA	NA	NA	NA	NA	NA	NA	NA	NA	NA	NA	NA
NA	NA	NA	NA	NA	NA	NA	NA	NA	NA	NA	NA	NA	NA	NA	NA
NA	NA	NA	NA	NA	NA	NA	NA	NA	NA	NA	NA	NA	NA	NA	NA
NA	NA	NA	NA	NA	NA	NA	NA	NA	NA	NA	NA	NA	NA	NA	NA
NA	NA	NA	NA	NA	NA	NA	NA	NA	NA	NA	NA	NA	NA	NA	NA
NA	NA	NA	NA	NA	NA	NA	NA	NA	NA	NA	NA	NA	NA	NA	NA
NA	NA	NA	NA	NA	NA	NA	NA	NA	NA	NA	NA	NA	NA	NA	NA
NA	NA	NA	NA	NA	NA	NA	NA	NA	NA	NA	NA	NA	NA	NA	NA
NA	NA	NA	NA	NA	NA	NA	NA	NA	NA	NA	NA	NA	NA	NA	NA
NA	NA	NA	NA	NA	NA	NA	NA	NA	NA	NA	NA	NA	NA	NA	NA
NA	NA	NA	NA	NA	NA	NA	NA	NA	NA	NA	NA	NA	NA	NA	NA
NA	NA	NA	NA	NA	NA	NA	NA	NA	NA	NA	NA	NA	NA	NA	NA
NA	NA	NA	NA	NA	NA	NA	NA	NA	NA	NA	NA	NA	NA	NA	NA
NA	NA	NA	NA	NA	NA	NA	NA	NA	NA	NA	NA	NA	NA	NA	NA
NA	NA	NA	NA	NA	NA	NA	NA	NA	NA	NA	NA	NA	NA	NA	NA
NA	NA	NA	NA	NA	NA	NA	NA	NA	NA	NA	NA	NA	NA	NA	NA
NA	NA	NA	NA	NA	NA	NA	NA	NA	NA	NA	NA	NA	NA	NA	NA
NA	NA	NA	NA	NA	NA	NA	NA	NA	NA	NA	NA	NA	NA	NA	NA
NA	NA	NA	NA	NA	NA	NA	NA	NA	NA	NA	NA	NA	NA	NA	NA
NA	NA	NA	NA	NA	NA	NA	NA	NA	NA	NA	NA	NA	NA	NA	NA
NA	NA	NA	NA	NA	NA	NA	NA	NA	NA	NA	NA	NA	NA	NA	NA
NA	NA	NA	NA	NA	NA	NA	NA	NA	NA	NA	NA	NA	NA	NA	NA
NA	NA	NA	NA	NA	NA	NA	NA	NA	NA	NA	NA	NA	NA	NA	NA
NA	NA	NA	NA	NA	NA	NA	NA	NA	NA	NA	NA	NA	NA	NA	NA
NA	NA	NA	NA	NA	NA	NA	NA	NA	NA	NA	NA	NA	NA	NA	NA
NA	NA	NA	NA	NA	NA	NA	NA	NA	NA	NA	NA	NA	NA	NA	NA
NA	NA	NA	NA	NA	NA	NA	NA	NA	NA	NA	NA	NA	NA	NA	NA
NA	NA	NA	NA	NA	NA	NA	NA	NA	NA	NA	NA	NA	NA	NA	NA
NA	NA	NA	NA	NA	NA	NA	NA	NA	NA	NA	NA	NA	NA	NA	NA
NA	NA	NA	NA	NA	NA	NA	NA	NA	NA	NA	NA	NA	NA	NA	NA
NA	NA	NA	NA	NA	NA	NA	NA	NA	NA	NA	NA	NA	NA	NA	NA
NA	NA	NA	NA	NA	NA	NA	NA	NA	NA	NA	NA	NA	NA	NA	NA
NA	NA	NA	NA	NA	NA	NA	NA	NA	NA	NA	NA	NA	NA	NA	NA
NA	NA	NA	NA	NA	NA	NA	NA	NA	NA	NA	NA	NA	NA	NA	NA
NA	NA	NA	NA	NA	NA	NA	NA	NA	NA	NA	NA	NA	NA	NA	NA
NA	NA	NA	NA	NA	NA	NA	NA	NA	NA	NA	NA	NA	NA	NA	NA
NA	NA	NA	NA	NA	NA	NA	NA	NA	NA	NA	NA	NA	NA	NA	NA
NA	NA	NA	NA	NA	NA	NA	NA	NA	NA	NA	NA	NA	NA	NA	NA
NA	NA	NA	NA	NA	NA	NA	NA	NA	NA	NA	NA	NA	NA	NA	NA
NA	NA	NA	NA	NA	NA	NA	NA	NA	NA	NA	NA	NA	NA	NA	NA
NA	NA	NA	NA	NA	NA	NA	NA	NA	NA	NA	NA	NA	NA	NA	NA
NA	NA	NA	NA	NA	NA	NA	NA	NA	NA	NA	NA	NA	NA	NA	NA
NA	NA	NA	NA	NA	NA	NA	NA	NA	NA	NA	NA	NA	NA	NA	NA
NA	NA	NA	NA	NA	NA	NA	NA	NA	NA	NA	NA	NA	NA	NA	NA
NA	NA	NA	NA	NA	NA	NA	NA	NA	NA	NA	NA	NA	NA	NA	NA
NA	NA	NA	NA	NA	NA	NA	NA	NA	NA	NA	NA	NA	NA	NA	NA
NA	NA	NA	NA	NA	NA	NA	NA	NA	NA	NA	NA	NA	NA	NA	NA
NA	NA	NA	NA	NA	NA	NA	NA	NA	NA	NA	NA	NA	NA	NA	NA
NA	NA	NA	NA	NA	NA	NA	NA	NA	NA	NA	NA	NA	NA	NA	NA
NA	NA	NA	NA	NA	NA	NA	NA	NA	NA	NA	NA	NA	NA	NA	NA
NA	NA	NA	NA	NA	NA	NA	NA	NA	NA	NA	NA	NA	NA	NA	NA
NA	NA	NA	NA	NA	NA	NA	NA	NA	NA	NA	NA	NA	NA	NA	NA
NA	NA	NA	NA	NA	NA	NA	NA	NA	NA	NA	NA	NA	NA	NA	NA
NA	NA	NA	NA	NA	NA	NA	NA	NA	NA	NA	NA	NA	NA	NA	NA
NA	NA	NA	NA	NA	NA	NA	NA	NA	NA	NA	NA	NA	NA	NA	NA
NA	NA	NA	NA	NA	NA	NA	NA	NA	NA	NA	NA	NA	NA	NA	NA
NA	NA	NA	NA	NA	NA	NA	NA	NA	NA	NA	NA	NA	NA	NA	NA
NA	NA	NA	NA	NA	NA	NA	NA	NA	NA	NA	NA	NA	NA	NA	NA
NA	NA	NA	NA	NA	NA	NA	NA	NA	NA	NA	NA	NA	NA	NA	NA
NA	NA	NA	NA	NA	NA	NA	NA	NA	NA	NA	NA	NA	NA	NA	NA
NA	NA	NA	NA	NA	NA	NA	NA	NA	NA	NA	NA	NA	NA	NA	NA
NA	NA	NA	NA	NA	NA	NA	NA	NA	NA	NA	NA	NA	NA	NA	NA
NA	NA	NA	NA	NA	NA	NA	NA	NA	NA	NA	NA	NA	NA	NA	NA
NA	NA	NA	NA	NA	NA	NA	NA	NA	NA	NA	NA	NA	NA	NA	NA
NA	NA	NA	NA	NA	NA	NA	NA	NA	NA	NA	NA	NA	NA	NA	NA
NA	NA	NA	NA	NA	NA	NA	NA	NA	NA	NA	NA	NA	NA	NA	NA
NA	NA	NA	NA	NA	NA	NA	NA	NA	NA	NA	NA	NA	NA	NA	NA
NA	NA	NA	NA	NA	NA	NA	NA	NA	NA	NA	NA	NA	NA	NA	NA
NA	NA	NA	NA	NA	NA	NA	NA	NA	NA	NA	NA	NA	NA	NA	NA
NA	NA	NA	NA	NA	NA	NA	NA	NA	NA	NA	NA	NA	NA	NA	NA
NA	NA	NA	NA	NA	NA	NA	NA	NA	NA	NA	NA	NA	NA	NA	NA
NA	NA	NA	NA	NA	NA	NA	NA	NA	NA	NA	NA	NA	NA	NA	NA
NA	NA	NA	NA	NA	NA	NA	NA	NA	NA	NA	NA	NA	NA	NA	NA
NA	NA	NA	NA	NA	NA	NA	NA	NA	NA	NA	NA	NA	NA	NA	NA
NA	NA	NA	NA	NA	NA	NA	NA	NA	NA	NA	NA	NA	NA	NA	NA
NA	NA	NA	NA	NA	NA	NA	NA	NA	NA	NA	NA	NA	NA	NA	NA
NA	NA	NA	NA	NA	NA	NA	NA	NA	NA	NA	NA	NA	NA	NA	NA
NA	NA	NA	NA	NA	NA	NA	NA	NA	NA	NA	NA	NA	NA	NA	NA
NA	NA	NA	NA	NA	NA	NA	NA	NA	NA	NA	NA	NA	NA	NA	NA
NA	NA	NA	NA	NA	NA	NA	NA	NA	NA	NA	NA	NA	NA	NA	NA
NA	NA	NA	NA	NA	NA	NA	NA	NA	NA	NA	NA	NA	NA	NA	NA
NA	NA	NA	NA	NA	NA	NA	NA	NA	NA	NA	NA	NA	NA	NA	NA
NA	NA	NA	NA	NA	NA	NA	NA	NA	NA	NA	NA	NA	NA	NA	NA
NA	NA	NA	NA	NA	NA	NA	NA	NA	NA	NA	NA	NA	NA	NA	NA
NA	NA	NA	NA	NA	NA	NA	NA	NA	NA	NA	NA	NA	NA	NA	NA
NA	NA	NA	NA	NA	NA	NA	NA	NA	NA	NA	NA	NA	NA	NA	NA
NA	NA	NA	NA	NA	NA	NA	NA	NA	NA	NA	NA	NA	NA	NA	NA
NA	NA	NA	NA	NA	NA	NA	NA	NA	NA	NA	NA	NA	NA	NA	NA
NA	NA	NA	NA	NA	NA	NA	NA	NA	NA	NA	NA	NA	NA	NA	NA
NA	NA	NA	NA	NA	NA	NA	NA	NA	NA	NA	NA	NA	NA	NA	NA
NA	NA	NA	NA	NA	NA	NA	NA	NA	NA	NA	NA	NA	NA	NA	NA
NA	NA	NA	NA	NA	NA	NA	NA	NA	NA	NA	NA	NA	NA	NA	NA
NA	NA	NA	NA	NA	NA	NA	NA	NA	NA	NA	NA	NA	NA	NA	NA
NA	NA	NA	NA	NA	NA	NA	NA	NA	NA	NA	NA	NA	NA	NA	NA
NA	NA	NA	NA	NA	NA	NA	NA	NA	NA	NA	NA	NA	NA	NA	NA
NA	NA	NA	NA	NA	NA	NA	NA	NA	NA	NA	NA	NA	NA	NA	NA
NA	NA	NA	NA	NA	NA	NA	NA	NA	NA	NA	NA	NA	NA	NA	NA
NA	NA	NA	NA	NA	NA	NA	NA	NA	NA	NA	NA	NA	NA	NA	NA
NA	NA	NA	NA	NA	NA	NA	NA	NA	NA	NA	NA	NA	NA	NA	NA
NA	NA	NA	NA	NA	NA	NA	NA	NA	NA	NA	NA	NA	NA	NA	NA
NA	NA	NA	NA	NA	NA	NA	NA	NA	NA	NA	NA	NA	NA	NA	NA
NA	NA	NA	NA	NA	NA	NA	NA	NA	NA	NA	NA	NA	NA	NA	NA
NA	NA	NA	NA	NA	NA	NA	NA	NA	NA	NA	NA	NA	NA	NA	NA
NA	NA	NA	NA	NA	NA	NA	NA	NA	NA	NA	NA	NA	NA	NA	NA
NA	NA	NA	NA	NA	NA	NA	NA	NA	NA	NA	NA	NA	NA	NA	NA
NA	NA	NA	NA	NA	NA	NA	NA	NA	NA	NA	NA	NA	NA	NA	NA
NA	NA	NA	NA	NA	NA	NA	NA	NA	NA	NA	NA	NA	NA	NA	NA
NA	NA	NA	NA	NA	NA	NA	NA	NA	NA	NA	NA	NA	NA	NA	NA
NA	NA	NA	NA	NA	NA	NA	NA	NA	NA	NA	NA	NA	NA	NA	NA
NA	NA	NA	NA	NA	NA	NA	NA	NA	NA	NA	NA	NA	NA	NA	NA
NA	NA	NA	NA	NA	NA	NA	NA	NA	NA	NA	NA	NA	NA	NA	NA
NA	NA	NA	NA	NA	NA	NA	NA	NA	NA	NA	NA	NA	NA	NA	NA
NA	NA	NA	NA	NA	NA	NA	NA	NA	NA	NA	NA	NA	NA	NA	NA
NA	NA	NA	NA	NA	NA	NA	NA	NA	NA	NA	NA	NA	NA	NA	NA
NA	NA	NA	NA	NA	NA	NA	NA	NA	NA	NA	NA	NA	NA	NA	NA
NA	NA	NA	NA	NA	NA	NA	NA	NA	NA	NA	NA	NA	NA	NA	NA
NA	NA	NA	NA	NA	NA	NA	NA	NA	NA	NA	NA	NA	NA	NA	NA
NA	NA	NA	NA	NA	NA	NA	NA	NA	NA	NA	NA	NA	NA	NA	NA
NA	NA	NA	NA	NA	NA	NA	NA	NA	NA	NA	NA	NA	NA	NA	NA
NA	NA	NA	NA	NA	NA	NA	NA	NA	NA	NA	NA	NA	NA	NA	NA
NA	NA	NA	NA	NA	NA	NA	NA	NA	NA	NA	NA	NA	NA	NA	NA
NA	NA	NA	NA	NA	NA	NA	NA	NA	NA	NA	NA	NA	NA	NA	NA
NA	NA	NA	NA	NA	NA	NA	NA	NA	NA	NA	NA	NA	NA	NA	NA
NA	NA	NA	NA	NA	NA	NA	NA	NA	NA	NA	NA	NA	NA	NA	NA
NA	NA	NA	NA	NA	NA	NA	NA	NA	NA	NA	NA	NA	NA	NA	NA
NA	NA	NA	NA	NA	NA	NA	NA	NA	NA	NA	NA	NA	NA	NA	NA
NA	NA	NA	NA	NA	NA	NA	NA	NA	NA	NA	NA	NA	NA	NA	NA
NA	NA	NA	NA	NA	NA	NA	NA	NA	NA	NA	NA	NA	NA	NA	NA
NA	NA	NA	NA	NA	NA	NA	NA	NA	NA	NA	NA	NA	NA	NA	NA
NA	NA	NA	NA	NA	NA	NA	NA	NA	NA	NA	NA	NA	NA	NA	NA
NA	NA	NA	NA	NA	NA	NA	NA	NA	NA	NA	NA	NA	NA	NA	NA
NA	NA	NA	NA	NA	NA	NA	NA	NA	NA	NA	NA	NA	NA	NA	NA
NA	NA	NA	NA	NA	NA	NA	NA	NA	NA	NA	NA	NA	NA	NA	NA
NA	NA	NA	NA	NA	NA	NA	NA	NA	NA	NA	NA	NA	NA	NA	NA
NA	NA	NA	NA	NA	NA	NA	NA	NA	NA	NA	NA	NA	NA	NA	NA
NA	NA	NA	NA	NA	NA	NA	NA	NA	NA	NA	NA	NA	NA	NA	NA
NA	NA	NA	NA	NA	NA	NA	NA	NA	NA	NA	NA	NA	NA	NA	NA
NA	NA	NA	NA	NA	NA	NA	NA	NA	NA	NA	NA	NA	NA	NA	NA
NA	NA	NA	NA	NA	NA	NA	NA	NA	NA	NA	NA	NA	NA	NA	NA
NA	NA	NA	NA	NA	NA	NA	NA	NA	NA	NA	NA	NA	NA	NA	NA
NA	NA	NA	NA	NA	NA	NA	NA	NA	NA	NA	NA	NA	NA	NA	NA
NA	NA	NA	NA	NA	NA	NA	NA	NA	NA	NA	NA	NA	NA	NA	NA
NA	NA	NA	NA	NA	NA	NA	NA	NA	NA	NA	NA	NA	NA	NA	NA
NA	NA	NA	NA	NA	NA	NA	NA	NA	NA	NA	NA	NA	NA	NA	NA
NA	NA	NA	NA	NA	NA	NA	NA	NA	NA	NA	NA	NA	NA	NA	NA
NA	NA	NA	NA	NA	NA	NA	NA	NA	NA	NA	NA	NA	NA	NA	NA
NA	NA	NA	NA	NA	NA	NA	NA	NA	NA	NA	NA	NA	NA	NA	NA
NA	NA	NA	NA	NA	NA	NA	NA	NA	NA	NA	NA	NA	NA	NA	NA
NA	NA	NA	NA	NA	NA	NA	NA	NA	NA	NA	NA	NA	NA	NA	NA
NA	NA	NA	NA	NA	NA	NA	NA	NA	NA	NA	NA	NA	NA	NA	NA
NA	NA	NA	NA	NA	NA	NA	NA	NA	NA	NA	NA	NA	NA	NA	NA
NA	NA	NA	NA	NA	NA	NA	NA	NA	NA	NA	NA	NA	NA	NA	NA
NA	NA	NA	NA	NA	NA	NA	NA	NA	NA	NA	NA	NA	NA	NA	NA
NA	NA	NA	NA	NA	NA	NA	NA	NA	NA	NA	NA	NA	NA	NA	NA
NA	NA	NA	NA	NA	NA	NA	NA	NA	NA	NA	NA	NA	NA	NA	NA
NA	NA	NA	NA	NA	NA	NA	NA	NA	NA	NA	NA	NA	NA	NA	NA
NA	NA	NA	NA	NA	NA	NA	NA	NA	NA	NA	NA	NA	NA	NA	NA
NA	NA	NA	NA	NA	NA	NA	NA	NA	NA	NA	NA	NA	NA	NA	NA
NA	NA	NA	NA	NA	NA	NA	NA	NA	NA	NA	NA	NA	NA	NA	NA
NA	NA	NA	NA	NA	NA	NA	NA	NA	NA	NA	NA	NA	NA	NA	NA
NA	NA	NA	NA	NA	NA	NA	NA	NA	NA	NA	NA	NA	NA	NA	NA
NA	NA	NA	NA	NA	NA	NA	NA	NA	NA	NA	NA	NA	NA	NA	NA
NA	NA	NA	NA	NA	NA	NA	NA	NA	NA	NA	NA	NA	NA	NA	NA
NA	NA	NA	NA	NA	NA	NA	NA	NA	NA	NA	NA	NA	NA	NA	NA
NA	NA	NA	NA	NA	NA	NA	NA	NA	NA	NA	NA	NA	NA	NA	NA
NA	NA	NA	NA	NA	NA	NA	NA	NA	NA	NA	NA	NA	NA	NA	NA
NA	NA	NA	NA	NA	NA	NA	NA	NA	NA	NA	NA	NA	NA	NA	NA
NA	NA	NA	NA	NA	NA	NA	NA	NA	NA	NA	NA	NA	NA	NA	NA
NA	NA	NA	NA	NA	NA	NA	NA	NA	NA	NA	NA	NA	NA	NA	NA
NA	NA	NA	NA	NA	NA	NA	NA	NA	NA	NA	NA	NA	NA	NA	NA
NA	NA	NA	NA	NA	NA	NA	NA	NA	NA	NA	NA	NA	NA	NA	NA
NA	NA	NA	NA	NA	NA	NA	NA	NA	NA	NA	NA	NA	NA	NA	NA
NA	NA	NA	NA	NA	NA	NA	NA	NA	NA	NA	NA	NA	NA	NA	NA
NA	NA	NA	NA	NA	NA	NA	NA	NA	NA	NA	NA	NA	NA	NA	NA
NA	NA	NA	NA	NA	NA	NA	NA	NA	NA	NA	NA	NA	NA	NA	NA
NA	NA	NA	NA	NA	NA	NA	NA	NA	NA	NA	NA	NA	NA	NA	NA
NA	NA	NA	NA	NA	NA	NA	NA	NA	NA	NA	NA	NA	NA	NA	NA
