X1	X2	X3	X4	X1.1	X2.1	X3.1	X4.1	X1.2	X2.2	X3.2	X4.2	X1.3	X2.3	X3.3	X4.3
NA	NA	NA	NA	NA	NA	NA	NA	NA	NA	NA	NA	NA	NA	NA	NA
NA	NA	NA	NA	NA	NA	NA	NA	NA	NA	NA	NA	NA	NA	NA	NA
NA	NA	NA	NA	NA	NA	NA	NA	NA	NA	NA	NA	NA	NA	NA	NA
NA	NA	NA	NA	NA	NA	NA	NA	NA	NA	NA	NA	NA	NA	NA	NA
NA	NA	NA	NA	NA	NA	NA	NA	NA	NA	NA	NA	NA	NA	NA	NA
NA	NA	NA	NA	NA	NA	NA	NA	NA	NA	NA	NA	NA	NA	NA	NA
NA	NA	NA	NA	NA	NA	NA	NA	NA	NA	NA	NA	NA	NA	NA	NA
NA	NA	NA	NA	NA	NA	NA	NA	NA	NA	NA	NA	NA	NA	NA	NA
NA	NA	NA	NA	NA	NA	NA	NA	NA	NA	NA	NA	NA	NA	NA	NA
NA	NA	NA	NA	NA	NA	NA	NA	NA	NA	NA	NA	NA	NA	NA	NA
NA	NA	NA	NA	NA	NA	NA	NA	NA	NA	NA	NA	NA	NA	NA	NA
NA	NA	NA	NA	NA	NA	NA	NA	NA	NA	NA	NA	NA	NA	NA	NA
NA	NA	NA	NA	NA	NA	NA	NA	NA	NA	NA	NA	NA	NA	NA	NA
NA	NA	NA	NA	NA	NA	NA	NA	NA	NA	NA	NA	NA	NA	NA	NA
NA	NA	NA	NA	NA	NA	NA	NA	NA	NA	NA	NA	NA	NA	NA	NA
NA	NA	NA	NA	NA	NA	NA	NA	NA	NA	NA	NA	NA	NA	NA	NA
NA	NA	NA	NA	NA	NA	NA	NA	NA	NA	NA	NA	NA	NA	NA	NA
NA	NA	NA	NA	NA	NA	NA	NA	NA	NA	NA	NA	NA	NA	NA	NA
NA	NA	NA	NA	NA	NA	NA	NA	NA	NA	NA	NA	NA	NA	NA	NA
NA	NA	NA	NA	NA	NA	NA	NA	NA	NA	NA	NA	NA	NA	NA	NA
NA	NA	NA	NA	NA	NA	NA	NA	NA	NA	NA	NA	NA	NA	NA	NA
NA	NA	NA	NA	NA	NA	NA	NA	NA	NA	NA	NA	NA	NA	NA	NA
NA	NA	NA	NA	NA	NA	NA	NA	NA	NA	NA	NA	NA	NA	NA	NA
NA	NA	NA	NA	NA	NA	NA	NA	NA	NA	NA	NA	NA	NA	NA	NA
NA	NA	NA	NA	NA	NA	NA	NA	NA	NA	NA	NA	NA	NA	NA	NA
NA	NA	NA	NA	NA	NA	NA	NA	NA	NA	NA	NA	NA	NA	NA	NA
NA	NA	NA	NA	NA	NA	NA	NA	NA	NA	NA	NA	NA	NA	NA	NA
NA	NA	NA	NA	NA	NA	NA	NA	NA	NA	NA	NA	NA	NA	NA	NA
NA	NA	NA	NA	NA	NA	NA	NA	NA	NA	NA	NA	NA	NA	NA	NA
NA	NA	NA	NA	NA	NA	NA	NA	NA	NA	NA	NA	NA	NA	NA	NA
NA	NA	NA	NA	NA	NA	NA	NA	NA	NA	NA	NA	NA	NA	NA	NA
NA	NA	NA	NA	NA	NA	NA	NA	NA	NA	NA	NA	NA	NA	NA	NA
NA	NA	NA	NA	NA	NA	NA	NA	NA	NA	NA	NA	NA	NA	NA	NA
NA	NA	NA	NA	NA	NA	NA	NA	NA	NA	NA	NA	NA	NA	NA	NA
NA	NA	NA	NA	NA	NA	NA	NA	NA	NA	NA	NA	NA	NA	NA	NA
NA	NA	NA	NA	NA	NA	NA	NA	NA	NA	NA	NA	NA	NA	NA	NA
NA	NA	NA	NA	NA	NA	NA	NA	NA	NA	NA	NA	NA	NA	NA	NA
NA	NA	NA	NA	NA	NA	NA	NA	NA	NA	NA	NA	NA	NA	NA	NA
NA	NA	NA	NA	NA	NA	NA	NA	NA	NA	NA	NA	NA	NA	NA	NA
NA	NA	NA	NA	NA	NA	NA	NA	NA	NA	NA	NA	NA	NA	NA	NA
NA	NA	NA	NA	NA	NA	NA	NA	NA	NA	NA	NA	NA	NA	NA	NA
NA	NA	NA	NA	NA	NA	NA	NA	NA	NA	NA	NA	NA	NA	NA	NA
NA	NA	NA	NA	NA	NA	NA	NA	NA	NA	NA	NA	NA	NA	NA	NA
NA	NA	NA	NA	NA	NA	NA	NA	NA	NA	NA	NA	NA	NA	NA	NA
NA	NA	NA	NA	NA	NA	NA	NA	NA	NA	NA	NA	NA	NA	NA	NA
NA	NA	NA	NA	NA	NA	NA	NA	NA	NA	NA	NA	NA	NA	NA	NA
NA	NA	NA	NA	NA	NA	NA	NA	NA	NA	NA	NA	NA	NA	NA	NA
NA	NA	NA	NA	NA	NA	NA	NA	NA	NA	NA	NA	NA	NA	NA	NA
NA	NA	NA	NA	NA	NA	NA	NA	NA	NA	NA	NA	NA	NA	NA	NA
NA	NA	NA	NA	NA	NA	NA	NA	NA	NA	NA	NA	NA	NA	NA	NA
NA	NA	NA	NA	NA	NA	NA	NA	NA	NA	NA	NA	NA	NA	NA	NA
NA	NA	NA	NA	NA	NA	NA	NA	NA	NA	NA	NA	NA	NA	NA	NA
NA	NA	NA	NA	NA	NA	NA	NA	NA	NA	NA	NA	NA	NA	NA	NA
NA	NA	NA	NA	NA	NA	NA	NA	NA	NA	NA	NA	NA	NA	NA	NA
NA	NA	NA	NA	NA	NA	NA	NA	NA	NA	NA	NA	NA	NA	NA	NA
NA	NA	NA	NA	NA	NA	NA	NA	NA	NA	NA	NA	NA	NA	NA	NA
NA	NA	NA	NA	NA	NA	NA	NA	NA	NA	NA	NA	NA	NA	NA	NA
NA	NA	NA	NA	NA	NA	NA	NA	NA	NA	NA	NA	NA	NA	NA	NA
NA	NA	NA	NA	NA	NA	NA	NA	NA	NA	NA	NA	NA	NA	NA	NA
NA	NA	NA	NA	NA	NA	NA	NA	NA	NA	NA	NA	NA	NA	NA	NA
NA	NA	NA	NA	NA	NA	NA	NA	NA	NA	NA	NA	NA	NA	NA	NA
NA	NA	NA	NA	NA	NA	NA	NA	NA	NA	NA	NA	NA	NA	NA	NA
NA	NA	NA	NA	NA	NA	NA	NA	NA	NA	NA	NA	NA	NA	NA	NA
NA	NA	NA	NA	NA	NA	NA	NA	NA	NA	NA	NA	NA	NA	NA	NA
NA	NA	NA	NA	NA	NA	NA	NA	NA	NA	NA	NA	NA	NA	NA	NA
NA	NA	NA	NA	NA	NA	NA	NA	NA	NA	NA	NA	NA	NA	NA	NA
NA	NA	NA	NA	NA	NA	NA	NA	NA	NA	NA	NA	NA	NA	NA	NA
NA	NA	NA	NA	NA	NA	NA	NA	NA	NA	NA	NA	NA	NA	NA	NA
NA	NA	NA	NA	NA	NA	NA	NA	NA	NA	NA	NA	NA	NA	NA	NA
NA	NA	NA	NA	NA	NA	NA	NA	NA	NA	NA	NA	NA	NA	NA	NA
NA	NA	NA	NA	NA	NA	NA	NA	NA	NA	NA	NA	NA	NA	NA	NA
NA	NA	NA	NA	NA	NA	NA	NA	NA	NA	NA	NA	NA	NA	NA	NA
NA	NA	NA	NA	NA	NA	NA	NA	NA	NA	NA	NA	NA	NA	NA	NA
NA	NA	NA	NA	NA	NA	NA	NA	NA	NA	NA	NA	NA	NA	NA	NA
NA	NA	NA	NA	NA	NA	NA	NA	NA	NA	NA	NA	NA	NA	NA	NA
NA	NA	NA	NA	NA	NA	NA	NA	NA	NA	NA	NA	NA	NA	NA	NA
NA	NA	NA	NA	NA	NA	NA	NA	NA	NA	NA	NA	NA	NA	NA	NA
NA	NA	NA	NA	NA	NA	NA	NA	NA	NA	NA	NA	NA	NA	NA	NA
NA	NA	NA	NA	NA	NA	NA	NA	NA	NA	NA	NA	NA	NA	NA	NA
NA	NA	NA	NA	NA	NA	NA	NA	NA	NA	NA	NA	NA	NA	NA	NA
NA	NA	NA	NA	NA	NA	NA	NA	NA	NA	NA	NA	NA	NA	NA	NA
NA	NA	NA	NA	NA	NA	NA	NA	NA	NA	NA	NA	NA	NA	NA	NA
NA	NA	NA	NA	NA	NA	NA	NA	NA	NA	NA	NA	NA	NA	NA	NA
NA	NA	NA	NA	NA	NA	NA	NA	NA	NA	NA	NA	NA	NA	NA	NA
NA	NA	NA	NA	NA	NA	NA	NA	NA	NA	NA	NA	NA	NA	NA	NA
NA	NA	NA	NA	NA	NA	NA	NA	NA	NA	NA	NA	NA	NA	NA	NA
NA	NA	NA	NA	NA	NA	NA	NA	NA	NA	NA	NA	NA	NA	NA	NA
NA	NA	NA	NA	NA	NA	NA	NA	NA	NA	NA	NA	NA	NA	NA	NA
NA	NA	NA	NA	NA	NA	NA	NA	NA	NA	NA	NA	NA	NA	NA	NA
NA	NA	NA	NA	NA	NA	NA	NA	NA	NA	NA	NA	NA	NA	NA	NA
NA	NA	NA	NA	NA	NA	NA	NA	NA	NA	NA	NA	NA	NA	NA	NA
NA	NA	NA	NA	NA	NA	NA	NA	NA	NA	NA	NA	NA	NA	NA	NA
NA	NA	NA	NA	NA	NA	NA	NA	NA	NA	NA	NA	NA	NA	NA	NA
NA	NA	NA	NA	NA	NA	NA	NA	NA	NA	NA	NA	NA	NA	NA	NA
NA	NA	NA	NA	NA	NA	NA	NA	NA	NA	NA	NA	NA	NA	NA	NA
NA	NA	NA	NA	NA	NA	NA	NA	NA	NA	NA	NA	NA	NA	NA	NA
NA	NA	NA	NA	NA	NA	NA	NA	NA	NA	NA	NA	NA	NA	NA	NA
NA	NA	NA	NA	NA	NA	NA	NA	NA	NA	NA	NA	NA	NA	NA	NA
NA	NA	NA	NA	NA	NA	NA	NA	NA	NA	NA	NA	NA	NA	NA	NA
NA	NA	NA	NA	NA	NA	NA	NA	NA	NA	NA	NA	NA	NA	NA	NA
2.03614172390566	0.229044537655519	1.58721443010084	2.48506901771047	1.98505557914139	0.199891438924538	1.59326835884929	2.37684279943348	1.98505557914139	0.229044537655519	1.49551192255061	2.39436777016941	1.98371649345518	0.22148451820121	1.54928153007371	2.41815145683666
1.86296958460001	0.1806569801351	1.50888190353521	2.2170572656648	1.82838282413337	0.152025219570601	1.53041339377499	2.12635225449175	1.82838282413337	0.1806569801351	1.47304948368528	2.16035715438935	1.82597342167937	0.173500308355716	1.48574020599904	2.16620663735969
2.03336226085548	0.253638751498232	1.53623030791895	2.53049421379202	1.92116570260207	0.208197120256087	1.51309934690014	2.329232058304	1.92116570260207	0.253638751498232	1.41258841096735	2.44882490145872	1.92122294812161	0.244838532443432	1.44094877603653	2.40149712020669
1.8629376110905	0.212114603387923	1.44719298845017	2.27868223373082	1.92770031741204	0.18910891158374	1.55704685070791	2.29835378411617	1.92770031741204	0.212114603387923	1.52484166454123	2.33154975448046	1.92122293925047	0.191767625523082	1.54514579336516	2.29730008513578
1.89460261121472	0.19338806791318	1.51556199810488	2.27364322432455	1.88007885043107	0.161093244324769	1.56433609155452	2.19582160930761	1.88007885043107	0.19338806791318	1.52311285238244	2.19899756020885	1.87856532065789	0.183536198932174	1.51860633774296	2.23852430357283
2.10057761824745	0.195431353192329	1.71753216599048	2.48362307050441	2.2393453611665	0.1690108323817	1.90808412969837	2.57060659263463	2.2393453611665	0.195431353192329	1.88573488895211	2.66974622397667	2.23957082070032	0.191692712667072	1.86363825589235	2.6155033855083
2.3200889688115	0.19071713353254	1.94628338708772	2.69389455053528	2.33469211874002	0.179732039009677	1.98241732228105	2.68696691519898	2.33469211874002	0.19071713353254	1.94365263254514	2.68457688383377	2.33123017988976	0.177868400268616	1.9824417840672	2.68001857571233
2.01320252283143	0.257848397461998	1.50781966380591	2.51858538185694	1.96493796735749	0.197635526610889	1.57757233520014	2.35230359951483	1.96493796735749	0.257848397461998	1.49505122574276	2.42363218902189	1.96443905610282	0.25214063496147	1.46985984238542	2.45901826982022
2.05102149049808	0.247026628407215	1.56684929881994	2.53519368217622	2.05143589901658	0.198425652764373	1.66252161959841	2.44035017843475	2.05143589901658	0.247026628407215	1.55041019568663	2.53528209490176	2.04916740327887	0.241833693300562	1.57480741059121	2.52352739596652
2.16219256096357	0.208266949469656	1.75398934000305	2.5703957819241	2.18835342715702	0.186519348147039	1.82277550478883	2.55393134952522	2.18835342715702	0.208266949469656	1.77811706995842	2.60362206092994	2.18555217918095	0.190709473944328	1.81155473918199	2.55954961917991
1.97082229794506	0.16247840478597	1.65236462456456	2.28927997132556	1.9092062616595	0.149264496854449	1.61664784782478	2.20176467549422	1.9092062616595	0.16247840478597	1.57868220707717	2.2351691747089	1.90953529514965	0.150979104044338	1.61350848393523	2.20556210636407
1.82643885996359	0.191098315299155	1.45188616197725	2.20099155794994	1.87817534524319	0.164161415302997	1.55641897124931	2.19993171923706	1.87817534524319	0.191098315299155	1.5167829913359	2.23937251624175	1.87258708094292	0.184814333867096	1.51017644567289	2.23499771621296
2.10523575804827	0.17848334411676	1.75540840357942	2.45506311251712	2.15068021918502	0.16108741549903	1.83494888480692	2.46641155356312	2.15068021918502	0.17848334411676	1.8133186713735	2.5047470199839	2.15388849539946	0.173423230654582	1.81379759570898	2.49397939508994
2.03773366381997	0.204748566864243	1.63642647276606	2.43904085487389	2.05198791032831	0.173300338584336	1.71231924670301	2.39165657395361	2.05198791032831	0.204748566864243	1.67493680942262	2.45949204932458	2.05113441904365	0.189029260354756	1.68041442177757	2.42185441630973
2.15683570137427	0.20418751179576	1.75662817825458	2.55704322449396	2.20606931903839	0.176537758600706	1.86005531218101	2.55208332589577	2.20606931903839	0.20418751179576	1.79332297309425	2.59534302252433	2.20410551339938	0.187754174232578	1.83590587464677	2.572305152152
2.28345240217973	0.191505370535357	1.90810187593043	2.65880292842903	2.28640821688095	0.17512924000906	1.94315490646319	2.62966152729871	2.28640821688095	0.191505370535357	1.91132020213333	2.65424138513199	2.28844289009528	0.176904396035199	1.94149913222171	2.63538664796884
1.84262289952277	0.21009229851744	1.43084199442859	2.25440380461696	1.84473054328666	0.17525344753813	1.50123378611193	2.1882273004614	1.84473054328666	0.21009229851744	1.4655465131167	2.30444881743292	1.8447370075937	0.201127615739539	1.45026365228948	2.23921036289792
1.86573407138122	0.20402588980077	1.46584332737171	2.26562481539072	1.88245700278821	0.185226792683902	1.51941248912777	2.24550151644866	1.88245700278821	0.20402588980077	1.49617895984711	2.28856147788835	1.88200803513441	0.193686462162165	1.50218727570251	2.26182879456632
1.81990399057535	0.213394239976293	1.40165128022182	2.23815670092889	1.82442173456202	0.16138215653912	1.50811270774534	2.14073076137869	1.82442173456202	0.213394239976293	1.39620082627649	2.21432513318283	1.82405128746007	0.204120210057225	1.42369015087699	2.22441242404315
1.59422299321993	0.179479553656665	1.24244306805287	1.946002918387	1.62223061395135	0.172935660831545	1.28327671872152	1.96118450918118	1.62223061395135	0.179479553656665	1.28192824999308	1.97729902370129	1.61911786504043	0.170018753101839	1.28573119548635	1.95250453459451
1.96848538002142	0.175570606222544	1.62436699182523	2.3126037682176	1.98099678083243	0.165613937921335	1.65639346250661	2.30560009915824	1.98099678083243	0.175570606222544	1.65570086799468	2.31691248906131	1.97809087526157	0.165486624284203	1.65356427601043	2.30261747451271
1.95834848985279	0.191389835317784	1.58322441262993	2.33347256707565	1.85612932332874	0.176011353644129	1.51114707018625	2.20111157647123	1.85612932332874	0.191389835317784	1.47089018677405	2.24002310982575	1.86012003220948	0.181610578927763	1.50396677116714	2.21627329325182
2.22114708549956	0.389380024084981	1.457962238293	2.98433193270612	2.41248155875386	0.318907754573612	1.78742235978958	3.03754075771814	2.41248155875386	0.389380024084981	1.7955073113705	3.25271153257687	2.40699795970477	0.374359342741361	1.67255249517905	3.14144342423049
1.88133999720803	0.186932393341738	1.51495250625822	2.24772748815784	1.80108191216501	0.1752978078701	1.45749820873962	2.14466561559041	1.80108191216501	0.186932393341738	1.4168977142682	2.14571376483615	1.80709864368869	0.170175302106503	1.47339811437034	2.14079917300703
2.12871321946123	0.190064505672273	1.75618678834358	2.50123965057889	2.14700716623697	0.167070498056868	1.81954899004551	2.47446534242843	2.14700716623697	0.190064505672273	1.79583360438035	2.5512765144754	2.14709446142683	0.181562228627645	1.79105410540692	2.50313481744675
1.84608512336185	0.22104326057428	1.41284033263626	2.27932991408744	1.83441053127522	0.188309036180381	1.46532482036168	2.20349624218877	1.83441053127522	0.22104326057428	1.42742790469592	2.29318916959154	1.83682396258992	0.205097704435251	1.43457048608456	2.23907743909528
1.56833527594242	0.236437235847359	1.1049182936816	2.03175225820324	1.72116289712934	0.189235404815617	1.35026150369073	2.09206429056795	1.72116289712934	0.236437235847359	1.24306416007121	2.15327963747632	1.72055514676316	0.222019253855067	1.2850625752708	2.15604771825552
1.9642458352742	0.22556826829025	1.52213202942531	2.40635964112309	1.94294551988142	0.205781689764985	1.53961340794205	2.34627763182079	1.94294551988142	0.22556826829025	1.487984864577	2.41342455382222	1.94309034190068	0.208075003749331	1.53499506873503	2.35118561506632
1.96595513912876	0.326743592787983	1.32553769726431	2.60637258099321	1.95308932426406	0.299232849399566	1.36659293944091	2.53958570908721	1.95308932426406	0.326743592787983	1.28655629185489	2.52317591792898	1.95680419683987	0.304393605294422	1.35970959196635	2.55389880171339
2.01870908512017	0.248505125294077	1.53163903954378	2.50577913069656	2.03882616510358	0.20882198291492	1.62953507859033	2.44811725161682	2.03882616510358	0.248505125294077	1.5301417337069	2.48842745560887	2.03970185892153	0.232090373314297	1.58446285295665	2.49494086488642
2.24729449252993	0.188127840104039	1.87856392592602	2.61602505913385	2.19325624120555	0.16447764064064	1.8708800655499	2.51563241686121	2.19325624120555	0.188127840104039	1.80353844630625	2.57045216752226	2.19073377110865	0.181686687634448	1.83445323846938	2.54701430374792
2.2633256355456	0.165569595289612	1.93880922877796	2.58784204231324	2.22751711027658	0.154917171144889	1.9238794548326	2.53115476572056	2.22751711027658	0.165569595289612	1.9028163818162	2.54521989434513	2.22578210473467	0.159082830935745	1.91385437037043	2.53770983909892
2.00534725601891	0.192093094922146	1.62884478997151	2.38184972206632	1.96170554398377	0.185385691564767	1.59834958851682	2.32506149945071	1.96170554398377	0.192093094922146	1.59204299856858	2.33864922534504	1.96283005543881	0.172582445910424	1.6244044816501	2.30125562922751
2.34458089562194	0.182017251592556	1.98782708250053	2.70133470874336	2.29169243317257	0.164795464798441	1.96869332216763	2.61469154417752	2.29169243317257	0.182017251592556	1.92898201077049	2.6294218405388	2.29183251644694	0.173409085107414	1.95174533458208	2.6319196983118
1.74990663515241	0.229233476803265	1.30060902061801	2.19920424968681	1.88641162560249	0.204575679983285	1.48544329283526	2.28737995836973	1.88641162560249	0.229233476803265	1.48798613884825	2.39868402107538	1.88527734107833	0.217173210060331	1.45931336966074	2.31124131249592
1.87599451648425	0.21982305250811	1.44514133356835	2.30684769940014	1.87940978482957	0.184244868519589	1.51828984253117	2.24052972712796	1.87940978482957	0.21982305250811	1.43833328481025	2.28967683424521	1.87948944954384	0.209496281527982	1.46862506137774	2.29035383770995
2.19504750111415	0.197589336236316	1.80777240209098	2.58232260013733	2.24960538995086	0.186042652932002	1.88496179020413	2.61424898969758	2.24960538995086	0.197589336236316	1.85294697188529	2.6232509894369	2.24905114713473	0.186841361285038	1.88264034625926	2.6154619480102
2.04291446725289	0.270766515584233	1.51221209670779	2.57361683779799	2.14854028500312	0.23364275793304	1.69060047945436	2.60648009055187	2.14854028500312	0.270766515584233	1.61420975318532	2.71595474792034	2.14687785437274	0.250673474445194	1.65519148194745	2.63856422679804
2.15793353628805	0.199633981660185	1.76665093223409	2.54921614034202	2.14856781140332	0.183412629484619	1.78907905761347	2.50805656519318	2.14856781140332	0.199633981660185	1.73963250841338	2.50809943359899	2.14346782866149	0.181539899437962	1.78744395823953	2.49949169908345
2.05349382051453	0.199766117000122	1.66195223119429	2.44503540983477	2.16217148303007	0.179330328652281	1.8106840388716	2.51365892718854	2.16217148303007	0.199766117000122	1.79175644200703	2.57255903723921	2.16154631436362	0.184944478991817	1.79887042605089	2.52422220267636
2.21713490468482	0.210292955440715	1.80496071202102	2.62930909734863	2.13290614397254	0.194215562896566	1.75224364069527	2.51356864724981	2.13290614397254	0.210292955440715	1.73690196554785	2.54391380823786	2.12548346678474	0.196940649235982	1.73924219886853	2.51172473470094
1.88774345205867	0.217017808037038	1.46238854830608	2.31309835581126	1.85535183392871	0.187797406489904	1.4872689172085	2.22343475064893	1.85535183392871	0.217017808037038	1.46347142024793	2.3402891215405	1.86236264394257	0.206841190205368	1.45664881481042	2.26807647307471
2.16742344251128	0.199276796533471	1.77684092130567	2.55800596371688	2.13286546957145	0.190872053578687	1.75875624455722	2.50697469458568	2.13286546957145	0.199276796533471	1.74302103012545	2.51858842252632	2.13358462721911	0.183682432372974	1.77336119882772	2.49380805561049
1.86467890825875	0.231202776321203	1.4115214666692	2.31783634984831	1.91316517504463	0.209399826391799	1.5027415153167	2.32358883477255	1.91316517504463	0.231202776321203	1.51006870271997	2.3871089048987	1.91590697107192	0.216558010180524	1.49117201316168	2.34064192898217
1.72106399190401	0.199921580009371	1.32921769508565	2.11291028872238	1.73292906053057	0.187826508910517	1.36478910306595	2.10106901799518	1.73292906053057	0.199921580009371	1.35301710086863	2.1126747161174	1.73388181045271	0.181014715646504	1.37888963653269	2.08887398437273
2.22089917392578	0.294895384486418	1.6429042203324	2.79889412751916	1.84894404519775	0.24065766501329	1.3772550217717	2.3206330686238	1.84894404519775	0.294895384486418	1.16913976830611	2.38768064171002	1.85156746288523	0.281678556523095	1.29901265489418	2.40412227087629
2.06572709332573	0.278755344719424	1.51936661767566	2.6120875689758	1.80365352959585	0.238515927355903	1.33616231197828	2.27114474721342	1.80365352959585	0.278755344719424	1.25460148242191	2.33734207178902	1.80584247728185	0.268555053748344	1.27904313841197	2.33264181615174
1.72348838989033	0.190621747306149	1.34986976517028	2.09710701461039	1.82883246075973	0.181790649649014	1.47252278744767	2.1851421340718	1.82883246075973	0.190621747306149	1.464357516326	2.22184928264998	1.82449747572105	0.173426232454625	1.48441378470273	2.16458116673938
1.99771385622599	0.172810822865155	1.65900464341029	2.3364230690417	2.01019540416172	0.147614844068515	1.72087030978743	2.299520498536	2.01019540416172	0.172810822865155	1.68331844049823	2.34041464639864	2.00814586899811	0.164990352013698	1.68461482226971	2.3316769157265
2.33530170905196	0.164934608710538	2.01202987597931	2.65857354212462	2.26618127554739	0.147563913717487	1.97695600466111	2.55540654643366	2.26618127554739	0.164934608710538	1.94890205408392	2.58478139139078	2.26095380898956	0.154052599413367	1.95888143352601	2.5630261844531
1.72998955446386	0.231997661099828	1.2752741387082	2.18470497021952	1.62187455904714	0.20182728243646	1.22629308547167	2.0174560326226	1.62187455904714	0.231997661099828	1.14128916599898	2.05481297766988	1.61950261893434	0.220971121723684	1.18612725940549	2.05287797846319
1.86303371279837	0.19575585974564	1.47935222769691	2.24671519789982	1.73869984220588	0.176159939442342	1.39342636089889	2.08397332351287	1.73869984220588	0.19575585974564	1.35676005546355	2.11404168452361	1.73518689425873	0.184331688363411	1.37370118307414	2.09667260544333
1.98041190865017	0.270727006411803	1.44978697608303	2.5110368412173	1.87378423531014	0.222858748446628	1.43698108835475	2.31058738226553	1.87378423531014	0.270727006411803	1.3175553631723	2.33085008025234	1.87195569892418	0.270529306776827	1.3412357980879	2.40267559976045
2.04745050781199	0.203684927600418	1.64822804971517	2.44667296590881	2.12567520098433	0.193170293028023	1.7470614266494	2.50428897531925	2.12567520098433	0.203684927600418	1.76527805355556	2.5441208818361	2.12572715625852	0.188926063301856	1.75520800939218	2.49624630312486
2.03492472882934	0.200401730985215	1.64213733609832	2.42771212156036	2.08406768261606	0.169565291562775	1.75171971115302	2.4164156540791	2.08406768261606	0.200401730985215	1.6623517031409	2.4475456646742	2.09114513365367	0.191328536324016	1.71591420913064	2.46637605817671
1.86858413030004	0.238763423715899	1.40060781981688	2.33656044078321	1.73967407763653	0.218118705104123	1.31216141563245	2.16718673964061	1.73967407763653	0.238763423715899	1.30833156210425	2.20912595331324	1.74250347318464	0.220623880429985	1.30976716859142	2.17523977777787
2.06099802769824	0.16543197472775	1.73675135723185	2.38524469816463	2.01353480833432	0.156062190343316	1.70765291526142	2.31941670140722	2.01353480833432	0.16543197472775	1.68247824481121	2.33421921796006	2.01146068040098	0.156159229584734	1.70526134156405	2.3176600192379
2.1844603651547	0.183684897355123	1.82443796633866	2.54448276397074	2.20120415715107	0.168220807186506	1.87149137506552	2.53091693923663	2.20120415715107	0.183684897355123	1.8218488661782	2.54786753860572	2.20384557994665	0.168983568899493	1.87249501721267	2.53519614268064
1.94217817041286	0.209301435939364	1.5319473559717	2.35240898485401	1.87412269105261	0.19470874548163	1.49249354990862	2.25575183219661	1.87412269105261	0.209301435939364	1.43834876447785	2.27109563962255	1.88054525613227	0.197909825764418	1.49242398754549	2.26866652471904
2.13787848900771	0.174784842040202	1.79530019860891	2.48045677940651	2.23136686165548	0.152057510013761	1.93333414202851	2.52939958128245	2.23136686165548	0.174784842040202	1.8788079315309	2.57149100632304	2.23016632278141	0.169923643335928	1.89697257666396	2.56336006889886
1.94444243959299	0.191254572750858	1.56958347700131	2.31930140218467	1.93198115648439	0.170825234133809	1.59716369758212	2.26679861538665	1.93198115648439	0.191254572750858	1.56888202931361	2.31130904118773	1.93566777045905	0.182998791096596	1.5767817817875	2.29455375913061
1.89114571125001	0.208262591979798	1.48295103096961	2.29934039153042	1.94885267735368	0.172653799476076	1.61045123038057	2.28725412432679	1.94885267735368	0.208262591979798	1.55511750446029	2.37970277014885	1.94843044024917	0.19884566516081	1.55843973593264	2.3384211445657
2.00126702514028	0.217752438081388	1.57447224650076	2.4280618037798	2.1462647528542	0.189456856870389	1.77492931338824	2.51760019232016	2.1462647528542	0.217752438081388	1.75635792473025	2.62939370299519	2.14187835942035	0.211559106986728	1.72695960610456	2.55679711273613
1.8997990720947	0.223808969464073	1.46113349194511	2.33846465224428	1.87223261240629	0.196083989053838	1.48790799386077	2.25655723095182	1.87223261240629	0.223808969464073	1.45207860115605	2.31215119859142	1.87347847192204	0.210876196819479	1.45987841685433	2.28707852698975
2.0053757943631	0.185324423922793	1.64213992347442	2.36861166525177	1.99563107432515	0.162136226889939	1.67784406962087	2.31341807902943	1.99563107432515	0.185324423922793	1.62032879108355	2.35507479926134	1.99477274885498	0.185350590596908	1.63128651039029	2.35825898731967
1.88080350951905	0.199471383908989	1.48983959705743	2.27176742198067	1.9148167008279	0.184509102232349	1.55317886045249	2.2764545412033	1.9148167008279	0.199471383908989	1.5327608925396	2.33324610851456	1.91591324032047	0.179372753068691	1.5641576733068	2.26766880733414
1.73274986481184	0.21749590504548	1.3064578909227	2.15904183870098	1.87979888627567	0.182761891526418	1.52158557888389	2.23801219366745	1.87979888627567	0.21749590504548	1.48578173572394	2.30308474472618	1.87931835594174	0.199060913802295	1.48889094299883	2.26974576888465
2.0870128598538	0.210538445394692	1.6743575068802	2.49966821282739	2.13425461680993	0.188853635728773	1.76410149078154	2.50440774283833	2.13425461680993	0.210538445394692	1.72095964511414	2.52059822419496	2.13344464420022	0.190536618064494	1.75977596686594	2.50711332153451
1.83120464713454	0.217555911319738	1.40479506094786	2.25761423332123	1.96898709459821	0.197681698345626	1.58153096584078	2.35644322335563	1.96898709459821	0.217555911319738	1.57271757852149	2.41058799166642	1.97167380423768	0.203755259008297	1.5720817893642	2.37126581911116
1.88830384260665	0.164382848337882	1.5661134598644	2.2104942253489	1.90743531926791	0.154603646580907	1.60441217196933	2.21045846656649	1.90743531926791	0.164382848337882	1.58586779321575	2.20897261178649	1.90644230864545	0.151153752565903	1.61005904507115	2.20282557221974
2.00659499116037	0.1939713166995	1.62641121042935	2.38677877189139	1.92784178434304	0.167055939526568	1.60041214287097	2.25527142581512	1.92784178434304	0.1939713166995	1.55592902852365	2.31083234833622	1.92902159466687	0.181458313550441	1.57317603350278	2.28486715583096
2.20805203564067	0.237267818124371	1.74300711211691	2.67309695916444	2.00011546556867	0.211967996301012	1.58465819281869	2.41557273831866	2.00011546556867	0.237267818124371	1.46143104761487	2.41017260339705	2.00238895065715	0.215217788254134	1.58026849165846	2.42450940965584
1.92822746323984	0.186999734168282	1.56170798427	2.29474694220967	1.93844022094627	0.166875689897397	1.61136386874737	2.26551657314517	1.93844022094627	0.186999734168282	1.57178492203189	2.29373269038938	1.94253060598079	0.171333912814521	1.60653520031511	2.27852601164647
2.05685451079664	0.191054474958523	1.68238773987794	2.43132128171535	2.09540815097129	0.184806965179885	1.73318649921872	2.45762980272387	2.09540815097129	0.191054474958523	1.69188655992441	2.43693495948523	2.08887715113107	0.174590951840848	1.74649601694981	2.43125828531233
1.95371427483604	0.222610391399835	1.51739790769236	2.39003064197972	1.9222672851222	0.18983397716518	1.55019268987845	2.29434188036596	1.9222672851222	0.222610391399835	1.51809986870563	2.40061911607525	1.92542386723356	0.214811390874201	1.50411588521946	2.34673184924767
1.82575437300415	0.193991784264922	1.4455304758449	2.2059782701634	1.77103197666204	0.175549631458489	1.4269546990034	2.11510925432068	1.77103197666204	0.193991784264922	1.37856507465252	2.15397367280687	1.77337276920925	0.179550610891929	1.42126869683714	2.12547684158136
1.84214014317111	0.20371139118022	1.44286581645788	2.24141446988434	1.76851116351585	0.183000469613179	1.40983024307402	2.12719208395768	1.76851116351585	0.20371139118022	1.34219963043772	2.16300936188885	1.77459546473958	0.195523387704891	1.39112357993875	2.1580673495404
2.27217487280597	0.251950425881238	1.77835203807875	2.7659977075332	2.18882297858872	0.212589634570809	1.77214729482994	2.60549866234751	2.18882297858872	0.251950425881238	1.68632932839848	2.65689577039582	2.19460011954905	0.243939791283638	1.71608862239957	2.67311161669853
1.7774980866139	0.246018093473246	1.29530262340634	2.25969354982146	1.99052624144393	0.203184941795412	1.59228375552493	2.38876872736294	1.99052624144393	0.246018093473246	1.54495451189446	2.51696523282222	1.98723985347201	0.238156712878247	1.52010242837823	2.45437727856579
2.06432630666002	0.203744098911377	1.66498787279372	2.46366474052632	2.13433480755048	0.191304578997557	1.75937783271527	2.5092917823857	2.13433480755048	0.203744098911377	1.72800188753741	2.53310577068157	2.13006798102527	0.191532064319376	1.75443878366926	2.50569717838128
1.69217435216045	0.216553971489376	1.26772856804127	2.11662013627962	1.75753288737195	0.195344035354934	1.37465857807628	2.14040719666763	1.75753288737195	0.216553971489376	1.34558742823226	2.16664854054678	1.75676084817553	0.199029034936202	1.36641741342383	2.14710428292723
2.07604762555373	0.180320671378939	1.72261910965101	2.42947614145645	2.06399918401033	0.168722228155302	1.73330361682594	2.39469475119472	2.06399918401033	0.180320671378939	1.70957039308999	2.42473864206004	2.06232287911796	0.162677850251516	1.74335615029909	2.38128960793683
1.87327753215641	0.202932141774249	1.47553053427888	2.27102453003394	1.90344538268147	0.181097209144163	1.54849485275892	2.25839591260403	1.90344538268147	0.202932141774249	1.50327433905132	2.29948982887697	1.90737085772443	0.193606123787894	1.52766711261875	2.28707460283011
1.99317437347947	0.200354492828241	1.60047956753612	2.38586917942282	1.94601043788862	0.188167523553209	1.57720209172433	2.31481878405291	1.94601043788862	0.200354492828241	1.5500978840061	2.32214076175822	1.94436648867006	0.186780183058025	1.57808135767851	2.3106516196616
1.93910584998445	0.170668806310984	1.60459498961492	2.27361671035397	1.93711492056285	0.17010038533846	1.60371816529946	2.27051167582623	1.93711492056285	0.170668806310984	1.60991947020475	2.26984100822915	1.93773408160513	0.151892320242608	1.63989444426324	2.23557371894703
1.84619863079887	0.236221701531326	1.38320409579747	2.30919316580026	1.83976627851994	0.202191063416963	1.44347179422269	2.23606076281719	1.83976627851994	0.236221701531326	1.36365430788009	2.26256054309974	1.83541212407169	0.221486022213997	1.40102122667005	2.26980302147334
2.06427004590051	0.218764829271891	1.63549098052761	2.49304911127342	2.11025259299248	0.187983271153523	1.74180538153157	2.47869980445338	2.11025259299248	0.218764829271891	1.65963136580678	2.52103769583053	2.10885861907322	0.208479512240763	1.69998674305996	2.51773049508649
1.99942584673063	0.228773122035127	1.55103052754179	2.44782116591948	1.98266565217941	0.203416041475221	1.58397021088798	2.38136109347085	1.98266565217941	0.228773122035127	1.56080446104022	2.42179634873221	1.98712899923857	0.212380195006827	1.57059465792575	2.40366334055138
2.23500057959011	0.183633916049532	1.87507810413302	2.59492305504719	2.0773230293375	0.166845083596886	1.7503066654876	2.40433939318739	2.0773230293375	0.183633916049532	1.74096699432582	2.44575524563268	2.07806380440769	0.174241222414746	1.7363958073475	2.41973180146788
2.16429683616098	0.195554444192342	1.78101012554399	2.54758354677797	2.0774310240071	0.183187491730662	1.718383540215	2.4364785077992	2.0774310240071	0.195554444192342	1.69042301935331	2.4577460229414	2.07898199757024	0.17801607038144	1.72989431204626	2.42806968309422
1.98863307220804	0.214725499885809	1.56777109243185	2.40949505198422	1.96910262997348	0.183081424177215	1.61026303858614	2.32794222136082	1.96910262997348	0.214725499885809	1.52183367404707	2.37288791309851	1.96708863930284	0.20707109217603	1.56094244567868	2.373234832927
2.12770924466912	0.17756536239914	1.7796811343668	2.47573735497143	2.00875155415094	0.158695933159751	1.69770752515783	2.31979558314405	2.00875155415094	0.17756536239914	1.67622979553789	2.36402045893269	2.01137298743597	0.168024214222285	1.68188101565739	2.34086495921455
2.02507236805913	0.188512612452954	1.65558764765134	2.39455708846692	1.9332000260795	0.168968005789599	1.60202273473188	2.26437731742711	1.9332000260795	0.188512612452954	1.58447443600615	2.31234366838531	1.93946433789219	0.18092913671363	1.58466048808166	2.29426818770273
2.19479622800036	0.250740544043789	1.70334476167453	2.68624769432618	2.00418908583807	0.218341911294655	1.57623893970055	2.4321392319756	2.00418908583807	0.250740544043789	1.50145456758839	2.49601829506337	2.00689560422163	0.239356646017611	1.53741411467373	2.47637709376953
1.95241058250845	0.210327507826047	1.5401686671694	2.3646524978475	2.08983938818856	0.184654153326976	1.72791724766769	2.45176152870944	2.08983938818856	0.210327507826047	1.66562735803041	2.51648432897226	2.08291713177295	0.197315959011377	1.69595021296408	2.46988405058181
1.9651070574999	0.307183871517297	1.363026669326	2.56718744567381	2.09952374263096	0.228541790377772	1.65158183349053	2.54746565177139	2.09952374263096	0.307183871517297	1.4451679566515	2.71521583088699	2.09526462994738	0.299194453158354	1.50832052317748	2.68220873671728
1.87697774211933	0.180851090857062	1.52250960403949	2.23144588019917	1.90939239415919	0.164102465802809	1.58775156118568	2.23103322713269	1.90939239415919	0.180851090857062	1.57279887693882	2.2625796096532	1.90722084303405	0.167372424798018	1.57901126338541	2.2354304226827
2.30724735284373	0.265342933265855	1.78717520364265	2.82731950204481	2.11918636702562	0.234022665314625	1.66050194300896	2.57787079104229	2.11918636702562	0.265342933265855	1.6175773366951	2.61437941041958	2.11550683094676	0.252922833595496	1.61936652715396	2.61164713473956
1.8525405556131	0.243601167167719	1.37508226796437	2.32999884326183	1.87812160209592	0.217814023280451	1.45120611646623	2.3050370877256	1.87812160209592	0.243601167167719	1.37118803220933	2.37844849332328	1.87804697196909	0.232185941113228	1.4226165182872	2.33347742565099
2.1780081374402	0.166961007331909	1.85076456306966	2.50525171181074	2.08570164499514	0.161606636866326	1.76895263673714	2.40245065325314	2.08570164499514	0.166961007331909	1.742243817969	2.39135563139333	2.09171435738356	0.154641151213643	1.78851145555057	2.39491725921656
NA	NA	NA	NA	NA	NA	NA	NA	NA	NA	NA	NA	NA	NA	NA	NA
NA	NA	NA	NA	NA	NA	NA	NA	NA	NA	NA	NA	NA	NA	NA	NA
NA	NA	NA	NA	NA	NA	NA	NA	NA	NA	NA	NA	NA	NA	NA	NA
NA	NA	NA	NA	NA	NA	NA	NA	NA	NA	NA	NA	NA	NA	NA	NA
NA	NA	NA	NA	NA	NA	NA	NA	NA	NA	NA	NA	NA	NA	NA	NA
NA	NA	NA	NA	NA	NA	NA	NA	NA	NA	NA	NA	NA	NA	NA	NA
NA	NA	NA	NA	NA	NA	NA	NA	NA	NA	NA	NA	NA	NA	NA	NA
NA	NA	NA	NA	NA	NA	NA	NA	NA	NA	NA	NA	NA	NA	NA	NA
NA	NA	NA	NA	NA	NA	NA	NA	NA	NA	NA	NA	NA	NA	NA	NA
NA	NA	NA	NA	NA	NA	NA	NA	NA	NA	NA	NA	NA	NA	NA	NA
NA	NA	NA	NA	NA	NA	NA	NA	NA	NA	NA	NA	NA	NA	NA	NA
NA	NA	NA	NA	NA	NA	NA	NA	NA	NA	NA	NA	NA	NA	NA	NA
NA	NA	NA	NA	NA	NA	NA	NA	NA	NA	NA	NA	NA	NA	NA	NA
NA	NA	NA	NA	NA	NA	NA	NA	NA	NA	NA	NA	NA	NA	NA	NA
NA	NA	NA	NA	NA	NA	NA	NA	NA	NA	NA	NA	NA	NA	NA	NA
NA	NA	NA	NA	NA	NA	NA	NA	NA	NA	NA	NA	NA	NA	NA	NA
NA	NA	NA	NA	NA	NA	NA	NA	NA	NA	NA	NA	NA	NA	NA	NA
NA	NA	NA	NA	NA	NA	NA	NA	NA	NA	NA	NA	NA	NA	NA	NA
NA	NA	NA	NA	NA	NA	NA	NA	NA	NA	NA	NA	NA	NA	NA	NA
NA	NA	NA	NA	NA	NA	NA	NA	NA	NA	NA	NA	NA	NA	NA	NA
NA	NA	NA	NA	NA	NA	NA	NA	NA	NA	NA	NA	NA	NA	NA	NA
NA	NA	NA	NA	NA	NA	NA	NA	NA	NA	NA	NA	NA	NA	NA	NA
NA	NA	NA	NA	NA	NA	NA	NA	NA	NA	NA	NA	NA	NA	NA	NA
NA	NA	NA	NA	NA	NA	NA	NA	NA	NA	NA	NA	NA	NA	NA	NA
NA	NA	NA	NA	NA	NA	NA	NA	NA	NA	NA	NA	NA	NA	NA	NA
NA	NA	NA	NA	NA	NA	NA	NA	NA	NA	NA	NA	NA	NA	NA	NA
NA	NA	NA	NA	NA	NA	NA	NA	NA	NA	NA	NA	NA	NA	NA	NA
NA	NA	NA	NA	NA	NA	NA	NA	NA	NA	NA	NA	NA	NA	NA	NA
NA	NA	NA	NA	NA	NA	NA	NA	NA	NA	NA	NA	NA	NA	NA	NA
NA	NA	NA	NA	NA	NA	NA	NA	NA	NA	NA	NA	NA	NA	NA	NA
NA	NA	NA	NA	NA	NA	NA	NA	NA	NA	NA	NA	NA	NA	NA	NA
NA	NA	NA	NA	NA	NA	NA	NA	NA	NA	NA	NA	NA	NA	NA	NA
NA	NA	NA	NA	NA	NA	NA	NA	NA	NA	NA	NA	NA	NA	NA	NA
NA	NA	NA	NA	NA	NA	NA	NA	NA	NA	NA	NA	NA	NA	NA	NA
NA	NA	NA	NA	NA	NA	NA	NA	NA	NA	NA	NA	NA	NA	NA	NA
NA	NA	NA	NA	NA	NA	NA	NA	NA	NA	NA	NA	NA	NA	NA	NA
NA	NA	NA	NA	NA	NA	NA	NA	NA	NA	NA	NA	NA	NA	NA	NA
NA	NA	NA	NA	NA	NA	NA	NA	NA	NA	NA	NA	NA	NA	NA	NA
NA	NA	NA	NA	NA	NA	NA	NA	NA	NA	NA	NA	NA	NA	NA	NA
NA	NA	NA	NA	NA	NA	NA	NA	NA	NA	NA	NA	NA	NA	NA	NA
NA	NA	NA	NA	NA	NA	NA	NA	NA	NA	NA	NA	NA	NA	NA	NA
NA	NA	NA	NA	NA	NA	NA	NA	NA	NA	NA	NA	NA	NA	NA	NA
NA	NA	NA	NA	NA	NA	NA	NA	NA	NA	NA	NA	NA	NA	NA	NA
NA	NA	NA	NA	NA	NA	NA	NA	NA	NA	NA	NA	NA	NA	NA	NA
NA	NA	NA	NA	NA	NA	NA	NA	NA	NA	NA	NA	NA	NA	NA	NA
NA	NA	NA	NA	NA	NA	NA	NA	NA	NA	NA	NA	NA	NA	NA	NA
NA	NA	NA	NA	NA	NA	NA	NA	NA	NA	NA	NA	NA	NA	NA	NA
NA	NA	NA	NA	NA	NA	NA	NA	NA	NA	NA	NA	NA	NA	NA	NA
NA	NA	NA	NA	NA	NA	NA	NA	NA	NA	NA	NA	NA	NA	NA	NA
NA	NA	NA	NA	NA	NA	NA	NA	NA	NA	NA	NA	NA	NA	NA	NA
NA	NA	NA	NA	NA	NA	NA	NA	NA	NA	NA	NA	NA	NA	NA	NA
NA	NA	NA	NA	NA	NA	NA	NA	NA	NA	NA	NA	NA	NA	NA	NA
NA	NA	NA	NA	NA	NA	NA	NA	NA	NA	NA	NA	NA	NA	NA	NA
NA	NA	NA	NA	NA	NA	NA	NA	NA	NA	NA	NA	NA	NA	NA	NA
NA	NA	NA	NA	NA	NA	NA	NA	NA	NA	NA	NA	NA	NA	NA	NA
NA	NA	NA	NA	NA	NA	NA	NA	NA	NA	NA	NA	NA	NA	NA	NA
NA	NA	NA	NA	NA	NA	NA	NA	NA	NA	NA	NA	NA	NA	NA	NA
NA	NA	NA	NA	NA	NA	NA	NA	NA	NA	NA	NA	NA	NA	NA	NA
NA	NA	NA	NA	NA	NA	NA	NA	NA	NA	NA	NA	NA	NA	NA	NA
NA	NA	NA	NA	NA	NA	NA	NA	NA	NA	NA	NA	NA	NA	NA	NA
NA	NA	NA	NA	NA	NA	NA	NA	NA	NA	NA	NA	NA	NA	NA	NA
NA	NA	NA	NA	NA	NA	NA	NA	NA	NA	NA	NA	NA	NA	NA	NA
NA	NA	NA	NA	NA	NA	NA	NA	NA	NA	NA	NA	NA	NA	NA	NA
NA	NA	NA	NA	NA	NA	NA	NA	NA	NA	NA	NA	NA	NA	NA	NA
NA	NA	NA	NA	NA	NA	NA	NA	NA	NA	NA	NA	NA	NA	NA	NA
NA	NA	NA	NA	NA	NA	NA	NA	NA	NA	NA	NA	NA	NA	NA	NA
NA	NA	NA	NA	NA	NA	NA	NA	NA	NA	NA	NA	NA	NA	NA	NA
NA	NA	NA	NA	NA	NA	NA	NA	NA	NA	NA	NA	NA	NA	NA	NA
NA	NA	NA	NA	NA	NA	NA	NA	NA	NA	NA	NA	NA	NA	NA	NA
NA	NA	NA	NA	NA	NA	NA	NA	NA	NA	NA	NA	NA	NA	NA	NA
NA	NA	NA	NA	NA	NA	NA	NA	NA	NA	NA	NA	NA	NA	NA	NA
NA	NA	NA	NA	NA	NA	NA	NA	NA	NA	NA	NA	NA	NA	NA	NA
NA	NA	NA	NA	NA	NA	NA	NA	NA	NA	NA	NA	NA	NA	NA	NA
NA	NA	NA	NA	NA	NA	NA	NA	NA	NA	NA	NA	NA	NA	NA	NA
NA	NA	NA	NA	NA	NA	NA	NA	NA	NA	NA	NA	NA	NA	NA	NA
NA	NA	NA	NA	NA	NA	NA	NA	NA	NA	NA	NA	NA	NA	NA	NA
NA	NA	NA	NA	NA	NA	NA	NA	NA	NA	NA	NA	NA	NA	NA	NA
NA	NA	NA	NA	NA	NA	NA	NA	NA	NA	NA	NA	NA	NA	NA	NA
NA	NA	NA	NA	NA	NA	NA	NA	NA	NA	NA	NA	NA	NA	NA	NA
NA	NA	NA	NA	NA	NA	NA	NA	NA	NA	NA	NA	NA	NA	NA	NA
NA	NA	NA	NA	NA	NA	NA	NA	NA	NA	NA	NA	NA	NA	NA	NA
NA	NA	NA	NA	NA	NA	NA	NA	NA	NA	NA	NA	NA	NA	NA	NA
NA	NA	NA	NA	NA	NA	NA	NA	NA	NA	NA	NA	NA	NA	NA	NA
NA	NA	NA	NA	NA	NA	NA	NA	NA	NA	NA	NA	NA	NA	NA	NA
NA	NA	NA	NA	NA	NA	NA	NA	NA	NA	NA	NA	NA	NA	NA	NA
NA	NA	NA	NA	NA	NA	NA	NA	NA	NA	NA	NA	NA	NA	NA	NA
NA	NA	NA	NA	NA	NA	NA	NA	NA	NA	NA	NA	NA	NA	NA	NA
NA	NA	NA	NA	NA	NA	NA	NA	NA	NA	NA	NA	NA	NA	NA	NA
NA	NA	NA	NA	NA	NA	NA	NA	NA	NA	NA	NA	NA	NA	NA	NA
NA	NA	NA	NA	NA	NA	NA	NA	NA	NA	NA	NA	NA	NA	NA	NA
NA	NA	NA	NA	NA	NA	NA	NA	NA	NA	NA	NA	NA	NA	NA	NA
NA	NA	NA	NA	NA	NA	NA	NA	NA	NA	NA	NA	NA	NA	NA	NA
NA	NA	NA	NA	NA	NA	NA	NA	NA	NA	NA	NA	NA	NA	NA	NA
NA	NA	NA	NA	NA	NA	NA	NA	NA	NA	NA	NA	NA	NA	NA	NA
NA	NA	NA	NA	NA	NA	NA	NA	NA	NA	NA	NA	NA	NA	NA	NA
NA	NA	NA	NA	NA	NA	NA	NA	NA	NA	NA	NA	NA	NA	NA	NA
NA	NA	NA	NA	NA	NA	NA	NA	NA	NA	NA	NA	NA	NA	NA	NA
NA	NA	NA	NA	NA	NA	NA	NA	NA	NA	NA	NA	NA	NA	NA	NA
NA	NA	NA	NA	NA	NA	NA	NA	NA	NA	NA	NA	NA	NA	NA	NA
NA	NA	NA	NA	NA	NA	NA	NA	NA	NA	NA	NA	NA	NA	NA	NA
NA	NA	NA	NA	NA	NA	NA	NA	NA	NA	NA	NA	NA	NA	NA	NA
NA	NA	NA	NA	NA	NA	NA	NA	NA	NA	NA	NA	NA	NA	NA	NA
NA	NA	NA	NA	NA	NA	NA	NA	NA	NA	NA	NA	NA	NA	NA	NA
NA	NA	NA	NA	NA	NA	NA	NA	NA	NA	NA	NA	NA	NA	NA	NA
NA	NA	NA	NA	NA	NA	NA	NA	NA	NA	NA	NA	NA	NA	NA	NA
NA	NA	NA	NA	NA	NA	NA	NA	NA	NA	NA	NA	NA	NA	NA	NA
NA	NA	NA	NA	NA	NA	NA	NA	NA	NA	NA	NA	NA	NA	NA	NA
NA	NA	NA	NA	NA	NA	NA	NA	NA	NA	NA	NA	NA	NA	NA	NA
NA	NA	NA	NA	NA	NA	NA	NA	NA	NA	NA	NA	NA	NA	NA	NA
NA	NA	NA	NA	NA	NA	NA	NA	NA	NA	NA	NA	NA	NA	NA	NA
NA	NA	NA	NA	NA	NA	NA	NA	NA	NA	NA	NA	NA	NA	NA	NA
NA	NA	NA	NA	NA	NA	NA	NA	NA	NA	NA	NA	NA	NA	NA	NA
NA	NA	NA	NA	NA	NA	NA	NA	NA	NA	NA	NA	NA	NA	NA	NA
NA	NA	NA	NA	NA	NA	NA	NA	NA	NA	NA	NA	NA	NA	NA	NA
NA	NA	NA	NA	NA	NA	NA	NA	NA	NA	NA	NA	NA	NA	NA	NA
NA	NA	NA	NA	NA	NA	NA	NA	NA	NA	NA	NA	NA	NA	NA	NA
NA	NA	NA	NA	NA	NA	NA	NA	NA	NA	NA	NA	NA	NA	NA	NA
NA	NA	NA	NA	NA	NA	NA	NA	NA	NA	NA	NA	NA	NA	NA	NA
NA	NA	NA	NA	NA	NA	NA	NA	NA	NA	NA	NA	NA	NA	NA	NA
NA	NA	NA	NA	NA	NA	NA	NA	NA	NA	NA	NA	NA	NA	NA	NA
NA	NA	NA	NA	NA	NA	NA	NA	NA	NA	NA	NA	NA	NA	NA	NA
NA	NA	NA	NA	NA	NA	NA	NA	NA	NA	NA	NA	NA	NA	NA	NA
NA	NA	NA	NA	NA	NA	NA	NA	NA	NA	NA	NA	NA	NA	NA	NA
NA	NA	NA	NA	NA	NA	NA	NA	NA	NA	NA	NA	NA	NA	NA	NA
NA	NA	NA	NA	NA	NA	NA	NA	NA	NA	NA	NA	NA	NA	NA	NA
NA	NA	NA	NA	NA	NA	NA	NA	NA	NA	NA	NA	NA	NA	NA	NA
NA	NA	NA	NA	NA	NA	NA	NA	NA	NA	NA	NA	NA	NA	NA	NA
NA	NA	NA	NA	NA	NA	NA	NA	NA	NA	NA	NA	NA	NA	NA	NA
NA	NA	NA	NA	NA	NA	NA	NA	NA	NA	NA	NA	NA	NA	NA	NA
NA	NA	NA	NA	NA	NA	NA	NA	NA	NA	NA	NA	NA	NA	NA	NA
NA	NA	NA	NA	NA	NA	NA	NA	NA	NA	NA	NA	NA	NA	NA	NA
NA	NA	NA	NA	NA	NA	NA	NA	NA	NA	NA	NA	NA	NA	NA	NA
NA	NA	NA	NA	NA	NA	NA	NA	NA	NA	NA	NA	NA	NA	NA	NA
NA	NA	NA	NA	NA	NA	NA	NA	NA	NA	NA	NA	NA	NA	NA	NA
NA	NA	NA	NA	NA	NA	NA	NA	NA	NA	NA	NA	NA	NA	NA	NA
NA	NA	NA	NA	NA	NA	NA	NA	NA	NA	NA	NA	NA	NA	NA	NA
NA	NA	NA	NA	NA	NA	NA	NA	NA	NA	NA	NA	NA	NA	NA	NA
NA	NA	NA	NA	NA	NA	NA	NA	NA	NA	NA	NA	NA	NA	NA	NA
NA	NA	NA	NA	NA	NA	NA	NA	NA	NA	NA	NA	NA	NA	NA	NA
NA	NA	NA	NA	NA	NA	NA	NA	NA	NA	NA	NA	NA	NA	NA	NA
NA	NA	NA	NA	NA	NA	NA	NA	NA	NA	NA	NA	NA	NA	NA	NA
NA	NA	NA	NA	NA	NA	NA	NA	NA	NA	NA	NA	NA	NA	NA	NA
NA	NA	NA	NA	NA	NA	NA	NA	NA	NA	NA	NA	NA	NA	NA	NA
NA	NA	NA	NA	NA	NA	NA	NA	NA	NA	NA	NA	NA	NA	NA	NA
NA	NA	NA	NA	NA	NA	NA	NA	NA	NA	NA	NA	NA	NA	NA	NA
NA	NA	NA	NA	NA	NA	NA	NA	NA	NA	NA	NA	NA	NA	NA	NA
NA	NA	NA	NA	NA	NA	NA	NA	NA	NA	NA	NA	NA	NA	NA	NA
NA	NA	NA	NA	NA	NA	NA	NA	NA	NA	NA	NA	NA	NA	NA	NA
NA	NA	NA	NA	NA	NA	NA	NA	NA	NA	NA	NA	NA	NA	NA	NA
NA	NA	NA	NA	NA	NA	NA	NA	NA	NA	NA	NA	NA	NA	NA	NA
NA	NA	NA	NA	NA	NA	NA	NA	NA	NA	NA	NA	NA	NA	NA	NA
NA	NA	NA	NA	NA	NA	NA	NA	NA	NA	NA	NA	NA	NA	NA	NA
NA	NA	NA	NA	NA	NA	NA	NA	NA	NA	NA	NA	NA	NA	NA	NA
NA	NA	NA	NA	NA	NA	NA	NA	NA	NA	NA	NA	NA	NA	NA	NA
NA	NA	NA	NA	NA	NA	NA	NA	NA	NA	NA	NA	NA	NA	NA	NA
NA	NA	NA	NA	NA	NA	NA	NA	NA	NA	NA	NA	NA	NA	NA	NA
NA	NA	NA	NA	NA	NA	NA	NA	NA	NA	NA	NA	NA	NA	NA	NA
NA	NA	NA	NA	NA	NA	NA	NA	NA	NA	NA	NA	NA	NA	NA	NA
NA	NA	NA	NA	NA	NA	NA	NA	NA	NA	NA	NA	NA	NA	NA	NA
NA	NA	NA	NA	NA	NA	NA	NA	NA	NA	NA	NA	NA	NA	NA	NA
NA	NA	NA	NA	NA	NA	NA	NA	NA	NA	NA	NA	NA	NA	NA	NA
NA	NA	NA	NA	NA	NA	NA	NA	NA	NA	NA	NA	NA	NA	NA	NA
NA	NA	NA	NA	NA	NA	NA	NA	NA	NA	NA	NA	NA	NA	NA	NA
NA	NA	NA	NA	NA	NA	NA	NA	NA	NA	NA	NA	NA	NA	NA	NA
NA	NA	NA	NA	NA	NA	NA	NA	NA	NA	NA	NA	NA	NA	NA	NA
NA	NA	NA	NA	NA	NA	NA	NA	NA	NA	NA	NA	NA	NA	NA	NA
NA	NA	NA	NA	NA	NA	NA	NA	NA	NA	NA	NA	NA	NA	NA	NA
NA	NA	NA	NA	NA	NA	NA	NA	NA	NA	NA	NA	NA	NA	NA	NA
NA	NA	NA	NA	NA	NA	NA	NA	NA	NA	NA	NA	NA	NA	NA	NA
NA	NA	NA	NA	NA	NA	NA	NA	NA	NA	NA	NA	NA	NA	NA	NA
NA	NA	NA	NA	NA	NA	NA	NA	NA	NA	NA	NA	NA	NA	NA	NA
NA	NA	NA	NA	NA	NA	NA	NA	NA	NA	NA	NA	NA	NA	NA	NA
NA	NA	NA	NA	NA	NA	NA	NA	NA	NA	NA	NA	NA	NA	NA	NA
NA	NA	NA	NA	NA	NA	NA	NA	NA	NA	NA	NA	NA	NA	NA	NA
NA	NA	NA	NA	NA	NA	NA	NA	NA	NA	NA	NA	NA	NA	NA	NA
NA	NA	NA	NA	NA	NA	NA	NA	NA	NA	NA	NA	NA	NA	NA	NA
NA	NA	NA	NA	NA	NA	NA	NA	NA	NA	NA	NA	NA	NA	NA	NA
NA	NA	NA	NA	NA	NA	NA	NA	NA	NA	NA	NA	NA	NA	NA	NA
NA	NA	NA	NA	NA	NA	NA	NA	NA	NA	NA	NA	NA	NA	NA	NA
NA	NA	NA	NA	NA	NA	NA	NA	NA	NA	NA	NA	NA	NA	NA	NA
NA	NA	NA	NA	NA	NA	NA	NA	NA	NA	NA	NA	NA	NA	NA	NA
NA	NA	NA	NA	NA	NA	NA	NA	NA	NA	NA	NA	NA	NA	NA	NA
NA	NA	NA	NA	NA	NA	NA	NA	NA	NA	NA	NA	NA	NA	NA	NA
NA	NA	NA	NA	NA	NA	NA	NA	NA	NA	NA	NA	NA	NA	NA	NA
NA	NA	NA	NA	NA	NA	NA	NA	NA	NA	NA	NA	NA	NA	NA	NA
NA	NA	NA	NA	NA	NA	NA	NA	NA	NA	NA	NA	NA	NA	NA	NA
NA	NA	NA	NA	NA	NA	NA	NA	NA	NA	NA	NA	NA	NA	NA	NA
NA	NA	NA	NA	NA	NA	NA	NA	NA	NA	NA	NA	NA	NA	NA	NA
NA	NA	NA	NA	NA	NA	NA	NA	NA	NA	NA	NA	NA	NA	NA	NA
NA	NA	NA	NA	NA	NA	NA	NA	NA	NA	NA	NA	NA	NA	NA	NA
NA	NA	NA	NA	NA	NA	NA	NA	NA	NA	NA	NA	NA	NA	NA	NA
NA	NA	NA	NA	NA	NA	NA	NA	NA	NA	NA	NA	NA	NA	NA	NA
NA	NA	NA	NA	NA	NA	NA	NA	NA	NA	NA	NA	NA	NA	NA	NA
NA	NA	NA	NA	NA	NA	NA	NA	NA	NA	NA	NA	NA	NA	NA	NA
NA	NA	NA	NA	NA	NA	NA	NA	NA	NA	NA	NA	NA	NA	NA	NA
NA	NA	NA	NA	NA	NA	NA	NA	NA	NA	NA	NA	NA	NA	NA	NA
NA	NA	NA	NA	NA	NA	NA	NA	NA	NA	NA	NA	NA	NA	NA	NA
NA	NA	NA	NA	NA	NA	NA	NA	NA	NA	NA	NA	NA	NA	NA	NA
NA	NA	NA	NA	NA	NA	NA	NA	NA	NA	NA	NA	NA	NA	NA	NA
NA	NA	NA	NA	NA	NA	NA	NA	NA	NA	NA	NA	NA	NA	NA	NA
NA	NA	NA	NA	NA	NA	NA	NA	NA	NA	NA	NA	NA	NA	NA	NA
NA	NA	NA	NA	NA	NA	NA	NA	NA	NA	NA	NA	NA	NA	NA	NA
NA	NA	NA	NA	NA	NA	NA	NA	NA	NA	NA	NA	NA	NA	NA	NA
NA	NA	NA	NA	NA	NA	NA	NA	NA	NA	NA	NA	NA	NA	NA	NA
NA	NA	NA	NA	NA	NA	NA	NA	NA	NA	NA	NA	NA	NA	NA	NA
NA	NA	NA	NA	NA	NA	NA	NA	NA	NA	NA	NA	NA	NA	NA	NA
NA	NA	NA	NA	NA	NA	NA	NA	NA	NA	NA	NA	NA	NA	NA	NA
NA	NA	NA	NA	NA	NA	NA	NA	NA	NA	NA	NA	NA	NA	NA	NA
NA	NA	NA	NA	NA	NA	NA	NA	NA	NA	NA	NA	NA	NA	NA	NA
NA	NA	NA	NA	NA	NA	NA	NA	NA	NA	NA	NA	NA	NA	NA	NA
NA	NA	NA	NA	NA	NA	NA	NA	NA	NA	NA	NA	NA	NA	NA	NA
NA	NA	NA	NA	NA	NA	NA	NA	NA	NA	NA	NA	NA	NA	NA	NA
NA	NA	NA	NA	NA	NA	NA	NA	NA	NA	NA	NA	NA	NA	NA	NA
NA	NA	NA	NA	NA	NA	NA	NA	NA	NA	NA	NA	NA	NA	NA	NA
NA	NA	NA	NA	NA	NA	NA	NA	NA	NA	NA	NA	NA	NA	NA	NA
NA	NA	NA	NA	NA	NA	NA	NA	NA	NA	NA	NA	NA	NA	NA	NA
NA	NA	NA	NA	NA	NA	NA	NA	NA	NA	NA	NA	NA	NA	NA	NA
NA	NA	NA	NA	NA	NA	NA	NA	NA	NA	NA	NA	NA	NA	NA	NA
NA	NA	NA	NA	NA	NA	NA	NA	NA	NA	NA	NA	NA	NA	NA	NA
NA	NA	NA	NA	NA	NA	NA	NA	NA	NA	NA	NA	NA	NA	NA	NA
NA	NA	NA	NA	NA	NA	NA	NA	NA	NA	NA	NA	NA	NA	NA	NA
NA	NA	NA	NA	NA	NA	NA	NA	NA	NA	NA	NA	NA	NA	NA	NA
NA	NA	NA	NA	NA	NA	NA	NA	NA	NA	NA	NA	NA	NA	NA	NA
NA	NA	NA	NA	NA	NA	NA	NA	NA	NA	NA	NA	NA	NA	NA	NA
NA	NA	NA	NA	NA	NA	NA	NA	NA	NA	NA	NA	NA	NA	NA	NA
NA	NA	NA	NA	NA	NA	NA	NA	NA	NA	NA	NA	NA	NA	NA	NA
NA	NA	NA	NA	NA	NA	NA	NA	NA	NA	NA	NA	NA	NA	NA	NA
NA	NA	NA	NA	NA	NA	NA	NA	NA	NA	NA	NA	NA	NA	NA	NA
NA	NA	NA	NA	NA	NA	NA	NA	NA	NA	NA	NA	NA	NA	NA	NA
NA	NA	NA	NA	NA	NA	NA	NA	NA	NA	NA	NA	NA	NA	NA	NA
NA	NA	NA	NA	NA	NA	NA	NA	NA	NA	NA	NA	NA	NA	NA	NA
NA	NA	NA	NA	NA	NA	NA	NA	NA	NA	NA	NA	NA	NA	NA	NA
NA	NA	NA	NA	NA	NA	NA	NA	NA	NA	NA	NA	NA	NA	NA	NA
NA	NA	NA	NA	NA	NA	NA	NA	NA	NA	NA	NA	NA	NA	NA	NA
NA	NA	NA	NA	NA	NA	NA	NA	NA	NA	NA	NA	NA	NA	NA	NA
NA	NA	NA	NA	NA	NA	NA	NA	NA	NA	NA	NA	NA	NA	NA	NA
NA	NA	NA	NA	NA	NA	NA	NA	NA	NA	NA	NA	NA	NA	NA	NA
NA	NA	NA	NA	NA	NA	NA	NA	NA	NA	NA	NA	NA	NA	NA	NA
NA	NA	NA	NA	NA	NA	NA	NA	NA	NA	NA	NA	NA	NA	NA	NA
NA	NA	NA	NA	NA	NA	NA	NA	NA	NA	NA	NA	NA	NA	NA	NA
NA	NA	NA	NA	NA	NA	NA	NA	NA	NA	NA	NA	NA	NA	NA	NA
NA	NA	NA	NA	NA	NA	NA	NA	NA	NA	NA	NA	NA	NA	NA	NA
NA	NA	NA	NA	NA	NA	NA	NA	NA	NA	NA	NA	NA	NA	NA	NA
NA	NA	NA	NA	NA	NA	NA	NA	NA	NA	NA	NA	NA	NA	NA	NA
NA	NA	NA	NA	NA	NA	NA	NA	NA	NA	NA	NA	NA	NA	NA	NA
NA	NA	NA	NA	NA	NA	NA	NA	NA	NA	NA	NA	NA	NA	NA	NA
NA	NA	NA	NA	NA	NA	NA	NA	NA	NA	NA	NA	NA	NA	NA	NA
NA	NA	NA	NA	NA	NA	NA	NA	NA	NA	NA	NA	NA	NA	NA	NA
NA	NA	NA	NA	NA	NA	NA	NA	NA	NA	NA	NA	NA	NA	NA	NA
NA	NA	NA	NA	NA	NA	NA	NA	NA	NA	NA	NA	NA	NA	NA	NA
NA	NA	NA	NA	NA	NA	NA	NA	NA	NA	NA	NA	NA	NA	NA	NA
NA	NA	NA	NA	NA	NA	NA	NA	NA	NA	NA	NA	NA	NA	NA	NA
NA	NA	NA	NA	NA	NA	NA	NA	NA	NA	NA	NA	NA	NA	NA	NA
NA	NA	NA	NA	NA	NA	NA	NA	NA	NA	NA	NA	NA	NA	NA	NA
NA	NA	NA	NA	NA	NA	NA	NA	NA	NA	NA	NA	NA	NA	NA	NA
NA	NA	NA	NA	NA	NA	NA	NA	NA	NA	NA	NA	NA	NA	NA	NA
NA	NA	NA	NA	NA	NA	NA	NA	NA	NA	NA	NA	NA	NA	NA	NA
NA	NA	NA	NA	NA	NA	NA	NA	NA	NA	NA	NA	NA	NA	NA	NA
NA	NA	NA	NA	NA	NA	NA	NA	NA	NA	NA	NA	NA	NA	NA	NA
NA	NA	NA	NA	NA	NA	NA	NA	NA	NA	NA	NA	NA	NA	NA	NA
NA	NA	NA	NA	NA	NA	NA	NA	NA	NA	NA	NA	NA	NA	NA	NA
NA	NA	NA	NA	NA	NA	NA	NA	NA	NA	NA	NA	NA	NA	NA	NA
NA	NA	NA	NA	NA	NA	NA	NA	NA	NA	NA	NA	NA	NA	NA	NA
NA	NA	NA	NA	NA	NA	NA	NA	NA	NA	NA	NA	NA	NA	NA	NA
NA	NA	NA	NA	NA	NA	NA	NA	NA	NA	NA	NA	NA	NA	NA	NA
NA	NA	NA	NA	NA	NA	NA	NA	NA	NA	NA	NA	NA	NA	NA	NA
NA	NA	NA	NA	NA	NA	NA	NA	NA	NA	NA	NA	NA	NA	NA	NA
NA	NA	NA	NA	NA	NA	NA	NA	NA	NA	NA	NA	NA	NA	NA	NA
NA	NA	NA	NA	NA	NA	NA	NA	NA	NA	NA	NA	NA	NA	NA	NA
NA	NA	NA	NA	NA	NA	NA	NA	NA	NA	NA	NA	NA	NA	NA	NA
NA	NA	NA	NA	NA	NA	NA	NA	NA	NA	NA	NA	NA	NA	NA	NA
NA	NA	NA	NA	NA	NA	NA	NA	NA	NA	NA	NA	NA	NA	NA	NA
NA	NA	NA	NA	NA	NA	NA	NA	NA	NA	NA	NA	NA	NA	NA	NA
NA	NA	NA	NA	NA	NA	NA	NA	NA	NA	NA	NA	NA	NA	NA	NA
NA	NA	NA	NA	NA	NA	NA	NA	NA	NA	NA	NA	NA	NA	NA	NA
NA	NA	NA	NA	NA	NA	NA	NA	NA	NA	NA	NA	NA	NA	NA	NA
NA	NA	NA	NA	NA	NA	NA	NA	NA	NA	NA	NA	NA	NA	NA	NA
NA	NA	NA	NA	NA	NA	NA	NA	NA	NA	NA	NA	NA	NA	NA	NA
NA	NA	NA	NA	NA	NA	NA	NA	NA	NA	NA	NA	NA	NA	NA	NA
NA	NA	NA	NA	NA	NA	NA	NA	NA	NA	NA	NA	NA	NA	NA	NA
NA	NA	NA	NA	NA	NA	NA	NA	NA	NA	NA	NA	NA	NA	NA	NA
NA	NA	NA	NA	NA	NA	NA	NA	NA	NA	NA	NA	NA	NA	NA	NA
NA	NA	NA	NA	NA	NA	NA	NA	NA	NA	NA	NA	NA	NA	NA	NA
NA	NA	NA	NA	NA	NA	NA	NA	NA	NA	NA	NA	NA	NA	NA	NA
NA	NA	NA	NA	NA	NA	NA	NA	NA	NA	NA	NA	NA	NA	NA	NA
NA	NA	NA	NA	NA	NA	NA	NA	NA	NA	NA	NA	NA	NA	NA	NA
NA	NA	NA	NA	NA	NA	NA	NA	NA	NA	NA	NA	NA	NA	NA	NA
NA	NA	NA	NA	NA	NA	NA	NA	NA	NA	NA	NA	NA	NA	NA	NA
NA	NA	NA	NA	NA	NA	NA	NA	NA	NA	NA	NA	NA	NA	NA	NA
NA	NA	NA	NA	NA	NA	NA	NA	NA	NA	NA	NA	NA	NA	NA	NA
NA	NA	NA	NA	NA	NA	NA	NA	NA	NA	NA	NA	NA	NA	NA	NA
NA	NA	NA	NA	NA	NA	NA	NA	NA	NA	NA	NA	NA	NA	NA	NA
NA	NA	NA	NA	NA	NA	NA	NA	NA	NA	NA	NA	NA	NA	NA	NA
NA	NA	NA	NA	NA	NA	NA	NA	NA	NA	NA	NA	NA	NA	NA	NA
NA	NA	NA	NA	NA	NA	NA	NA	NA	NA	NA	NA	NA	NA	NA	NA
NA	NA	NA	NA	NA	NA	NA	NA	NA	NA	NA	NA	NA	NA	NA	NA
NA	NA	NA	NA	NA	NA	NA	NA	NA	NA	NA	NA	NA	NA	NA	NA
NA	NA	NA	NA	NA	NA	NA	NA	NA	NA	NA	NA	NA	NA	NA	NA
NA	NA	NA	NA	NA	NA	NA	NA	NA	NA	NA	NA	NA	NA	NA	NA
NA	NA	NA	NA	NA	NA	NA	NA	NA	NA	NA	NA	NA	NA	NA	NA
