X1	X2	X3	X4	X1.1	X2.1	X3.1	X4.1	X1.2	X2.2	X3.2	X4.2	X1.3	X2.3	X3.3	X4.3
NA	NA	NA	NA	NA	NA	NA	NA	NA	NA	NA	NA	NA	NA	NA	NA
NA	NA	NA	NA	NA	NA	NA	NA	NA	NA	NA	NA	NA	NA	NA	NA
NA	NA	NA	NA	NA	NA	NA	NA	NA	NA	NA	NA	NA	NA	NA	NA
NA	NA	NA	NA	NA	NA	NA	NA	NA	NA	NA	NA	NA	NA	NA	NA
NA	NA	NA	NA	NA	NA	NA	NA	NA	NA	NA	NA	NA	NA	NA	NA
NA	NA	NA	NA	NA	NA	NA	NA	NA	NA	NA	NA	NA	NA	NA	NA
NA	NA	NA	NA	NA	NA	NA	NA	NA	NA	NA	NA	NA	NA	NA	NA
NA	NA	NA	NA	NA	NA	NA	NA	NA	NA	NA	NA	NA	NA	NA	NA
NA	NA	NA	NA	NA	NA	NA	NA	NA	NA	NA	NA	NA	NA	NA	NA
NA	NA	NA	NA	NA	NA	NA	NA	NA	NA	NA	NA	NA	NA	NA	NA
NA	NA	NA	NA	NA	NA	NA	NA	NA	NA	NA	NA	NA	NA	NA	NA
NA	NA	NA	NA	NA	NA	NA	NA	NA	NA	NA	NA	NA	NA	NA	NA
NA	NA	NA	NA	NA	NA	NA	NA	NA	NA	NA	NA	NA	NA	NA	NA
NA	NA	NA	NA	NA	NA	NA	NA	NA	NA	NA	NA	NA	NA	NA	NA
NA	NA	NA	NA	NA	NA	NA	NA	NA	NA	NA	NA	NA	NA	NA	NA
NA	NA	NA	NA	NA	NA	NA	NA	NA	NA	NA	NA	NA	NA	NA	NA
NA	NA	NA	NA	NA	NA	NA	NA	NA	NA	NA	NA	NA	NA	NA	NA
NA	NA	NA	NA	NA	NA	NA	NA	NA	NA	NA	NA	NA	NA	NA	NA
NA	NA	NA	NA	NA	NA	NA	NA	NA	NA	NA	NA	NA	NA	NA	NA
NA	NA	NA	NA	NA	NA	NA	NA	NA	NA	NA	NA	NA	NA	NA	NA
NA	NA	NA	NA	NA	NA	NA	NA	NA	NA	NA	NA	NA	NA	NA	NA
NA	NA	NA	NA	NA	NA	NA	NA	NA	NA	NA	NA	NA	NA	NA	NA
NA	NA	NA	NA	NA	NA	NA	NA	NA	NA	NA	NA	NA	NA	NA	NA
NA	NA	NA	NA	NA	NA	NA	NA	NA	NA	NA	NA	NA	NA	NA	NA
NA	NA	NA	NA	NA	NA	NA	NA	NA	NA	NA	NA	NA	NA	NA	NA
NA	NA	NA	NA	NA	NA	NA	NA	NA	NA	NA	NA	NA	NA	NA	NA
NA	NA	NA	NA	NA	NA	NA	NA	NA	NA	NA	NA	NA	NA	NA	NA
NA	NA	NA	NA	NA	NA	NA	NA	NA	NA	NA	NA	NA	NA	NA	NA
NA	NA	NA	NA	NA	NA	NA	NA	NA	NA	NA	NA	NA	NA	NA	NA
NA	NA	NA	NA	NA	NA	NA	NA	NA	NA	NA	NA	NA	NA	NA	NA
NA	NA	NA	NA	NA	NA	NA	NA	NA	NA	NA	NA	NA	NA	NA	NA
NA	NA	NA	NA	NA	NA	NA	NA	NA	NA	NA	NA	NA	NA	NA	NA
NA	NA	NA	NA	NA	NA	NA	NA	NA	NA	NA	NA	NA	NA	NA	NA
NA	NA	NA	NA	NA	NA	NA	NA	NA	NA	NA	NA	NA	NA	NA	NA
NA	NA	NA	NA	NA	NA	NA	NA	NA	NA	NA	NA	NA	NA	NA	NA
NA	NA	NA	NA	NA	NA	NA	NA	NA	NA	NA	NA	NA	NA	NA	NA
NA	NA	NA	NA	NA	NA	NA	NA	NA	NA	NA	NA	NA	NA	NA	NA
NA	NA	NA	NA	NA	NA	NA	NA	NA	NA	NA	NA	NA	NA	NA	NA
NA	NA	NA	NA	NA	NA	NA	NA	NA	NA	NA	NA	NA	NA	NA	NA
NA	NA	NA	NA	NA	NA	NA	NA	NA	NA	NA	NA	NA	NA	NA	NA
NA	NA	NA	NA	NA	NA	NA	NA	NA	NA	NA	NA	NA	NA	NA	NA
NA	NA	NA	NA	NA	NA	NA	NA	NA	NA	NA	NA	NA	NA	NA	NA
NA	NA	NA	NA	NA	NA	NA	NA	NA	NA	NA	NA	NA	NA	NA	NA
NA	NA	NA	NA	NA	NA	NA	NA	NA	NA	NA	NA	NA	NA	NA	NA
NA	NA	NA	NA	NA	NA	NA	NA	NA	NA	NA	NA	NA	NA	NA	NA
NA	NA	NA	NA	NA	NA	NA	NA	NA	NA	NA	NA	NA	NA	NA	NA
NA	NA	NA	NA	NA	NA	NA	NA	NA	NA	NA	NA	NA	NA	NA	NA
NA	NA	NA	NA	NA	NA	NA	NA	NA	NA	NA	NA	NA	NA	NA	NA
NA	NA	NA	NA	NA	NA	NA	NA	NA	NA	NA	NA	NA	NA	NA	NA
NA	NA	NA	NA	NA	NA	NA	NA	NA	NA	NA	NA	NA	NA	NA	NA
NA	NA	NA	NA	NA	NA	NA	NA	NA	NA	NA	NA	NA	NA	NA	NA
NA	NA	NA	NA	NA	NA	NA	NA	NA	NA	NA	NA	NA	NA	NA	NA
NA	NA	NA	NA	NA	NA	NA	NA	NA	NA	NA	NA	NA	NA	NA	NA
NA	NA	NA	NA	NA	NA	NA	NA	NA	NA	NA	NA	NA	NA	NA	NA
NA	NA	NA	NA	NA	NA	NA	NA	NA	NA	NA	NA	NA	NA	NA	NA
NA	NA	NA	NA	NA	NA	NA	NA	NA	NA	NA	NA	NA	NA	NA	NA
NA	NA	NA	NA	NA	NA	NA	NA	NA	NA	NA	NA	NA	NA	NA	NA
NA	NA	NA	NA	NA	NA	NA	NA	NA	NA	NA	NA	NA	NA	NA	NA
NA	NA	NA	NA	NA	NA	NA	NA	NA	NA	NA	NA	NA	NA	NA	NA
NA	NA	NA	NA	NA	NA	NA	NA	NA	NA	NA	NA	NA	NA	NA	NA
NA	NA	NA	NA	NA	NA	NA	NA	NA	NA	NA	NA	NA	NA	NA	NA
NA	NA	NA	NA	NA	NA	NA	NA	NA	NA	NA	NA	NA	NA	NA	NA
NA	NA	NA	NA	NA	NA	NA	NA	NA	NA	NA	NA	NA	NA	NA	NA
NA	NA	NA	NA	NA	NA	NA	NA	NA	NA	NA	NA	NA	NA	NA	NA
NA	NA	NA	NA	NA	NA	NA	NA	NA	NA	NA	NA	NA	NA	NA	NA
NA	NA	NA	NA	NA	NA	NA	NA	NA	NA	NA	NA	NA	NA	NA	NA
NA	NA	NA	NA	NA	NA	NA	NA	NA	NA	NA	NA	NA	NA	NA	NA
NA	NA	NA	NA	NA	NA	NA	NA	NA	NA	NA	NA	NA	NA	NA	NA
NA	NA	NA	NA	NA	NA	NA	NA	NA	NA	NA	NA	NA	NA	NA	NA
NA	NA	NA	NA	NA	NA	NA	NA	NA	NA	NA	NA	NA	NA	NA	NA
NA	NA	NA	NA	NA	NA	NA	NA	NA	NA	NA	NA	NA	NA	NA	NA
NA	NA	NA	NA	NA	NA	NA	NA	NA	NA	NA	NA	NA	NA	NA	NA
NA	NA	NA	NA	NA	NA	NA	NA	NA	NA	NA	NA	NA	NA	NA	NA
NA	NA	NA	NA	NA	NA	NA	NA	NA	NA	NA	NA	NA	NA	NA	NA
NA	NA	NA	NA	NA	NA	NA	NA	NA	NA	NA	NA	NA	NA	NA	NA
NA	NA	NA	NA	NA	NA	NA	NA	NA	NA	NA	NA	NA	NA	NA	NA
NA	NA	NA	NA	NA	NA	NA	NA	NA	NA	NA	NA	NA	NA	NA	NA
NA	NA	NA	NA	NA	NA	NA	NA	NA	NA	NA	NA	NA	NA	NA	NA
NA	NA	NA	NA	NA	NA	NA	NA	NA	NA	NA	NA	NA	NA	NA	NA
NA	NA	NA	NA	NA	NA	NA	NA	NA	NA	NA	NA	NA	NA	NA	NA
NA	NA	NA	NA	NA	NA	NA	NA	NA	NA	NA	NA	NA	NA	NA	NA
NA	NA	NA	NA	NA	NA	NA	NA	NA	NA	NA	NA	NA	NA	NA	NA
NA	NA	NA	NA	NA	NA	NA	NA	NA	NA	NA	NA	NA	NA	NA	NA
NA	NA	NA	NA	NA	NA	NA	NA	NA	NA	NA	NA	NA	NA	NA	NA
NA	NA	NA	NA	NA	NA	NA	NA	NA	NA	NA	NA	NA	NA	NA	NA
NA	NA	NA	NA	NA	NA	NA	NA	NA	NA	NA	NA	NA	NA	NA	NA
NA	NA	NA	NA	NA	NA	NA	NA	NA	NA	NA	NA	NA	NA	NA	NA
NA	NA	NA	NA	NA	NA	NA	NA	NA	NA	NA	NA	NA	NA	NA	NA
NA	NA	NA	NA	NA	NA	NA	NA	NA	NA	NA	NA	NA	NA	NA	NA
NA	NA	NA	NA	NA	NA	NA	NA	NA	NA	NA	NA	NA	NA	NA	NA
NA	NA	NA	NA	NA	NA	NA	NA	NA	NA	NA	NA	NA	NA	NA	NA
NA	NA	NA	NA	NA	NA	NA	NA	NA	NA	NA	NA	NA	NA	NA	NA
NA	NA	NA	NA	NA	NA	NA	NA	NA	NA	NA	NA	NA	NA	NA	NA
NA	NA	NA	NA	NA	NA	NA	NA	NA	NA	NA	NA	NA	NA	NA	NA
NA	NA	NA	NA	NA	NA	NA	NA	NA	NA	NA	NA	NA	NA	NA	NA
NA	NA	NA	NA	NA	NA	NA	NA	NA	NA	NA	NA	NA	NA	NA	NA
NA	NA	NA	NA	NA	NA	NA	NA	NA	NA	NA	NA	NA	NA	NA	NA
NA	NA	NA	NA	NA	NA	NA	NA	NA	NA	NA	NA	NA	NA	NA	NA
NA	NA	NA	NA	NA	NA	NA	NA	NA	NA	NA	NA	NA	NA	NA	NA
NA	NA	NA	NA	NA	NA	NA	NA	NA	NA	NA	NA	NA	NA	NA	NA
NA	NA	NA	NA	NA	NA	NA	NA	NA	NA	NA	NA	NA	NA	NA	NA
NA	NA	NA	NA	NA	NA	NA	NA	NA	NA	NA	NA	NA	NA	NA	NA
NA	NA	NA	NA	NA	NA	NA	NA	NA	NA	NA	NA	NA	NA	NA	NA
NA	NA	NA	NA	NA	NA	NA	NA	NA	NA	NA	NA	NA	NA	NA	NA
NA	NA	NA	NA	NA	NA	NA	NA	NA	NA	NA	NA	NA	NA	NA	NA
NA	NA	NA	NA	NA	NA	NA	NA	NA	NA	NA	NA	NA	NA	NA	NA
NA	NA	NA	NA	NA	NA	NA	NA	NA	NA	NA	NA	NA	NA	NA	NA
NA	NA	NA	NA	NA	NA	NA	NA	NA	NA	NA	NA	NA	NA	NA	NA
NA	NA	NA	NA	NA	NA	NA	NA	NA	NA	NA	NA	NA	NA	NA	NA
NA	NA	NA	NA	NA	NA	NA	NA	NA	NA	NA	NA	NA	NA	NA	NA
NA	NA	NA	NA	NA	NA	NA	NA	NA	NA	NA	NA	NA	NA	NA	NA
NA	NA	NA	NA	NA	NA	NA	NA	NA	NA	NA	NA	NA	NA	NA	NA
NA	NA	NA	NA	NA	NA	NA	NA	NA	NA	NA	NA	NA	NA	NA	NA
NA	NA	NA	NA	NA	NA	NA	NA	NA	NA	NA	NA	NA	NA	NA	NA
NA	NA	NA	NA	NA	NA	NA	NA	NA	NA	NA	NA	NA	NA	NA	NA
NA	NA	NA	NA	NA	NA	NA	NA	NA	NA	NA	NA	NA	NA	NA	NA
NA	NA	NA	NA	NA	NA	NA	NA	NA	NA	NA	NA	NA	NA	NA	NA
NA	NA	NA	NA	NA	NA	NA	NA	NA	NA	NA	NA	NA	NA	NA	NA
NA	NA	NA	NA	NA	NA	NA	NA	NA	NA	NA	NA	NA	NA	NA	NA
NA	NA	NA	NA	NA	NA	NA	NA	NA	NA	NA	NA	NA	NA	NA	NA
NA	NA	NA	NA	NA	NA	NA	NA	NA	NA	NA	NA	NA	NA	NA	NA
NA	NA	NA	NA	NA	NA	NA	NA	NA	NA	NA	NA	NA	NA	NA	NA
NA	NA	NA	NA	NA	NA	NA	NA	NA	NA	NA	NA	NA	NA	NA	NA
NA	NA	NA	NA	NA	NA	NA	NA	NA	NA	NA	NA	NA	NA	NA	NA
NA	NA	NA	NA	NA	NA	NA	NA	NA	NA	NA	NA	NA	NA	NA	NA
NA	NA	NA	NA	NA	NA	NA	NA	NA	NA	NA	NA	NA	NA	NA	NA
NA	NA	NA	NA	NA	NA	NA	NA	NA	NA	NA	NA	NA	NA	NA	NA
NA	NA	NA	NA	NA	NA	NA	NA	NA	NA	NA	NA	NA	NA	NA	NA
NA	NA	NA	NA	NA	NA	NA	NA	NA	NA	NA	NA	NA	NA	NA	NA
NA	NA	NA	NA	NA	NA	NA	NA	NA	NA	NA	NA	NA	NA	NA	NA
NA	NA	NA	NA	NA	NA	NA	NA	NA	NA	NA	NA	NA	NA	NA	NA
NA	NA	NA	NA	NA	NA	NA	NA	NA	NA	NA	NA	NA	NA	NA	NA
NA	NA	NA	NA	NA	NA	NA	NA	NA	NA	NA	NA	NA	NA	NA	NA
NA	NA	NA	NA	NA	NA	NA	NA	NA	NA	NA	NA	NA	NA	NA	NA
NA	NA	NA	NA	NA	NA	NA	NA	NA	NA	NA	NA	NA	NA	NA	NA
NA	NA	NA	NA	NA	NA	NA	NA	NA	NA	NA	NA	NA	NA	NA	NA
NA	NA	NA	NA	NA	NA	NA	NA	NA	NA	NA	NA	NA	NA	NA	NA
NA	NA	NA	NA	NA	NA	NA	NA	NA	NA	NA	NA	NA	NA	NA	NA
NA	NA	NA	NA	NA	NA	NA	NA	NA	NA	NA	NA	NA	NA	NA	NA
NA	NA	NA	NA	NA	NA	NA	NA	NA	NA	NA	NA	NA	NA	NA	NA
NA	NA	NA	NA	NA	NA	NA	NA	NA	NA	NA	NA	NA	NA	NA	NA
NA	NA	NA	NA	NA	NA	NA	NA	NA	NA	NA	NA	NA	NA	NA	NA
NA	NA	NA	NA	NA	NA	NA	NA	NA	NA	NA	NA	NA	NA	NA	NA
NA	NA	NA	NA	NA	NA	NA	NA	NA	NA	NA	NA	NA	NA	NA	NA
NA	NA	NA	NA	NA	NA	NA	NA	NA	NA	NA	NA	NA	NA	NA	NA
NA	NA	NA	NA	NA	NA	NA	NA	NA	NA	NA	NA	NA	NA	NA	NA
NA	NA	NA	NA	NA	NA	NA	NA	NA	NA	NA	NA	NA	NA	NA	NA
NA	NA	NA	NA	NA	NA	NA	NA	NA	NA	NA	NA	NA	NA	NA	NA
NA	NA	NA	NA	NA	NA	NA	NA	NA	NA	NA	NA	NA	NA	NA	NA
NA	NA	NA	NA	NA	NA	NA	NA	NA	NA	NA	NA	NA	NA	NA	NA
NA	NA	NA	NA	NA	NA	NA	NA	NA	NA	NA	NA	NA	NA	NA	NA
NA	NA	NA	NA	NA	NA	NA	NA	NA	NA	NA	NA	NA	NA	NA	NA
NA	NA	NA	NA	NA	NA	NA	NA	NA	NA	NA	NA	NA	NA	NA	NA
NA	NA	NA	NA	NA	NA	NA	NA	NA	NA	NA	NA	NA	NA	NA	NA
NA	NA	NA	NA	NA	NA	NA	NA	NA	NA	NA	NA	NA	NA	NA	NA
NA	NA	NA	NA	NA	NA	NA	NA	NA	NA	NA	NA	NA	NA	NA	NA
NA	NA	NA	NA	NA	NA	NA	NA	NA	NA	NA	NA	NA	NA	NA	NA
NA	NA	NA	NA	NA	NA	NA	NA	NA	NA	NA	NA	NA	NA	NA	NA
NA	NA	NA	NA	NA	NA	NA	NA	NA	NA	NA	NA	NA	NA	NA	NA
NA	NA	NA	NA	NA	NA	NA	NA	NA	NA	NA	NA	NA	NA	NA	NA
NA	NA	NA	NA	NA	NA	NA	NA	NA	NA	NA	NA	NA	NA	NA	NA
NA	NA	NA	NA	NA	NA	NA	NA	NA	NA	NA	NA	NA	NA	NA	NA
NA	NA	NA	NA	NA	NA	NA	NA	NA	NA	NA	NA	NA	NA	NA	NA
NA	NA	NA	NA	NA	NA	NA	NA	NA	NA	NA	NA	NA	NA	NA	NA
NA	NA	NA	NA	NA	NA	NA	NA	NA	NA	NA	NA	NA	NA	NA	NA
NA	NA	NA	NA	NA	NA	NA	NA	NA	NA	NA	NA	NA	NA	NA	NA
NA	NA	NA	NA	NA	NA	NA	NA	NA	NA	NA	NA	NA	NA	NA	NA
NA	NA	NA	NA	NA	NA	NA	NA	NA	NA	NA	NA	NA	NA	NA	NA
NA	NA	NA	NA	NA	NA	NA	NA	NA	NA	NA	NA	NA	NA	NA	NA
NA	NA	NA	NA	NA	NA	NA	NA	NA	NA	NA	NA	NA	NA	NA	NA
NA	NA	NA	NA	NA	NA	NA	NA	NA	NA	NA	NA	NA	NA	NA	NA
NA	NA	NA	NA	NA	NA	NA	NA	NA	NA	NA	NA	NA	NA	NA	NA
NA	NA	NA	NA	NA	NA	NA	NA	NA	NA	NA	NA	NA	NA	NA	NA
NA	NA	NA	NA	NA	NA	NA	NA	NA	NA	NA	NA	NA	NA	NA	NA
NA	NA	NA	NA	NA	NA	NA	NA	NA	NA	NA	NA	NA	NA	NA	NA
NA	NA	NA	NA	NA	NA	NA	NA	NA	NA	NA	NA	NA	NA	NA	NA
NA	NA	NA	NA	NA	NA	NA	NA	NA	NA	NA	NA	NA	NA	NA	NA
NA	NA	NA	NA	NA	NA	NA	NA	NA	NA	NA	NA	NA	NA	NA	NA
NA	NA	NA	NA	NA	NA	NA	NA	NA	NA	NA	NA	NA	NA	NA	NA
NA	NA	NA	NA	NA	NA	NA	NA	NA	NA	NA	NA	NA	NA	NA	NA
NA	NA	NA	NA	NA	NA	NA	NA	NA	NA	NA	NA	NA	NA	NA	NA
NA	NA	NA	NA	NA	NA	NA	NA	NA	NA	NA	NA	NA	NA	NA	NA
NA	NA	NA	NA	NA	NA	NA	NA	NA	NA	NA	NA	NA	NA	NA	NA
NA	NA	NA	NA	NA	NA	NA	NA	NA	NA	NA	NA	NA	NA	NA	NA
NA	NA	NA	NA	NA	NA	NA	NA	NA	NA	NA	NA	NA	NA	NA	NA
NA	NA	NA	NA	NA	NA	NA	NA	NA	NA	NA	NA	NA	NA	NA	NA
NA	NA	NA	NA	NA	NA	NA	NA	NA	NA	NA	NA	NA	NA	NA	NA
NA	NA	NA	NA	NA	NA	NA	NA	NA	NA	NA	NA	NA	NA	NA	NA
NA	NA	NA	NA	NA	NA	NA	NA	NA	NA	NA	NA	NA	NA	NA	NA
NA	NA	NA	NA	NA	NA	NA	NA	NA	NA	NA	NA	NA	NA	NA	NA
NA	NA	NA	NA	NA	NA	NA	NA	NA	NA	NA	NA	NA	NA	NA	NA
NA	NA	NA	NA	NA	NA	NA	NA	NA	NA	NA	NA	NA	NA	NA	NA
NA	NA	NA	NA	NA	NA	NA	NA	NA	NA	NA	NA	NA	NA	NA	NA
NA	NA	NA	NA	NA	NA	NA	NA	NA	NA	NA	NA	NA	NA	NA	NA
NA	NA	NA	NA	NA	NA	NA	NA	NA	NA	NA	NA	NA	NA	NA	NA
NA	NA	NA	NA	NA	NA	NA	NA	NA	NA	NA	NA	NA	NA	NA	NA
NA	NA	NA	NA	NA	NA	NA	NA	NA	NA	NA	NA	NA	NA	NA	NA
NA	NA	NA	NA	NA	NA	NA	NA	NA	NA	NA	NA	NA	NA	NA	NA
NA	NA	NA	NA	NA	NA	NA	NA	NA	NA	NA	NA	NA	NA	NA	NA
NA	NA	NA	NA	NA	NA	NA	NA	NA	NA	NA	NA	NA	NA	NA	NA
2.01632605107495	0.163343403594671	1.6961729800294	2.33647912212051	2.03375956900348	0.137493423537875	1.76427245886925	2.30324667913772	2.03375956900348	0.163343403594671	1.72432595974803	2.36186532240473	2.02977035970464	0.156090281099163	1.72366197630913	2.33587874310015
1.60152286735389	0.224394315457195	1.16171000905778	2.04133572564999	1.6669568258229	0.205396052163225	1.26438056358298	2.06953308806283	1.6669568258229	0.224394315457195	1.21801276698143	2.08698033065911	1.66729586030552	0.20362783711974	1.26794968506554	2.06664203554551
2.04947130409207	0.188610741147445	1.67979425144308	2.41914835674106	2.06921115175403	0.159398942470937	1.756789224511	2.38163307899707	2.06921115175403	0.188610741147445	1.70233165114478	2.45019460232007	2.06744460745823	0.180773086392877	1.71294728922874	2.42194192568772
2.13392874866189	0.193471678466395	1.75472425886776	2.51313323845603	2.0888332592602	0.175896099260614	1.7440769047094	2.43358961381101	2.0888332592602	0.193471678466395	1.67363206077689	2.45613620949677	2.09088166663566	0.168618820713094	1.76021690475474	2.42154642851658
1.97822449383701	0.210756671585007	1.56514141753039	2.39130757014362	1.91031513835057	0.196843799460822	1.52450129140736	2.29612898529378	1.91031513835057	0.210756671585007	1.49797779578832	2.31057679001327	1.91140679295806	0.195326635107827	1.52834572562871	2.29446786028741
1.82292052324882	0.215754368643003	1.40004196070854	2.24579908578911	1.8254183607672	0.177129886812523	1.47824378261466	2.17259293891975	1.8254183607672	0.215754368643003	1.40126104436302	2.26627474467239	1.82833899636476	0.205626121767648	1.42502054457604	2.23165744815348
1.98917865891575	0.199506825553494	1.5981452808309	2.38021203700059	1.87253129310129	0.191492782948764	1.49720543852171	2.24785714768086	1.87253129310129	0.199506825553494	1.47385794796555	2.28040506838968	1.86543536445424	0.184582498288037	1.50345479606385	2.22741593284463
2.18485494257872	0.177137554908192	1.83766533495867	2.53204455019878	2.20005855678957	0.167205283133159	1.87233620184858	2.52778091173056	2.20005855678957	0.177137554908192	1.85938165177255	2.52742630617387	2.20030841666629	0.169362357799945	1.86821747126653	2.53239936206604
1.89091658494926	0.217081867352165	1.46543612493902	2.31639704495951	1.78572298506629	0.180582779588141	1.43178073707353	2.13966523305904	1.78572298506629	0.217081867352165	1.29680410341336	2.17100501466255	1.79012898756533	0.204397763477089	1.38923158087292	2.19102639425773
2.1536498954608	0.228828883911478	1.7051452829943	2.6021545079273	2.08362580904981	0.192567587313503	1.70619333791534	2.46105828018428	2.08362580904981	0.228828883911478	1.59012264426355	2.47312569532341	2.08247914639097	0.213528201097628	1.66369297474607	2.50126531803586
1.99849504604492	0.290345410269662	1.42941804191638	2.56757205017346	2.06726180915192	0.248155878088655	1.58087628809816	2.55364733020568	2.06726180915192	0.290345410269662	1.46294684663474	2.60225381356637	2.06992350507523	0.27734327034184	1.52589495210083	2.61395205804963
2.33621827387033	0.178294810624499	1.98676044504631	2.68567610269434	2.20858489430425	0.167957483293831	1.87938822704834	2.53778156156016	2.20858489430425	0.178294810624499	1.86807283565535	2.56780447517337	2.21358503763755	0.167475304016253	1.88517932932859	2.54199074594651
1.97600524873942	0.159837090934966	1.66272455050688	2.28928594697195	1.94537572760917	0.143842789324245	1.66344386053365	2.22730759468469	1.94537572760917	0.159837090934966	1.62218406578306	2.2532146107681	1.93974586851981	0.146001915642727	1.6534678014632	2.22602393557642
1.84308891358718	0.19589854855195	1.45912775842536	2.227050068749	1.75544333621419	0.174988402051841	1.41246606819259	2.0984206042358	1.75544333621419	0.19589854855195	1.3855104976076	2.15214189178735	1.75638211031409	0.18127137276985	1.40089776030486	2.11186646032332
2.17907512285623	0.230261041935184	1.72776348066327	2.63038676504919	2.10012948981245	0.197647976387293	1.71273945609336	2.48751952353155	2.10012948981245	0.230261041935184	1.69248815926028	2.6012258829968	2.09721519427957	0.217954730959276	1.66972010444767	2.52471028411148
1.9346400195075	0.17826712291703	1.58523645859012	2.28404358042488	2.01989284356901	0.159933560217637	1.70642306554244	2.33336262159558	2.01989284356901	0.17826712291703	1.67322220246206	2.36061464801468	2.01612958980585	0.168331417304465	1.68605558825569	2.346203591356
2.17448614071138	0.16184196476599	1.85727588977004	2.49169639165272	2.16441166381014	0.143167139960217	1.88380406948811	2.44501925813216	2.16441166381014	0.16184196476599	1.85876564754659	2.47062318147509	2.16837354872271	0.149713542813705	1.87480468692992	2.4619424105155
2.04956849191103	0.209758883280772	1.63844108068071	2.46069590314134	2.07158166281782	0.191577733473951	1.69608930520887	2.44707402042676	2.07158166281782	0.209758883280772	1.69953186300431	2.46977466711747	2.07065178220746	0.203220898031177	1.67206774479305	2.46923581962187
2.10626952963027	0.220702804442861	1.67369203292226	2.53884702633828	2.04656922093056	0.193572455748996	1.66716720766252	2.42597123419859	2.04656922093056	0.220702804442861	1.59542751128688	2.43664189195357	2.04828477093543	0.205401270785454	1.64542294445392	2.45114659741695
1.88265383381404	0.235263037863349	1.42153827960188	2.34376938802621	1.83328433451702	0.213042727978061	1.41572058768002	2.25084808135402	1.83328433451702	0.235263037863349	1.36621792268371	2.25470352493746	1.83127715353142	0.223004357589161	1.39387066805655	2.26868363900629
2.16195049808529	0.203224694888623	1.76363009610359	2.56027090006699	2.1305316785855	0.177656329707142	1.78232527235951	2.4787380848115	2.1305316785855	0.203224694888623	1.7102321905592	2.48803704249705	2.13234052635785	0.184372905527082	1.77073852021507	2.49394253250062
2.04765537889641	0.169097552712624	1.71622417557966	2.37908658221315	2.0185610678768	0.155272177528611	1.71422759992073	2.32289453583288	2.0185610678768	0.169097552712624	1.69760090072536	2.34659404215724	2.01649126281718	0.157389782725407	1.70786755972162	2.32511496591274
2.08588592205188	0.177959001030155	1.73708628003278	2.43468556407099	2.10265482173186	0.155709954252064	1.79746331139782	2.40784633206591	2.10265482173186	0.177959001030155	1.71377641982705	2.41746376705204	2.10060817680888	0.169087323570551	1.76901762195721	2.43219873166055
2.14981479246766	0.243898998292742	1.67177275581388	2.62785682912143	2.01061898321932	0.190008131739795	1.63820304500933	2.38303492142932	2.01061898321932	0.243898998292742	1.47129454494844	2.38758312278004	2.01061761152649	0.231297736185934	1.55691726696194	2.46431795609105
1.91934457128592	0.182732215165108	1.56118942956231	2.27749971300953	1.82912560522507	0.170562673180507	1.49482276579128	2.16342844465886	1.82912560522507	0.182732215165108	1.47640923665169	2.1839565167032	1.83020114109445	0.171176259694058	1.49454162072175	2.16586066146716
2.08438207731307	0.18985546501723	1.7122653658793	2.45649878874684	2.11720454768124	0.168734539442794	1.78648485037337	2.44792424498912	2.11720454768124	0.18985546501723	1.74058468132822	2.46791688413778	2.11706873612904	0.181378592377227	1.76136358782582	2.47277388443227
1.85709400941895	0.216341540840317	1.43306458937193	2.28112342946597	1.93160316316158	0.194426082688332	1.55052804109245	2.31267828523071	1.93160316316158	0.216341540840317	1.54267628303196	2.39213911893186	1.9285595836894	0.195099322416713	1.54593851873508	2.31118064864372
1.85787042306858	0.225988275920152	1.41493340226508	2.30080744387208	1.90985497663961	0.172690772829708	1.57138106189338	2.24832889138584	1.90985497663961	0.225988275920152	1.48411357321119	2.35660336048724	1.90756437166653	0.220293608712408	1.47545720680982	2.33967153652324
2.06291079296363	0.200624749503025	1.6696862839377	2.45613530198956	1.91710035750979	0.177419618604408	1.56935790504515	2.26484280997443	1.91710035750979	0.200624749503025	1.50672164804963	2.27871983035919	1.92036164956083	0.194220678909452	1.53945036264712	2.30127293647454
2.12274557001488	0.217514859418003	1.69641644555559	2.54907469447416	2.10504776954093	0.189771403178878	1.73309581931033	2.47699971977153	2.10504776954093	0.217514859418003	1.65818067259836	2.50791371325826	2.10726002443708	0.202227908063062	1.71061931222503	2.50390073664913
2.0401854950722	0.206168205333587	1.63609581261837	2.44427517752603	1.93722741841595	0.178773082117117	1.5868321774664	2.2876226593655	1.93722741841595	0.206168205333587	1.51270836600216	2.30048064562423	1.93380128076753	0.201035370020031	1.53952644571504	2.32807611582003
2.13412288703056	0.22354775442568	1.69596928835623	2.57227648570489	2.11575523315283	0.197289582509134	1.72906765143493	2.50244281487073	2.11575523315283	0.22354775442568	1.66998669953535	2.54559432058388	2.11765593515789	0.19973772239043	1.72591693933668	2.50939493097911
1.76332310767269	0.23647198076071	1.29983802538169	2.22680818996368	1.74517485193879	0.210591822664991	1.33241487951541	2.15793482436218	1.74517485193879	0.23647198076071	1.25350271014376	2.19137089113553	1.73896427090397	0.222240581434764	1.30306352731214	2.1748650144958
1.86261896292369	0.198823419471589	1.47292506075938	2.252312865088	1.91491129436975	0.174596588408135	1.5727019810898	2.25712060764969	1.91491129436975	0.198823419471589	1.557057721038	2.33222126006724	1.90918388668916	0.191106377672621	1.53438938880695	2.28397838457137
2.27682995387723	0.205287693289747	1.87446607502932	2.67919383272513	2.38176397129934	0.193688148214045	2.00213520079982	2.76139274179887	2.38176397129934	0.205287693289747	1.97038510520187	2.80619711071397	2.3846561295079	0.189248484466775	2.01354537096463	2.75576688805117
2.17083117421022	0.188721050455561	1.80093791531732	2.54072443310312	2.10497136005072	0.177573233981322	1.75692782144733	2.45301489865411	2.10497136005072	0.188721050455561	1.72821818255432	2.47121268630983	2.10252216536584	0.172774283065333	1.76369428113006	2.44135004960162
2.04136138340774	0.243091168822785	1.56490269251509	2.5178200743004	1.93019182995866	0.202265473075697	1.53375150273029	2.32663215718702	1.93019182995866	0.243091168822785	1.46363556544076	2.40032187694797	1.92853087250272	0.23375669231078	1.47001370384864	2.3870480411568
2.24520436491549	0.175067517144059	1.90207203131313	2.58833669851785	2.26785450867841	0.149140451713295	1.97553922332035	2.56016979403647	2.26785450867841	0.175067517144059	1.93035133145154	2.64570867170388	2.2767494135482	0.169284410284439	1.94477084222977	2.60872798486663
2.04446365490745	0.172265631496088	1.70682301717512	2.38210429263978	2.16075931037665	0.158007436239418	1.85106473534739	2.47045388540591	2.16075931037665	0.172265631496088	1.82660143630013	2.50211251507372	2.15530336723486	0.158226034330601	1.84504854554068	2.46555818892903
2.04669140028067	0.217231548188877	1.62091756583047	2.47246523473087	1.91558429418661	0.198064205757236	1.52737845090243	2.30379013747079	1.91558429418661	0.217231548188877	1.49905880339464	2.36072910726301	1.91896752537207	0.196773262901482	1.53308234459907	2.30485270614508
2.23654618084412	0.238862743337465	1.76837520390269	2.70471715778555	2.11905698361575	0.22174336269331	1.68443999273687	2.55367397449464	2.11905698361575	0.238862743337465	1.66219441452017	2.56864133913834	2.12032350705554	0.220293668892968	1.68827141760572	2.55237559650536
1.96670877844693	0.197932155921976	1.57876175283985	2.354655804054	1.92281638781773	0.1784006135144	1.57315118532951	2.27248159030596	1.92281638781773	0.197932155921976	1.572975962466	2.31670297892047	1.91842262967443	0.187521453919231	1.55064841661499	2.28619684273387
2.0432926487709	0.201167623673848	1.64900410637016	2.43758119117164	2.01960169509248	0.197092788234884	1.63329983015211	2.40590356003285	2.01960169509248	0.201167623673848	1.61663015439722	2.40253538969426	2.01870247273638	0.181440449390129	1.66287290337433	2.37453204209843
1.78238775736962	0.217576967572273	1.35593690092796	2.20883861381127	1.83448922995095	0.184929714491154	1.47202698954828	2.19695147035361	1.83448922995095	0.217576967572273	1.40570630688433	2.2355522159886	1.83095402264408	0.213083263956334	1.41304701151054	2.24886103377762
1.90151138082135	0.189396615520863	1.53029401440046	2.27272874724224	1.98854078575629	0.171580478702669	1.65224304749906	2.32483852401352	1.98854078575629	0.189396615520863	1.60495941612423	2.33306024491867	1.98947976518954	0.180271773444726	1.63596574591012	2.34299378446896
2.17895809132345	0.223279902471619	1.74132948247907	2.61658670016782	2.00955559681901	0.201352506287115	1.61490468449626	2.40420650914176	2.00955559681901	0.223279902471619	1.54870033197871	2.42815413129133	2.00930667525289	0.208210195095809	1.60093889980553	2.41767445070026
2.09781753632357	0.193013881498473	1.71951032858656	2.47612474406057	2.11134185189343	0.156863724850194	1.80388895118705	2.41879475259981	2.11134185189343	0.193013881498473	1.74761161871573	2.48477464699387	2.11688746639273	0.18406796223507	1.75588178260811	2.47789315017734
2.02550320064933	0.167706813809792	1.69679784558214	2.35420855571652	2.02774035018286	0.155037775925657	1.72386630936857	2.33161439099714	2.02774035018286	0.167706813809792	1.70271608451226	2.35063108581485	2.02260977206564	0.153243159076668	1.72212676419843	2.32309277993285
1.76717208263938	0.195095564922793	1.3847847753907	2.14955938988805	1.76320405736796	0.183337070444548	1.40386339929664	2.12254471543927	1.76320405736796	0.195095564922793	1.38642487852337	2.13685868920992	1.76691592705998	0.176468110541462	1.4208787920074	2.11295306211257
1.90356260737252	0.177283970028944	1.55608602611579	2.25103918862925	1.97785128793639	0.153331040552534	1.67732244845342	2.27838012741935	1.97785128793639	0.177283970028944	1.63170256058993	2.32073781341031	1.97330732559971	0.170098603173486	1.63973012575086	2.30688452544857
1.6966589523788	0.213753974263158	1.27770116282301	2.11561674193459	1.77132908002837	0.185586556455517	1.40757942937556	2.13507873068118	1.77132908002837	0.213753974263158	1.36895015814116	2.19105482276678	1.77316271792949	0.204026628187862	1.37302710636159	2.17329832949739
2.18068534513584	0.190058588283545	1.80817051210009	2.55320017817159	2.2085231305072	0.168736689005517	1.87779922005639	2.53924704095801	2.2085231305072	0.190058588283545	1.82890245754372	2.60715950087396	2.20386338317463	0.173619894146207	1.86340282463751	2.54432394171176
1.81185187366782	0.171597797050577	1.47552019144869	2.14818355588695	1.84223199734095	0.168480793832475	1.5120096414293	2.1724543532526	1.84223199734095	0.171597797050577	1.51014391823069	2.20035065722634	1.84290013731966	0.154133908025314	1.5406678140901	2.14513246054923
2.17937198095119	0.219357627528036	1.74943103099624	2.60931293090614	2.24217176612639	0.190980685688823	1.86784962217629	2.61649391007648	2.24217176612639	0.219357627528036	1.84628022249955	2.69123212517653	2.24711283175456	0.207075052967006	1.84096305203895	2.65326261147017
2.04439799247453	0.199953685033683	1.65248876980851	2.43630721514055	1.99868166922454	0.179047138748364	1.64774927727775	2.34961406117133	1.99868166922454	0.199953685033683	1.59642247652754	2.3700764787977	1.99135949194534	0.189684395848685	1.61938295952357	2.3633360243671
1.65770393219414	0.18051124818831	1.30390188574506	2.01150597864323	1.72837655230437	0.161911504240753	1.4110300039925	2.04572310061625	1.72837655230437	0.18051124818831	1.37509451298959	2.08536494725541	1.72675270168252	0.170458461967396	1.39247094842685	2.06103445493819
1.87431152009695	0.199837435152998	1.48263014719707	2.26599289299683	1.88049761344658	0.193312383194212	1.50160534238593	2.25938988450724	1.88049761344658	0.199837435152998	1.45554047932017	2.26720246336938	1.87507783796751	0.180473520553971	1.52116663837177	2.22898903756324
2.25202150874871	0.191528130109852	1.8766263737334	2.62741664376402	2.12294878567259	0.175634214421131	1.77870572540717	2.46719184593801	2.12294878567259	0.191528130109852	1.73956162509613	2.46432334444547	2.1223139321989	0.180756897762769	1.76782733468482	2.47680052971298
1.78059309715508	0.246143761844936	1.29815132393901	2.26303487037116	1.77306502614972	0.210484940138294	1.36051454347866	2.18561550882078	1.77306502614972	0.246143761844936	1.31482212014081	2.2767515962041	1.77349825573697	0.225839262440114	1.33054623483711	2.21645027663683
2.09910297820947	0.215815515255076	1.67610456830952	2.52210138810942	1.90059150521512	0.194430950154971	1.51950684291138	2.28167616751886	1.90059150521512	0.215815515255076	1.47421276406177	2.34541131703105	1.90524449839704	0.200636873609059	1.51175341465636	2.29873558213771
2.03452397294374	0.196372682778541	1.6496335146978	2.41941443118968	2.02717557751793	0.168085663154242	1.69772767773562	2.35662347730025	2.02717557751793	0.196372682778541	1.61996833314388	2.39397278602298	2.02859739209176	0.185594216828696	1.66461942973568	2.39257535444783
2.08968044053259	0.208905356269182	1.68022594224499	2.49913493882019	2.10180580916674	0.177691090175791	1.75353127242219	2.45008034591129	2.10180580916674	0.208905356269182	1.71805028535419	2.54768834829625	2.10527648011557	0.199684563868764	1.71365559143177	2.49689736879937
2.04707389682789	0.219439085028305	1.61697329017242	2.47717450348337	1.95118177168856	0.194891373690064	1.56919467925603	2.33316886412108	1.95118177168856	0.219439085028305	1.51915778511708	2.36682210485391	1.95841856661545	0.208759143497816	1.54899127383421	2.36784585939668
2.08116523234726	0.245907933333727	1.59918568301315	2.56314478168136	2.03958712840674	0.208622918497232	1.63068620815216	2.44848804866131	2.03958712840674	0.245907933333727	1.52806464820334	2.47451346252267	2.03947875993416	0.233763112013093	1.58095847921281	2.49799904065551
1.81636847838995	0.17120498355664	1.48080671061894	2.15193024616096	1.89713918891898	0.167097411169511	1.56962826302673	2.22465011481122	1.89713918891898	0.17120498355664	1.56963476624319	2.23961411611286	1.89252329544497	0.152647277754524	1.59321986988826	2.19182672100168
1.91195391358599	0.179052575564658	1.56101086547926	2.26289696169272	1.89318097163077	0.147028945567922	1.60500423831764	2.1813577049439	1.89318097163077	0.179052575564658	1.53708502727527	2.22047314506689	1.8939758866244	0.168743176808118	1.56304463908977	2.22490713415903
2.24885179525929	0.190836223914534	1.8748127963868	2.62289079413177	2.24736059809129	0.169406171024979	1.91532450288233	2.57939669330025	2.24736059809129	0.190836223914534	1.90529718708971	2.66146664958748	2.24484008044445	0.179855327264104	1.89213822429318	2.59754193659573
1.90468687102232	0.177215430805282	1.55734462664396	2.25202911540067	2.00414755133534	0.17153558225483	1.66793781011587	2.34035729255481	2.00414755133534	0.177215430805282	1.65624942471163	2.34162062573607	2.00047081449838	0.1667349763942	1.67352554400899	2.32741608498777
2.08427587449589	0.198740791559339	1.69474392303958	2.47380782595219	2.16045322230589	0.178483925758542	1.81062472781915	2.51028171679263	2.16045322230589	0.198740791559339	1.76990833012004	2.54150865726715	2.16550544238719	0.187031625024135	1.79871161551147	2.53229926926291
1.77811818775603	0.163435621932071	1.45778436876917	2.09845200674288	1.76385611167179	0.143690437078998	1.48222285499696	2.04548936834663	1.76385611167179	0.163435621932071	1.42982177175446	2.09909782458263	1.76561902424679	0.152771935538098	1.46605748150271	2.06518056699086
1.45381625485082	0.229777665766492	1.0034520299485	1.90418047975315	1.55258069076709	0.212548747029603	1.13598514658907	1.96917623494511	1.55258069076709	0.229777665766492	1.12087445072849	2.00520865840806	1.54902614999701	0.212632036200575	1.13200178669028	1.96605051330375
1.95218382976261	0.189434511562841	1.58089218709944	2.32347547242578	1.97958889681252	0.182034769973447	1.62280074766457	2.33637704596048	1.97958889681252	0.189434511562841	1.60077578488343	2.34359270495789	1.97342368379901	0.173200390943221	1.6337735537141	2.31307381388392
2.06711624780647	0.192503805807906	1.68980878842297	2.44442370718996	2.11617746077663	0.180023415522514	1.7633315663525	2.46902335520075	2.11617746077663	0.192503805807906	1.76090426209994	2.49208609457844	2.11561228572372	0.179500194434597	1.76357775516181	2.46764681628562
2.18194911395643	0.215273316669868	1.76001341328349	2.60388481462937	2.11571803915471	0.19203664120821	1.73932622238662	2.49210985592281	2.11571803915471	0.215273316669868	1.66285626025694	2.50422206671074	2.11712896982859	0.202379480067915	1.7202036328017	2.51405430685548
1.8784656801998	0.244288444154839	1.39966032965631	2.35727103074328	1.79735181293354	0.218280678544322	1.36952168298667	2.22518194288041	1.79735181293354	0.244288444154839	1.33206469549167	2.26767059238515	1.79003570996559	0.229297813644169	1.34025496469416	2.23981645523702
2.14219409075266	0.26083260974449	1.63096217565346	2.65342600585186	2.26024736239663	0.229048190533719	1.81131290895054	2.70918181584272	2.26024736239663	0.26083260974449	1.8141372596904	2.82719231650595	2.2555000190661	0.243338491734999	1.77817625772723	2.73282378040497
2.20924434847491	0.262649593793347	1.69445114463995	2.72403755230987	2.27067832657536	0.215104230121966	1.84907403553631	2.69228261761441	2.27067832657536	0.262649593793347	1.77417388443773	2.79252581864695	2.27196544049898	0.246094613382164	1.78923944889366	2.75469143210431
1.54827443329087	0.219611473648438	1.11783594493993	1.97871292164181	1.72356344042109	0.195158537769627	1.34105270639262	2.10607417444956	1.72356344042109	0.219611473648438	1.30063839725548	2.16255022315734	1.72105235346849	0.201160901455705	1.32649588977129	2.1156088171657
2.04827884769715	0.164889965063396	1.72509451617289	2.3714631792214	2.17061344492516	0.149526717622588	1.87754107838489	2.46368581146543	2.17061344492516	0.164889965063396	1.82659053516208	2.48644086551996	2.17124056906479	0.154068686244123	1.86914186036166	2.47333927776792
2.08470761781982	0.250608810896292	1.59351434846309	2.57590088717655	2.08433850544527	0.214785185839529	1.66335954119979	2.50531746969075	2.08433850544527	0.250608810896292	1.58215488282716	2.55593119900159	2.08849161242098	0.223903485773122	1.64930258444596	2.527680640396
2.06932283042219	0.178915229320728	1.71864898095356	2.41999667989081	1.92049457443373	0.15736949512921	1.61205036398048	2.22893878488698	1.92049457443373	0.178915229320728	1.55310475648957	2.27405012384305	1.92279808917846	0.165378317573152	1.59849080402897	2.24710537432795
2.41165340186793	0.22595764621511	1.96877641528631	2.85453038844954	2.35329585304268	0.192220781950945	1.97654312041883	2.73004858566653	2.35329585304268	0.22595764621511	1.89905454879102	2.76675819288442	2.35184686409369	0.211596631840616	1.9368360610885	2.76685766709887
2.00776054366981	0.218001099880981	1.58047838790309	2.43504269943653	2.02198961198273	0.184620589397806	1.66013325676303	2.38384596720243	2.02198961198273	0.218001099880981	1.59647819799486	2.45361099490397	2.01763737419725	0.204906381703933	1.6157470461344	2.4195277022601
2.18706758141288	0.164733269198579	1.86419037378367	2.5099447890421	2.12882558823833	0.16443519744899	1.80653260123831	2.45111857523835	2.12882558823833	0.164733269198579	1.79957765255456	2.46059506771287	2.12547608228864	0.153963899298823	1.82359346601126	2.42735869856602
1.90922176742437	0.37182448044025	1.18044578576148	2.63799774908726	1.97559702951148	0.259989855172511	1.46601691337336	2.4851771456496	1.97559702951148	0.37182448044025	1.30432104756081	2.70835998382439	1.97782518423743	0.360534559614256	1.27049951408415	2.68515085439071
1.73855923712394	0.303810178522471	1.1430912872199	2.33402718702799	1.7263973264923	0.252503618175787	1.23149023486775	2.22130441811684	1.7263973264923	0.303810178522471	1.10321640590843	2.30021335586688	1.72702565831918	0.287428020334739	1.16317727103429	2.29087404560407
1.89904970317902	0.186930060854226	1.53266678390474	2.2654326224533	1.96880399139835	0.176751035180989	1.62237196244361	2.31523602035309	1.96880399139835	0.186930060854226	1.61392496485531	2.32973811240629	1.96591852516631	0.167964967801241	1.63656723988171	2.2952698104509
2.03895850852804	0.246442317888703	1.55593156546618	2.5219854515899	1.82997873890581	0.201453941722352	1.43512901313	2.22482846468162	1.82997873890581	0.246442317888703	1.31924377765302	2.26518210857185	1.82366086129984	0.241224908069342	1.35047908665876	2.29684263594093
1.85792674570201	0.226456357545481	1.41407228491287	2.30178120649116	1.85250354795262	0.190901548091331	1.47833651369361	2.22667058221163	1.85250354795262	0.226456357545481	1.39782094101229	2.24520322953533	1.84549568516481	0.21247093714049	1.4287623170811	2.26222905324853
1.92322618659296	0.201745922766077	1.52780417797145	2.31864819521447	1.85848730768935	0.198156947857978	1.47009968988771	2.24687492549099	1.85848730768935	0.201745922766077	1.43752081953208	2.22628419073102	1.85586865689823	0.181356502736546	1.50019122077197	2.21154609302449
2.26153582595583	0.228948005866341	1.8127977344578	2.71027391745385	2.33619723838855	0.187953461480925	1.96780845388594	2.70458602289116	2.33619723838855	0.228948005866341	1.90175266801965	2.77588592014237	2.33297761634998	0.219888687429431	1.90168801057723	2.76426722212272
2.07069326343388	0.23998161292775	1.60032930209549	2.54105722477227	2.09992966688948	0.22541823962343	1.65810991722756	2.5417494165514	2.09992966688948	0.23998161292775	1.64736313742899	2.54714970999162	2.10145208904877	0.222202800983396	1.66563627130689	2.53726790679064
2.02984515617511	0.202503743257419	1.63293781939057	2.42675249295965	2.04644011926142	0.173245273671647	1.70687938286499	2.38600085565785	2.04644011926142	0.202503743257419	1.65031531079235	2.42599769546652	2.04753016753568	0.193981588711445	1.66709516640019	2.42796516867116
2.20739675203006	0.174898345082752	1.86459599566786	2.55019750839225	2.02913945018545	0.158554687546937	1.71837226259345	2.33990663777745	2.02913945018545	0.174898345082752	1.69387073722934	2.37038531472511	2.02367435134278	0.163584035508526	1.70289827215252	2.34445043053304
2.21269601647434	0.209519963243776	1.80203688851654	2.62335514443215	2.1673076538062	0.180804886098464	1.81293007705321	2.52168523055918	2.1673076538062	0.209519963243776	1.77815381963896	2.58739810277115	2.16234947886766	0.190427636687864	1.78888532070082	2.5358136370345
1.75812278488757	0.197205348455081	1.37160030191561	2.14464526785953	1.70429056996655	0.18787289529528	1.33605969518781	2.0725214447453	1.70429056996655	0.197205348455081	1.29171739963012	2.07453617115261	1.70863142912694	0.182916729395801	1.34991978981549	2.06734306843839
2.27173544584362	0.218649843237685	1.84318175309776	2.70028913858949	2.03128630719192	0.209826329864745	1.62002670065703	2.44254591372682	2.03128630719192	0.218649843237685	1.61191455384546	2.4557173571132	2.02694459086002	0.207540367479723	1.61989637074275	2.4339928109773
1.84663611393173	0.197243398424674	1.46003905301937	2.23323317484409	1.91754809922436	0.191646373212544	1.54192120772777	2.29317499072094	1.91754809922436	0.197243398424674	1.54271042959837	2.29904712897598	1.92086391490822	0.18024694914676	1.5673952127495	2.27433261706694
1.79074613684113	0.239680905657084	1.32097156175325	2.26052071192902	1.78403337352447	0.195021271122937	1.40179168212352	2.16627506492543	1.78403337352447	0.239680905657084	1.34165826851143	2.24166663182657	1.78317656495959	0.226682080797041	1.33855549000269	2.22779763991649
1.77173103894197	0.227856595527039	1.32513211170898	2.21832996617497	1.80558098838483	0.207144001890853	1.39957874467876	2.2115832320909	1.80558098838483	0.227856595527039	1.32038955993513	2.18865744045874	1.80288779190742	0.209577068263793	1.39181616563495	2.21395941817989
NA	NA	NA	NA	NA	NA	NA	NA	NA	NA	NA	NA	NA	NA	NA	NA
NA	NA	NA	NA	NA	NA	NA	NA	NA	NA	NA	NA	NA	NA	NA	NA
NA	NA	NA	NA	NA	NA	NA	NA	NA	NA	NA	NA	NA	NA	NA	NA
NA	NA	NA	NA	NA	NA	NA	NA	NA	NA	NA	NA	NA	NA	NA	NA
NA	NA	NA	NA	NA	NA	NA	NA	NA	NA	NA	NA	NA	NA	NA	NA
NA	NA	NA	NA	NA	NA	NA	NA	NA	NA	NA	NA	NA	NA	NA	NA
NA	NA	NA	NA	NA	NA	NA	NA	NA	NA	NA	NA	NA	NA	NA	NA
NA	NA	NA	NA	NA	NA	NA	NA	NA	NA	NA	NA	NA	NA	NA	NA
NA	NA	NA	NA	NA	NA	NA	NA	NA	NA	NA	NA	NA	NA	NA	NA
NA	NA	NA	NA	NA	NA	NA	NA	NA	NA	NA	NA	NA	NA	NA	NA
NA	NA	NA	NA	NA	NA	NA	NA	NA	NA	NA	NA	NA	NA	NA	NA
NA	NA	NA	NA	NA	NA	NA	NA	NA	NA	NA	NA	NA	NA	NA	NA
NA	NA	NA	NA	NA	NA	NA	NA	NA	NA	NA	NA	NA	NA	NA	NA
NA	NA	NA	NA	NA	NA	NA	NA	NA	NA	NA	NA	NA	NA	NA	NA
NA	NA	NA	NA	NA	NA	NA	NA	NA	NA	NA	NA	NA	NA	NA	NA
NA	NA	NA	NA	NA	NA	NA	NA	NA	NA	NA	NA	NA	NA	NA	NA
NA	NA	NA	NA	NA	NA	NA	NA	NA	NA	NA	NA	NA	NA	NA	NA
NA	NA	NA	NA	NA	NA	NA	NA	NA	NA	NA	NA	NA	NA	NA	NA
NA	NA	NA	NA	NA	NA	NA	NA	NA	NA	NA	NA	NA	NA	NA	NA
NA	NA	NA	NA	NA	NA	NA	NA	NA	NA	NA	NA	NA	NA	NA	NA
NA	NA	NA	NA	NA	NA	NA	NA	NA	NA	NA	NA	NA	NA	NA	NA
NA	NA	NA	NA	NA	NA	NA	NA	NA	NA	NA	NA	NA	NA	NA	NA
NA	NA	NA	NA	NA	NA	NA	NA	NA	NA	NA	NA	NA	NA	NA	NA
NA	NA	NA	NA	NA	NA	NA	NA	NA	NA	NA	NA	NA	NA	NA	NA
NA	NA	NA	NA	NA	NA	NA	NA	NA	NA	NA	NA	NA	NA	NA	NA
NA	NA	NA	NA	NA	NA	NA	NA	NA	NA	NA	NA	NA	NA	NA	NA
NA	NA	NA	NA	NA	NA	NA	NA	NA	NA	NA	NA	NA	NA	NA	NA
NA	NA	NA	NA	NA	NA	NA	NA	NA	NA	NA	NA	NA	NA	NA	NA
NA	NA	NA	NA	NA	NA	NA	NA	NA	NA	NA	NA	NA	NA	NA	NA
NA	NA	NA	NA	NA	NA	NA	NA	NA	NA	NA	NA	NA	NA	NA	NA
NA	NA	NA	NA	NA	NA	NA	NA	NA	NA	NA	NA	NA	NA	NA	NA
NA	NA	NA	NA	NA	NA	NA	NA	NA	NA	NA	NA	NA	NA	NA	NA
NA	NA	NA	NA	NA	NA	NA	NA	NA	NA	NA	NA	NA	NA	NA	NA
NA	NA	NA	NA	NA	NA	NA	NA	NA	NA	NA	NA	NA	NA	NA	NA
NA	NA	NA	NA	NA	NA	NA	NA	NA	NA	NA	NA	NA	NA	NA	NA
NA	NA	NA	NA	NA	NA	NA	NA	NA	NA	NA	NA	NA	NA	NA	NA
NA	NA	NA	NA	NA	NA	NA	NA	NA	NA	NA	NA	NA	NA	NA	NA
NA	NA	NA	NA	NA	NA	NA	NA	NA	NA	NA	NA	NA	NA	NA	NA
NA	NA	NA	NA	NA	NA	NA	NA	NA	NA	NA	NA	NA	NA	NA	NA
NA	NA	NA	NA	NA	NA	NA	NA	NA	NA	NA	NA	NA	NA	NA	NA
NA	NA	NA	NA	NA	NA	NA	NA	NA	NA	NA	NA	NA	NA	NA	NA
NA	NA	NA	NA	NA	NA	NA	NA	NA	NA	NA	NA	NA	NA	NA	NA
NA	NA	NA	NA	NA	NA	NA	NA	NA	NA	NA	NA	NA	NA	NA	NA
NA	NA	NA	NA	NA	NA	NA	NA	NA	NA	NA	NA	NA	NA	NA	NA
NA	NA	NA	NA	NA	NA	NA	NA	NA	NA	NA	NA	NA	NA	NA	NA
NA	NA	NA	NA	NA	NA	NA	NA	NA	NA	NA	NA	NA	NA	NA	NA
NA	NA	NA	NA	NA	NA	NA	NA	NA	NA	NA	NA	NA	NA	NA	NA
NA	NA	NA	NA	NA	NA	NA	NA	NA	NA	NA	NA	NA	NA	NA	NA
NA	NA	NA	NA	NA	NA	NA	NA	NA	NA	NA	NA	NA	NA	NA	NA
NA	NA	NA	NA	NA	NA	NA	NA	NA	NA	NA	NA	NA	NA	NA	NA
NA	NA	NA	NA	NA	NA	NA	NA	NA	NA	NA	NA	NA	NA	NA	NA
NA	NA	NA	NA	NA	NA	NA	NA	NA	NA	NA	NA	NA	NA	NA	NA
NA	NA	NA	NA	NA	NA	NA	NA	NA	NA	NA	NA	NA	NA	NA	NA
NA	NA	NA	NA	NA	NA	NA	NA	NA	NA	NA	NA	NA	NA	NA	NA
NA	NA	NA	NA	NA	NA	NA	NA	NA	NA	NA	NA	NA	NA	NA	NA
NA	NA	NA	NA	NA	NA	NA	NA	NA	NA	NA	NA	NA	NA	NA	NA
NA	NA	NA	NA	NA	NA	NA	NA	NA	NA	NA	NA	NA	NA	NA	NA
NA	NA	NA	NA	NA	NA	NA	NA	NA	NA	NA	NA	NA	NA	NA	NA
NA	NA	NA	NA	NA	NA	NA	NA	NA	NA	NA	NA	NA	NA	NA	NA
NA	NA	NA	NA	NA	NA	NA	NA	NA	NA	NA	NA	NA	NA	NA	NA
NA	NA	NA	NA	NA	NA	NA	NA	NA	NA	NA	NA	NA	NA	NA	NA
NA	NA	NA	NA	NA	NA	NA	NA	NA	NA	NA	NA	NA	NA	NA	NA
NA	NA	NA	NA	NA	NA	NA	NA	NA	NA	NA	NA	NA	NA	NA	NA
NA	NA	NA	NA	NA	NA	NA	NA	NA	NA	NA	NA	NA	NA	NA	NA
NA	NA	NA	NA	NA	NA	NA	NA	NA	NA	NA	NA	NA	NA	NA	NA
NA	NA	NA	NA	NA	NA	NA	NA	NA	NA	NA	NA	NA	NA	NA	NA
NA	NA	NA	NA	NA	NA	NA	NA	NA	NA	NA	NA	NA	NA	NA	NA
NA	NA	NA	NA	NA	NA	NA	NA	NA	NA	NA	NA	NA	NA	NA	NA
NA	NA	NA	NA	NA	NA	NA	NA	NA	NA	NA	NA	NA	NA	NA	NA
NA	NA	NA	NA	NA	NA	NA	NA	NA	NA	NA	NA	NA	NA	NA	NA
NA	NA	NA	NA	NA	NA	NA	NA	NA	NA	NA	NA	NA	NA	NA	NA
NA	NA	NA	NA	NA	NA	NA	NA	NA	NA	NA	NA	NA	NA	NA	NA
NA	NA	NA	NA	NA	NA	NA	NA	NA	NA	NA	NA	NA	NA	NA	NA
NA	NA	NA	NA	NA	NA	NA	NA	NA	NA	NA	NA	NA	NA	NA	NA
NA	NA	NA	NA	NA	NA	NA	NA	NA	NA	NA	NA	NA	NA	NA	NA
NA	NA	NA	NA	NA	NA	NA	NA	NA	NA	NA	NA	NA	NA	NA	NA
NA	NA	NA	NA	NA	NA	NA	NA	NA	NA	NA	NA	NA	NA	NA	NA
NA	NA	NA	NA	NA	NA	NA	NA	NA	NA	NA	NA	NA	NA	NA	NA
NA	NA	NA	NA	NA	NA	NA	NA	NA	NA	NA	NA	NA	NA	NA	NA
NA	NA	NA	NA	NA	NA	NA	NA	NA	NA	NA	NA	NA	NA	NA	NA
NA	NA	NA	NA	NA	NA	NA	NA	NA	NA	NA	NA	NA	NA	NA	NA
NA	NA	NA	NA	NA	NA	NA	NA	NA	NA	NA	NA	NA	NA	NA	NA
NA	NA	NA	NA	NA	NA	NA	NA	NA	NA	NA	NA	NA	NA	NA	NA
NA	NA	NA	NA	NA	NA	NA	NA	NA	NA	NA	NA	NA	NA	NA	NA
NA	NA	NA	NA	NA	NA	NA	NA	NA	NA	NA	NA	NA	NA	NA	NA
NA	NA	NA	NA	NA	NA	NA	NA	NA	NA	NA	NA	NA	NA	NA	NA
NA	NA	NA	NA	NA	NA	NA	NA	NA	NA	NA	NA	NA	NA	NA	NA
NA	NA	NA	NA	NA	NA	NA	NA	NA	NA	NA	NA	NA	NA	NA	NA
NA	NA	NA	NA	NA	NA	NA	NA	NA	NA	NA	NA	NA	NA	NA	NA
NA	NA	NA	NA	NA	NA	NA	NA	NA	NA	NA	NA	NA	NA	NA	NA
NA	NA	NA	NA	NA	NA	NA	NA	NA	NA	NA	NA	NA	NA	NA	NA
NA	NA	NA	NA	NA	NA	NA	NA	NA	NA	NA	NA	NA	NA	NA	NA
NA	NA	NA	NA	NA	NA	NA	NA	NA	NA	NA	NA	NA	NA	NA	NA
NA	NA	NA	NA	NA	NA	NA	NA	NA	NA	NA	NA	NA	NA	NA	NA
NA	NA	NA	NA	NA	NA	NA	NA	NA	NA	NA	NA	NA	NA	NA	NA
NA	NA	NA	NA	NA	NA	NA	NA	NA	NA	NA	NA	NA	NA	NA	NA
NA	NA	NA	NA	NA	NA	NA	NA	NA	NA	NA	NA	NA	NA	NA	NA
NA	NA	NA	NA	NA	NA	NA	NA	NA	NA	NA	NA	NA	NA	NA	NA
NA	NA	NA	NA	NA	NA	NA	NA	NA	NA	NA	NA	NA	NA	NA	NA
NA	NA	NA	NA	NA	NA	NA	NA	NA	NA	NA	NA	NA	NA	NA	NA
NA	NA	NA	NA	NA	NA	NA	NA	NA	NA	NA	NA	NA	NA	NA	NA
NA	NA	NA	NA	NA	NA	NA	NA	NA	NA	NA	NA	NA	NA	NA	NA
NA	NA	NA	NA	NA	NA	NA	NA	NA	NA	NA	NA	NA	NA	NA	NA
NA	NA	NA	NA	NA	NA	NA	NA	NA	NA	NA	NA	NA	NA	NA	NA
NA	NA	NA	NA	NA	NA	NA	NA	NA	NA	NA	NA	NA	NA	NA	NA
NA	NA	NA	NA	NA	NA	NA	NA	NA	NA	NA	NA	NA	NA	NA	NA
NA	NA	NA	NA	NA	NA	NA	NA	NA	NA	NA	NA	NA	NA	NA	NA
NA	NA	NA	NA	NA	NA	NA	NA	NA	NA	NA	NA	NA	NA	NA	NA
NA	NA	NA	NA	NA	NA	NA	NA	NA	NA	NA	NA	NA	NA	NA	NA
NA	NA	NA	NA	NA	NA	NA	NA	NA	NA	NA	NA	NA	NA	NA	NA
NA	NA	NA	NA	NA	NA	NA	NA	NA	NA	NA	NA	NA	NA	NA	NA
NA	NA	NA	NA	NA	NA	NA	NA	NA	NA	NA	NA	NA	NA	NA	NA
NA	NA	NA	NA	NA	NA	NA	NA	NA	NA	NA	NA	NA	NA	NA	NA
NA	NA	NA	NA	NA	NA	NA	NA	NA	NA	NA	NA	NA	NA	NA	NA
NA	NA	NA	NA	NA	NA	NA	NA	NA	NA	NA	NA	NA	NA	NA	NA
NA	NA	NA	NA	NA	NA	NA	NA	NA	NA	NA	NA	NA	NA	NA	NA
NA	NA	NA	NA	NA	NA	NA	NA	NA	NA	NA	NA	NA	NA	NA	NA
NA	NA	NA	NA	NA	NA	NA	NA	NA	NA	NA	NA	NA	NA	NA	NA
NA	NA	NA	NA	NA	NA	NA	NA	NA	NA	NA	NA	NA	NA	NA	NA
NA	NA	NA	NA	NA	NA	NA	NA	NA	NA	NA	NA	NA	NA	NA	NA
NA	NA	NA	NA	NA	NA	NA	NA	NA	NA	NA	NA	NA	NA	NA	NA
NA	NA	NA	NA	NA	NA	NA	NA	NA	NA	NA	NA	NA	NA	NA	NA
NA	NA	NA	NA	NA	NA	NA	NA	NA	NA	NA	NA	NA	NA	NA	NA
NA	NA	NA	NA	NA	NA	NA	NA	NA	NA	NA	NA	NA	NA	NA	NA
NA	NA	NA	NA	NA	NA	NA	NA	NA	NA	NA	NA	NA	NA	NA	NA
NA	NA	NA	NA	NA	NA	NA	NA	NA	NA	NA	NA	NA	NA	NA	NA
NA	NA	NA	NA	NA	NA	NA	NA	NA	NA	NA	NA	NA	NA	NA	NA
NA	NA	NA	NA	NA	NA	NA	NA	NA	NA	NA	NA	NA	NA	NA	NA
NA	NA	NA	NA	NA	NA	NA	NA	NA	NA	NA	NA	NA	NA	NA	NA
NA	NA	NA	NA	NA	NA	NA	NA	NA	NA	NA	NA	NA	NA	NA	NA
NA	NA	NA	NA	NA	NA	NA	NA	NA	NA	NA	NA	NA	NA	NA	NA
NA	NA	NA	NA	NA	NA	NA	NA	NA	NA	NA	NA	NA	NA	NA	NA
NA	NA	NA	NA	NA	NA	NA	NA	NA	NA	NA	NA	NA	NA	NA	NA
NA	NA	NA	NA	NA	NA	NA	NA	NA	NA	NA	NA	NA	NA	NA	NA
NA	NA	NA	NA	NA	NA	NA	NA	NA	NA	NA	NA	NA	NA	NA	NA
NA	NA	NA	NA	NA	NA	NA	NA	NA	NA	NA	NA	NA	NA	NA	NA
NA	NA	NA	NA	NA	NA	NA	NA	NA	NA	NA	NA	NA	NA	NA	NA
NA	NA	NA	NA	NA	NA	NA	NA	NA	NA	NA	NA	NA	NA	NA	NA
NA	NA	NA	NA	NA	NA	NA	NA	NA	NA	NA	NA	NA	NA	NA	NA
NA	NA	NA	NA	NA	NA	NA	NA	NA	NA	NA	NA	NA	NA	NA	NA
NA	NA	NA	NA	NA	NA	NA	NA	NA	NA	NA	NA	NA	NA	NA	NA
NA	NA	NA	NA	NA	NA	NA	NA	NA	NA	NA	NA	NA	NA	NA	NA
NA	NA	NA	NA	NA	NA	NA	NA	NA	NA	NA	NA	NA	NA	NA	NA
NA	NA	NA	NA	NA	NA	NA	NA	NA	NA	NA	NA	NA	NA	NA	NA
NA	NA	NA	NA	NA	NA	NA	NA	NA	NA	NA	NA	NA	NA	NA	NA
NA	NA	NA	NA	NA	NA	NA	NA	NA	NA	NA	NA	NA	NA	NA	NA
NA	NA	NA	NA	NA	NA	NA	NA	NA	NA	NA	NA	NA	NA	NA	NA
NA	NA	NA	NA	NA	NA	NA	NA	NA	NA	NA	NA	NA	NA	NA	NA
NA	NA	NA	NA	NA	NA	NA	NA	NA	NA	NA	NA	NA	NA	NA	NA
NA	NA	NA	NA	NA	NA	NA	NA	NA	NA	NA	NA	NA	NA	NA	NA
NA	NA	NA	NA	NA	NA	NA	NA	NA	NA	NA	NA	NA	NA	NA	NA
NA	NA	NA	NA	NA	NA	NA	NA	NA	NA	NA	NA	NA	NA	NA	NA
NA	NA	NA	NA	NA	NA	NA	NA	NA	NA	NA	NA	NA	NA	NA	NA
NA	NA	NA	NA	NA	NA	NA	NA	NA	NA	NA	NA	NA	NA	NA	NA
NA	NA	NA	NA	NA	NA	NA	NA	NA	NA	NA	NA	NA	NA	NA	NA
NA	NA	NA	NA	NA	NA	NA	NA	NA	NA	NA	NA	NA	NA	NA	NA
NA	NA	NA	NA	NA	NA	NA	NA	NA	NA	NA	NA	NA	NA	NA	NA
NA	NA	NA	NA	NA	NA	NA	NA	NA	NA	NA	NA	NA	NA	NA	NA
NA	NA	NA	NA	NA	NA	NA	NA	NA	NA	NA	NA	NA	NA	NA	NA
NA	NA	NA	NA	NA	NA	NA	NA	NA	NA	NA	NA	NA	NA	NA	NA
NA	NA	NA	NA	NA	NA	NA	NA	NA	NA	NA	NA	NA	NA	NA	NA
NA	NA	NA	NA	NA	NA	NA	NA	NA	NA	NA	NA	NA	NA	NA	NA
NA	NA	NA	NA	NA	NA	NA	NA	NA	NA	NA	NA	NA	NA	NA	NA
NA	NA	NA	NA	NA	NA	NA	NA	NA	NA	NA	NA	NA	NA	NA	NA
NA	NA	NA	NA	NA	NA	NA	NA	NA	NA	NA	NA	NA	NA	NA	NA
NA	NA	NA	NA	NA	NA	NA	NA	NA	NA	NA	NA	NA	NA	NA	NA
NA	NA	NA	NA	NA	NA	NA	NA	NA	NA	NA	NA	NA	NA	NA	NA
NA	NA	NA	NA	NA	NA	NA	NA	NA	NA	NA	NA	NA	NA	NA	NA
NA	NA	NA	NA	NA	NA	NA	NA	NA	NA	NA	NA	NA	NA	NA	NA
NA	NA	NA	NA	NA	NA	NA	NA	NA	NA	NA	NA	NA	NA	NA	NA
NA	NA	NA	NA	NA	NA	NA	NA	NA	NA	NA	NA	NA	NA	NA	NA
NA	NA	NA	NA	NA	NA	NA	NA	NA	NA	NA	NA	NA	NA	NA	NA
NA	NA	NA	NA	NA	NA	NA	NA	NA	NA	NA	NA	NA	NA	NA	NA
NA	NA	NA	NA	NA	NA	NA	NA	NA	NA	NA	NA	NA	NA	NA	NA
NA	NA	NA	NA	NA	NA	NA	NA	NA	NA	NA	NA	NA	NA	NA	NA
NA	NA	NA	NA	NA	NA	NA	NA	NA	NA	NA	NA	NA	NA	NA	NA
NA	NA	NA	NA	NA	NA	NA	NA	NA	NA	NA	NA	NA	NA	NA	NA
NA	NA	NA	NA	NA	NA	NA	NA	NA	NA	NA	NA	NA	NA	NA	NA
NA	NA	NA	NA	NA	NA	NA	NA	NA	NA	NA	NA	NA	NA	NA	NA
NA	NA	NA	NA	NA	NA	NA	NA	NA	NA	NA	NA	NA	NA	NA	NA
NA	NA	NA	NA	NA	NA	NA	NA	NA	NA	NA	NA	NA	NA	NA	NA
NA	NA	NA	NA	NA	NA	NA	NA	NA	NA	NA	NA	NA	NA	NA	NA
NA	NA	NA	NA	NA	NA	NA	NA	NA	NA	NA	NA	NA	NA	NA	NA
NA	NA	NA	NA	NA	NA	NA	NA	NA	NA	NA	NA	NA	NA	NA	NA
NA	NA	NA	NA	NA	NA	NA	NA	NA	NA	NA	NA	NA	NA	NA	NA
NA	NA	NA	NA	NA	NA	NA	NA	NA	NA	NA	NA	NA	NA	NA	NA
NA	NA	NA	NA	NA	NA	NA	NA	NA	NA	NA	NA	NA	NA	NA	NA
NA	NA	NA	NA	NA	NA	NA	NA	NA	NA	NA	NA	NA	NA	NA	NA
NA	NA	NA	NA	NA	NA	NA	NA	NA	NA	NA	NA	NA	NA	NA	NA
NA	NA	NA	NA	NA	NA	NA	NA	NA	NA	NA	NA	NA	NA	NA	NA
NA	NA	NA	NA	NA	NA	NA	NA	NA	NA	NA	NA	NA	NA	NA	NA
NA	NA	NA	NA	NA	NA	NA	NA	NA	NA	NA	NA	NA	NA	NA	NA
NA	NA	NA	NA	NA	NA	NA	NA	NA	NA	NA	NA	NA	NA	NA	NA
NA	NA	NA	NA	NA	NA	NA	NA	NA	NA	NA	NA	NA	NA	NA	NA
NA	NA	NA	NA	NA	NA	NA	NA	NA	NA	NA	NA	NA	NA	NA	NA
NA	NA	NA	NA	NA	NA	NA	NA	NA	NA	NA	NA	NA	NA	NA	NA
NA	NA	NA	NA	NA	NA	NA	NA	NA	NA	NA	NA	NA	NA	NA	NA
NA	NA	NA	NA	NA	NA	NA	NA	NA	NA	NA	NA	NA	NA	NA	NA
NA	NA	NA	NA	NA	NA	NA	NA	NA	NA	NA	NA	NA	NA	NA	NA
NA	NA	NA	NA	NA	NA	NA	NA	NA	NA	NA	NA	NA	NA	NA	NA
