X1	X2	X3	X4	X1.1	X2.1	X3.1	X4.1	X1.2	X2.2	X3.2	X4.2	X1.3	X2.3	X3.3	X4.3
NA	NA	NA	NA	NA	NA	NA	NA	NA	NA	NA	NA	NA	NA	NA	NA
NA	NA	NA	NA	NA	NA	NA	NA	NA	NA	NA	NA	NA	NA	NA	NA
NA	NA	NA	NA	NA	NA	NA	NA	NA	NA	NA	NA	NA	NA	NA	NA
NA	NA	NA	NA	NA	NA	NA	NA	NA	NA	NA	NA	NA	NA	NA	NA
NA	NA	NA	NA	NA	NA	NA	NA	NA	NA	NA	NA	NA	NA	NA	NA
NA	NA	NA	NA	NA	NA	NA	NA	NA	NA	NA	NA	NA	NA	NA	NA
NA	NA	NA	NA	NA	NA	NA	NA	NA	NA	NA	NA	NA	NA	NA	NA
NA	NA	NA	NA	NA	NA	NA	NA	NA	NA	NA	NA	NA	NA	NA	NA
NA	NA	NA	NA	NA	NA	NA	NA	NA	NA	NA	NA	NA	NA	NA	NA
NA	NA	NA	NA	NA	NA	NA	NA	NA	NA	NA	NA	NA	NA	NA	NA
NA	NA	NA	NA	NA	NA	NA	NA	NA	NA	NA	NA	NA	NA	NA	NA
NA	NA	NA	NA	NA	NA	NA	NA	NA	NA	NA	NA	NA	NA	NA	NA
NA	NA	NA	NA	NA	NA	NA	NA	NA	NA	NA	NA	NA	NA	NA	NA
NA	NA	NA	NA	NA	NA	NA	NA	NA	NA	NA	NA	NA	NA	NA	NA
NA	NA	NA	NA	NA	NA	NA	NA	NA	NA	NA	NA	NA	NA	NA	NA
NA	NA	NA	NA	NA	NA	NA	NA	NA	NA	NA	NA	NA	NA	NA	NA
NA	NA	NA	NA	NA	NA	NA	NA	NA	NA	NA	NA	NA	NA	NA	NA
NA	NA	NA	NA	NA	NA	NA	NA	NA	NA	NA	NA	NA	NA	NA	NA
NA	NA	NA	NA	NA	NA	NA	NA	NA	NA	NA	NA	NA	NA	NA	NA
NA	NA	NA	NA	NA	NA	NA	NA	NA	NA	NA	NA	NA	NA	NA	NA
NA	NA	NA	NA	NA	NA	NA	NA	NA	NA	NA	NA	NA	NA	NA	NA
NA	NA	NA	NA	NA	NA	NA	NA	NA	NA	NA	NA	NA	NA	NA	NA
NA	NA	NA	NA	NA	NA	NA	NA	NA	NA	NA	NA	NA	NA	NA	NA
NA	NA	NA	NA	NA	NA	NA	NA	NA	NA	NA	NA	NA	NA	NA	NA
NA	NA	NA	NA	NA	NA	NA	NA	NA	NA	NA	NA	NA	NA	NA	NA
NA	NA	NA	NA	NA	NA	NA	NA	NA	NA	NA	NA	NA	NA	NA	NA
NA	NA	NA	NA	NA	NA	NA	NA	NA	NA	NA	NA	NA	NA	NA	NA
NA	NA	NA	NA	NA	NA	NA	NA	NA	NA	NA	NA	NA	NA	NA	NA
NA	NA	NA	NA	NA	NA	NA	NA	NA	NA	NA	NA	NA	NA	NA	NA
NA	NA	NA	NA	NA	NA	NA	NA	NA	NA	NA	NA	NA	NA	NA	NA
NA	NA	NA	NA	NA	NA	NA	NA	NA	NA	NA	NA	NA	NA	NA	NA
NA	NA	NA	NA	NA	NA	NA	NA	NA	NA	NA	NA	NA	NA	NA	NA
NA	NA	NA	NA	NA	NA	NA	NA	NA	NA	NA	NA	NA	NA	NA	NA
NA	NA	NA	NA	NA	NA	NA	NA	NA	NA	NA	NA	NA	NA	NA	NA
NA	NA	NA	NA	NA	NA	NA	NA	NA	NA	NA	NA	NA	NA	NA	NA
NA	NA	NA	NA	NA	NA	NA	NA	NA	NA	NA	NA	NA	NA	NA	NA
NA	NA	NA	NA	NA	NA	NA	NA	NA	NA	NA	NA	NA	NA	NA	NA
NA	NA	NA	NA	NA	NA	NA	NA	NA	NA	NA	NA	NA	NA	NA	NA
NA	NA	NA	NA	NA	NA	NA	NA	NA	NA	NA	NA	NA	NA	NA	NA
NA	NA	NA	NA	NA	NA	NA	NA	NA	NA	NA	NA	NA	NA	NA	NA
NA	NA	NA	NA	NA	NA	NA	NA	NA	NA	NA	NA	NA	NA	NA	NA
NA	NA	NA	NA	NA	NA	NA	NA	NA	NA	NA	NA	NA	NA	NA	NA
NA	NA	NA	NA	NA	NA	NA	NA	NA	NA	NA	NA	NA	NA	NA	NA
NA	NA	NA	NA	NA	NA	NA	NA	NA	NA	NA	NA	NA	NA	NA	NA
NA	NA	NA	NA	NA	NA	NA	NA	NA	NA	NA	NA	NA	NA	NA	NA
NA	NA	NA	NA	NA	NA	NA	NA	NA	NA	NA	NA	NA	NA	NA	NA
NA	NA	NA	NA	NA	NA	NA	NA	NA	NA	NA	NA	NA	NA	NA	NA
NA	NA	NA	NA	NA	NA	NA	NA	NA	NA	NA	NA	NA	NA	NA	NA
NA	NA	NA	NA	NA	NA	NA	NA	NA	NA	NA	NA	NA	NA	NA	NA
NA	NA	NA	NA	NA	NA	NA	NA	NA	NA	NA	NA	NA	NA	NA	NA
NA	NA	NA	NA	NA	NA	NA	NA	NA	NA	NA	NA	NA	NA	NA	NA
NA	NA	NA	NA	NA	NA	NA	NA	NA	NA	NA	NA	NA	NA	NA	NA
NA	NA	NA	NA	NA	NA	NA	NA	NA	NA	NA	NA	NA	NA	NA	NA
NA	NA	NA	NA	NA	NA	NA	NA	NA	NA	NA	NA	NA	NA	NA	NA
NA	NA	NA	NA	NA	NA	NA	NA	NA	NA	NA	NA	NA	NA	NA	NA
NA	NA	NA	NA	NA	NA	NA	NA	NA	NA	NA	NA	NA	NA	NA	NA
NA	NA	NA	NA	NA	NA	NA	NA	NA	NA	NA	NA	NA	NA	NA	NA
NA	NA	NA	NA	NA	NA	NA	NA	NA	NA	NA	NA	NA	NA	NA	NA
NA	NA	NA	NA	NA	NA	NA	NA	NA	NA	NA	NA	NA	NA	NA	NA
NA	NA	NA	NA	NA	NA	NA	NA	NA	NA	NA	NA	NA	NA	NA	NA
NA	NA	NA	NA	NA	NA	NA	NA	NA	NA	NA	NA	NA	NA	NA	NA
NA	NA	NA	NA	NA	NA	NA	NA	NA	NA	NA	NA	NA	NA	NA	NA
NA	NA	NA	NA	NA	NA	NA	NA	NA	NA	NA	NA	NA	NA	NA	NA
NA	NA	NA	NA	NA	NA	NA	NA	NA	NA	NA	NA	NA	NA	NA	NA
NA	NA	NA	NA	NA	NA	NA	NA	NA	NA	NA	NA	NA	NA	NA	NA
NA	NA	NA	NA	NA	NA	NA	NA	NA	NA	NA	NA	NA	NA	NA	NA
NA	NA	NA	NA	NA	NA	NA	NA	NA	NA	NA	NA	NA	NA	NA	NA
NA	NA	NA	NA	NA	NA	NA	NA	NA	NA	NA	NA	NA	NA	NA	NA
NA	NA	NA	NA	NA	NA	NA	NA	NA	NA	NA	NA	NA	NA	NA	NA
NA	NA	NA	NA	NA	NA	NA	NA	NA	NA	NA	NA	NA	NA	NA	NA
NA	NA	NA	NA	NA	NA	NA	NA	NA	NA	NA	NA	NA	NA	NA	NA
NA	NA	NA	NA	NA	NA	NA	NA	NA	NA	NA	NA	NA	NA	NA	NA
NA	NA	NA	NA	NA	NA	NA	NA	NA	NA	NA	NA	NA	NA	NA	NA
NA	NA	NA	NA	NA	NA	NA	NA	NA	NA	NA	NA	NA	NA	NA	NA
NA	NA	NA	NA	NA	NA	NA	NA	NA	NA	NA	NA	NA	NA	NA	NA
NA	NA	NA	NA	NA	NA	NA	NA	NA	NA	NA	NA	NA	NA	NA	NA
NA	NA	NA	NA	NA	NA	NA	NA	NA	NA	NA	NA	NA	NA	NA	NA
NA	NA	NA	NA	NA	NA	NA	NA	NA	NA	NA	NA	NA	NA	NA	NA
NA	NA	NA	NA	NA	NA	NA	NA	NA	NA	NA	NA	NA	NA	NA	NA
NA	NA	NA	NA	NA	NA	NA	NA	NA	NA	NA	NA	NA	NA	NA	NA
NA	NA	NA	NA	NA	NA	NA	NA	NA	NA	NA	NA	NA	NA	NA	NA
NA	NA	NA	NA	NA	NA	NA	NA	NA	NA	NA	NA	NA	NA	NA	NA
NA	NA	NA	NA	NA	NA	NA	NA	NA	NA	NA	NA	NA	NA	NA	NA
NA	NA	NA	NA	NA	NA	NA	NA	NA	NA	NA	NA	NA	NA	NA	NA
NA	NA	NA	NA	NA	NA	NA	NA	NA	NA	NA	NA	NA	NA	NA	NA
NA	NA	NA	NA	NA	NA	NA	NA	NA	NA	NA	NA	NA	NA	NA	NA
NA	NA	NA	NA	NA	NA	NA	NA	NA	NA	NA	NA	NA	NA	NA	NA
NA	NA	NA	NA	NA	NA	NA	NA	NA	NA	NA	NA	NA	NA	NA	NA
NA	NA	NA	NA	NA	NA	NA	NA	NA	NA	NA	NA	NA	NA	NA	NA
NA	NA	NA	NA	NA	NA	NA	NA	NA	NA	NA	NA	NA	NA	NA	NA
NA	NA	NA	NA	NA	NA	NA	NA	NA	NA	NA	NA	NA	NA	NA	NA
NA	NA	NA	NA	NA	NA	NA	NA	NA	NA	NA	NA	NA	NA	NA	NA
NA	NA	NA	NA	NA	NA	NA	NA	NA	NA	NA	NA	NA	NA	NA	NA
NA	NA	NA	NA	NA	NA	NA	NA	NA	NA	NA	NA	NA	NA	NA	NA
NA	NA	NA	NA	NA	NA	NA	NA	NA	NA	NA	NA	NA	NA	NA	NA
NA	NA	NA	NA	NA	NA	NA	NA	NA	NA	NA	NA	NA	NA	NA	NA
NA	NA	NA	NA	NA	NA	NA	NA	NA	NA	NA	NA	NA	NA	NA	NA
NA	NA	NA	NA	NA	NA	NA	NA	NA	NA	NA	NA	NA	NA	NA	NA
NA	NA	NA	NA	NA	NA	NA	NA	NA	NA	NA	NA	NA	NA	NA	NA
NA	NA	NA	NA	NA	NA	NA	NA	NA	NA	NA	NA	NA	NA	NA	NA
NA	NA	NA	NA	NA	NA	NA	NA	NA	NA	NA	NA	NA	NA	NA	NA
NA	NA	NA	NA	NA	NA	NA	NA	NA	NA	NA	NA	NA	NA	NA	NA
NA	NA	NA	NA	NA	NA	NA	NA	NA	NA	NA	NA	NA	NA	NA	NA
NA	NA	NA	NA	NA	NA	NA	NA	NA	NA	NA	NA	NA	NA	NA	NA
NA	NA	NA	NA	NA	NA	NA	NA	NA	NA	NA	NA	NA	NA	NA	NA
NA	NA	NA	NA	NA	NA	NA	NA	NA	NA	NA	NA	NA	NA	NA	NA
NA	NA	NA	NA	NA	NA	NA	NA	NA	NA	NA	NA	NA	NA	NA	NA
NA	NA	NA	NA	NA	NA	NA	NA	NA	NA	NA	NA	NA	NA	NA	NA
NA	NA	NA	NA	NA	NA	NA	NA	NA	NA	NA	NA	NA	NA	NA	NA
NA	NA	NA	NA	NA	NA	NA	NA	NA	NA	NA	NA	NA	NA	NA	NA
NA	NA	NA	NA	NA	NA	NA	NA	NA	NA	NA	NA	NA	NA	NA	NA
NA	NA	NA	NA	NA	NA	NA	NA	NA	NA	NA	NA	NA	NA	NA	NA
NA	NA	NA	NA	NA	NA	NA	NA	NA	NA	NA	NA	NA	NA	NA	NA
NA	NA	NA	NA	NA	NA	NA	NA	NA	NA	NA	NA	NA	NA	NA	NA
NA	NA	NA	NA	NA	NA	NA	NA	NA	NA	NA	NA	NA	NA	NA	NA
NA	NA	NA	NA	NA	NA	NA	NA	NA	NA	NA	NA	NA	NA	NA	NA
NA	NA	NA	NA	NA	NA	NA	NA	NA	NA	NA	NA	NA	NA	NA	NA
NA	NA	NA	NA	NA	NA	NA	NA	NA	NA	NA	NA	NA	NA	NA	NA
NA	NA	NA	NA	NA	NA	NA	NA	NA	NA	NA	NA	NA	NA	NA	NA
NA	NA	NA	NA	NA	NA	NA	NA	NA	NA	NA	NA	NA	NA	NA	NA
NA	NA	NA	NA	NA	NA	NA	NA	NA	NA	NA	NA	NA	NA	NA	NA
NA	NA	NA	NA	NA	NA	NA	NA	NA	NA	NA	NA	NA	NA	NA	NA
NA	NA	NA	NA	NA	NA	NA	NA	NA	NA	NA	NA	NA	NA	NA	NA
NA	NA	NA	NA	NA	NA	NA	NA	NA	NA	NA	NA	NA	NA	NA	NA
NA	NA	NA	NA	NA	NA	NA	NA	NA	NA	NA	NA	NA	NA	NA	NA
NA	NA	NA	NA	NA	NA	NA	NA	NA	NA	NA	NA	NA	NA	NA	NA
NA	NA	NA	NA	NA	NA	NA	NA	NA	NA	NA	NA	NA	NA	NA	NA
NA	NA	NA	NA	NA	NA	NA	NA	NA	NA	NA	NA	NA	NA	NA	NA
NA	NA	NA	NA	NA	NA	NA	NA	NA	NA	NA	NA	NA	NA	NA	NA
NA	NA	NA	NA	NA	NA	NA	NA	NA	NA	NA	NA	NA	NA	NA	NA
NA	NA	NA	NA	NA	NA	NA	NA	NA	NA	NA	NA	NA	NA	NA	NA
NA	NA	NA	NA	NA	NA	NA	NA	NA	NA	NA	NA	NA	NA	NA	NA
NA	NA	NA	NA	NA	NA	NA	NA	NA	NA	NA	NA	NA	NA	NA	NA
NA	NA	NA	NA	NA	NA	NA	NA	NA	NA	NA	NA	NA	NA	NA	NA
NA	NA	NA	NA	NA	NA	NA	NA	NA	NA	NA	NA	NA	NA	NA	NA
NA	NA	NA	NA	NA	NA	NA	NA	NA	NA	NA	NA	NA	NA	NA	NA
NA	NA	NA	NA	NA	NA	NA	NA	NA	NA	NA	NA	NA	NA	NA	NA
NA	NA	NA	NA	NA	NA	NA	NA	NA	NA	NA	NA	NA	NA	NA	NA
NA	NA	NA	NA	NA	NA	NA	NA	NA	NA	NA	NA	NA	NA	NA	NA
NA	NA	NA	NA	NA	NA	NA	NA	NA	NA	NA	NA	NA	NA	NA	NA
NA	NA	NA	NA	NA	NA	NA	NA	NA	NA	NA	NA	NA	NA	NA	NA
NA	NA	NA	NA	NA	NA	NA	NA	NA	NA	NA	NA	NA	NA	NA	NA
NA	NA	NA	NA	NA	NA	NA	NA	NA	NA	NA	NA	NA	NA	NA	NA
NA	NA	NA	NA	NA	NA	NA	NA	NA	NA	NA	NA	NA	NA	NA	NA
NA	NA	NA	NA	NA	NA	NA	NA	NA	NA	NA	NA	NA	NA	NA	NA
NA	NA	NA	NA	NA	NA	NA	NA	NA	NA	NA	NA	NA	NA	NA	NA
NA	NA	NA	NA	NA	NA	NA	NA	NA	NA	NA	NA	NA	NA	NA	NA
NA	NA	NA	NA	NA	NA	NA	NA	NA	NA	NA	NA	NA	NA	NA	NA
NA	NA	NA	NA	NA	NA	NA	NA	NA	NA	NA	NA	NA	NA	NA	NA
NA	NA	NA	NA	NA	NA	NA	NA	NA	NA	NA	NA	NA	NA	NA	NA
NA	NA	NA	NA	NA	NA	NA	NA	NA	NA	NA	NA	NA	NA	NA	NA
NA	NA	NA	NA	NA	NA	NA	NA	NA	NA	NA	NA	NA	NA	NA	NA
NA	NA	NA	NA	NA	NA	NA	NA	NA	NA	NA	NA	NA	NA	NA	NA
NA	NA	NA	NA	NA	NA	NA	NA	NA	NA	NA	NA	NA	NA	NA	NA
NA	NA	NA	NA	NA	NA	NA	NA	NA	NA	NA	NA	NA	NA	NA	NA
NA	NA	NA	NA	NA	NA	NA	NA	NA	NA	NA	NA	NA	NA	NA	NA
NA	NA	NA	NA	NA	NA	NA	NA	NA	NA	NA	NA	NA	NA	NA	NA
NA	NA	NA	NA	NA	NA	NA	NA	NA	NA	NA	NA	NA	NA	NA	NA
NA	NA	NA	NA	NA	NA	NA	NA	NA	NA	NA	NA	NA	NA	NA	NA
NA	NA	NA	NA	NA	NA	NA	NA	NA	NA	NA	NA	NA	NA	NA	NA
NA	NA	NA	NA	NA	NA	NA	NA	NA	NA	NA	NA	NA	NA	NA	NA
NA	NA	NA	NA	NA	NA	NA	NA	NA	NA	NA	NA	NA	NA	NA	NA
NA	NA	NA	NA	NA	NA	NA	NA	NA	NA	NA	NA	NA	NA	NA	NA
NA	NA	NA	NA	NA	NA	NA	NA	NA	NA	NA	NA	NA	NA	NA	NA
NA	NA	NA	NA	NA	NA	NA	NA	NA	NA	NA	NA	NA	NA	NA	NA
NA	NA	NA	NA	NA	NA	NA	NA	NA	NA	NA	NA	NA	NA	NA	NA
NA	NA	NA	NA	NA	NA	NA	NA	NA	NA	NA	NA	NA	NA	NA	NA
NA	NA	NA	NA	NA	NA	NA	NA	NA	NA	NA	NA	NA	NA	NA	NA
NA	NA	NA	NA	NA	NA	NA	NA	NA	NA	NA	NA	NA	NA	NA	NA
NA	NA	NA	NA	NA	NA	NA	NA	NA	NA	NA	NA	NA	NA	NA	NA
NA	NA	NA	NA	NA	NA	NA	NA	NA	NA	NA	NA	NA	NA	NA	NA
NA	NA	NA	NA	NA	NA	NA	NA	NA	NA	NA	NA	NA	NA	NA	NA
NA	NA	NA	NA	NA	NA	NA	NA	NA	NA	NA	NA	NA	NA	NA	NA
NA	NA	NA	NA	NA	NA	NA	NA	NA	NA	NA	NA	NA	NA	NA	NA
NA	NA	NA	NA	NA	NA	NA	NA	NA	NA	NA	NA	NA	NA	NA	NA
NA	NA	NA	NA	NA	NA	NA	NA	NA	NA	NA	NA	NA	NA	NA	NA
NA	NA	NA	NA	NA	NA	NA	NA	NA	NA	NA	NA	NA	NA	NA	NA
NA	NA	NA	NA	NA	NA	NA	NA	NA	NA	NA	NA	NA	NA	NA	NA
NA	NA	NA	NA	NA	NA	NA	NA	NA	NA	NA	NA	NA	NA	NA	NA
NA	NA	NA	NA	NA	NA	NA	NA	NA	NA	NA	NA	NA	NA	NA	NA
NA	NA	NA	NA	NA	NA	NA	NA	NA	NA	NA	NA	NA	NA	NA	NA
NA	NA	NA	NA	NA	NA	NA	NA	NA	NA	NA	NA	NA	NA	NA	NA
NA	NA	NA	NA	NA	NA	NA	NA	NA	NA	NA	NA	NA	NA	NA	NA
NA	NA	NA	NA	NA	NA	NA	NA	NA	NA	NA	NA	NA	NA	NA	NA
NA	NA	NA	NA	NA	NA	NA	NA	NA	NA	NA	NA	NA	NA	NA	NA
NA	NA	NA	NA	NA	NA	NA	NA	NA	NA	NA	NA	NA	NA	NA	NA
NA	NA	NA	NA	NA	NA	NA	NA	NA	NA	NA	NA	NA	NA	NA	NA
NA	NA	NA	NA	NA	NA	NA	NA	NA	NA	NA	NA	NA	NA	NA	NA
NA	NA	NA	NA	NA	NA	NA	NA	NA	NA	NA	NA	NA	NA	NA	NA
NA	NA	NA	NA	NA	NA	NA	NA	NA	NA	NA	NA	NA	NA	NA	NA
NA	NA	NA	NA	NA	NA	NA	NA	NA	NA	NA	NA	NA	NA	NA	NA
NA	NA	NA	NA	NA	NA	NA	NA	NA	NA	NA	NA	NA	NA	NA	NA
NA	NA	NA	NA	NA	NA	NA	NA	NA	NA	NA	NA	NA	NA	NA	NA
NA	NA	NA	NA	NA	NA	NA	NA	NA	NA	NA	NA	NA	NA	NA	NA
NA	NA	NA	NA	NA	NA	NA	NA	NA	NA	NA	NA	NA	NA	NA	NA
NA	NA	NA	NA	NA	NA	NA	NA	NA	NA	NA	NA	NA	NA	NA	NA
NA	NA	NA	NA	NA	NA	NA	NA	NA	NA	NA	NA	NA	NA	NA	NA
NA	NA	NA	NA	NA	NA	NA	NA	NA	NA	NA	NA	NA	NA	NA	NA
NA	NA	NA	NA	NA	NA	NA	NA	NA	NA	NA	NA	NA	NA	NA	NA
NA	NA	NA	NA	NA	NA	NA	NA	NA	NA	NA	NA	NA	NA	NA	NA
NA	NA	NA	NA	NA	NA	NA	NA	NA	NA	NA	NA	NA	NA	NA	NA
NA	NA	NA	NA	NA	NA	NA	NA	NA	NA	NA	NA	NA	NA	NA	NA
NA	NA	NA	NA	NA	NA	NA	NA	NA	NA	NA	NA	NA	NA	NA	NA
NA	NA	NA	NA	NA	NA	NA	NA	NA	NA	NA	NA	NA	NA	NA	NA
NA	NA	NA	NA	NA	NA	NA	NA	NA	NA	NA	NA	NA	NA	NA	NA
NA	NA	NA	NA	NA	NA	NA	NA	NA	NA	NA	NA	NA	NA	NA	NA
NA	NA	NA	NA	NA	NA	NA	NA	NA	NA	NA	NA	NA	NA	NA	NA
NA	NA	NA	NA	NA	NA	NA	NA	NA	NA	NA	NA	NA	NA	NA	NA
NA	NA	NA	NA	NA	NA	NA	NA	NA	NA	NA	NA	NA	NA	NA	NA
NA	NA	NA	NA	NA	NA	NA	NA	NA	NA	NA	NA	NA	NA	NA	NA
NA	NA	NA	NA	NA	NA	NA	NA	NA	NA	NA	NA	NA	NA	NA	NA
NA	NA	NA	NA	NA	NA	NA	NA	NA	NA	NA	NA	NA	NA	NA	NA
NA	NA	NA	NA	NA	NA	NA	NA	NA	NA	NA	NA	NA	NA	NA	NA
NA	NA	NA	NA	NA	NA	NA	NA	NA	NA	NA	NA	NA	NA	NA	NA
NA	NA	NA	NA	NA	NA	NA	NA	NA	NA	NA	NA	NA	NA	NA	NA
NA	NA	NA	NA	NA	NA	NA	NA	NA	NA	NA	NA	NA	NA	NA	NA
NA	NA	NA	NA	NA	NA	NA	NA	NA	NA	NA	NA	NA	NA	NA	NA
NA	NA	NA	NA	NA	NA	NA	NA	NA	NA	NA	NA	NA	NA	NA	NA
NA	NA	NA	NA	NA	NA	NA	NA	NA	NA	NA	NA	NA	NA	NA	NA
NA	NA	NA	NA	NA	NA	NA	NA	NA	NA	NA	NA	NA	NA	NA	NA
NA	NA	NA	NA	NA	NA	NA	NA	NA	NA	NA	NA	NA	NA	NA	NA
NA	NA	NA	NA	NA	NA	NA	NA	NA	NA	NA	NA	NA	NA	NA	NA
NA	NA	NA	NA	NA	NA	NA	NA	NA	NA	NA	NA	NA	NA	NA	NA
NA	NA	NA	NA	NA	NA	NA	NA	NA	NA	NA	NA	NA	NA	NA	NA
NA	NA	NA	NA	NA	NA	NA	NA	NA	NA	NA	NA	NA	NA	NA	NA
NA	NA	NA	NA	NA	NA	NA	NA	NA	NA	NA	NA	NA	NA	NA	NA
NA	NA	NA	NA	NA	NA	NA	NA	NA	NA	NA	NA	NA	NA	NA	NA
NA	NA	NA	NA	NA	NA	NA	NA	NA	NA	NA	NA	NA	NA	NA	NA
NA	NA	NA	NA	NA	NA	NA	NA	NA	NA	NA	NA	NA	NA	NA	NA
NA	NA	NA	NA	NA	NA	NA	NA	NA	NA	NA	NA	NA	NA	NA	NA
NA	NA	NA	NA	NA	NA	NA	NA	NA	NA	NA	NA	NA	NA	NA	NA
NA	NA	NA	NA	NA	NA	NA	NA	NA	NA	NA	NA	NA	NA	NA	NA
NA	NA	NA	NA	NA	NA	NA	NA	NA	NA	NA	NA	NA	NA	NA	NA
NA	NA	NA	NA	NA	NA	NA	NA	NA	NA	NA	NA	NA	NA	NA	NA
NA	NA	NA	NA	NA	NA	NA	NA	NA	NA	NA	NA	NA	NA	NA	NA
NA	NA	NA	NA	NA	NA	NA	NA	NA	NA	NA	NA	NA	NA	NA	NA
NA	NA	NA	NA	NA	NA	NA	NA	NA	NA	NA	NA	NA	NA	NA	NA
NA	NA	NA	NA	NA	NA	NA	NA	NA	NA	NA	NA	NA	NA	NA	NA
NA	NA	NA	NA	NA	NA	NA	NA	NA	NA	NA	NA	NA	NA	NA	NA
NA	NA	NA	NA	NA	NA	NA	NA	NA	NA	NA	NA	NA	NA	NA	NA
NA	NA	NA	NA	NA	NA	NA	NA	NA	NA	NA	NA	NA	NA	NA	NA
NA	NA	NA	NA	NA	NA	NA	NA	NA	NA	NA	NA	NA	NA	NA	NA
NA	NA	NA	NA	NA	NA	NA	NA	NA	NA	NA	NA	NA	NA	NA	NA
NA	NA	NA	NA	NA	NA	NA	NA	NA	NA	NA	NA	NA	NA	NA	NA
NA	NA	NA	NA	NA	NA	NA	NA	NA	NA	NA	NA	NA	NA	NA	NA
NA	NA	NA	NA	NA	NA	NA	NA	NA	NA	NA	NA	NA	NA	NA	NA
NA	NA	NA	NA	NA	NA	NA	NA	NA	NA	NA	NA	NA	NA	NA	NA
NA	NA	NA	NA	NA	NA	NA	NA	NA	NA	NA	NA	NA	NA	NA	NA
NA	NA	NA	NA	NA	NA	NA	NA	NA	NA	NA	NA	NA	NA	NA	NA
NA	NA	NA	NA	NA	NA	NA	NA	NA	NA	NA	NA	NA	NA	NA	NA
NA	NA	NA	NA	NA	NA	NA	NA	NA	NA	NA	NA	NA	NA	NA	NA
NA	NA	NA	NA	NA	NA	NA	NA	NA	NA	NA	NA	NA	NA	NA	NA
NA	NA	NA	NA	NA	NA	NA	NA	NA	NA	NA	NA	NA	NA	NA	NA
NA	NA	NA	NA	NA	NA	NA	NA	NA	NA	NA	NA	NA	NA	NA	NA
NA	NA	NA	NA	NA	NA	NA	NA	NA	NA	NA	NA	NA	NA	NA	NA
NA	NA	NA	NA	NA	NA	NA	NA	NA	NA	NA	NA	NA	NA	NA	NA
NA	NA	NA	NA	NA	NA	NA	NA	NA	NA	NA	NA	NA	NA	NA	NA
NA	NA	NA	NA	NA	NA	NA	NA	NA	NA	NA	NA	NA	NA	NA	NA
NA	NA	NA	NA	NA	NA	NA	NA	NA	NA	NA	NA	NA	NA	NA	NA
NA	NA	NA	NA	NA	NA	NA	NA	NA	NA	NA	NA	NA	NA	NA	NA
NA	NA	NA	NA	NA	NA	NA	NA	NA	NA	NA	NA	NA	NA	NA	NA
NA	NA	NA	NA	NA	NA	NA	NA	NA	NA	NA	NA	NA	NA	NA	NA
NA	NA	NA	NA	NA	NA	NA	NA	NA	NA	NA	NA	NA	NA	NA	NA
NA	NA	NA	NA	NA	NA	NA	NA	NA	NA	NA	NA	NA	NA	NA	NA
NA	NA	NA	NA	NA	NA	NA	NA	NA	NA	NA	NA	NA	NA	NA	NA
NA	NA	NA	NA	NA	NA	NA	NA	NA	NA	NA	NA	NA	NA	NA	NA
NA	NA	NA	NA	NA	NA	NA	NA	NA	NA	NA	NA	NA	NA	NA	NA
NA	NA	NA	NA	NA	NA	NA	NA	NA	NA	NA	NA	NA	NA	NA	NA
NA	NA	NA	NA	NA	NA	NA	NA	NA	NA	NA	NA	NA	NA	NA	NA
NA	NA	NA	NA	NA	NA	NA	NA	NA	NA	NA	NA	NA	NA	NA	NA
NA	NA	NA	NA	NA	NA	NA	NA	NA	NA	NA	NA	NA	NA	NA	NA
NA	NA	NA	NA	NA	NA	NA	NA	NA	NA	NA	NA	NA	NA	NA	NA
NA	NA	NA	NA	NA	NA	NA	NA	NA	NA	NA	NA	NA	NA	NA	NA
NA	NA	NA	NA	NA	NA	NA	NA	NA	NA	NA	NA	NA	NA	NA	NA
NA	NA	NA	NA	NA	NA	NA	NA	NA	NA	NA	NA	NA	NA	NA	NA
NA	NA	NA	NA	NA	NA	NA	NA	NA	NA	NA	NA	NA	NA	NA	NA
NA	NA	NA	NA	NA	NA	NA	NA	NA	NA	NA	NA	NA	NA	NA	NA
NA	NA	NA	NA	NA	NA	NA	NA	NA	NA	NA	NA	NA	NA	NA	NA
NA	NA	NA	NA	NA	NA	NA	NA	NA	NA	NA	NA	NA	NA	NA	NA
NA	NA	NA	NA	NA	NA	NA	NA	NA	NA	NA	NA	NA	NA	NA	NA
NA	NA	NA	NA	NA	NA	NA	NA	NA	NA	NA	NA	NA	NA	NA	NA
NA	NA	NA	NA	NA	NA	NA	NA	NA	NA	NA	NA	NA	NA	NA	NA
NA	NA	NA	NA	NA	NA	NA	NA	NA	NA	NA	NA	NA	NA	NA	NA
NA	NA	NA	NA	NA	NA	NA	NA	NA	NA	NA	NA	NA	NA	NA	NA
NA	NA	NA	NA	NA	NA	NA	NA	NA	NA	NA	NA	NA	NA	NA	NA
NA	NA	NA	NA	NA	NA	NA	NA	NA	NA	NA	NA	NA	NA	NA	NA
NA	NA	NA	NA	NA	NA	NA	NA	NA	NA	NA	NA	NA	NA	NA	NA
NA	NA	NA	NA	NA	NA	NA	NA	NA	NA	NA	NA	NA	NA	NA	NA
NA	NA	NA	NA	NA	NA	NA	NA	NA	NA	NA	NA	NA	NA	NA	NA
NA	NA	NA	NA	NA	NA	NA	NA	NA	NA	NA	NA	NA	NA	NA	NA
NA	NA	NA	NA	NA	NA	NA	NA	NA	NA	NA	NA	NA	NA	NA	NA
NA	NA	NA	NA	NA	NA	NA	NA	NA	NA	NA	NA	NA	NA	NA	NA
NA	NA	NA	NA	NA	NA	NA	NA	NA	NA	NA	NA	NA	NA	NA	NA
NA	NA	NA	NA	NA	NA	NA	NA	NA	NA	NA	NA	NA	NA	NA	NA
NA	NA	NA	NA	NA	NA	NA	NA	NA	NA	NA	NA	NA	NA	NA	NA
NA	NA	NA	NA	NA	NA	NA	NA	NA	NA	NA	NA	NA	NA	NA	NA
NA	NA	NA	NA	NA	NA	NA	NA	NA	NA	NA	NA	NA	NA	NA	NA
NA	NA	NA	NA	NA	NA	NA	NA	NA	NA	NA	NA	NA	NA	NA	NA
NA	NA	NA	NA	NA	NA	NA	NA	NA	NA	NA	NA	NA	NA	NA	NA
NA	NA	NA	NA	NA	NA	NA	NA	NA	NA	NA	NA	NA	NA	NA	NA
NA	NA	NA	NA	NA	NA	NA	NA	NA	NA	NA	NA	NA	NA	NA	NA
NA	NA	NA	NA	NA	NA	NA	NA	NA	NA	NA	NA	NA	NA	NA	NA
NA	NA	NA	NA	NA	NA	NA	NA	NA	NA	NA	NA	NA	NA	NA	NA
NA	NA	NA	NA	NA	NA	NA	NA	NA	NA	NA	NA	NA	NA	NA	NA
NA	NA	NA	NA	NA	NA	NA	NA	NA	NA	NA	NA	NA	NA	NA	NA
NA	NA	NA	NA	NA	NA	NA	NA	NA	NA	NA	NA	NA	NA	NA	NA
NA	NA	NA	NA	NA	NA	NA	NA	NA	NA	NA	NA	NA	NA	NA	NA
NA	NA	NA	NA	NA	NA	NA	NA	NA	NA	NA	NA	NA	NA	NA	NA
NA	NA	NA	NA	NA	NA	NA	NA	NA	NA	NA	NA	NA	NA	NA	NA
NA	NA	NA	NA	NA	NA	NA	NA	NA	NA	NA	NA	NA	NA	NA	NA
NA	NA	NA	NA	NA	NA	NA	NA	NA	NA	NA	NA	NA	NA	NA	NA
NA	NA	NA	NA	NA	NA	NA	NA	NA	NA	NA	NA	NA	NA	NA	NA
NA	NA	NA	NA	NA	NA	NA	NA	NA	NA	NA	NA	NA	NA	NA	NA
NA	NA	NA	NA	NA	NA	NA	NA	NA	NA	NA	NA	NA	NA	NA	NA
NA	NA	NA	NA	NA	NA	NA	NA	NA	NA	NA	NA	NA	NA	NA	NA
NA	NA	NA	NA	NA	NA	NA	NA	NA	NA	NA	NA	NA	NA	NA	NA
NA	NA	NA	NA	NA	NA	NA	NA	NA	NA	NA	NA	NA	NA	NA	NA
NA	NA	NA	NA	NA	NA	NA	NA	NA	NA	NA	NA	NA	NA	NA	NA
NA	NA	NA	NA	NA	NA	NA	NA	NA	NA	NA	NA	NA	NA	NA	NA
NA	NA	NA	NA	NA	NA	NA	NA	NA	NA	NA	NA	NA	NA	NA	NA
NA	NA	NA	NA	NA	NA	NA	NA	NA	NA	NA	NA	NA	NA	NA	NA
NA	NA	NA	NA	NA	NA	NA	NA	NA	NA	NA	NA	NA	NA	NA	NA
NA	NA	NA	NA	NA	NA	NA	NA	NA	NA	NA	NA	NA	NA	NA	NA
NA	NA	NA	NA	NA	NA	NA	NA	NA	NA	NA	NA	NA	NA	NA	NA
NA	NA	NA	NA	NA	NA	NA	NA	NA	NA	NA	NA	NA	NA	NA	NA
NA	NA	NA	NA	NA	NA	NA	NA	NA	NA	NA	NA	NA	NA	NA	NA
NA	NA	NA	NA	NA	NA	NA	NA	NA	NA	NA	NA	NA	NA	NA	NA
NA	NA	NA	NA	NA	NA	NA	NA	NA	NA	NA	NA	NA	NA	NA	NA
NA	NA	NA	NA	NA	NA	NA	NA	NA	NA	NA	NA	NA	NA	NA	NA
NA	NA	NA	NA	NA	NA	NA	NA	NA	NA	NA	NA	NA	NA	NA	NA
NA	NA	NA	NA	NA	NA	NA	NA	NA	NA	NA	NA	NA	NA	NA	NA
NA	NA	NA	NA	NA	NA	NA	NA	NA	NA	NA	NA	NA	NA	NA	NA
NA	NA	NA	NA	NA	NA	NA	NA	NA	NA	NA	NA	NA	NA	NA	NA
NA	NA	NA	NA	NA	NA	NA	NA	NA	NA	NA	NA	NA	NA	NA	NA
NA	NA	NA	NA	NA	NA	NA	NA	NA	NA	NA	NA	NA	NA	NA	NA
NA	NA	NA	NA	NA	NA	NA	NA	NA	NA	NA	NA	NA	NA	NA	NA
NA	NA	NA	NA	NA	NA	NA	NA	NA	NA	NA	NA	NA	NA	NA	NA
NA	NA	NA	NA	NA	NA	NA	NA	NA	NA	NA	NA	NA	NA	NA	NA
NA	NA	NA	NA	NA	NA	NA	NA	NA	NA	NA	NA	NA	NA	NA	NA
NA	NA	NA	NA	NA	NA	NA	NA	NA	NA	NA	NA	NA	NA	NA	NA
NA	NA	NA	NA	NA	NA	NA	NA	NA	NA	NA	NA	NA	NA	NA	NA
NA	NA	NA	NA	NA	NA	NA	NA	NA	NA	NA	NA	NA	NA	NA	NA
NA	NA	NA	NA	NA	NA	NA	NA	NA	NA	NA	NA	NA	NA	NA	NA
NA	NA	NA	NA	NA	NA	NA	NA	NA	NA	NA	NA	NA	NA	NA	NA
NA	NA	NA	NA	NA	NA	NA	NA	NA	NA	NA	NA	NA	NA	NA	NA
NA	NA	NA	NA	NA	NA	NA	NA	NA	NA	NA	NA	NA	NA	NA	NA
NA	NA	NA	NA	NA	NA	NA	NA	NA	NA	NA	NA	NA	NA	NA	NA
NA	NA	NA	NA	NA	NA	NA	NA	NA	NA	NA	NA	NA	NA	NA	NA
NA	NA	NA	NA	NA	NA	NA	NA	NA	NA	NA	NA	NA	NA	NA	NA
NA	NA	NA	NA	NA	NA	NA	NA	NA	NA	NA	NA	NA	NA	NA	NA
NA	NA	NA	NA	NA	NA	NA	NA	NA	NA	NA	NA	NA	NA	NA	NA
NA	NA	NA	NA	NA	NA	NA	NA	NA	NA	NA	NA	NA	NA	NA	NA
NA	NA	NA	NA	NA	NA	NA	NA	NA	NA	NA	NA	NA	NA	NA	NA
NA	NA	NA	NA	NA	NA	NA	NA	NA	NA	NA	NA	NA	NA	NA	NA
NA	NA	NA	NA	NA	NA	NA	NA	NA	NA	NA	NA	NA	NA	NA	NA
NA	NA	NA	NA	NA	NA	NA	NA	NA	NA	NA	NA	NA	NA	NA	NA
NA	NA	NA	NA	NA	NA	NA	NA	NA	NA	NA	NA	NA	NA	NA	NA
NA	NA	NA	NA	NA	NA	NA	NA	NA	NA	NA	NA	NA	NA	NA	NA
NA	NA	NA	NA	NA	NA	NA	NA	NA	NA	NA	NA	NA	NA	NA	NA
NA	NA	NA	NA	NA	NA	NA	NA	NA	NA	NA	NA	NA	NA	NA	NA
NA	NA	NA	NA	NA	NA	NA	NA	NA	NA	NA	NA	NA	NA	NA	NA
NA	NA	NA	NA	NA	NA	NA	NA	NA	NA	NA	NA	NA	NA	NA	NA
NA	NA	NA	NA	NA	NA	NA	NA	NA	NA	NA	NA	NA	NA	NA	NA
NA	NA	NA	NA	NA	NA	NA	NA	NA	NA	NA	NA	NA	NA	NA	NA
NA	NA	NA	NA	NA	NA	NA	NA	NA	NA	NA	NA	NA	NA	NA	NA
NA	NA	NA	NA	NA	NA	NA	NA	NA	NA	NA	NA	NA	NA	NA	NA
NA	NA	NA	NA	NA	NA	NA	NA	NA	NA	NA	NA	NA	NA	NA	NA
NA	NA	NA	NA	NA	NA	NA	NA	NA	NA	NA	NA	NA	NA	NA	NA
NA	NA	NA	NA	NA	NA	NA	NA	NA	NA	NA	NA	NA	NA	NA	NA
NA	NA	NA	NA	NA	NA	NA	NA	NA	NA	NA	NA	NA	NA	NA	NA
NA	NA	NA	NA	NA	NA	NA	NA	NA	NA	NA	NA	NA	NA	NA	NA
NA	NA	NA	NA	NA	NA	NA	NA	NA	NA	NA	NA	NA	NA	NA	NA
NA	NA	NA	NA	NA	NA	NA	NA	NA	NA	NA	NA	NA	NA	NA	NA
NA	NA	NA	NA	NA	NA	NA	NA	NA	NA	NA	NA	NA	NA	NA	NA
NA	NA	NA	NA	NA	NA	NA	NA	NA	NA	NA	NA	NA	NA	NA	NA
NA	NA	NA	NA	NA	NA	NA	NA	NA	NA	NA	NA	NA	NA	NA	NA
NA	NA	NA	NA	NA	NA	NA	NA	NA	NA	NA	NA	NA	NA	NA	NA
NA	NA	NA	NA	NA	NA	NA	NA	NA	NA	NA	NA	NA	NA	NA	NA
NA	NA	NA	NA	NA	NA	NA	NA	NA	NA	NA	NA	NA	NA	NA	NA
NA	NA	NA	NA	NA	NA	NA	NA	NA	NA	NA	NA	NA	NA	NA	NA
NA	NA	NA	NA	NA	NA	NA	NA	NA	NA	NA	NA	NA	NA	NA	NA
NA	NA	NA	NA	NA	NA	NA	NA	NA	NA	NA	NA	NA	NA	NA	NA
NA	NA	NA	NA	NA	NA	NA	NA	NA	NA	NA	NA	NA	NA	NA	NA
NA	NA	NA	NA	NA	NA	NA	NA	NA	NA	NA	NA	NA	NA	NA	NA
NA	NA	NA	NA	NA	NA	NA	NA	NA	NA	NA	NA	NA	NA	NA	NA
NA	NA	NA	NA	NA	NA	NA	NA	NA	NA	NA	NA	NA	NA	NA	NA
NA	NA	NA	NA	NA	NA	NA	NA	NA	NA	NA	NA	NA	NA	NA	NA
NA	NA	NA	NA	NA	NA	NA	NA	NA	NA	NA	NA	NA	NA	NA	NA
NA	NA	NA	NA	NA	NA	NA	NA	NA	NA	NA	NA	NA	NA	NA	NA
NA	NA	NA	NA	NA	NA	NA	NA	NA	NA	NA	NA	NA	NA	NA	NA
NA	NA	NA	NA	NA	NA	NA	NA	NA	NA	NA	NA	NA	NA	NA	NA
NA	NA	NA	NA	NA	NA	NA	NA	NA	NA	NA	NA	NA	NA	NA	NA
NA	NA	NA	NA	NA	NA	NA	NA	NA	NA	NA	NA	NA	NA	NA	NA
NA	NA	NA	NA	NA	NA	NA	NA	NA	NA	NA	NA	NA	NA	NA	NA
NA	NA	NA	NA	NA	NA	NA	NA	NA	NA	NA	NA	NA	NA	NA	NA
NA	NA	NA	NA	NA	NA	NA	NA	NA	NA	NA	NA	NA	NA	NA	NA
NA	NA	NA	NA	NA	NA	NA	NA	NA	NA	NA	NA	NA	NA	NA	NA
NA	NA	NA	NA	NA	NA	NA	NA	NA	NA	NA	NA	NA	NA	NA	NA
NA	NA	NA	NA	NA	NA	NA	NA	NA	NA	NA	NA	NA	NA	NA	NA
NA	NA	NA	NA	NA	NA	NA	NA	NA	NA	NA	NA	NA	NA	NA	NA
2.26801523052147	0.234970698425013	1.80747266160845	2.7285577994345	2.22955183914346	0.174721149412272	1.8870983862954	2.57200529199151	2.22955183914346	0.234970698425013	1.75755388157801	2.67319214785228	2.22663107160942	0.223563275648736	1.78810632441725	2.66515581880159
1.80728761383733	0.236459233396216	1.34382751638075	2.27074771129392	1.77287216372977	0.199556723641864	1.38174098539171	2.16400334206782	1.77287216372977	0.236459233396216	1.33039566587842	2.24774569047283	1.77794952537335	0.219414454863462	1.34759928392042	2.20829976682628
2.16000209666744	0.231596798860538	1.70607237090078	2.61393182243409	1.99792060766157	0.178874396911862	1.64732678971432	2.34851442560882	1.99792060766157	0.231596798860538	1.56136541757702	2.3875701595632	1.99872802199845	0.218235240258129	1.57068172412451	2.42677431987238
1.7961200812417	0.221655084288513	1.36167611603621	2.23056404644718	1.75191995768622	0.170567570951533	1.41760751862122	2.08623239675123	1.75191995768622	0.221655084288513	1.34480101123362	2.16082224473921	1.75642926342147	0.210929043921555	1.3427324937561	2.17012603308684
2.07512694166142	0.243129420189319	1.59859327809035	2.55166060523248	2.11884006382474	0.204140469059667	1.71872474446779	2.51895538318169	2.11884006382474	0.243129420189319	1.66574827075765	2.57933889834238	2.11764268541491	0.229913043316819	1.66668466601407	2.56860070481576
1.69859720591414	0.218496104063321	1.27034484195003	2.12684956987825	1.82016768601106	0.165610826633636	1.49557046580913	2.14476490621298	1.82016768601106	0.218496104063321	1.35118911895899	2.2263031116831	1.81575977215908	0.213534783759177	1.39695214797655	2.2345673963416
2.10566543483517	0.207734768270587	1.69850528902482	2.51282558064552	2.14557546535706	0.168847885069721	1.81463361062041	2.47651732009371	2.14557546535706	0.207734768270587	1.77076421275129	2.57279476189201	2.14669652873875	0.196557420785003	1.76121087373306	2.53218218374445
1.80127277326906	0.260741780068687	1.29021888433443	2.31232666220369	1.8195991427383	0.212995012065917	1.4021289190891	2.2370693663875	1.8195991427383	0.260741780068687	1.27216364027105	2.31410621735426	1.82571676465828	0.239047877611129	1.35683698670024	2.29459654261632
2.15013820049481	0.22865525699931	1.70197389677616	2.59830250421346	2.06564604889849	0.179344761049072	1.7141303172423	2.41716178055467	2.06564604889849	0.22865525699931	1.64953107628252	2.48930294960121	2.06390818450731	0.207748356020481	1.65644877840968	2.47136759060494
2.22992854916048	0.300688885355555	1.6405783338636	2.81927876445737	2.06020778938979	0.248583421076004	1.57298428408082	2.54743129469875	2.06020778938979	0.300688885355555	1.49509444461998	2.72697802416082	2.05626123984984	0.271011967491416	1.52464615991593	2.58787631978376
1.82096647131445	0.323119923785073	1.1876514206957	2.45428152193319	2.04558025658839	0.228858781006164	1.59701704581631	2.49414346736047	2.04558025658839	0.323119923785073	1.39455751290417	2.6227116038392	2.04095712996563	0.316406407845591	1.42023714447798	2.66167711545328
2.48689501779772	0.300939656264688	1.89705329151893	3.0767367440765	2.23580382306789	0.245833969250111	1.75396924333767	2.7176384027981	2.23580382306789	0.300939656264688	1.67638206565165	2.82597761360187	2.23911504720664	0.282681087314104	1.684583142751	2.79364695166227
2.0483006658851	0.265373645317016	1.52816832106374	2.56843301070645	2.0194523165057	0.206778799027109	1.61416587041257	2.42473876259883	2.0194523165057	0.265373645317016	1.50835183880265	2.51864881264858	2.02842416868242	0.244279463145944	1.5492535245419	2.50759481282293
2.0842932059622	0.239989644089028	1.61391350354771	2.5546729083767	2.11698625749582	0.192710689190963	1.73927330668153	2.4946992083101	2.11698625749582	0.239989644089028	1.65299672756101	2.63055010791531	2.11627891998464	0.219803096609552	1.68516894987367	2.5473888900956
1.82096771272975	0.278961715059032	1.27420275121405	2.36773267424546	1.73848833920386	0.1968730117346	1.35261723620404	2.12435944220368	1.73848833920386	0.278961715059032	1.17146264974595	2.29281753514458	1.73813181057419	0.267834493465486	1.21271967007669	2.26354395107169
2.31523636900392	0.351745003178493	1.62581616277407	3.00465657523377	2.27921739191584	0.240686784181286	1.80747129492052	2.75096348891116	2.27921739191584	0.351745003178493	1.55123593676572	2.92376044846989	2.27799487623293	0.339715469946432	1.61152830803291	2.94446144443296
1.99040581244729	0.273430289260439	1.45448244549683	2.52632917939775	1.90619131052464	0.191407748240795	1.53103212397268	2.2813504970766	1.90619131052464	0.273430289260439	1.36306862403527	2.39445093342286	1.91533749144792	0.258699455873144	1.4078512456321	2.42282373726374
1.89638905451551	0.326553084774765	1.25634500835697	2.53643310067405	1.82525414612602	0.256769989725035	1.32198496626495	2.32852332598708	1.82525414612602	0.326553084774765	1.0779001772393	2.4192819632008	1.83439919081557	0.303557181068969	1.23890606595305	2.42989231567809
2.05207278899646	0.389629296568965	1.28839936772129	2.81574621027163	2.06585890755391	0.251829908407262	1.57227228707567	2.55944552803214	2.06585890755391	0.389629296568965	1.28138436974656	2.77383171303013	2.0740817652013	0.388488258199689	1.31189642073204	2.83626710967057
1.80474403133763	0.235365536282348	1.34342758022423	2.26606048245104	1.78208604673971	0.189703394630493	1.41026739326394	2.15390470021547	1.78208604673971	0.235365536282348	1.33573666570059	2.22795016522932	1.7827817381797	0.21946788838631	1.35232454467153	2.21323893168787
1.7719284060504	0.320661431838193	1.14343199964754	2.40042481245326	1.81739312051398	0.235613719032949	1.3555902312094	2.27919600981856	1.81739312051398	0.320661431838193	1.21290364315057	2.44176753652227	1.83243405824258	0.300188807366031	1.24355832913793	2.42130978734723
1.97707372036874	0.32894574211166	1.33234006582989	2.6218073749076	1.94187225386525	0.252245426228704	1.44747121845699	2.43627328927351	1.94187225386525	0.32894574211166	1.3595605819626	2.58196571211434	1.951914815921	0.303932919955051	1.35567169304195	2.54815793880005
1.94019205983725	0.296993867335685	1.3580840798593	2.52230003981519	1.8886723388613	0.228355616450241	1.44109533061883	2.33624934710378	1.8886723388613	0.296993867335685	1.28667981176162	2.41834334588681	1.88963185852395	0.279946684867327	1.34045653651226	2.43880718053564
1.75020738420559	0.28298796837602	1.19555096618859	2.30486380222259	1.71374837976349	0.228988167628778	1.26493157121109	2.1625651883159	1.71374837976349	0.28298796837602	1.1783699698273	2.29537970236325	1.72126569443928	0.264915129518691	1.20163147156005	2.24089991731852
1.97666676142773	0.268854609295699	1.44971172720816	2.5036217956473	2.04248786594539	0.224212843934859	1.60303069183307	2.48194504005771	2.04248786594539	0.268854609295699	1.52887058047772	2.56373981927335	2.04486891534843	0.243953061696253	1.56637907183219	2.52335875886467
2.32662128708489	0.285260220312776	1.76751125527184	2.88573131889793	2.1985941632408	0.231704912703188	1.74445253434255	2.65273579213905	2.1985941632408	0.285260220312776	1.633683217137	2.7232788151998	2.1983482694195	0.272139635967228	1.66450800837423	2.73218853046478
1.91599548000495	0.313258693502318	1.30200844074041	2.52998251926949	1.84127674404392	0.226263560054454	1.39780016633719	2.28475332175065	1.84127674404392	0.313258693502318	1.23918406409976	2.44804177364791	1.84012357138417	0.300167577392114	1.25125177183872	2.42899537092963
1.67649149593962	0.22001866593108	1.2452549107147	2.10772808116453	1.57657761213914	0.179975317444305	1.22382598994831	1.92932923432998	1.57657761213914	0.22001866593108	1.16597151710359	2.02271947917532	1.58170549888628	0.202008653284716	1.1855146253242	1.97789637244836
1.68387194273729	0.275333885397432	1.14421752735832	2.22352635811625	1.7805857752064	0.22426815010084	1.34102020100876	2.22015134940405	1.7805857752064	0.275333885397432	1.23681194016424	2.29629244129708	1.79454276025728	0.256031710651055	1.29233453756067	2.2967509829539
2.04485739769956	0.509071760302431	1.0470767475068	3.04263804789233	1.93515506760948	0.342048972195563	1.26473908210618	2.60557105311279	1.93515506760948	0.509071760302431	0.711670251783713	2.75855458493344	1.93713237091677	0.495408079942035	0.965106269860155	2.90915847197338
2.14761788873798	0.225499856607125	1.70563816978802	2.58959760768795	2.13876939100225	0.171809551325656	1.80202267040396	2.47551611160053	2.13876939100225	0.225499856607125	1.65385878768583	2.54686605154554	2.1433672446429	0.215167970119225	1.72132571838391	2.56540877090188
2.26448778856695	0.217593142650612	1.83800522897175	2.69097034816215	2.26038702414897	0.190327838374098	1.88734446093574	2.6334295873622	2.26038702414897	0.217593142650612	1.84723638815387	2.69554147745092	2.25740463210921	0.202805591600342	1.85966479160235	2.65514447261607
2.18150992028928	0.510166774201299	1.18158304285474	3.18143679772383	2.27433006799492	0.336565197909606	1.61466228009209	2.93399785589774	2.27433006799492	0.510166774201299	1.44122832884932	3.38236574418792	2.26826692963805	0.491143553315684	1.30461722360828	3.23191663566782
1.62576415612788	0.274478350344285	1.08778658945308	2.16374172280268	1.75791515744289	0.209448934315019	1.34739524618545	2.16843506870032	1.75791515744289	0.274478350344285	1.16152147886181	2.25658807321987	1.77276744035165	0.266278374854964	1.25040680669724	2.29512807400606
2.32117749023393	0.289493534399337	1.75377016281123	2.88858481765663	2.31147267876689	0.2046207542132	1.91041600050902	2.71252935702476	2.31147267876689	0.289493534399337	1.70565524525751	2.88615725247822	2.30758425253896	0.274586385243772	1.76895484636859	2.84621365870933
1.6634189813531	0.266237343201568	1.14159378867802	2.18524417402817	1.8090253324737	0.203754945273843	1.40966563973697	2.20838502521043	1.8090253324737	0.266237343201568	1.26726520590813	2.26811852108231	1.82178910128026	0.251822680607621	1.32781615894751	2.31576204361302
2.30022586151822	0.256706539861454	1.79708104338977	2.80337067964667	2.19836676258245	0.196815803957721	1.81260778682531	2.58412573833958	2.19836676258245	0.256706539861454	1.71937750467454	2.69194824606168	2.19788300213203	0.242669203577682	1.72188875277158	2.67387725149249
2.13430642584533	0.234267141680848	1.67514282815086	2.59347002353979	2.16061746366012	0.187764543377601	1.79259895864002	2.52863596868021	2.16061746366012	0.234267141680848	1.68384049844684	2.56495331592265	2.1608560729837	0.216457213172067	1.73631427262508	2.58539787334232
2.04787964177839	0.387130831746477	1.2891032115553	2.80665607200149	1.93545045942256	0.241212316971957	1.46267431815752	2.40822660068759	1.93545045942256	0.387130831746477	1.31004502190601	2.6477116314416	1.93480569274273	0.381490026837065	1.18632696275461	2.68328442273085
2.29030766712701	0.300163255862655	1.7019876856362	2.87862764861781	2.23084636347765	0.220098627983732	1.79945305262954	2.66223967432577	2.23084636347765	0.300163255862655	1.67101782538806	2.86731587758036	2.22883864846806	0.294219806523143	1.65166118612472	2.80601611081141
2.52180987888512	0.272932267177281	1.98686263521764	3.05675712255259	2.61533803128093	0.214163966982952	2.19557665599434	3.03509940656752	2.61533803128093	0.272932267177281	2.09449239899747	3.14548428863874	2.60666109201811	0.258630213676991	2.09933238823147	3.11398979580474
2.17507086147484	0.311411032242395	1.56470523827975	2.78543648466994	2.03602190202203	0.241131051634028	1.56340504081934	2.50863876322473	2.03602190202203	0.311411032242395	1.42319407286647	2.63578543950485	2.03415162117355	0.300802050107628	1.44407687195086	2.62422637039624
2.04162068946861	0.285814912480269	1.48142346100728	2.60181791792993	2.00192501312108	0.214310411898753	1.58187660579953	2.42197342044264	2.00192501312108	0.285814912480269	1.47044487179288	2.56535811019036	2.00313231457736	0.269672830053443	1.47412014283807	2.53214448631665
2.30623568063588	0.271008497363389	1.77505902580364	2.83741233546812	2.30859355681192	0.197793608707257	1.9209180837457	2.69626902987815	2.30859355681192	0.271008497363389	1.847758647017	2.84277967868138	2.31330037155266	0.264539290398183	1.79439303142981	2.83220771167551
2.05342060195915	0.264206756955389	1.53557535832659	2.57126584559171	2.06777812244895	0.196494647791064	1.68264861277846	2.45290763211943	2.06777812244895	0.264206756955389	1.50193080317691	2.58297075052081	2.07250523034331	0.253517507518038	1.57520203481674	2.56980842586988
1.94529358941967	0.272878417232671	1.41045189164364	2.48013528719571	1.74297675189108	0.227414283633597	1.29724475596923	2.18870874781293	1.74297675189108	0.272878417232671	1.21002440033975	2.29926806743336	1.74839592714608	0.251125614745601	1.25579282549035	2.24099902880181
1.81028372155084	0.243471279549324	1.33308001363416	2.28748742946751	1.83115256379157	0.190143208940865	1.45847187426748	2.20383325331567	1.83115256379157	0.243471279549324	1.37300261887497	2.29467950500861	1.83905419999406	0.226273170200324	1.39523465976972	2.28287374021839
2.04056257334895	0.253307056817857	1.54408074198595	2.53704440471195	2.04729527578854	0.172578121427226	1.70904215779118	2.38554839378591	2.04729527578854	0.253307056817857	1.5966425110982	2.57916069909139	2.04658900129656	0.244104582762406	1.56775332964913	2.52542467294399
1.89149398887552	0.27032352171756	1.36165988630911	2.42132809144194	1.84316629048681	0.228134068810271	1.39602351561868	2.29030906535494	1.84316629048681	0.27032352171756	1.24740901925694	2.32237527376314	1.85172997895638	0.249761698364835	1.36180764212421	2.34165231578856
2.28359923973138	0.285783440320284	1.72346369670362	2.84373478275914	2.21090551703894	0.212673526439024	1.79406540521846	2.62774562885943	2.21090551703894	0.285783440320284	1.65618971193045	2.81820673689691	2.21438607737312	0.277772013209063	1.66948770603994	2.7592844487063
2.02965343899915	0.233153903655934	1.57267178783352	2.48663509016478	2.06959570059029	0.187583489321471	1.70193206152021	2.43725933966037	2.06959570059029	0.233153903655934	1.63703979090163	2.5345651353321	2.0722748176148	0.220275058462189	1.64023518600536	2.50431444922424
2.08299999740784	0.217841583045029	1.65603049463958	2.5099695001761	2.11043306602217	0.182867424491942	1.75201291401797	2.46885321802638	2.11043306602217	0.217841583045029	1.67923411607075	2.52345211657375	2.10513830931921	0.205958920337784	1.70117908135208	2.50909753728634
2.05845991688945	0.211772076320962	1.64338664730037	2.47353318647854	2.06662325899884	0.161958099756562	1.74918538347598	2.3840611345217	2.06662325899884	0.211772076320962	1.64755451361947	2.47242077981488	2.07301252853232	0.210630468470625	1.65988865177668	2.48613640528797
2.13026935017165	0.261749403850276	1.6172405186251	2.64329818171819	2.12422971684625	0.211548188919411	1.7095952665642	2.53886416712829	2.12422971684625	0.261749403850276	1.66281899164981	2.63554600650478	2.12044674759956	0.236458363800302	1.65664401347201	2.58424948172711
2.33643238415596	0.235227809562056	1.87538587741433	2.79747889089759	2.18583111855619	0.189805155111196	1.81381301453825	2.55784922257414	2.18583111855619	0.235227809562056	1.73546492903242	2.72655234306308	2.1958515504708	0.223350215392962	1.75778421491344	2.63391888602815
1.88783348521757	0.257289900843266	1.38354527956477	2.39212169087037	1.84860083576033	0.193104137209506	1.47011672682969	2.22708494469096	1.84860083576033	0.257289900843266	1.35221637670429	2.35652806378765	1.85833204355366	0.245756392991405	1.37626060921093	2.34040347789639
1.9764040499987	0.231649633817848	1.52237076771572	2.43043733228168	1.91575468458218	0.175767051018048	1.5712512645868	2.26025810457755	1.91575468458218	0.231649633817848	1.47399158454278	2.34630392923244	1.92418622038673	0.218271685215438	1.49604631731487	2.35232612345858
2.2899061997701	0.297804909960362	1.70620857624779	2.8736038232924	2.34936956925011	0.223222048404682	1.91185435437693	2.78688478412328	2.34936956925011	0.297804909960362	1.76765971018364	2.93938221459731	2.34145339081901	0.286995510001446	1.77845963685005	2.90444714478798
1.78814297381319	0.303372081212715	1.19353369463627	2.38275225299011	1.81826166140465	0.245292177677663	1.33748899315643	2.29903432965287	1.81826166140465	0.303372081212715	1.27712044491919	2.49590909751845	1.81820588633205	0.282380936516863	1.26426601530502	2.37214575735908
1.84345661078105	0.356640236570089	1.14444174710368	2.54247147445843	1.92468064281662	0.250174086651521	1.43433943297964	2.41502185265361	1.92468064281662	0.356640236570089	1.20946418916314	2.49319231823645	1.91987774299595	0.335033586327431	1.26259381461633	2.57716167137558
1.5302241556026	0.27099295568249	0.999077962464916	2.06137034874028	1.54717757957101	0.209361984610447	1.13682808973454	1.95752706940749	1.54717757957101	0.27099295568249	1.02097698735851	2.0659742936189	1.56713753555601	0.261074880955546	1.05504321280989	2.07923185830213
1.89602280779448	0.261619141746329	1.38324928997168	2.40879632561729	1.7841853071612	0.217296446613898	1.35828427179796	2.21008634252444	1.7841853071612	0.261619141746329	1.25967797205637	2.24370824515207	1.7930713894369	0.242579173043968	1.31728114783151	2.2688616310423
2.14634201098615	0.281363007520343	1.59487051624628	2.69781350572602	2.01147719751704	0.211132148810728	1.59765818584801	2.42529620918607	2.01147719751704	0.281363007520343	1.46828562566627	2.51540180596393	2.0188565147797	0.255140670535763	1.51837066728562	2.51934236227377
2.1385538509155	0.24973167194759	1.64907977389822	2.62802792793277	2.16145268235201	0.173238287756443	1.82190563834938	2.50099972635464	2.16145268235201	0.24973167194759	1.68891501670139	2.6278704274134	2.15843451485535	0.238392820127345	1.69079775420524	2.62607127550545
2.26370736060577	0.23542392054314	1.80227647634121	2.72513824487032	1.98240862867466	0.187834694410614	1.61425262762985	2.35056462971946	1.98240862867466	0.23542392054314	1.55797291615572	2.43242694899239	1.99663964386177	0.21307000709033	1.5787234094995	2.41455587822403
2.10435121919284	0.270693163665997	1.57379261840748	2.63490981997819	2.11699597993514	0.203064423229809	1.71898971040472	2.51500224946557	2.11699597993514	0.270693163665997	1.65808996182772	2.70603078289037	2.11825757212623	0.253672236733091	1.62066585809388	2.61584928615858
2.03750490423965	0.263944794622554	1.52017310677944	2.55483670169986	2.23666407322988	0.185585309319713	1.87291686696324	2.60041127949652	2.23666407322988	0.263944794622554	1.67045634274933	2.76288170404588	2.24182991125525	0.255624820615389	1.74037350109599	2.74328632141451
2.0776044359723	0.36486480023578	1.36246942751018	2.79273944443443	2.02445775276364	0.2892274560581	1.45757193888976	2.59134356663751	2.02445775276364	0.36486480023578	1.39546176698284	2.75738058791554	2.01939838839158	0.34457054303986	1.34341170563888	2.69538507114429
2.21514115999889	0.455076795450014	1.32319064091686	3.10709167908091	2.14567163593136	0.34098666919618	1.47733776430685	2.81400550755587	2.14567163593136	0.455076795450014	1.32975997318185	3.08165612996303	2.14769893175454	0.433469567806529	1.29727164551604	2.99812621799304
1.87636557012323	0.326318454619782	1.23678139906846	2.515949741178	1.80436692156518	0.239374232504878	1.33519342585562	2.27354041727474	1.80436692156518	0.326318454619782	1.22836921080423	2.46827323229707	1.8145799655517	0.310819657916755	1.20483466610075	2.42432526500265
2.00229622209229	0.258767219138246	1.49511247258133	2.50947997160325	2.08622423184534	0.208922683605314	1.67673577197892	2.49571269171175	2.08622423184534	0.258767219138246	1.62153835423123	2.61240767245403	2.08490624519308	0.246957231464401	1.60052016580506	2.56929232458109
1.80048164220305	0.267487225742175	1.27620667974839	2.32475660465772	1.87548202239919	0.212916073234761	1.45816651885906	2.29279752593932	1.87548202239919	0.267487225742175	1.32881313300873	2.43417265323171	1.88425970299973	0.245042204972255	1.4036201472536	2.36489925874586
1.96265456170164	0.307181312573343	1.36057918905788	2.56472993434539	2.0021126899822	0.189722182743274	1.63025721180538	2.37396816815902	2.0021126899822	0.307181312573343	1.44392358907207	2.62590246029131	1.99516122805992	0.301741943178392	1.4032102404809	2.58711221563894
1.93629300900661	0.336575691544482	1.27660465357942	2.59598136443379	2.0281023907237	0.24061078842794	1.55650524540494	2.49969953604246	2.0281023907237	0.336575691544482	1.42509137442806	2.78020133282824	2.02852726460972	0.316528744199115	1.40754760748692	2.64950692173251
2.23702518418854	0.215387258197031	1.81486615812236	2.65918421025472	2.26015431671701	0.160359597616416	1.94584950538883	2.57445912804518	2.26015431671701	0.215387258197031	1.85099929080809	2.70083920163444	2.25835531775458	0.213283338510972	1.8400137726817	2.67669686282745
1.88192794358542	0.294185870270855	1.30532363785455	2.4585322493163	1.81489238159712	0.218575609467743	1.38648418704034	2.24330057615389	1.81489238159712	0.294185870270855	1.23460867090117	2.36057412747165	1.82653547574225	0.281790426611679	1.27375346702266	2.37931748446185
1.87043004298675	0.212350197885742	1.4542236551307	2.2866364308428	1.88649526169733	0.169593335077196	1.55409232494603	2.21889819844864	1.88649526169733	0.212350197885742	1.49805764222428	2.31710400457017	1.89552338349447	0.203363710274903	1.49667147598836	2.29437529100058
1.681076639412	0.277271434569965	1.13762462765487	2.22452865116913	1.77947356562947	0.228591506906836	1.33143421209207	2.22751291916687	1.77947356562947	0.277271434569965	1.17822711262001	2.30954907288117	1.78727310870479	0.249973296910715	1.29696473964708	2.27758147776249
1.70790974356019	0.328234414006909	1.06457029210665	2.35124919501373	1.71290844928689	0.236760369168946	1.24885812571576	2.17695877285803	1.71290844928689	0.328234414006909	1.04387751272519	2.33936484754835	1.7139833044883	0.305634352949925	1.11439351931777	2.31357308965883
2.06393467702285	0.232966607564519	1.60732012619639	2.52054922784931	2.08170332262719	0.170083670512296	1.74833932842309	2.41506731683129	2.08170332262719	0.232966607564519	1.63870854414874	2.53024039380533	2.08486259591836	0.220917362244943	1.65153544274786	2.51818974908887
1.9468838314286	0.227079236073584	1.50180852872438	2.39195913413283	1.84053509277493	0.169475206183738	1.50836368865481	2.17270649689506	1.84053509277493	0.227079236073584	1.39447099073899	2.26820939007286	1.84084581252789	0.219756358504677	1.40981018380808	2.27188144124771
1.74006619676496	0.283093691206313	1.18520256200058	2.29492983152933	1.76066629215367	0.216207722004616	1.33689915702463	2.18443342728272	1.76066629215367	0.283093691206313	1.26461996420687	2.27685172927919	1.75882575733525	0.264554755526508	1.23986377331283	2.27778774135767
1.98157444315352	0.300573855896927	1.39244968559554	2.57069920071149	1.98699670347384	0.233421007975694	1.52949152784148	2.4445018791062	1.98699670347384	0.300573855896927	1.42291524340745	2.55335668276384	1.98566583727982	0.281423038668436	1.43360220354531	2.53772947101432
1.86251579695137	0.181536502184151	1.50670425267044	2.21832734123231	1.8435846049849	0.155344712841385	1.53910896781578	2.14806024215401	1.8435846049849	0.181536502184151	1.49591423360702	2.18734282742298	1.84821151785783	0.172155098988533	1.5106102548479	2.18581278086776
2.25800682277314	0.31693501418366	1.63681419497317	2.87919945057311	2.30760819152245	0.2664257420467	1.78541373711092	2.82980264593398	2.30760819152245	0.31693501418366	1.74495823580071	2.95677529061929	2.3051122502573	0.29414689685791	1.72808674424166	2.88213775627295
1.68522347793964	0.260708623328169	1.17423457621643	2.19621237966285	1.84800662042116	0.195699063396258	1.46443645616449	2.23157678467782	1.84800662042116	0.260708623328169	1.34143757207809	2.35249122467247	1.8457651995728	0.247390399828636	1.36052318640561	2.33100721274
2.20196914834681	0.338908781395067	1.53770793681248	2.86623035988114	2.19934907101033	0.266612880689356	1.67678782485919	2.72191031716147	2.19934907101033	0.338908781395067	1.59193164812538	2.94439765102114	2.19267686226582	0.31202074811728	1.58056490230452	2.80478882222711
2.23543232902023	0.370563772183842	1.5091273355399	2.96173732250056	2.31189679770468	0.259947379990009	1.80239993292427	2.8213936624851	2.31189679770468	0.370563772183842	1.65417877642081	3.11381549739329	2.31061223757999	0.358526519683078	1.60724062775592	3.01398384740406
1.93017983665528	0.235467125240862	1.46866427118319	2.39169540212737	1.86568586193081	0.187006868649318	1.49915239937814	2.23221932448347	1.86568586193081	0.235467125240862	1.39247640895214	2.30768405505885	1.87628586294712	0.226348579459986	1.43232275276497	2.32024897312927
1.62350458301244	0.293501407748071	1.04824182382623	2.19876734219866	1.65806138572766	0.218751507796931	1.22930843044568	2.08681434100964	1.65806138572766	0.293501407748071	1.14494712359233	2.23124438566974	1.66116421761513	0.270681585635909	1.1301943318473	2.19213410338297
2.37533431603208	0.302244126849101	1.78293582740784	2.96773280465632	2.37970304881972	0.211155040307994	1.96583916981605	2.79356692782339	2.37970304881972	0.302244126849101	1.81677616157189	2.97090396148416	2.3787823261646	0.295013685324738	1.80006021728502	2.95750443504419
2.10200383943557	0.284907260403325	1.54358560904506	2.66042206982609	2.1648986434355	0.228518615190524	1.71700215766207	2.61279512920893	2.1648986434355	0.284907260403325	1.62604876577611	2.74880505520981	2.15121461912404	0.267887300663109	1.62574537644301	2.67668386180508
2.25442780937851	0.228925899822886	1.80573304572565	2.70312257303137	2.21628741464326	0.184638731419692	1.85439550106067	2.57817932822586	2.21628741464326	0.228925899822886	1.76474999078662	2.67037755488008	2.22645938580285	0.218159503999395	1.7985453857189	2.6543733858868
2.14310002475196	0.40955742433417	1.34036747305698	2.94583257644693	2.17236342233976	0.316406104141857	1.55220745822172	2.7925193864578	2.17236342233976	0.40955742433417	1.53813750795614	3.18695948230696	2.17580662524739	0.384508032361086	1.42144224718112	2.93017100331367
1.822639926915	0.384301457909209	1.06940906941295	2.57587078441705	1.81125068479194	0.262361410516952	1.29702232017871	2.32547904940516	1.81125068479194	0.384301457909209	1.05197862138108	2.66233730655577	1.81655939398405	0.358403261705783	1.11341350104207	2.51970528692603
2.11689963789621	0.240293422618034	1.64592452956486	2.58787474622755	2.17942965089707	0.204215394528638	1.77916747762094	2.5796918241732	2.17942965089707	0.240293422618034	1.71332244148874	2.66280870996634	2.17885307863539	0.222885895498107	1.74168414949901	2.61602200777177
2.01035068391951	0.192618425271485	1.63281857038739	2.38788279745162	2.04488851773797	0.144560637693955	1.76154966785782	2.32822736761813	2.04488851773797	0.192618425271485	1.69394133667653	2.38974932929443	2.04924201726521	0.188274695640683	1.67995743037534	2.41852660415509
1.84218911822008	0.260128619944456	1.33233702312895	2.35204121331121	1.81888480436931	0.213277163709389	1.40086156349891	2.23690804523971	1.81888480436931	0.260128619944456	1.31998150967165	2.32828881111112	1.81567478961335	0.243618603041353	1.33782651054631	2.29352306868038
2.08736365078774	0.247005614656894	1.60323264606023	2.57149465551525	2.16223507376461	0.180205917014824	1.80903147641555	2.51543867111366	2.16223507376461	0.247005614656894	1.71225264943845	2.64533126284335	2.15783038345915	0.242457776282721	1.68225079965862	2.63340996725969
2.00516381234566	0.319621609767442	1.37870545720147	2.63162216748985	2.08418609672822	0.212751835875071	1.66719249841308	2.50117969504336	2.08418609672822	0.319621609767442	1.46463672047996	2.6521763261195	2.08790328724052	0.312633106845311	1.47456976636886	2.70123680811219
