X1	X2	X3	X4	X1.1	X2.1	X3.1	X4.1	X1.2	X2.2	X3.2	X4.2	X1.3	X2.3	X3.3	X4.3
NA	NA	NA	NA	NA	NA	NA	NA	NA	NA	NA	NA	NA	NA	NA	NA
NA	NA	NA	NA	NA	NA	NA	NA	NA	NA	NA	NA	NA	NA	NA	NA
NA	NA	NA	NA	NA	NA	NA	NA	NA	NA	NA	NA	NA	NA	NA	NA
NA	NA	NA	NA	NA	NA	NA	NA	NA	NA	NA	NA	NA	NA	NA	NA
NA	NA	NA	NA	NA	NA	NA	NA	NA	NA	NA	NA	NA	NA	NA	NA
NA	NA	NA	NA	NA	NA	NA	NA	NA	NA	NA	NA	NA	NA	NA	NA
NA	NA	NA	NA	NA	NA	NA	NA	NA	NA	NA	NA	NA	NA	NA	NA
NA	NA	NA	NA	NA	NA	NA	NA	NA	NA	NA	NA	NA	NA	NA	NA
NA	NA	NA	NA	NA	NA	NA	NA	NA	NA	NA	NA	NA	NA	NA	NA
NA	NA	NA	NA	NA	NA	NA	NA	NA	NA	NA	NA	NA	NA	NA	NA
NA	NA	NA	NA	NA	NA	NA	NA	NA	NA	NA	NA	NA	NA	NA	NA
NA	NA	NA	NA	NA	NA	NA	NA	NA	NA	NA	NA	NA	NA	NA	NA
NA	NA	NA	NA	NA	NA	NA	NA	NA	NA	NA	NA	NA	NA	NA	NA
NA	NA	NA	NA	NA	NA	NA	NA	NA	NA	NA	NA	NA	NA	NA	NA
NA	NA	NA	NA	NA	NA	NA	NA	NA	NA	NA	NA	NA	NA	NA	NA
NA	NA	NA	NA	NA	NA	NA	NA	NA	NA	NA	NA	NA	NA	NA	NA
NA	NA	NA	NA	NA	NA	NA	NA	NA	NA	NA	NA	NA	NA	NA	NA
NA	NA	NA	NA	NA	NA	NA	NA	NA	NA	NA	NA	NA	NA	NA	NA
NA	NA	NA	NA	NA	NA	NA	NA	NA	NA	NA	NA	NA	NA	NA	NA
NA	NA	NA	NA	NA	NA	NA	NA	NA	NA	NA	NA	NA	NA	NA	NA
NA	NA	NA	NA	NA	NA	NA	NA	NA	NA	NA	NA	NA	NA	NA	NA
NA	NA	NA	NA	NA	NA	NA	NA	NA	NA	NA	NA	NA	NA	NA	NA
NA	NA	NA	NA	NA	NA	NA	NA	NA	NA	NA	NA	NA	NA	NA	NA
NA	NA	NA	NA	NA	NA	NA	NA	NA	NA	NA	NA	NA	NA	NA	NA
NA	NA	NA	NA	NA	NA	NA	NA	NA	NA	NA	NA	NA	NA	NA	NA
NA	NA	NA	NA	NA	NA	NA	NA	NA	NA	NA	NA	NA	NA	NA	NA
NA	NA	NA	NA	NA	NA	NA	NA	NA	NA	NA	NA	NA	NA	NA	NA
NA	NA	NA	NA	NA	NA	NA	NA	NA	NA	NA	NA	NA	NA	NA	NA
NA	NA	NA	NA	NA	NA	NA	NA	NA	NA	NA	NA	NA	NA	NA	NA
NA	NA	NA	NA	NA	NA	NA	NA	NA	NA	NA	NA	NA	NA	NA	NA
NA	NA	NA	NA	NA	NA	NA	NA	NA	NA	NA	NA	NA	NA	NA	NA
NA	NA	NA	NA	NA	NA	NA	NA	NA	NA	NA	NA	NA	NA	NA	NA
NA	NA	NA	NA	NA	NA	NA	NA	NA	NA	NA	NA	NA	NA	NA	NA
NA	NA	NA	NA	NA	NA	NA	NA	NA	NA	NA	NA	NA	NA	NA	NA
NA	NA	NA	NA	NA	NA	NA	NA	NA	NA	NA	NA	NA	NA	NA	NA
NA	NA	NA	NA	NA	NA	NA	NA	NA	NA	NA	NA	NA	NA	NA	NA
NA	NA	NA	NA	NA	NA	NA	NA	NA	NA	NA	NA	NA	NA	NA	NA
NA	NA	NA	NA	NA	NA	NA	NA	NA	NA	NA	NA	NA	NA	NA	NA
NA	NA	NA	NA	NA	NA	NA	NA	NA	NA	NA	NA	NA	NA	NA	NA
NA	NA	NA	NA	NA	NA	NA	NA	NA	NA	NA	NA	NA	NA	NA	NA
NA	NA	NA	NA	NA	NA	NA	NA	NA	NA	NA	NA	NA	NA	NA	NA
NA	NA	NA	NA	NA	NA	NA	NA	NA	NA	NA	NA	NA	NA	NA	NA
NA	NA	NA	NA	NA	NA	NA	NA	NA	NA	NA	NA	NA	NA	NA	NA
NA	NA	NA	NA	NA	NA	NA	NA	NA	NA	NA	NA	NA	NA	NA	NA
NA	NA	NA	NA	NA	NA	NA	NA	NA	NA	NA	NA	NA	NA	NA	NA
NA	NA	NA	NA	NA	NA	NA	NA	NA	NA	NA	NA	NA	NA	NA	NA
NA	NA	NA	NA	NA	NA	NA	NA	NA	NA	NA	NA	NA	NA	NA	NA
NA	NA	NA	NA	NA	NA	NA	NA	NA	NA	NA	NA	NA	NA	NA	NA
NA	NA	NA	NA	NA	NA	NA	NA	NA	NA	NA	NA	NA	NA	NA	NA
NA	NA	NA	NA	NA	NA	NA	NA	NA	NA	NA	NA	NA	NA	NA	NA
NA	NA	NA	NA	NA	NA	NA	NA	NA	NA	NA	NA	NA	NA	NA	NA
NA	NA	NA	NA	NA	NA	NA	NA	NA	NA	NA	NA	NA	NA	NA	NA
NA	NA	NA	NA	NA	NA	NA	NA	NA	NA	NA	NA	NA	NA	NA	NA
NA	NA	NA	NA	NA	NA	NA	NA	NA	NA	NA	NA	NA	NA	NA	NA
NA	NA	NA	NA	NA	NA	NA	NA	NA	NA	NA	NA	NA	NA	NA	NA
NA	NA	NA	NA	NA	NA	NA	NA	NA	NA	NA	NA	NA	NA	NA	NA
NA	NA	NA	NA	NA	NA	NA	NA	NA	NA	NA	NA	NA	NA	NA	NA
NA	NA	NA	NA	NA	NA	NA	NA	NA	NA	NA	NA	NA	NA	NA	NA
NA	NA	NA	NA	NA	NA	NA	NA	NA	NA	NA	NA	NA	NA	NA	NA
NA	NA	NA	NA	NA	NA	NA	NA	NA	NA	NA	NA	NA	NA	NA	NA
NA	NA	NA	NA	NA	NA	NA	NA	NA	NA	NA	NA	NA	NA	NA	NA
NA	NA	NA	NA	NA	NA	NA	NA	NA	NA	NA	NA	NA	NA	NA	NA
NA	NA	NA	NA	NA	NA	NA	NA	NA	NA	NA	NA	NA	NA	NA	NA
NA	NA	NA	NA	NA	NA	NA	NA	NA	NA	NA	NA	NA	NA	NA	NA
NA	NA	NA	NA	NA	NA	NA	NA	NA	NA	NA	NA	NA	NA	NA	NA
NA	NA	NA	NA	NA	NA	NA	NA	NA	NA	NA	NA	NA	NA	NA	NA
NA	NA	NA	NA	NA	NA	NA	NA	NA	NA	NA	NA	NA	NA	NA	NA
NA	NA	NA	NA	NA	NA	NA	NA	NA	NA	NA	NA	NA	NA	NA	NA
NA	NA	NA	NA	NA	NA	NA	NA	NA	NA	NA	NA	NA	NA	NA	NA
NA	NA	NA	NA	NA	NA	NA	NA	NA	NA	NA	NA	NA	NA	NA	NA
NA	NA	NA	NA	NA	NA	NA	NA	NA	NA	NA	NA	NA	NA	NA	NA
NA	NA	NA	NA	NA	NA	NA	NA	NA	NA	NA	NA	NA	NA	NA	NA
NA	NA	NA	NA	NA	NA	NA	NA	NA	NA	NA	NA	NA	NA	NA	NA
NA	NA	NA	NA	NA	NA	NA	NA	NA	NA	NA	NA	NA	NA	NA	NA
NA	NA	NA	NA	NA	NA	NA	NA	NA	NA	NA	NA	NA	NA	NA	NA
NA	NA	NA	NA	NA	NA	NA	NA	NA	NA	NA	NA	NA	NA	NA	NA
NA	NA	NA	NA	NA	NA	NA	NA	NA	NA	NA	NA	NA	NA	NA	NA
NA	NA	NA	NA	NA	NA	NA	NA	NA	NA	NA	NA	NA	NA	NA	NA
NA	NA	NA	NA	NA	NA	NA	NA	NA	NA	NA	NA	NA	NA	NA	NA
NA	NA	NA	NA	NA	NA	NA	NA	NA	NA	NA	NA	NA	NA	NA	NA
NA	NA	NA	NA	NA	NA	NA	NA	NA	NA	NA	NA	NA	NA	NA	NA
NA	NA	NA	NA	NA	NA	NA	NA	NA	NA	NA	NA	NA	NA	NA	NA
NA	NA	NA	NA	NA	NA	NA	NA	NA	NA	NA	NA	NA	NA	NA	NA
NA	NA	NA	NA	NA	NA	NA	NA	NA	NA	NA	NA	NA	NA	NA	NA
NA	NA	NA	NA	NA	NA	NA	NA	NA	NA	NA	NA	NA	NA	NA	NA
NA	NA	NA	NA	NA	NA	NA	NA	NA	NA	NA	NA	NA	NA	NA	NA
NA	NA	NA	NA	NA	NA	NA	NA	NA	NA	NA	NA	NA	NA	NA	NA
NA	NA	NA	NA	NA	NA	NA	NA	NA	NA	NA	NA	NA	NA	NA	NA
NA	NA	NA	NA	NA	NA	NA	NA	NA	NA	NA	NA	NA	NA	NA	NA
NA	NA	NA	NA	NA	NA	NA	NA	NA	NA	NA	NA	NA	NA	NA	NA
NA	NA	NA	NA	NA	NA	NA	NA	NA	NA	NA	NA	NA	NA	NA	NA
NA	NA	NA	NA	NA	NA	NA	NA	NA	NA	NA	NA	NA	NA	NA	NA
NA	NA	NA	NA	NA	NA	NA	NA	NA	NA	NA	NA	NA	NA	NA	NA
NA	NA	NA	NA	NA	NA	NA	NA	NA	NA	NA	NA	NA	NA	NA	NA
NA	NA	NA	NA	NA	NA	NA	NA	NA	NA	NA	NA	NA	NA	NA	NA
NA	NA	NA	NA	NA	NA	NA	NA	NA	NA	NA	NA	NA	NA	NA	NA
NA	NA	NA	NA	NA	NA	NA	NA	NA	NA	NA	NA	NA	NA	NA	NA
NA	NA	NA	NA	NA	NA	NA	NA	NA	NA	NA	NA	NA	NA	NA	NA
NA	NA	NA	NA	NA	NA	NA	NA	NA	NA	NA	NA	NA	NA	NA	NA
NA	NA	NA	NA	NA	NA	NA	NA	NA	NA	NA	NA	NA	NA	NA	NA
1.90582110577637	0.346777646901556	1.22613691784932	2.58550529370342	1.95354147693882	0.238991720181758	1.48511770538257	2.42196524849506	1.95354147693882	0.346777646901556	1.29468240090863	2.66803620955567	1.95417880788436	0.33866575965153	1.28975450583744	2.61860310993128
1.80197164726617	0.293201997499419	1.22729573216731	2.37664756236503	1.8518967476524	0.192560250611938	1.474478656453	2.22931483885179	1.8518967476524	0.293201997499419	1.33202960350748	2.43830184257886	1.85030282403757	0.288451311994402	1.28443977581391	2.41616587226123
2.00306135854297	0.57375656295667	0.8784984951479	3.12762422193805	1.82393882309492	0.343849405283466	1.14999398873933	2.49788365745051	1.82393882309492	0.57375656295667	0.915903988515161	2.55384020459446	1.83018130677907	0.537175359819186	0.776174413352249	2.88418820020589
2.01693949279319	0.356211458149849	1.31876503481949	2.71511395076689	1.92813136001106	0.284772301901194	1.36997764828472	2.4862850717374	1.92813136001106	0.356211458149849	1.23987603076777	2.69746038709733	1.92852364449546	0.336789824047093	1.26780714201487	2.58924014697606
1.98161864373014	0.456507524958722	1.08686389481105	2.87637339264924	1.98182415506259	0.321484144441118	1.351715231958	2.61193307816718	1.98182415506259	0.456507524958722	1.01072871715287	2.94213849523065	1.98242731309294	0.451019128675718	1.09749841454992	2.86735621163596
2.32225938793578	0.30822069433133	1.71814682704637	2.92637194882518	2.22697532644718	0.220269721540928	1.79524667222696	2.6587039806674	2.22697532644718	0.30822069433133	1.66824914508565	2.82482458467736	2.22888044287451	0.297387459317011	1.64548076157853	2.81228012417049
2.36753982136154	0.307491864942795	1.76485576607366	2.97022387664941	2.4111013440641	0.216371612260315	1.98701298403388	2.83518970409431	2.4111013440641	0.307491864942795	1.79538222877281	3.02382308777629	2.41541067563262	0.300123218604383	1.82665309042202	3.00416826084322
1.64357631433912	0.305664187096648	1.04447450762969	2.24267812104854	1.62488837217209	0.217925803720548	1.19775379687982	2.05202294746436	1.62488837217209	0.305664187096648	0.980698067319966	2.21431498229867	1.6374930871129	0.293644122453757	1.06145323707299	2.21353293715281
2.07667758939769	0.385236108595366	1.32161481655078	2.83174036224461	1.88593931520726	0.240019496772446	1.41550110153326	2.35637752888125	1.88593931520726	0.385236108595366	0.986987782371814	2.48729434580778	1.88805188454642	0.38745640163195	1.1278779052244	2.64822586386844
1.97617480349886	0.275889816230185	1.4354307636877	2.51691884331002	2.03481832176354	0.206570806009635	1.62993954198466	2.43969710154243	2.03481832176354	0.275889816230185	1.47131313617208	2.63511840473833	2.04095724850536	0.257740149466092	1.53536352923006	2.54655096778066
1.96127389305906	0.253895721190708	1.46363827952527	2.45890950659285	1.9965538024898	0.188807190136962	1.62649170982135	2.36661589515824	1.9965538024898	0.253895721190708	1.52724452280807	2.47384595859365	1.99880718903631	0.240811239883286	1.52644531845179	2.47116905962083
1.60501841100534	0.325681498208833	0.966682674516024	2.24335414749465	1.72894523862923	0.242958725526537	1.25274613659721	2.20514434066124	1.72894523862923	0.325681498208833	1.10159004591165	2.28600157660136	1.7320364858498	0.307389334987522	1.12902687237146	2.33504609932815
2.18616890464862	0.31594830299618	1.56691023077611	2.80542757852113	2.07749110172499	0.229980329086962	1.62672965671454	2.52825254673543	2.07749110172499	0.31594830299618	1.4774259827351	2.65584576542534	2.08814251972144	0.301820701676099	1.49603291230616	2.68025212713672
1.99941365381989	0.291668687843547	1.42774302564654	2.57108428199324	1.74529420361817	0.210873651095977	1.33198184747005	2.15860655976628	1.74529420361817	0.291668687843547	1.15294178849725	2.25078183242443	1.7597415309835	0.277446883644923	1.2154689612184	2.3040141007486
2.17508226394061	0.333694074575457	1.52104187777272	2.82912265010851	2.11111490139434	0.229618004705839	1.6610636121709	2.56116619061779	2.11111490139434	0.333694074575457	1.42653367880525	2.67885412901616	2.12167433185409	0.333302386712825	1.46778456798467	2.77556409572351
2.29775516441899	0.301672477523098	1.70647710847372	2.88903322036427	2.30627881924192	0.227938230885646	1.85951988670605	2.75303775177778	2.30627881924192	0.301672477523098	1.78666534898877	2.8957236165617	2.30903889287888	0.291632263967086	1.73690813543439	2.88116965032337
1.91899347561406	0.411394401640832	1.11266044839803	2.7253265028301	1.95953777153917	0.25661704385167	1.4565683655899	2.46250717748845	1.95953777153917	0.411394401640832	1.23160263395192	2.87148015710407	1.96007088698953	0.396845024428285	1.18146619000601	2.73867558397305
1.97778667676413	0.324373005928246	1.34201558514477	2.6135577683835	1.88298277985125	0.227368311113783	1.43734089006823	2.32862466963426	1.88298277985125	0.324373005928246	1.24240340039482	2.44931578842205	1.8873262298382	0.311450635889842	1.27635011130891	2.49830234836749
1.85872344278024	0.35221724535862	1.16837764187734	2.54906924368313	1.9750582694513	0.23624655344052	1.51201502470789	2.43810151419472	1.9750582694513	0.35221724535862	1.28190310419397	2.56974819192981	1.98096458601181	0.339825533314411	1.31425265668665	2.64767651533697
1.61562879600094	0.315494252956277	0.997260060206639	2.23399753179524	1.74858970245665	0.245241880050779	1.26791561755713	2.22926378735618	1.74858970245665	0.315494252956277	1.19811906684154	2.42889401960086	1.74126888625737	0.293981712698693	1.16456863275982	2.31796913975492
1.98581671727211	0.27812816977956	1.44068550450418	2.53094793004005	1.97456183896371	0.196836628949064	1.58876204622355	2.36036163170388	1.97456183896371	0.27812816977956	1.47290209265978	2.52418890613921	1.97679677151752	0.265648753866385	1.4556673841028	2.49792615893224
1.81305083994153	0.304550709179102	1.2161314499505	2.40997022993257	1.79754972901672	0.211786603384944	1.38244798638223	2.21265147165121	1.79754972901672	0.304550709179102	1.11177998792686	2.37242567889885	1.80959627868656	0.296945600230797	1.22706062919276	2.39213192818035
2.32510509257205	0.241045990931868	1.85265495034559	2.79755523479851	2.32742766295943	0.179173294637535	1.97624800546987	2.678607320449	2.32742766295943	0.241045990931868	1.86218978554856	2.81571669528752	2.32994647138489	0.237333702474186	1.86438391189743	2.79550903087235
1.72507423919514	0.285598545464391	1.16530109008494	2.28484738830535	1.76535040292407	0.189644349119388	1.39364747865007	2.13705332719807	1.76535040292407	0.285598545464391	1.22537655059228	2.25832463200101	1.77104312950236	0.275692430501494	1.23022181812375	2.31186444088097
2.04392328373729	0.289633768944615	1.47624109660585	2.61160547086874	2.17903791092153	0.22179628052778	1.74431720108708	2.61375862075598	2.17903791092153	0.289633768944615	1.62231108067875	2.70529410415899	2.19231527655267	0.268531867635355	1.66556680218585	2.7190637509195
1.84955213036949	0.267385404872642	1.32547673681911	2.37362752391987	1.95617566495459	0.208901209437939	1.54672929445623	2.36562203545295	1.95617566495459	0.267385404872642	1.4901758401598	2.5649089789466	1.95435512397554	0.253725826243621	1.45665289043711	2.45205735751398
1.86296842927907	0.354977383960456	1.16721275671657	2.55872410184156	1.68930872104435	0.268034576795956	1.16396095052428	2.21465649156443	1.68930872104435	0.354977383960456	0.891695103488654	2.30116702893281	1.69527459107103	0.336706827445576	1.03469153200768	2.35585765013439
2.02455682951003	0.341458424581573	1.35529831733015	2.69381534168991	2.07116800517528	0.2618452839512	1.55795124863093	2.58438476171963	2.07116800517528	0.341458424581573	1.44743521202167	2.83295173078928	2.06904582906842	0.321521811821748	1.43827892676991	2.69981273136693
2.0266762901104	0.49218884298775	1.06198615785441	2.99136642236639	1.97357807721416	0.298582757549332	1.38835587241747	2.55880028201085	1.97357807721416	0.49218884298775	1.13855306447618	2.72769277183829	1.98464129172244	0.473089143099099	1.05642556701266	2.91285701643222
1.90982552886998	0.322576783942036	1.27757503234359	2.54207602539637	1.91029995464632	0.225657600223549	1.46801105820817	2.35258885108448	1.91029995464632	0.322576783942036	1.15676659904131	2.46776389156174	1.91687430423208	0.310626339391763	1.30749029062577	2.52625831783838
2.49384802737439	0.316744528070338	1.87302875235653	3.11466730239225	2.23299924508429	0.21825751049467	1.80521452451474	2.66078396565385	2.23299924508429	0.316744528070338	1.61331030758886	2.84301153323967	2.23483748813695	0.313508289084978	1.61982197625687	2.84985300001702
2.26863285202481	0.2984781412735	1.68361569512875	2.85365000892087	2.22819128289699	0.193438068308924	1.8490526690115	2.60732989678248	2.22819128289699	0.2984781412735	1.6834926037071	2.78903304667484	2.23520402758783	0.295058088197023	1.65637071192705	2.81403734324861
2.01577923936341	0.360202622508657	1.30978209924644	2.72177637948038	1.87751088883193	0.269780860194877	1.34874040284997	2.40628137481389	1.87751088883193	0.360202622508657	1.10934821212968	2.61093488423717	1.88483320630794	0.339392520030512	1.21899948678896	2.55066692582692
2.29205507061768	0.264005701562201	1.77460389555577	2.80950624567959	2.37638435707066	0.18882009040064	2.0062969798854	2.74647173425591	2.37638435707066	0.264005701562201	1.94813460526457	2.90829701111986	2.37012762884868	0.26016185290735	1.85975972402197	2.88049553367538
1.84409643982019	0.366871390981141	1.12502851349715	2.56316436614323	1.85160032315939	0.261452686088392	1.33915305842614	2.36404758789264	1.85160032315939	0.366871390981141	1.22448647867949	2.52461438950708	1.85909084165861	0.350083350131484	1.17225830672675	2.54592337659046
1.95419581981736	0.469645585078947	1.03369047306263	2.8747011665721	2.03817216931825	0.317448069859814	1.41597395239301	2.66037038624349	2.03817216931825	0.469645585078947	0.978624193907756	2.85331264232797	2.03088555624991	0.47312801730317	1.10259849658861	2.95917261591122
2.35817134123753	0.286085106890175	1.79744453173279	2.91889815074228	2.32061898470293	0.217356806434191	1.89459964409192	2.74663832531394	2.32061898470293	0.286085106890175	1.7806419337188	2.84971140183782	2.32627608142832	0.272109239517143	1.79249810725822	2.86005405559843
2.220012452399	0.324329381518999	1.58432686462177	2.85569804017624	2.2580362923494	0.243423574936014	1.78092608547482	2.73514649922399	2.2580362923494	0.324329381518999	1.67084048542314	2.93842688180014	2.258123151639	0.316005599202354	1.63820698895888	2.87803931431913
2.04060376908696	0.384643733984582	1.28670205047718	2.79450548769674	1.94441184249073	0.242843601784812	1.4684383829925	2.42038530198896	1.94441184249073	0.384643733984582	1.13477092401091	2.63906363971265	1.94993811697958	0.372761823351857	1.21860517246276	2.68127106149639
2.28242236410107	0.350334356775266	1.59576702482154	2.96907770338059	2.13466289354867	0.25128669579137	1.64214096979758	2.62718481729975	2.13466289354867	0.350334356775266	1.31661622223382	2.70723151108717	2.13587226141903	0.338965886280128	1.47088355456596	2.8008609682721
2.06836737375814	0.252350852972271	1.57375970193249	2.56297504558379	2.17141875879528	0.19903458801489	1.78131096628609	2.56152655130446	2.17141875879528	0.252350852972271	1.72122042751799	2.70942430534788	2.16460468719337	0.233185636730017	1.70722580254342	2.62198357184331
2.11381159677686	0.478066466898888	1.17680132165503	3.05082187189868	2.04056329963484	0.29170267980394	1.46882604721912	2.61230055205056	2.04056329963484	0.478066466898888	1.44340290577496	2.57532819484746	2.04677688352785	0.473166620877379	1.11840540860586	2.97514835844984
2.07627569136261	0.33064205723954	1.42821725917311	2.72433412355211	2.00700705968443	0.25059219340649	1.51584636060771	2.49816775876115	2.00700705968443	0.33064205723954	1.28022748283398	2.55958335986888	2.01392163825855	0.313588210135159	1.39872229745045	2.62912097906666
1.87010229767553	0.353783372716115	1.17668688715194	2.56351770819911	2.0720025221364	0.267189548679065	1.54831100672543	2.59569403754737	2.0720025221364	0.353783372716115	1.39807258426333	2.84727483645133	2.07718969511221	0.335135612569497	1.41972354844032	2.7346558417841
1.58252654463001	0.417898334217039	0.763445809564618	2.40160727969541	1.50726465786663	0.270907218062946	0.97628651046326	2.03824280527001	1.50726465786663	0.417898334217039	0.594670963377621	2.22727777985133	1.51874070394193	0.406572162708706	0.721060121248806	2.31642128663506
1.7915181278804	0.43661019681775	0.935762142117613	2.64727411364319	1.65973074970855	0.324914105466643	1.02289910299393	2.29656239642317	1.65973074970855	0.43661019681775	0.86061602059612	2.49654549409719	1.66691810900588	0.425285966183859	0.832517327195984	2.50131889081578
1.78083781679736	0.349779977491088	1.09526906091483	2.46640657267989	1.71203200864001	0.243872798861991	1.23404132287051	2.19002269440952	1.71203200864001	0.349779977491088	1.02002888794884	2.36875193901246	1.72074102436058	0.339413134270062	1.05487898991233	2.38660305880883
1.97248640311434	0.328289990808652	1.32903802112938	2.6159347850993	1.83631923106757	0.266859129959596	1.31327533634676	2.35936312578838	1.83631923106757	0.328289990808652	1.23629316040629	2.48434014279651	1.83609029932716	0.303037845567913	1.24161640890901	2.43056418974531
2.10030189174711	0.26156523827881	1.58763402472064	2.61296975877357	2.08337507916369	0.19135615068643	1.70831702381828	2.45843313450909	2.08337507916369	0.26156523827881	1.62614366212749	2.57068811784254	2.07885698314636	0.251644561209986	1.58523282051091	2.57248114578181
2.2596872226286	0.231094605558016	1.80674179573489	2.71263264952231	2.32263117041142	0.176128045209589	1.97742020180063	2.66784213902222	2.32263117041142	0.231094605558016	1.87672355311344	2.73260808257001	2.3214156399886	0.224541789268139	1.88097977988314	2.76185150009406
1.60470903867172	0.37385610285693	0.871951077072136	2.3374670002713	1.73932090221406	0.286063623465055	1.17863620022255	2.30000560420556	1.73932090221406	0.37385610285693	1.00229406832834	2.42128965630156	1.73623007970073	0.360669358519058	1.02866768556233	2.44379247383912
1.6220419066172	0.264663586472055	1.10330127713197	2.14078253610243	1.58898470477717	0.181505238538031	1.23323443724263	1.94473497231171	1.58898470477717	0.264663586472055	1.05383462013082	2.08933036288216	1.59350463810683	0.255038234541671	1.09322379041493	2.09378548579874
1.81840342360814	0.533294157442595	0.773146875020655	2.86365997219563	1.82104860502113	0.347868183938981	1.13922696450073	2.50287024554154	1.82104860502113	0.533294157442595	0.710661107156742	2.88231372946235	1.8222007359684	0.513688833156222	0.814286556554857	2.83011491538194
2.15288167658128	0.331846528521217	1.50246248067969	2.80330087248287	2.20557834990105	0.248595444869872	1.71833127795611	2.692825421846	2.20557834990105	0.331846528521217	1.52973188519116	2.89126584921351	2.21127628825322	0.322359276175032	1.57886662386813	2.84368595263831
1.92891020111199	0.265581422400442	1.40837061320712	2.44944978901686	1.99189392889007	0.208199852918418	1.58382221716997	2.39996564061017	1.99189392889007	0.265581422400442	1.48612460965826	2.50485160108825	2.00860801306591	0.256108204256729	1.50622424025373	2.51099178587809
2.03692081425645	0.545763335219686	0.967224677225864	3.10661695128703	1.98223212742161	0.382013138269359	1.23348637641367	2.73097787842955	1.98223212742161	0.545763335219686	1.13243178800094	3.33575643252607	1.97898207876086	0.530941840650524	0.937233993943612	3.02073016357811
2.09822631640826	0.357082910822264	1.39834381119662	2.79810882161989	2.0550885935348	0.256021136781558	1.55328716544295	2.55689002162666	2.0550885935348	0.357082910822264	1.28078592024334	2.62013640204965	2.05721523890635	0.337593786970936	1.39489797692368	2.71953250088901
2.08572577509407	0.291682365197384	1.5140283393072	2.65742321088094	2.16816769536838	0.216012932126186	1.74478234840106	2.5915530423357	2.16816769536838	0.291682365197384	1.63621634634769	2.75754831665816	2.1706408212376	0.26676070588508	1.64736683524496	2.69391480723024
1.8694105756428	0.319192677690534	1.24379292736935	2.49502822391624	1.88885971433861	0.224021165527364	1.44977822990498	2.32794119877224	1.88885971433861	0.319192677690534	1.2978114928805	2.56266708375538	1.89448015351499	0.309566583446947	1.28718973209263	2.50177057493735
2.19302073334731	0.258540721430046	1.68628091934441	2.6997605473502	2.21179066773876	0.185587307507582	1.8480395450239	2.57554179045362	2.21179066773876	0.258540721430046	1.71038287778797	2.6881914914754	2.21565911465023	0.246794495315275	1.73157814880667	2.69974008049379
1.84332575409272	0.325701092499175	1.20495161279434	2.48169989539111	1.81639765323607	0.232055625002208	1.36156862823174	2.2712266782404	1.81639765323607	0.325701092499175	1.12627263770162	2.34771712966928	1.82978699670982	0.312081654419914	1.21754156113947	2.44203243228017
1.97009814000738	0.303320560074303	1.37558984226174	2.56460643775301	1.98053296977486	0.207331066750784	1.57416407894333	2.3869018606064	1.98053296977486	0.303320560074303	1.4006494709016	2.52135482637127	1.98284883590112	0.303182530187322	1.38807010913965	2.57762756266259
2.03411360387204	0.377144195627672	1.29491098044181	2.77331622730228	2.24601011328114	0.266508352631522	1.72365374212336	2.76836648443892	2.24601011328114	0.377144195627672	1.57391788727713	2.95167716094346	2.24540019023634	0.37577721555039	1.50816933244475	2.98263104802793
1.62329357709066	0.464286965581649	0.713291124550631	2.53329602963069	1.62123073702577	0.281443861074452	1.06960076931985	2.1728607047317	1.62123073702577	0.464286965581649	0.676836431058773	2.46682827304458	1.63545085284259	0.456285651728785	0.740200335258296	2.53070137042689
1.86140225982205	0.271844900181456	1.3285862554664	2.39421826417771	1.865599434974	0.19058212992309	1.49205846032475	2.23914040962326	1.865599434974	0.271844900181456	1.36625687303675	2.49487158808166	1.875419019246	0.26871624575467	1.34829564813116	2.40254239036083
2.04713632378376	0.31154244942735	1.43651312290616	2.65775952466137	1.94362678148891	0.240637318780617	1.47197763667891	2.41527592629892	1.94362678148891	0.31154244942735	1.3374567132553	2.49337034378985	1.95084117410034	0.299121174582473	1.36403450329405	2.53764784490662
1.9121661315084	0.225000441155526	1.47116526684357	2.35316699617323	1.95096452340723	0.175482342868096	1.60701913138576	2.2949099154287	1.95096452340723	0.225000441155526	1.53225316692873	2.4459039308866	1.95191588630798	0.212867024522745	1.53439328091108	2.36943849170488
2.12856171032998	0.317402364806336	1.50645307530957	2.7506703453504	2.19853946361161	0.244331519856514	1.71964968469285	2.67742924253038	2.19853946361161	0.317402364806336	1.58933988872457	2.82846426539245	2.19538356836982	0.294225249369526	1.61819319313107	2.77257394360858
2.14984827334715	0.394599841545513	1.37643258391795	2.92326396277636	1.94434256571836	0.274283016348976	1.40674785367437	2.48193727776235	1.94434256571836	0.394599841545513	1.23561387481741	2.61071643308752	1.95213747296099	0.377431719369118	1.21165439383145	2.69262055209054
1.88066305018451	0.270391910616435	1.35069490537629	2.41063119499272	2.00745290078613	0.194705206319686	1.62583069639955	2.38907510517272	2.00745290078613	0.270391910616435	1.54505585688844	2.55836666938378	2.007402636546	0.257201099215349	1.50285506594205	2.51195020714995
2.1011348623069	0.271385678954498	1.56921893155608	2.63305079305772	1.94404786297382	0.194069608719442	1.56367142988371	2.32442429606392	1.94404786297382	0.271385678954498	1.38753182872703	2.41574922103937	1.95328728414654	0.264211174063679	1.43500725237477	2.47156731591831
1.57714020884349	0.491237704852493	0.614314307332606	2.53996611035438	1.58057980715675	0.352257724438278	0.890154667257729	2.27100494705578	1.58057980715675	0.491237704852493	0.55543992150603	2.37302027877721	1.59747161915388	0.472650208674342	0.670123233339397	2.52482000496836
1.8579284677019	0.201197078041482	1.46358219474059	2.2522747406632	1.92107274955236	0.151094789943955	1.62492696126221	2.21721853784251	1.92107274955236	0.201197078041482	1.5189700136569	2.29526439205524	1.92645730975094	0.198775015429071	1.53659654835025	2.31631807115164
2.14505099207118	0.366511062787392	1.4266893090079	2.86341267513447	2.02193716976977	0.271899006989496	1.48901511607036	2.55485922346919	2.02193716976977	0.366511062787392	1.29478094988256	2.66254332723747	2.02369923959386	0.341834738015714	1.3530693534758	2.69432912571191
2.08931638225389	0.340904600085152	1.42114336608699	2.75748939842079	2.15453227373695	0.24753965347	1.66935455293575	2.63970999453815	2.15453227373695	0.340904600085152	1.5036259317991	2.79033541363607	2.15840971580815	0.335622367409257	1.49997191703991	2.8168475145764
1.78353763566637	0.275349747114818	1.24385213132133	2.32322314001141	1.88239713119322	0.19839396543675	1.49354495893719	2.27124930344925	1.88239713119322	0.275349747114818	1.36799646125664	2.37961237465098	1.89022637073967	0.259437393458548	1.38131194335294	2.39914079812639
1.82339863350618	0.34213697485691	1.15281016278664	2.49398710422572	1.66696149607764	0.274280284228117	1.12937213899053	2.20455085316475	1.66696149607764	0.34213697485691	1.03797829283792	2.36636704755175	1.68190894150157	0.320506238514382	1.05313548107218	2.31068240193096
2.0986273589017	0.309586140401414	1.49183852371493	2.70541619408847	2.10864392589862	0.211714707781979	1.69368309864595	2.5236047531513	2.10864392589862	0.309586140401414	1.49144196949064	2.7344961487965	2.11618604778458	0.303830190292959	1.52013002577086	2.71224206979829
2.0311679392975	0.404589867908981	1.23817179819589	2.8241640803991	2.01868504623595	0.30316290546486	1.42448575152483	2.61288434094708	2.01868504623595	0.404589867908981	1.23166765213509	2.86472133675209	2.0155025466522	0.38701113994797	1.2562225244016	2.7747825689028
2.18650446783365	0.32138022549646	1.55659922586059	2.81640970980671	2.19304924432921	0.225666337957134	1.75074322193322	2.63535526672519	2.19304924432921	0.32138022549646	1.60183351633883	2.77054240779356	2.19147371944313	0.308721142907703	1.58582382296502	2.79712361592124
1.93574849798488	0.271705756964999	1.40320521433348	2.46829178163628	1.81403889805501	0.206120399124742	1.41004291577052	2.21803488033951	1.81403889805501	0.271705756964999	1.23804127231372	2.36656411020017	1.81889171341331	0.258999855885953	1.31083022483697	2.32695320198964
2.05044835214374	0.287024624844878	1.48788008744778	2.6130166168397	2.06900857402795	0.228454059047233	1.62123861829538	2.51677852976053	2.06900857402795	0.287024624844878	1.51126676145102	2.60596762478706	2.07868795231354	0.273285801908276	1.54261661122545	2.61475929340162
2.06912455419171	0.277045825991576	1.52611473524822	2.6121343731352	1.91912463642474	0.199062214379016	1.52896269624186	2.30928657660761	1.91912463642474	0.277045825991576	1.43264910309376	2.42936764250662	1.91643973342542	0.260655150281656	1.40513950324409	2.42773996360676
1.87518620639158	0.308148029564246	1.27121606844566	2.4791563443375	1.95831412299023	0.237225000773031	1.49335312147509	2.42327512450537	1.95831412299023	0.308148029564246	1.4659781881057	2.60980710910048	1.95628815776725	0.285878513505662	1.39549206863759	2.5170842468969
1.70970151815331	0.233880340196301	1.25129605136855	2.16810698493806	1.89148762771356	0.190988593736022	1.51714998399096	2.26582527143617	1.89148762771356	0.233880340196301	1.41414151397291	2.33315750925353	1.89316932351806	0.221486737196924	1.45872260120544	2.32761604583069
2.04541055254883	0.240292297680122	1.57443764909579	2.51638345600187	2.00269061087241	0.191150169060502	1.62803627951383	2.37734494223099	2.00269061087241	0.240292297680122	1.55248564401545	2.43984063024296	2.00523823559478	0.237945196846564	1.53852685863443	2.47194961255513
2.15852487638878	0.348249744788113	1.47595537660407	2.84109437617348	2.23248932985498	0.251599329061384	1.73935464489467	2.7256240148153	2.23248932985498	0.348249744788113	1.6325288048092	2.94233421703368	2.22512956152924	0.332756423655165	1.57231963332201	2.87793948973647
1.92721313180926	0.267783220929923	1.40235801878661	2.45206824483191	2.01816652562599	0.210704420328603	1.60518586178193	2.43114718947006	2.01816652562599	0.267783220929923	1.50226599022401	2.50782676125927	2.02662543117639	0.257891261147219	1.5207622794317	2.53248858292108
2.15634325943969	0.209867699612812	1.74500256819858	2.5676839506808	2.10425393085154	0.158957395327788	1.79269743600908	2.41581042569401	2.10425393085154	0.209867699612812	1.72511804717988	2.52569365222308	2.11233253232231	0.200418149117473	1.71928103051941	2.50538403412521
2.04292392985957	0.373984310619288	1.30991468104577	2.77593317867338	2.09804611130438	0.261722300936921	1.58507040146802	2.61102182114075	2.09804611130438	0.373984310619288	1.50334036837834	2.94164510152524	2.10067445561012	0.353912442908552	1.40634314710164	2.7950057641186
2.03498437621536	0.249209950958558	1.54653287233658	2.52343588009413	1.97460317361626	0.184730333120799	1.61253172069949	2.33667462653303	1.97460317361626	0.249209950958558	1.50643170419647	2.50338256898105	1.97574845603298	0.241419490357924	1.50217838808253	2.44931852398343
2.09253876216301	0.297348942093125	1.50973483566048	2.67534268866553	2.13029783572652	0.19763427805422	1.74293465074025	2.51766102071279	2.13029783572652	0.297348942093125	1.49718756771982	2.72169585863605	2.13939590696053	0.294976684594997	1.56073304840696	2.71805876551411
2.15420858034576	0.322837026639418	1.5214480081325	2.78696915255901	2.28897480137288	0.2203234825843	1.85714077550766	2.72080882723811	2.28897480137288	0.322837026639418	1.73728324899236	2.95306311560597	2.28748803449504	0.31855656521062	1.66253813849849	2.91243793049159
1.96814610159861	0.567901364144969	0.855059427874467	3.08123277532274	1.96440412359375	0.384095634442625	1.2115766800862	2.71723156710129	1.96440412359375	0.567901364144969	0.985311213256303	3.29629939369237	1.98027155724024	0.561181782454753	0.879183517745462	3.08135959673503
2.17280946377122	0.537996058346051	1.11833718941296	3.22728173812948	2.21120888533908	0.340004558800813	1.54479995008949	2.87761782058867	2.21120888533908	0.537996058346051	1.07909030837178	3.22858774284389	2.2098348815118	0.520459741521714	1.18864316571027	3.23102659731334
2.06166141473604	0.341291501129088	1.39273007252302	2.73059275694905	2.13468498731463	0.234948011165662	1.67418688542993	2.59518308919932	2.13468498731463	0.341291501129088	1.50973020864744	2.74456947550862	2.13529832805263	0.324376454304527	1.4989269093858	2.77166974671947
1.90948946368196	0.230205330492288	1.45828701591708	2.36069191144684	1.80289184890641	0.177984005166406	1.45404319878025	2.15174049903256	1.80289184890641	0.230205330492288	1.36861650737312	2.29467535802926	1.81116542588557	0.224532285680566	1.37075161950134	2.2515792322698
2.13325004776128	0.312249566319346	1.52124089777536	2.7452591977472	2.29259323001456	0.232100246830184	1.8376767462274	2.74750971380172	2.29259323001456	0.312249566319346	1.72066617412206	2.87295983925595	2.29233969299778	0.300857847191213	1.70212572693435	2.88255365906121
1.77361297400205	0.325739607162523	1.1351633439635	2.41206260404059	1.95098753323903	0.256784236107723	1.44769043046789	2.45428463601016	1.95098753323903	0.325739607162523	1.2625514739731	2.57485448824424	1.95281590674981	0.313422137037388	1.33794986480558	2.56768194869405
2.01327744158699	0.275642818386976	1.47301751754851	2.55353736562546	2.05324787588788	0.213024548291233	1.63571976123706	2.4707759905387	2.05324787588788	0.275642818386976	1.4500987599991	2.55615663287544	2.06029700661516	0.263750000927789	1.54292093343419	2.57767307979614
NA	NA	NA	NA	NA	NA	NA	NA	NA	NA	NA	NA	NA	NA	NA	NA
NA	NA	NA	NA	NA	NA	NA	NA	NA	NA	NA	NA	NA	NA	NA	NA
NA	NA	NA	NA	NA	NA	NA	NA	NA	NA	NA	NA	NA	NA	NA	NA
NA	NA	NA	NA	NA	NA	NA	NA	NA	NA	NA	NA	NA	NA	NA	NA
NA	NA	NA	NA	NA	NA	NA	NA	NA	NA	NA	NA	NA	NA	NA	NA
NA	NA	NA	NA	NA	NA	NA	NA	NA	NA	NA	NA	NA	NA	NA	NA
NA	NA	NA	NA	NA	NA	NA	NA	NA	NA	NA	NA	NA	NA	NA	NA
NA	NA	NA	NA	NA	NA	NA	NA	NA	NA	NA	NA	NA	NA	NA	NA
NA	NA	NA	NA	NA	NA	NA	NA	NA	NA	NA	NA	NA	NA	NA	NA
NA	NA	NA	NA	NA	NA	NA	NA	NA	NA	NA	NA	NA	NA	NA	NA
NA	NA	NA	NA	NA	NA	NA	NA	NA	NA	NA	NA	NA	NA	NA	NA
NA	NA	NA	NA	NA	NA	NA	NA	NA	NA	NA	NA	NA	NA	NA	NA
NA	NA	NA	NA	NA	NA	NA	NA	NA	NA	NA	NA	NA	NA	NA	NA
NA	NA	NA	NA	NA	NA	NA	NA	NA	NA	NA	NA	NA	NA	NA	NA
NA	NA	NA	NA	NA	NA	NA	NA	NA	NA	NA	NA	NA	NA	NA	NA
NA	NA	NA	NA	NA	NA	NA	NA	NA	NA	NA	NA	NA	NA	NA	NA
NA	NA	NA	NA	NA	NA	NA	NA	NA	NA	NA	NA	NA	NA	NA	NA
NA	NA	NA	NA	NA	NA	NA	NA	NA	NA	NA	NA	NA	NA	NA	NA
NA	NA	NA	NA	NA	NA	NA	NA	NA	NA	NA	NA	NA	NA	NA	NA
NA	NA	NA	NA	NA	NA	NA	NA	NA	NA	NA	NA	NA	NA	NA	NA
NA	NA	NA	NA	NA	NA	NA	NA	NA	NA	NA	NA	NA	NA	NA	NA
NA	NA	NA	NA	NA	NA	NA	NA	NA	NA	NA	NA	NA	NA	NA	NA
NA	NA	NA	NA	NA	NA	NA	NA	NA	NA	NA	NA	NA	NA	NA	NA
NA	NA	NA	NA	NA	NA	NA	NA	NA	NA	NA	NA	NA	NA	NA	NA
NA	NA	NA	NA	NA	NA	NA	NA	NA	NA	NA	NA	NA	NA	NA	NA
NA	NA	NA	NA	NA	NA	NA	NA	NA	NA	NA	NA	NA	NA	NA	NA
NA	NA	NA	NA	NA	NA	NA	NA	NA	NA	NA	NA	NA	NA	NA	NA
NA	NA	NA	NA	NA	NA	NA	NA	NA	NA	NA	NA	NA	NA	NA	NA
NA	NA	NA	NA	NA	NA	NA	NA	NA	NA	NA	NA	NA	NA	NA	NA
NA	NA	NA	NA	NA	NA	NA	NA	NA	NA	NA	NA	NA	NA	NA	NA
NA	NA	NA	NA	NA	NA	NA	NA	NA	NA	NA	NA	NA	NA	NA	NA
NA	NA	NA	NA	NA	NA	NA	NA	NA	NA	NA	NA	NA	NA	NA	NA
NA	NA	NA	NA	NA	NA	NA	NA	NA	NA	NA	NA	NA	NA	NA	NA
NA	NA	NA	NA	NA	NA	NA	NA	NA	NA	NA	NA	NA	NA	NA	NA
NA	NA	NA	NA	NA	NA	NA	NA	NA	NA	NA	NA	NA	NA	NA	NA
NA	NA	NA	NA	NA	NA	NA	NA	NA	NA	NA	NA	NA	NA	NA	NA
NA	NA	NA	NA	NA	NA	NA	NA	NA	NA	NA	NA	NA	NA	NA	NA
NA	NA	NA	NA	NA	NA	NA	NA	NA	NA	NA	NA	NA	NA	NA	NA
NA	NA	NA	NA	NA	NA	NA	NA	NA	NA	NA	NA	NA	NA	NA	NA
NA	NA	NA	NA	NA	NA	NA	NA	NA	NA	NA	NA	NA	NA	NA	NA
NA	NA	NA	NA	NA	NA	NA	NA	NA	NA	NA	NA	NA	NA	NA	NA
NA	NA	NA	NA	NA	NA	NA	NA	NA	NA	NA	NA	NA	NA	NA	NA
NA	NA	NA	NA	NA	NA	NA	NA	NA	NA	NA	NA	NA	NA	NA	NA
NA	NA	NA	NA	NA	NA	NA	NA	NA	NA	NA	NA	NA	NA	NA	NA
NA	NA	NA	NA	NA	NA	NA	NA	NA	NA	NA	NA	NA	NA	NA	NA
NA	NA	NA	NA	NA	NA	NA	NA	NA	NA	NA	NA	NA	NA	NA	NA
NA	NA	NA	NA	NA	NA	NA	NA	NA	NA	NA	NA	NA	NA	NA	NA
NA	NA	NA	NA	NA	NA	NA	NA	NA	NA	NA	NA	NA	NA	NA	NA
NA	NA	NA	NA	NA	NA	NA	NA	NA	NA	NA	NA	NA	NA	NA	NA
NA	NA	NA	NA	NA	NA	NA	NA	NA	NA	NA	NA	NA	NA	NA	NA
NA	NA	NA	NA	NA	NA	NA	NA	NA	NA	NA	NA	NA	NA	NA	NA
NA	NA	NA	NA	NA	NA	NA	NA	NA	NA	NA	NA	NA	NA	NA	NA
NA	NA	NA	NA	NA	NA	NA	NA	NA	NA	NA	NA	NA	NA	NA	NA
NA	NA	NA	NA	NA	NA	NA	NA	NA	NA	NA	NA	NA	NA	NA	NA
NA	NA	NA	NA	NA	NA	NA	NA	NA	NA	NA	NA	NA	NA	NA	NA
NA	NA	NA	NA	NA	NA	NA	NA	NA	NA	NA	NA	NA	NA	NA	NA
NA	NA	NA	NA	NA	NA	NA	NA	NA	NA	NA	NA	NA	NA	NA	NA
NA	NA	NA	NA	NA	NA	NA	NA	NA	NA	NA	NA	NA	NA	NA	NA
NA	NA	NA	NA	NA	NA	NA	NA	NA	NA	NA	NA	NA	NA	NA	NA
NA	NA	NA	NA	NA	NA	NA	NA	NA	NA	NA	NA	NA	NA	NA	NA
NA	NA	NA	NA	NA	NA	NA	NA	NA	NA	NA	NA	NA	NA	NA	NA
NA	NA	NA	NA	NA	NA	NA	NA	NA	NA	NA	NA	NA	NA	NA	NA
NA	NA	NA	NA	NA	NA	NA	NA	NA	NA	NA	NA	NA	NA	NA	NA
NA	NA	NA	NA	NA	NA	NA	NA	NA	NA	NA	NA	NA	NA	NA	NA
NA	NA	NA	NA	NA	NA	NA	NA	NA	NA	NA	NA	NA	NA	NA	NA
NA	NA	NA	NA	NA	NA	NA	NA	NA	NA	NA	NA	NA	NA	NA	NA
NA	NA	NA	NA	NA	NA	NA	NA	NA	NA	NA	NA	NA	NA	NA	NA
NA	NA	NA	NA	NA	NA	NA	NA	NA	NA	NA	NA	NA	NA	NA	NA
NA	NA	NA	NA	NA	NA	NA	NA	NA	NA	NA	NA	NA	NA	NA	NA
NA	NA	NA	NA	NA	NA	NA	NA	NA	NA	NA	NA	NA	NA	NA	NA
NA	NA	NA	NA	NA	NA	NA	NA	NA	NA	NA	NA	NA	NA	NA	NA
NA	NA	NA	NA	NA	NA	NA	NA	NA	NA	NA	NA	NA	NA	NA	NA
NA	NA	NA	NA	NA	NA	NA	NA	NA	NA	NA	NA	NA	NA	NA	NA
NA	NA	NA	NA	NA	NA	NA	NA	NA	NA	NA	NA	NA	NA	NA	NA
NA	NA	NA	NA	NA	NA	NA	NA	NA	NA	NA	NA	NA	NA	NA	NA
NA	NA	NA	NA	NA	NA	NA	NA	NA	NA	NA	NA	NA	NA	NA	NA
NA	NA	NA	NA	NA	NA	NA	NA	NA	NA	NA	NA	NA	NA	NA	NA
NA	NA	NA	NA	NA	NA	NA	NA	NA	NA	NA	NA	NA	NA	NA	NA
NA	NA	NA	NA	NA	NA	NA	NA	NA	NA	NA	NA	NA	NA	NA	NA
NA	NA	NA	NA	NA	NA	NA	NA	NA	NA	NA	NA	NA	NA	NA	NA
NA	NA	NA	NA	NA	NA	NA	NA	NA	NA	NA	NA	NA	NA	NA	NA
NA	NA	NA	NA	NA	NA	NA	NA	NA	NA	NA	NA	NA	NA	NA	NA
NA	NA	NA	NA	NA	NA	NA	NA	NA	NA	NA	NA	NA	NA	NA	NA
NA	NA	NA	NA	NA	NA	NA	NA	NA	NA	NA	NA	NA	NA	NA	NA
NA	NA	NA	NA	NA	NA	NA	NA	NA	NA	NA	NA	NA	NA	NA	NA
NA	NA	NA	NA	NA	NA	NA	NA	NA	NA	NA	NA	NA	NA	NA	NA
NA	NA	NA	NA	NA	NA	NA	NA	NA	NA	NA	NA	NA	NA	NA	NA
NA	NA	NA	NA	NA	NA	NA	NA	NA	NA	NA	NA	NA	NA	NA	NA
NA	NA	NA	NA	NA	NA	NA	NA	NA	NA	NA	NA	NA	NA	NA	NA
NA	NA	NA	NA	NA	NA	NA	NA	NA	NA	NA	NA	NA	NA	NA	NA
NA	NA	NA	NA	NA	NA	NA	NA	NA	NA	NA	NA	NA	NA	NA	NA
NA	NA	NA	NA	NA	NA	NA	NA	NA	NA	NA	NA	NA	NA	NA	NA
NA	NA	NA	NA	NA	NA	NA	NA	NA	NA	NA	NA	NA	NA	NA	NA
NA	NA	NA	NA	NA	NA	NA	NA	NA	NA	NA	NA	NA	NA	NA	NA
NA	NA	NA	NA	NA	NA	NA	NA	NA	NA	NA	NA	NA	NA	NA	NA
NA	NA	NA	NA	NA	NA	NA	NA	NA	NA	NA	NA	NA	NA	NA	NA
NA	NA	NA	NA	NA	NA	NA	NA	NA	NA	NA	NA	NA	NA	NA	NA
NA	NA	NA	NA	NA	NA	NA	NA	NA	NA	NA	NA	NA	NA	NA	NA
NA	NA	NA	NA	NA	NA	NA	NA	NA	NA	NA	NA	NA	NA	NA	NA
NA	NA	NA	NA	NA	NA	NA	NA	NA	NA	NA	NA	NA	NA	NA	NA
NA	NA	NA	NA	NA	NA	NA	NA	NA	NA	NA	NA	NA	NA	NA	NA
NA	NA	NA	NA	NA	NA	NA	NA	NA	NA	NA	NA	NA	NA	NA	NA
NA	NA	NA	NA	NA	NA	NA	NA	NA	NA	NA	NA	NA	NA	NA	NA
NA	NA	NA	NA	NA	NA	NA	NA	NA	NA	NA	NA	NA	NA	NA	NA
NA	NA	NA	NA	NA	NA	NA	NA	NA	NA	NA	NA	NA	NA	NA	NA
NA	NA	NA	NA	NA	NA	NA	NA	NA	NA	NA	NA	NA	NA	NA	NA
NA	NA	NA	NA	NA	NA	NA	NA	NA	NA	NA	NA	NA	NA	NA	NA
NA	NA	NA	NA	NA	NA	NA	NA	NA	NA	NA	NA	NA	NA	NA	NA
NA	NA	NA	NA	NA	NA	NA	NA	NA	NA	NA	NA	NA	NA	NA	NA
NA	NA	NA	NA	NA	NA	NA	NA	NA	NA	NA	NA	NA	NA	NA	NA
NA	NA	NA	NA	NA	NA	NA	NA	NA	NA	NA	NA	NA	NA	NA	NA
NA	NA	NA	NA	NA	NA	NA	NA	NA	NA	NA	NA	NA	NA	NA	NA
NA	NA	NA	NA	NA	NA	NA	NA	NA	NA	NA	NA	NA	NA	NA	NA
NA	NA	NA	NA	NA	NA	NA	NA	NA	NA	NA	NA	NA	NA	NA	NA
NA	NA	NA	NA	NA	NA	NA	NA	NA	NA	NA	NA	NA	NA	NA	NA
NA	NA	NA	NA	NA	NA	NA	NA	NA	NA	NA	NA	NA	NA	NA	NA
NA	NA	NA	NA	NA	NA	NA	NA	NA	NA	NA	NA	NA	NA	NA	NA
NA	NA	NA	NA	NA	NA	NA	NA	NA	NA	NA	NA	NA	NA	NA	NA
NA	NA	NA	NA	NA	NA	NA	NA	NA	NA	NA	NA	NA	NA	NA	NA
NA	NA	NA	NA	NA	NA	NA	NA	NA	NA	NA	NA	NA	NA	NA	NA
NA	NA	NA	NA	NA	NA	NA	NA	NA	NA	NA	NA	NA	NA	NA	NA
NA	NA	NA	NA	NA	NA	NA	NA	NA	NA	NA	NA	NA	NA	NA	NA
NA	NA	NA	NA	NA	NA	NA	NA	NA	NA	NA	NA	NA	NA	NA	NA
NA	NA	NA	NA	NA	NA	NA	NA	NA	NA	NA	NA	NA	NA	NA	NA
NA	NA	NA	NA	NA	NA	NA	NA	NA	NA	NA	NA	NA	NA	NA	NA
NA	NA	NA	NA	NA	NA	NA	NA	NA	NA	NA	NA	NA	NA	NA	NA
NA	NA	NA	NA	NA	NA	NA	NA	NA	NA	NA	NA	NA	NA	NA	NA
NA	NA	NA	NA	NA	NA	NA	NA	NA	NA	NA	NA	NA	NA	NA	NA
NA	NA	NA	NA	NA	NA	NA	NA	NA	NA	NA	NA	NA	NA	NA	NA
NA	NA	NA	NA	NA	NA	NA	NA	NA	NA	NA	NA	NA	NA	NA	NA
NA	NA	NA	NA	NA	NA	NA	NA	NA	NA	NA	NA	NA	NA	NA	NA
NA	NA	NA	NA	NA	NA	NA	NA	NA	NA	NA	NA	NA	NA	NA	NA
NA	NA	NA	NA	NA	NA	NA	NA	NA	NA	NA	NA	NA	NA	NA	NA
NA	NA	NA	NA	NA	NA	NA	NA	NA	NA	NA	NA	NA	NA	NA	NA
NA	NA	NA	NA	NA	NA	NA	NA	NA	NA	NA	NA	NA	NA	NA	NA
NA	NA	NA	NA	NA	NA	NA	NA	NA	NA	NA	NA	NA	NA	NA	NA
NA	NA	NA	NA	NA	NA	NA	NA	NA	NA	NA	NA	NA	NA	NA	NA
NA	NA	NA	NA	NA	NA	NA	NA	NA	NA	NA	NA	NA	NA	NA	NA
NA	NA	NA	NA	NA	NA	NA	NA	NA	NA	NA	NA	NA	NA	NA	NA
NA	NA	NA	NA	NA	NA	NA	NA	NA	NA	NA	NA	NA	NA	NA	NA
NA	NA	NA	NA	NA	NA	NA	NA	NA	NA	NA	NA	NA	NA	NA	NA
NA	NA	NA	NA	NA	NA	NA	NA	NA	NA	NA	NA	NA	NA	NA	NA
NA	NA	NA	NA	NA	NA	NA	NA	NA	NA	NA	NA	NA	NA	NA	NA
NA	NA	NA	NA	NA	NA	NA	NA	NA	NA	NA	NA	NA	NA	NA	NA
NA	NA	NA	NA	NA	NA	NA	NA	NA	NA	NA	NA	NA	NA	NA	NA
NA	NA	NA	NA	NA	NA	NA	NA	NA	NA	NA	NA	NA	NA	NA	NA
NA	NA	NA	NA	NA	NA	NA	NA	NA	NA	NA	NA	NA	NA	NA	NA
NA	NA	NA	NA	NA	NA	NA	NA	NA	NA	NA	NA	NA	NA	NA	NA
NA	NA	NA	NA	NA	NA	NA	NA	NA	NA	NA	NA	NA	NA	NA	NA
NA	NA	NA	NA	NA	NA	NA	NA	NA	NA	NA	NA	NA	NA	NA	NA
NA	NA	NA	NA	NA	NA	NA	NA	NA	NA	NA	NA	NA	NA	NA	NA
NA	NA	NA	NA	NA	NA	NA	NA	NA	NA	NA	NA	NA	NA	NA	NA
NA	NA	NA	NA	NA	NA	NA	NA	NA	NA	NA	NA	NA	NA	NA	NA
NA	NA	NA	NA	NA	NA	NA	NA	NA	NA	NA	NA	NA	NA	NA	NA
NA	NA	NA	NA	NA	NA	NA	NA	NA	NA	NA	NA	NA	NA	NA	NA
NA	NA	NA	NA	NA	NA	NA	NA	NA	NA	NA	NA	NA	NA	NA	NA
NA	NA	NA	NA	NA	NA	NA	NA	NA	NA	NA	NA	NA	NA	NA	NA
NA	NA	NA	NA	NA	NA	NA	NA	NA	NA	NA	NA	NA	NA	NA	NA
NA	NA	NA	NA	NA	NA	NA	NA	NA	NA	NA	NA	NA	NA	NA	NA
NA	NA	NA	NA	NA	NA	NA	NA	NA	NA	NA	NA	NA	NA	NA	NA
NA	NA	NA	NA	NA	NA	NA	NA	NA	NA	NA	NA	NA	NA	NA	NA
NA	NA	NA	NA	NA	NA	NA	NA	NA	NA	NA	NA	NA	NA	NA	NA
NA	NA	NA	NA	NA	NA	NA	NA	NA	NA	NA	NA	NA	NA	NA	NA
NA	NA	NA	NA	NA	NA	NA	NA	NA	NA	NA	NA	NA	NA	NA	NA
NA	NA	NA	NA	NA	NA	NA	NA	NA	NA	NA	NA	NA	NA	NA	NA
NA	NA	NA	NA	NA	NA	NA	NA	NA	NA	NA	NA	NA	NA	NA	NA
NA	NA	NA	NA	NA	NA	NA	NA	NA	NA	NA	NA	NA	NA	NA	NA
NA	NA	NA	NA	NA	NA	NA	NA	NA	NA	NA	NA	NA	NA	NA	NA
NA	NA	NA	NA	NA	NA	NA	NA	NA	NA	NA	NA	NA	NA	NA	NA
NA	NA	NA	NA	NA	NA	NA	NA	NA	NA	NA	NA	NA	NA	NA	NA
NA	NA	NA	NA	NA	NA	NA	NA	NA	NA	NA	NA	NA	NA	NA	NA
NA	NA	NA	NA	NA	NA	NA	NA	NA	NA	NA	NA	NA	NA	NA	NA
NA	NA	NA	NA	NA	NA	NA	NA	NA	NA	NA	NA	NA	NA	NA	NA
NA	NA	NA	NA	NA	NA	NA	NA	NA	NA	NA	NA	NA	NA	NA	NA
NA	NA	NA	NA	NA	NA	NA	NA	NA	NA	NA	NA	NA	NA	NA	NA
NA	NA	NA	NA	NA	NA	NA	NA	NA	NA	NA	NA	NA	NA	NA	NA
NA	NA	NA	NA	NA	NA	NA	NA	NA	NA	NA	NA	NA	NA	NA	NA
NA	NA	NA	NA	NA	NA	NA	NA	NA	NA	NA	NA	NA	NA	NA	NA
NA	NA	NA	NA	NA	NA	NA	NA	NA	NA	NA	NA	NA	NA	NA	NA
NA	NA	NA	NA	NA	NA	NA	NA	NA	NA	NA	NA	NA	NA	NA	NA
NA	NA	NA	NA	NA	NA	NA	NA	NA	NA	NA	NA	NA	NA	NA	NA
NA	NA	NA	NA	NA	NA	NA	NA	NA	NA	NA	NA	NA	NA	NA	NA
NA	NA	NA	NA	NA	NA	NA	NA	NA	NA	NA	NA	NA	NA	NA	NA
NA	NA	NA	NA	NA	NA	NA	NA	NA	NA	NA	NA	NA	NA	NA	NA
NA	NA	NA	NA	NA	NA	NA	NA	NA	NA	NA	NA	NA	NA	NA	NA
NA	NA	NA	NA	NA	NA	NA	NA	NA	NA	NA	NA	NA	NA	NA	NA
NA	NA	NA	NA	NA	NA	NA	NA	NA	NA	NA	NA	NA	NA	NA	NA
NA	NA	NA	NA	NA	NA	NA	NA	NA	NA	NA	NA	NA	NA	NA	NA
NA	NA	NA	NA	NA	NA	NA	NA	NA	NA	NA	NA	NA	NA	NA	NA
NA	NA	NA	NA	NA	NA	NA	NA	NA	NA	NA	NA	NA	NA	NA	NA
NA	NA	NA	NA	NA	NA	NA	NA	NA	NA	NA	NA	NA	NA	NA	NA
NA	NA	NA	NA	NA	NA	NA	NA	NA	NA	NA	NA	NA	NA	NA	NA
NA	NA	NA	NA	NA	NA	NA	NA	NA	NA	NA	NA	NA	NA	NA	NA
NA	NA	NA	NA	NA	NA	NA	NA	NA	NA	NA	NA	NA	NA	NA	NA
NA	NA	NA	NA	NA	NA	NA	NA	NA	NA	NA	NA	NA	NA	NA	NA
NA	NA	NA	NA	NA	NA	NA	NA	NA	NA	NA	NA	NA	NA	NA	NA
NA	NA	NA	NA	NA	NA	NA	NA	NA	NA	NA	NA	NA	NA	NA	NA
NA	NA	NA	NA	NA	NA	NA	NA	NA	NA	NA	NA	NA	NA	NA	NA
NA	NA	NA	NA	NA	NA	NA	NA	NA	NA	NA	NA	NA	NA	NA	NA
NA	NA	NA	NA	NA	NA	NA	NA	NA	NA	NA	NA	NA	NA	NA	NA
NA	NA	NA	NA	NA	NA	NA	NA	NA	NA	NA	NA	NA	NA	NA	NA
NA	NA	NA	NA	NA	NA	NA	NA	NA	NA	NA	NA	NA	NA	NA	NA
NA	NA	NA	NA	NA	NA	NA	NA	NA	NA	NA	NA	NA	NA	NA	NA
NA	NA	NA	NA	NA	NA	NA	NA	NA	NA	NA	NA	NA	NA	NA	NA
NA	NA	NA	NA	NA	NA	NA	NA	NA	NA	NA	NA	NA	NA	NA	NA
NA	NA	NA	NA	NA	NA	NA	NA	NA	NA	NA	NA	NA	NA	NA	NA
NA	NA	NA	NA	NA	NA	NA	NA	NA	NA	NA	NA	NA	NA	NA	NA
NA	NA	NA	NA	NA	NA	NA	NA	NA	NA	NA	NA	NA	NA	NA	NA
NA	NA	NA	NA	NA	NA	NA	NA	NA	NA	NA	NA	NA	NA	NA	NA
NA	NA	NA	NA	NA	NA	NA	NA	NA	NA	NA	NA	NA	NA	NA	NA
NA	NA	NA	NA	NA	NA	NA	NA	NA	NA	NA	NA	NA	NA	NA	NA
NA	NA	NA	NA	NA	NA	NA	NA	NA	NA	NA	NA	NA	NA	NA	NA
NA	NA	NA	NA	NA	NA	NA	NA	NA	NA	NA	NA	NA	NA	NA	NA
NA	NA	NA	NA	NA	NA	NA	NA	NA	NA	NA	NA	NA	NA	NA	NA
NA	NA	NA	NA	NA	NA	NA	NA	NA	NA	NA	NA	NA	NA	NA	NA
NA	NA	NA	NA	NA	NA	NA	NA	NA	NA	NA	NA	NA	NA	NA	NA
NA	NA	NA	NA	NA	NA	NA	NA	NA	NA	NA	NA	NA	NA	NA	NA
NA	NA	NA	NA	NA	NA	NA	NA	NA	NA	NA	NA	NA	NA	NA	NA
NA	NA	NA	NA	NA	NA	NA	NA	NA	NA	NA	NA	NA	NA	NA	NA
NA	NA	NA	NA	NA	NA	NA	NA	NA	NA	NA	NA	NA	NA	NA	NA
NA	NA	NA	NA	NA	NA	NA	NA	NA	NA	NA	NA	NA	NA	NA	NA
NA	NA	NA	NA	NA	NA	NA	NA	NA	NA	NA	NA	NA	NA	NA	NA
NA	NA	NA	NA	NA	NA	NA	NA	NA	NA	NA	NA	NA	NA	NA	NA
NA	NA	NA	NA	NA	NA	NA	NA	NA	NA	NA	NA	NA	NA	NA	NA
NA	NA	NA	NA	NA	NA	NA	NA	NA	NA	NA	NA	NA	NA	NA	NA
NA	NA	NA	NA	NA	NA	NA	NA	NA	NA	NA	NA	NA	NA	NA	NA
NA	NA	NA	NA	NA	NA	NA	NA	NA	NA	NA	NA	NA	NA	NA	NA
NA	NA	NA	NA	NA	NA	NA	NA	NA	NA	NA	NA	NA	NA	NA	NA
NA	NA	NA	NA	NA	NA	NA	NA	NA	NA	NA	NA	NA	NA	NA	NA
NA	NA	NA	NA	NA	NA	NA	NA	NA	NA	NA	NA	NA	NA	NA	NA
NA	NA	NA	NA	NA	NA	NA	NA	NA	NA	NA	NA	NA	NA	NA	NA
NA	NA	NA	NA	NA	NA	NA	NA	NA	NA	NA	NA	NA	NA	NA	NA
NA	NA	NA	NA	NA	NA	NA	NA	NA	NA	NA	NA	NA	NA	NA	NA
NA	NA	NA	NA	NA	NA	NA	NA	NA	NA	NA	NA	NA	NA	NA	NA
NA	NA	NA	NA	NA	NA	NA	NA	NA	NA	NA	NA	NA	NA	NA	NA
NA	NA	NA	NA	NA	NA	NA	NA	NA	NA	NA	NA	NA	NA	NA	NA
NA	NA	NA	NA	NA	NA	NA	NA	NA	NA	NA	NA	NA	NA	NA	NA
NA	NA	NA	NA	NA	NA	NA	NA	NA	NA	NA	NA	NA	NA	NA	NA
NA	NA	NA	NA	NA	NA	NA	NA	NA	NA	NA	NA	NA	NA	NA	NA
NA	NA	NA	NA	NA	NA	NA	NA	NA	NA	NA	NA	NA	NA	NA	NA
NA	NA	NA	NA	NA	NA	NA	NA	NA	NA	NA	NA	NA	NA	NA	NA
NA	NA	NA	NA	NA	NA	NA	NA	NA	NA	NA	NA	NA	NA	NA	NA
NA	NA	NA	NA	NA	NA	NA	NA	NA	NA	NA	NA	NA	NA	NA	NA
NA	NA	NA	NA	NA	NA	NA	NA	NA	NA	NA	NA	NA	NA	NA	NA
NA	NA	NA	NA	NA	NA	NA	NA	NA	NA	NA	NA	NA	NA	NA	NA
NA	NA	NA	NA	NA	NA	NA	NA	NA	NA	NA	NA	NA	NA	NA	NA
NA	NA	NA	NA	NA	NA	NA	NA	NA	NA	NA	NA	NA	NA	NA	NA
NA	NA	NA	NA	NA	NA	NA	NA	NA	NA	NA	NA	NA	NA	NA	NA
NA	NA	NA	NA	NA	NA	NA	NA	NA	NA	NA	NA	NA	NA	NA	NA
NA	NA	NA	NA	NA	NA	NA	NA	NA	NA	NA	NA	NA	NA	NA	NA
NA	NA	NA	NA	NA	NA	NA	NA	NA	NA	NA	NA	NA	NA	NA	NA
NA	NA	NA	NA	NA	NA	NA	NA	NA	NA	NA	NA	NA	NA	NA	NA
NA	NA	NA	NA	NA	NA	NA	NA	NA	NA	NA	NA	NA	NA	NA	NA
NA	NA	NA	NA	NA	NA	NA	NA	NA	NA	NA	NA	NA	NA	NA	NA
NA	NA	NA	NA	NA	NA	NA	NA	NA	NA	NA	NA	NA	NA	NA	NA
NA	NA	NA	NA	NA	NA	NA	NA	NA	NA	NA	NA	NA	NA	NA	NA
NA	NA	NA	NA	NA	NA	NA	NA	NA	NA	NA	NA	NA	NA	NA	NA
NA	NA	NA	NA	NA	NA	NA	NA	NA	NA	NA	NA	NA	NA	NA	NA
NA	NA	NA	NA	NA	NA	NA	NA	NA	NA	NA	NA	NA	NA	NA	NA
NA	NA	NA	NA	NA	NA	NA	NA	NA	NA	NA	NA	NA	NA	NA	NA
NA	NA	NA	NA	NA	NA	NA	NA	NA	NA	NA	NA	NA	NA	NA	NA
NA	NA	NA	NA	NA	NA	NA	NA	NA	NA	NA	NA	NA	NA	NA	NA
NA	NA	NA	NA	NA	NA	NA	NA	NA	NA	NA	NA	NA	NA	NA	NA
NA	NA	NA	NA	NA	NA	NA	NA	NA	NA	NA	NA	NA	NA	NA	NA
NA	NA	NA	NA	NA	NA	NA	NA	NA	NA	NA	NA	NA	NA	NA	NA
NA	NA	NA	NA	NA	NA	NA	NA	NA	NA	NA	NA	NA	NA	NA	NA
NA	NA	NA	NA	NA	NA	NA	NA	NA	NA	NA	NA	NA	NA	NA	NA
NA	NA	NA	NA	NA	NA	NA	NA	NA	NA	NA	NA	NA	NA	NA	NA
NA	NA	NA	NA	NA	NA	NA	NA	NA	NA	NA	NA	NA	NA	NA	NA
NA	NA	NA	NA	NA	NA	NA	NA	NA	NA	NA	NA	NA	NA	NA	NA
NA	NA	NA	NA	NA	NA	NA	NA	NA	NA	NA	NA	NA	NA	NA	NA
NA	NA	NA	NA	NA	NA	NA	NA	NA	NA	NA	NA	NA	NA	NA	NA
NA	NA	NA	NA	NA	NA	NA	NA	NA	NA	NA	NA	NA	NA	NA	NA
NA	NA	NA	NA	NA	NA	NA	NA	NA	NA	NA	NA	NA	NA	NA	NA
NA	NA	NA	NA	NA	NA	NA	NA	NA	NA	NA	NA	NA	NA	NA	NA
NA	NA	NA	NA	NA	NA	NA	NA	NA	NA	NA	NA	NA	NA	NA	NA
NA	NA	NA	NA	NA	NA	NA	NA	NA	NA	NA	NA	NA	NA	NA	NA
NA	NA	NA	NA	NA	NA	NA	NA	NA	NA	NA	NA	NA	NA	NA	NA
NA	NA	NA	NA	NA	NA	NA	NA	NA	NA	NA	NA	NA	NA	NA	NA
NA	NA	NA	NA	NA	NA	NA	NA	NA	NA	NA	NA	NA	NA	NA	NA
NA	NA	NA	NA	NA	NA	NA	NA	NA	NA	NA	NA	NA	NA	NA	NA
NA	NA	NA	NA	NA	NA	NA	NA	NA	NA	NA	NA	NA	NA	NA	NA
NA	NA	NA	NA	NA	NA	NA	NA	NA	NA	NA	NA	NA	NA	NA	NA
NA	NA	NA	NA	NA	NA	NA	NA	NA	NA	NA	NA	NA	NA	NA	NA
NA	NA	NA	NA	NA	NA	NA	NA	NA	NA	NA	NA	NA	NA	NA	NA
NA	NA	NA	NA	NA	NA	NA	NA	NA	NA	NA	NA	NA	NA	NA	NA
NA	NA	NA	NA	NA	NA	NA	NA	NA	NA	NA	NA	NA	NA	NA	NA
NA	NA	NA	NA	NA	NA	NA	NA	NA	NA	NA	NA	NA	NA	NA	NA
NA	NA	NA	NA	NA	NA	NA	NA	NA	NA	NA	NA	NA	NA	NA	NA
NA	NA	NA	NA	NA	NA	NA	NA	NA	NA	NA	NA	NA	NA	NA	NA
NA	NA	NA	NA	NA	NA	NA	NA	NA	NA	NA	NA	NA	NA	NA	NA
NA	NA	NA	NA	NA	NA	NA	NA	NA	NA	NA	NA	NA	NA	NA	NA
NA	NA	NA	NA	NA	NA	NA	NA	NA	NA	NA	NA	NA	NA	NA	NA
NA	NA	NA	NA	NA	NA	NA	NA	NA	NA	NA	NA	NA	NA	NA	NA
NA	NA	NA	NA	NA	NA	NA	NA	NA	NA	NA	NA	NA	NA	NA	NA
NA	NA	NA	NA	NA	NA	NA	NA	NA	NA	NA	NA	NA	NA	NA	NA
NA	NA	NA	NA	NA	NA	NA	NA	NA	NA	NA	NA	NA	NA	NA	NA
NA	NA	NA	NA	NA	NA	NA	NA	NA	NA	NA	NA	NA	NA	NA	NA
NA	NA	NA	NA	NA	NA	NA	NA	NA	NA	NA	NA	NA	NA	NA	NA
NA	NA	NA	NA	NA	NA	NA	NA	NA	NA	NA	NA	NA	NA	NA	NA
