X1	X2	X3	X4	X1.1	X2.1	X3.1	X4.1	X1.2	X2.2	X3.2	X4.2	X1.3	X2.3	X3.3	X4.3
NA	NA	NA	NA	NA	NA	NA	NA	NA	NA	NA	NA	NA	NA	NA	NA
NA	NA	NA	NA	NA	NA	NA	NA	NA	NA	NA	NA	NA	NA	NA	NA
NA	NA	NA	NA	NA	NA	NA	NA	NA	NA	NA	NA	NA	NA	NA	NA
NA	NA	NA	NA	NA	NA	NA	NA	NA	NA	NA	NA	NA	NA	NA	NA
NA	NA	NA	NA	NA	NA	NA	NA	NA	NA	NA	NA	NA	NA	NA	NA
NA	NA	NA	NA	NA	NA	NA	NA	NA	NA	NA	NA	NA	NA	NA	NA
NA	NA	NA	NA	NA	NA	NA	NA	NA	NA	NA	NA	NA	NA	NA	NA
NA	NA	NA	NA	NA	NA	NA	NA	NA	NA	NA	NA	NA	NA	NA	NA
NA	NA	NA	NA	NA	NA	NA	NA	NA	NA	NA	NA	NA	NA	NA	NA
NA	NA	NA	NA	NA	NA	NA	NA	NA	NA	NA	NA	NA	NA	NA	NA
NA	NA	NA	NA	NA	NA	NA	NA	NA	NA	NA	NA	NA	NA	NA	NA
NA	NA	NA	NA	NA	NA	NA	NA	NA	NA	NA	NA	NA	NA	NA	NA
NA	NA	NA	NA	NA	NA	NA	NA	NA	NA	NA	NA	NA	NA	NA	NA
NA	NA	NA	NA	NA	NA	NA	NA	NA	NA	NA	NA	NA	NA	NA	NA
NA	NA	NA	NA	NA	NA	NA	NA	NA	NA	NA	NA	NA	NA	NA	NA
NA	NA	NA	NA	NA	NA	NA	NA	NA	NA	NA	NA	NA	NA	NA	NA
NA	NA	NA	NA	NA	NA	NA	NA	NA	NA	NA	NA	NA	NA	NA	NA
NA	NA	NA	NA	NA	NA	NA	NA	NA	NA	NA	NA	NA	NA	NA	NA
NA	NA	NA	NA	NA	NA	NA	NA	NA	NA	NA	NA	NA	NA	NA	NA
NA	NA	NA	NA	NA	NA	NA	NA	NA	NA	NA	NA	NA	NA	NA	NA
NA	NA	NA	NA	NA	NA	NA	NA	NA	NA	NA	NA	NA	NA	NA	NA
NA	NA	NA	NA	NA	NA	NA	NA	NA	NA	NA	NA	NA	NA	NA	NA
NA	NA	NA	NA	NA	NA	NA	NA	NA	NA	NA	NA	NA	NA	NA	NA
NA	NA	NA	NA	NA	NA	NA	NA	NA	NA	NA	NA	NA	NA	NA	NA
NA	NA	NA	NA	NA	NA	NA	NA	NA	NA	NA	NA	NA	NA	NA	NA
NA	NA	NA	NA	NA	NA	NA	NA	NA	NA	NA	NA	NA	NA	NA	NA
NA	NA	NA	NA	NA	NA	NA	NA	NA	NA	NA	NA	NA	NA	NA	NA
NA	NA	NA	NA	NA	NA	NA	NA	NA	NA	NA	NA	NA	NA	NA	NA
NA	NA	NA	NA	NA	NA	NA	NA	NA	NA	NA	NA	NA	NA	NA	NA
NA	NA	NA	NA	NA	NA	NA	NA	NA	NA	NA	NA	NA	NA	NA	NA
NA	NA	NA	NA	NA	NA	NA	NA	NA	NA	NA	NA	NA	NA	NA	NA
NA	NA	NA	NA	NA	NA	NA	NA	NA	NA	NA	NA	NA	NA	NA	NA
NA	NA	NA	NA	NA	NA	NA	NA	NA	NA	NA	NA	NA	NA	NA	NA
NA	NA	NA	NA	NA	NA	NA	NA	NA	NA	NA	NA	NA	NA	NA	NA
NA	NA	NA	NA	NA	NA	NA	NA	NA	NA	NA	NA	NA	NA	NA	NA
NA	NA	NA	NA	NA	NA	NA	NA	NA	NA	NA	NA	NA	NA	NA	NA
NA	NA	NA	NA	NA	NA	NA	NA	NA	NA	NA	NA	NA	NA	NA	NA
NA	NA	NA	NA	NA	NA	NA	NA	NA	NA	NA	NA	NA	NA	NA	NA
NA	NA	NA	NA	NA	NA	NA	NA	NA	NA	NA	NA	NA	NA	NA	NA
NA	NA	NA	NA	NA	NA	NA	NA	NA	NA	NA	NA	NA	NA	NA	NA
NA	NA	NA	NA	NA	NA	NA	NA	NA	NA	NA	NA	NA	NA	NA	NA
NA	NA	NA	NA	NA	NA	NA	NA	NA	NA	NA	NA	NA	NA	NA	NA
NA	NA	NA	NA	NA	NA	NA	NA	NA	NA	NA	NA	NA	NA	NA	NA
NA	NA	NA	NA	NA	NA	NA	NA	NA	NA	NA	NA	NA	NA	NA	NA
NA	NA	NA	NA	NA	NA	NA	NA	NA	NA	NA	NA	NA	NA	NA	NA
NA	NA	NA	NA	NA	NA	NA	NA	NA	NA	NA	NA	NA	NA	NA	NA
NA	NA	NA	NA	NA	NA	NA	NA	NA	NA	NA	NA	NA	NA	NA	NA
NA	NA	NA	NA	NA	NA	NA	NA	NA	NA	NA	NA	NA	NA	NA	NA
NA	NA	NA	NA	NA	NA	NA	NA	NA	NA	NA	NA	NA	NA	NA	NA
NA	NA	NA	NA	NA	NA	NA	NA	NA	NA	NA	NA	NA	NA	NA	NA
NA	NA	NA	NA	NA	NA	NA	NA	NA	NA	NA	NA	NA	NA	NA	NA
NA	NA	NA	NA	NA	NA	NA	NA	NA	NA	NA	NA	NA	NA	NA	NA
NA	NA	NA	NA	NA	NA	NA	NA	NA	NA	NA	NA	NA	NA	NA	NA
NA	NA	NA	NA	NA	NA	NA	NA	NA	NA	NA	NA	NA	NA	NA	NA
NA	NA	NA	NA	NA	NA	NA	NA	NA	NA	NA	NA	NA	NA	NA	NA
NA	NA	NA	NA	NA	NA	NA	NA	NA	NA	NA	NA	NA	NA	NA	NA
NA	NA	NA	NA	NA	NA	NA	NA	NA	NA	NA	NA	NA	NA	NA	NA
NA	NA	NA	NA	NA	NA	NA	NA	NA	NA	NA	NA	NA	NA	NA	NA
NA	NA	NA	NA	NA	NA	NA	NA	NA	NA	NA	NA	NA	NA	NA	NA
NA	NA	NA	NA	NA	NA	NA	NA	NA	NA	NA	NA	NA	NA	NA	NA
NA	NA	NA	NA	NA	NA	NA	NA	NA	NA	NA	NA	NA	NA	NA	NA
NA	NA	NA	NA	NA	NA	NA	NA	NA	NA	NA	NA	NA	NA	NA	NA
NA	NA	NA	NA	NA	NA	NA	NA	NA	NA	NA	NA	NA	NA	NA	NA
NA	NA	NA	NA	NA	NA	NA	NA	NA	NA	NA	NA	NA	NA	NA	NA
NA	NA	NA	NA	NA	NA	NA	NA	NA	NA	NA	NA	NA	NA	NA	NA
NA	NA	NA	NA	NA	NA	NA	NA	NA	NA	NA	NA	NA	NA	NA	NA
NA	NA	NA	NA	NA	NA	NA	NA	NA	NA	NA	NA	NA	NA	NA	NA
NA	NA	NA	NA	NA	NA	NA	NA	NA	NA	NA	NA	NA	NA	NA	NA
NA	NA	NA	NA	NA	NA	NA	NA	NA	NA	NA	NA	NA	NA	NA	NA
NA	NA	NA	NA	NA	NA	NA	NA	NA	NA	NA	NA	NA	NA	NA	NA
NA	NA	NA	NA	NA	NA	NA	NA	NA	NA	NA	NA	NA	NA	NA	NA
NA	NA	NA	NA	NA	NA	NA	NA	NA	NA	NA	NA	NA	NA	NA	NA
NA	NA	NA	NA	NA	NA	NA	NA	NA	NA	NA	NA	NA	NA	NA	NA
NA	NA	NA	NA	NA	NA	NA	NA	NA	NA	NA	NA	NA	NA	NA	NA
NA	NA	NA	NA	NA	NA	NA	NA	NA	NA	NA	NA	NA	NA	NA	NA
NA	NA	NA	NA	NA	NA	NA	NA	NA	NA	NA	NA	NA	NA	NA	NA
NA	NA	NA	NA	NA	NA	NA	NA	NA	NA	NA	NA	NA	NA	NA	NA
NA	NA	NA	NA	NA	NA	NA	NA	NA	NA	NA	NA	NA	NA	NA	NA
NA	NA	NA	NA	NA	NA	NA	NA	NA	NA	NA	NA	NA	NA	NA	NA
NA	NA	NA	NA	NA	NA	NA	NA	NA	NA	NA	NA	NA	NA	NA	NA
NA	NA	NA	NA	NA	NA	NA	NA	NA	NA	NA	NA	NA	NA	NA	NA
NA	NA	NA	NA	NA	NA	NA	NA	NA	NA	NA	NA	NA	NA	NA	NA
NA	NA	NA	NA	NA	NA	NA	NA	NA	NA	NA	NA	NA	NA	NA	NA
NA	NA	NA	NA	NA	NA	NA	NA	NA	NA	NA	NA	NA	NA	NA	NA
NA	NA	NA	NA	NA	NA	NA	NA	NA	NA	NA	NA	NA	NA	NA	NA
NA	NA	NA	NA	NA	NA	NA	NA	NA	NA	NA	NA	NA	NA	NA	NA
NA	NA	NA	NA	NA	NA	NA	NA	NA	NA	NA	NA	NA	NA	NA	NA
NA	NA	NA	NA	NA	NA	NA	NA	NA	NA	NA	NA	NA	NA	NA	NA
NA	NA	NA	NA	NA	NA	NA	NA	NA	NA	NA	NA	NA	NA	NA	NA
NA	NA	NA	NA	NA	NA	NA	NA	NA	NA	NA	NA	NA	NA	NA	NA
NA	NA	NA	NA	NA	NA	NA	NA	NA	NA	NA	NA	NA	NA	NA	NA
NA	NA	NA	NA	NA	NA	NA	NA	NA	NA	NA	NA	NA	NA	NA	NA
NA	NA	NA	NA	NA	NA	NA	NA	NA	NA	NA	NA	NA	NA	NA	NA
NA	NA	NA	NA	NA	NA	NA	NA	NA	NA	NA	NA	NA	NA	NA	NA
NA	NA	NA	NA	NA	NA	NA	NA	NA	NA	NA	NA	NA	NA	NA	NA
NA	NA	NA	NA	NA	NA	NA	NA	NA	NA	NA	NA	NA	NA	NA	NA
NA	NA	NA	NA	NA	NA	NA	NA	NA	NA	NA	NA	NA	NA	NA	NA
NA	NA	NA	NA	NA	NA	NA	NA	NA	NA	NA	NA	NA	NA	NA	NA
NA	NA	NA	NA	NA	NA	NA	NA	NA	NA	NA	NA	NA	NA	NA	NA
NA	NA	NA	NA	NA	NA	NA	NA	NA	NA	NA	NA	NA	NA	NA	NA
NA	NA	NA	NA	NA	NA	NA	NA	NA	NA	NA	NA	NA	NA	NA	NA
NA	NA	NA	NA	NA	NA	NA	NA	NA	NA	NA	NA	NA	NA	NA	NA
NA	NA	NA	NA	NA	NA	NA	NA	NA	NA	NA	NA	NA	NA	NA	NA
NA	NA	NA	NA	NA	NA	NA	NA	NA	NA	NA	NA	NA	NA	NA	NA
NA	NA	NA	NA	NA	NA	NA	NA	NA	NA	NA	NA	NA	NA	NA	NA
NA	NA	NA	NA	NA	NA	NA	NA	NA	NA	NA	NA	NA	NA	NA	NA
NA	NA	NA	NA	NA	NA	NA	NA	NA	NA	NA	NA	NA	NA	NA	NA
NA	NA	NA	NA	NA	NA	NA	NA	NA	NA	NA	NA	NA	NA	NA	NA
NA	NA	NA	NA	NA	NA	NA	NA	NA	NA	NA	NA	NA	NA	NA	NA
NA	NA	NA	NA	NA	NA	NA	NA	NA	NA	NA	NA	NA	NA	NA	NA
NA	NA	NA	NA	NA	NA	NA	NA	NA	NA	NA	NA	NA	NA	NA	NA
NA	NA	NA	NA	NA	NA	NA	NA	NA	NA	NA	NA	NA	NA	NA	NA
NA	NA	NA	NA	NA	NA	NA	NA	NA	NA	NA	NA	NA	NA	NA	NA
NA	NA	NA	NA	NA	NA	NA	NA	NA	NA	NA	NA	NA	NA	NA	NA
NA	NA	NA	NA	NA	NA	NA	NA	NA	NA	NA	NA	NA	NA	NA	NA
NA	NA	NA	NA	NA	NA	NA	NA	NA	NA	NA	NA	NA	NA	NA	NA
NA	NA	NA	NA	NA	NA	NA	NA	NA	NA	NA	NA	NA	NA	NA	NA
NA	NA	NA	NA	NA	NA	NA	NA	NA	NA	NA	NA	NA	NA	NA	NA
NA	NA	NA	NA	NA	NA	NA	NA	NA	NA	NA	NA	NA	NA	NA	NA
NA	NA	NA	NA	NA	NA	NA	NA	NA	NA	NA	NA	NA	NA	NA	NA
NA	NA	NA	NA	NA	NA	NA	NA	NA	NA	NA	NA	NA	NA	NA	NA
NA	NA	NA	NA	NA	NA	NA	NA	NA	NA	NA	NA	NA	NA	NA	NA
NA	NA	NA	NA	NA	NA	NA	NA	NA	NA	NA	NA	NA	NA	NA	NA
NA	NA	NA	NA	NA	NA	NA	NA	NA	NA	NA	NA	NA	NA	NA	NA
NA	NA	NA	NA	NA	NA	NA	NA	NA	NA	NA	NA	NA	NA	NA	NA
NA	NA	NA	NA	NA	NA	NA	NA	NA	NA	NA	NA	NA	NA	NA	NA
NA	NA	NA	NA	NA	NA	NA	NA	NA	NA	NA	NA	NA	NA	NA	NA
NA	NA	NA	NA	NA	NA	NA	NA	NA	NA	NA	NA	NA	NA	NA	NA
NA	NA	NA	NA	NA	NA	NA	NA	NA	NA	NA	NA	NA	NA	NA	NA
NA	NA	NA	NA	NA	NA	NA	NA	NA	NA	NA	NA	NA	NA	NA	NA
NA	NA	NA	NA	NA	NA	NA	NA	NA	NA	NA	NA	NA	NA	NA	NA
NA	NA	NA	NA	NA	NA	NA	NA	NA	NA	NA	NA	NA	NA	NA	NA
NA	NA	NA	NA	NA	NA	NA	NA	NA	NA	NA	NA	NA	NA	NA	NA
NA	NA	NA	NA	NA	NA	NA	NA	NA	NA	NA	NA	NA	NA	NA	NA
NA	NA	NA	NA	NA	NA	NA	NA	NA	NA	NA	NA	NA	NA	NA	NA
NA	NA	NA	NA	NA	NA	NA	NA	NA	NA	NA	NA	NA	NA	NA	NA
NA	NA	NA	NA	NA	NA	NA	NA	NA	NA	NA	NA	NA	NA	NA	NA
NA	NA	NA	NA	NA	NA	NA	NA	NA	NA	NA	NA	NA	NA	NA	NA
NA	NA	NA	NA	NA	NA	NA	NA	NA	NA	NA	NA	NA	NA	NA	NA
NA	NA	NA	NA	NA	NA	NA	NA	NA	NA	NA	NA	NA	NA	NA	NA
NA	NA	NA	NA	NA	NA	NA	NA	NA	NA	NA	NA	NA	NA	NA	NA
NA	NA	NA	NA	NA	NA	NA	NA	NA	NA	NA	NA	NA	NA	NA	NA
NA	NA	NA	NA	NA	NA	NA	NA	NA	NA	NA	NA	NA	NA	NA	NA
NA	NA	NA	NA	NA	NA	NA	NA	NA	NA	NA	NA	NA	NA	NA	NA
NA	NA	NA	NA	NA	NA	NA	NA	NA	NA	NA	NA	NA	NA	NA	NA
NA	NA	NA	NA	NA	NA	NA	NA	NA	NA	NA	NA	NA	NA	NA	NA
NA	NA	NA	NA	NA	NA	NA	NA	NA	NA	NA	NA	NA	NA	NA	NA
NA	NA	NA	NA	NA	NA	NA	NA	NA	NA	NA	NA	NA	NA	NA	NA
NA	NA	NA	NA	NA	NA	NA	NA	NA	NA	NA	NA	NA	NA	NA	NA
NA	NA	NA	NA	NA	NA	NA	NA	NA	NA	NA	NA	NA	NA	NA	NA
NA	NA	NA	NA	NA	NA	NA	NA	NA	NA	NA	NA	NA	NA	NA	NA
NA	NA	NA	NA	NA	NA	NA	NA	NA	NA	NA	NA	NA	NA	NA	NA
NA	NA	NA	NA	NA	NA	NA	NA	NA	NA	NA	NA	NA	NA	NA	NA
NA	NA	NA	NA	NA	NA	NA	NA	NA	NA	NA	NA	NA	NA	NA	NA
NA	NA	NA	NA	NA	NA	NA	NA	NA	NA	NA	NA	NA	NA	NA	NA
NA	NA	NA	NA	NA	NA	NA	NA	NA	NA	NA	NA	NA	NA	NA	NA
NA	NA	NA	NA	NA	NA	NA	NA	NA	NA	NA	NA	NA	NA	NA	NA
NA	NA	NA	NA	NA	NA	NA	NA	NA	NA	NA	NA	NA	NA	NA	NA
NA	NA	NA	NA	NA	NA	NA	NA	NA	NA	NA	NA	NA	NA	NA	NA
NA	NA	NA	NA	NA	NA	NA	NA	NA	NA	NA	NA	NA	NA	NA	NA
NA	NA	NA	NA	NA	NA	NA	NA	NA	NA	NA	NA	NA	NA	NA	NA
NA	NA	NA	NA	NA	NA	NA	NA	NA	NA	NA	NA	NA	NA	NA	NA
NA	NA	NA	NA	NA	NA	NA	NA	NA	NA	NA	NA	NA	NA	NA	NA
NA	NA	NA	NA	NA	NA	NA	NA	NA	NA	NA	NA	NA	NA	NA	NA
NA	NA	NA	NA	NA	NA	NA	NA	NA	NA	NA	NA	NA	NA	NA	NA
NA	NA	NA	NA	NA	NA	NA	NA	NA	NA	NA	NA	NA	NA	NA	NA
NA	NA	NA	NA	NA	NA	NA	NA	NA	NA	NA	NA	NA	NA	NA	NA
NA	NA	NA	NA	NA	NA	NA	NA	NA	NA	NA	NA	NA	NA	NA	NA
NA	NA	NA	NA	NA	NA	NA	NA	NA	NA	NA	NA	NA	NA	NA	NA
NA	NA	NA	NA	NA	NA	NA	NA	NA	NA	NA	NA	NA	NA	NA	NA
NA	NA	NA	NA	NA	NA	NA	NA	NA	NA	NA	NA	NA	NA	NA	NA
NA	NA	NA	NA	NA	NA	NA	NA	NA	NA	NA	NA	NA	NA	NA	NA
NA	NA	NA	NA	NA	NA	NA	NA	NA	NA	NA	NA	NA	NA	NA	NA
NA	NA	NA	NA	NA	NA	NA	NA	NA	NA	NA	NA	NA	NA	NA	NA
NA	NA	NA	NA	NA	NA	NA	NA	NA	NA	NA	NA	NA	NA	NA	NA
NA	NA	NA	NA	NA	NA	NA	NA	NA	NA	NA	NA	NA	NA	NA	NA
NA	NA	NA	NA	NA	NA	NA	NA	NA	NA	NA	NA	NA	NA	NA	NA
NA	NA	NA	NA	NA	NA	NA	NA	NA	NA	NA	NA	NA	NA	NA	NA
NA	NA	NA	NA	NA	NA	NA	NA	NA	NA	NA	NA	NA	NA	NA	NA
NA	NA	NA	NA	NA	NA	NA	NA	NA	NA	NA	NA	NA	NA	NA	NA
NA	NA	NA	NA	NA	NA	NA	NA	NA	NA	NA	NA	NA	NA	NA	NA
NA	NA	NA	NA	NA	NA	NA	NA	NA	NA	NA	NA	NA	NA	NA	NA
NA	NA	NA	NA	NA	NA	NA	NA	NA	NA	NA	NA	NA	NA	NA	NA
NA	NA	NA	NA	NA	NA	NA	NA	NA	NA	NA	NA	NA	NA	NA	NA
NA	NA	NA	NA	NA	NA	NA	NA	NA	NA	NA	NA	NA	NA	NA	NA
NA	NA	NA	NA	NA	NA	NA	NA	NA	NA	NA	NA	NA	NA	NA	NA
NA	NA	NA	NA	NA	NA	NA	NA	NA	NA	NA	NA	NA	NA	NA	NA
NA	NA	NA	NA	NA	NA	NA	NA	NA	NA	NA	NA	NA	NA	NA	NA
NA	NA	NA	NA	NA	NA	NA	NA	NA	NA	NA	NA	NA	NA	NA	NA
NA	NA	NA	NA	NA	NA	NA	NA	NA	NA	NA	NA	NA	NA	NA	NA
NA	NA	NA	NA	NA	NA	NA	NA	NA	NA	NA	NA	NA	NA	NA	NA
NA	NA	NA	NA	NA	NA	NA	NA	NA	NA	NA	NA	NA	NA	NA	NA
NA	NA	NA	NA	NA	NA	NA	NA	NA	NA	NA	NA	NA	NA	NA	NA
NA	NA	NA	NA	NA	NA	NA	NA	NA	NA	NA	NA	NA	NA	NA	NA
NA	NA	NA	NA	NA	NA	NA	NA	NA	NA	NA	NA	NA	NA	NA	NA
NA	NA	NA	NA	NA	NA	NA	NA	NA	NA	NA	NA	NA	NA	NA	NA
NA	NA	NA	NA	NA	NA	NA	NA	NA	NA	NA	NA	NA	NA	NA	NA
NA	NA	NA	NA	NA	NA	NA	NA	NA	NA	NA	NA	NA	NA	NA	NA
NA	NA	NA	NA	NA	NA	NA	NA	NA	NA	NA	NA	NA	NA	NA	NA
NA	NA	NA	NA	NA	NA	NA	NA	NA	NA	NA	NA	NA	NA	NA	NA
1.82839871105086	0.253334762992292	1.33186257558597	2.32493484651575	1.93132519053417	0.181738808669274	1.57511712554239	2.28753325552595	1.93132519053417	0.253334762992292	1.42296599479796	2.38380473784638	1.93163744719527	0.247370184103758	1.44636306601782	2.41691182837273
1.24772081018352	0.328001819499928	0.604837243963659	1.89060437640338	1.24666898954949	0.255334825099865	0.74621273235375	1.74712524674522	1.24666898954949	0.328001819499928	0.548268527836448	1.86149025882281	1.26148124417579	0.306325350467947	0.66055519010329	1.86240729824829
2.05410203995807	0.293114653628113	1.47959731884697	2.62860676106917	2.04745702823909	0.222224927884684	1.61189616958511	2.48301788689307	2.04745702823909	0.293114653628113	1.50245324418156	2.62242620532579	2.04185953253069	0.285191355036203	1.48240078179681	2.60131828326457
2.01200702096265	0.321249226905254	1.38235853622835	2.64165550569694	1.89209151868382	0.215087647028696	1.47051973050758	2.31366330686006	1.89209151868382	0.321249226905254	1.36972297150687	2.59411046781219	1.89634352744008	0.304109868761286	1.29974073828427	2.49294631659589
1.72263705164596	0.267887796208832	1.19757697107665	2.24769713221527	1.68561531630402	0.199163297274675	1.29525525364566	2.07597537896238	1.68561531630402	0.267887796208832	1.16320319488621	2.15529606958179	1.6960014512295	0.264448485373403	1.17726342047722	2.21473948198177
1.54179005117614	0.332454541415719	0.890179150001326	2.19340095235095	1.55665989536874	0.222651352126592	1.12026324520062	1.99305654553685	1.55665989536874	0.332454541415719	0.983021138175879	2.2243642669086	1.56317121783972	0.316586696666794	0.942062612963569	2.18427982271587
1.76545040500279	0.264276973581326	1.24746753678339	2.28343327322218	1.99382570349957	0.206943208442069	1.58821701495311	2.39943439204602	1.99382570349957	0.264276973581326	1.48645949680822	2.52830827619844	1.99378599058704	0.255005594477239	1.49359318415274	2.49397879702135
2.03162892016713	0.201509002631978	1.63667127500846	2.42658656532581	2.05118088875482	0.173453910950661	1.71121122329152	2.39115055421811	2.05118088875482	0.201509002631978	1.65940353948536	2.45504811628854	2.05629388682883	0.1895505309742	1.68456993286734	2.42801784079032
1.68163041317132	0.40306812696164	0.891616884326508	2.47164394201614	1.65997654842299	0.272308108588685	1.12625265558916	2.19370044125681	1.65997654842299	0.40306812696164	0.834508965673698	2.38466842754852	1.6717266826904	0.391304769776019	0.903988661758497	2.43946470362229
1.87114391886886	0.216379291967577	1.44704050661241	2.29524733112531	1.83311946778326	0.16863280091895	1.50259917798212	2.1636397575844	1.83311946778326	0.216379291967577	1.4019135893101	2.2583776411229	1.84125381272064	0.21437386026815	1.42081787654009	2.26168974890119
2.2967401915085	0.381901831803571	1.5482126011735	3.0452677818435	2.36568512425932	0.278999801626503	1.81884551307137	2.91252473544726	2.36568512425932	0.381901831803571	1.72969260813738	3.21012940544095	2.37038117381352	0.363685609536023	1.65687896534493	3.08388338228212
2.5813029980177	0.225321150840661	2.13967354237	3.0229324536654	2.486216892546	0.177043212458794	2.13921219612677	2.83322158896524	2.486216892546	0.225321150840661	2.07988057577819	2.9137165367178	2.4861126774402	0.219940755262126	2.05471810173586	2.91750725314455
2.07000596128672	0.261482481751398	1.55750029705398	2.58251162551946	2.07284796049321	0.188059279513906	1.70425177264595	2.44144414834047	2.07284796049321	0.261482481751398	1.5838201922533	2.52374772520003	2.07323749487652	0.254779127318944	1.57344322548591	2.57303176426713
1.67495795203421	0.183064790373881	1.3161509629014	2.03376494116702	1.71862819203563	0.149521343981996	1.42556635783092	2.01169002624034	1.71862819203563	0.183064790373881	1.34961752962097	2.08491913426602	1.71797524951839	0.173321300049729	1.37809640417286	2.05785409486391
2.12622370651432	0.309502154516198	1.51959948366257	2.73284792936606	2.1269538783951	0.237966333054842	1.66053986560761	2.59336789118259	2.1269538783951	0.309502154516198	1.51180299805936	2.70109654549009	2.12007689803884	0.297169183290079	1.53710873264177	2.7030450634359
1.87315118037781	0.228191930321258	1.42589499694815	2.32040736380748	1.96740740906596	0.186089142442017	1.60267268987961	2.33214212825232	1.96740740906596	0.228191930321258	1.53116173110342	2.42005697756975	1.96313932769926	0.215063577025784	1.5413332586798	2.38494539671871
2.3736020615619	0.274326507549381	1.83592210676511	2.91128201635868	2.33912112467251	0.208761182613827	1.92994920674941	2.74829304259561	2.33912112467251	0.274326507549381	1.83267818742892	2.88745439500852	2.33243833756287	0.266461330264706	1.80971416163463	2.85516251349112
2.08155052962785	0.271393583893785	1.54961910519603	2.61348195405967	2.04578331699716	0.200125799730751	1.65353674952489	2.43802988446943	2.04578331699716	0.271393583893785	1.52972957921793	2.55316959161173	2.05219161027376	0.251859421307545	1.55814071656034	2.54624250398718
2.07863951521971	0.261111913347236	1.56686016505912	2.59041886538029	2.11591286273751	0.209577223890635	1.70514150391187	2.52668422156316	2.11591286273751	0.261111913347236	1.60941205157927	2.6465038907745	2.11585978959463	0.24502729956641	1.63521300234853	2.59650657684073
1.91882614113758	0.325718307475583	1.28041825848544	2.55723402378972	1.77935042578355	0.231023253064421	1.32654484977729	2.23215600178982	1.77935042578355	0.325718307475583	1.14526065946085	2.38756967581586	1.78803437231074	0.312860895380322	1.17425988411715	2.40180886050433
1.89952689868053	0.283764878430707	1.34334773695634	2.45570606040471	1.89707993112914	0.198673159293439	1.507680538914	2.28647932334428	1.89707993112914	0.283764878430707	1.40063612907294	2.5259373578316	1.90865018634804	0.275572137712524	1.36804117289663	2.44925919979946
2.1954201070676	0.256884370402865	1.69192674107799	2.69891347305722	2.20187408028169	0.189756448898928	1.82995144043979	2.57379672012359	2.20187408028169	0.256884370402865	1.7181947589232	2.69575124963928	2.18996769882703	0.243691908590658	1.71194426133844	2.66799113631562
2.19404236239923	0.287965486760601	1.62963000834845	2.75845471645001	2.11921003474918	0.21009034951872	1.70743294969249	2.53098711980587	2.11921003474918	0.287965486760601	1.56774416104782	2.65225533631661	2.11975181227643	0.27797366697995	1.57445662868224	2.66504699587063
1.75495488645292	0.232270333607241	1.29970503258273	2.21020474032311	1.69844677145346	0.171537212249656	1.36223383544414	2.03465970746279	1.69844677145346	0.232270333607241	1.18825593982934	2.10702497431779	1.71108583584303	0.22678433795302	1.26624939774046	2.1559222739456
2.23669358458423	0.198387258539904	1.84785455784602	2.62553261132244	2.11611164806657	0.171821447203988	1.77934161154675	2.45288168458639	2.11611164806657	0.198387258539904	1.75051854665117	2.48847457543561	2.11613114400844	0.184610600900753	1.75409140601609	2.4781708820008
1.39842915428727	0.423133599212282	0.569087299831202	2.22777100874335	1.78750744535773	0.303834994281295	1.19199085656639	2.38302403414907	1.78750744535773	0.423133599212282	0.781161967877406	2.41432712156969	1.78462192935502	0.39624257824181	1.00721027493225	2.5620335837778
2.24343819057481	0.325011294658504	1.60641605304414	2.88046032810548	2.23273541438006	0.233576031797251	1.77492639205745	2.69054443670268	2.23273541438006	0.325011294658504	1.63139752768979	2.85446438183618	2.22476678188644	0.311284088317522	1.61410411137366	2.83542945239922
2.32932371434895	0.269160816657281	1.80176851370068	2.85687891499722	2.11643101449034	0.200205438991598	1.72402835406681	2.50883367491387	2.11643101449034	0.269160816657281	1.62693775888403	2.64691135687969	2.10595796225534	0.244274080872	1.62678528571572	2.58513063879497
2.01060558134214	0.223913864926098	1.57173440608699	2.44947675659729	2.04854547375835	0.18283719183882	1.69018457775426	2.40690636976244	2.04854547375835	0.223913864926098	1.58114726444457	2.47472912562389	2.04425322437004	0.215333821802383	1.62190356811051	2.46660288062958
2.23438648807648	0.184071403231696	1.87360653774236	2.5951664384106	2.24309634918519	0.157776531334141	1.93385434777027	2.55233835060011	2.24309634918519	0.184071403231696	1.90131017985349	2.618105759589	2.24832109009306	0.174619075439922	1.9058777022647	2.59076447792142
1.68404516057229	0.222301606083998	1.24833401264765	2.11975630849692	1.7551860144714	0.188188076000094	1.38633738551121	2.12403464343158	1.7551860144714	0.222301606083998	1.33823755950363	2.21600187268163	1.76552481449074	0.207778367205146	1.35801816382086	2.17303146516063
2.08889306730783	0.274125624405566	1.55160684347293	2.62617929114274	2.05723407722921	0.212347422414902	1.641033129296	2.47343502516241	2.05723407722921	0.274125624405566	1.53684097298068	2.53458545783414	2.05247974624812	0.250835212388401	1.56044468052511	2.54451481197114
1.67730661913261	0.337793526060949	1.01523130805315	2.33938193021207	1.76009625226406	0.248228660587755	1.27356807751206	2.24662442701606	1.76009625226406	0.337793526060949	1.10862904538815	2.44678766589201	1.76910974315142	0.320524989291037	1.14029398930394	2.3979254969989
2.09178110141765	0.273748300555863	1.55523443232815	2.62832777050714	2.03106491882111	0.19284261695115	1.65309338959685	2.40903644804536	2.03106491882111	0.273748300555863	1.56651432800698	2.51962955984736	2.01854980878062	0.259846674596291	1.50882933550795	2.52827028205328
1.77467830098795	0.288889451915192	1.20845497523418	2.34090162674173	1.74252097660021	0.218484578242545	1.31429120324482	2.1707507499556	1.74252097660021	0.288889451915192	1.16693313210931	2.25547650067678	1.75434553703542	0.275953233821315	1.21304661322091	2.29564446084992
2.14892364088025	0.293867905357605	1.57294254637935	2.72490473538116	2.04460663185162	0.211074467989634	1.63090067459194	2.45831258911131	2.04460663185162	0.293867905357605	1.32948880806817	2.53827036993601	2.0427311937523	0.282850232216627	1.48784264425051	2.59761974325409
2.2393809109969	0.278468591018429	1.69358247260078	2.78517934939303	1.95345688582534	0.203310340556831	1.55496861833396	2.35194515331673	1.95345688582534	0.278468591018429	1.39980656430222	2.50119401004224	1.94503271916748	0.273678297347906	1.40816727719208	2.48189816114289
2.33357840687634	0.218583051925092	1.90515562510316	2.76200118864952	2.39515116068349	0.173247437458255	2.05558618326531	2.73471613810167	2.39515116068349	0.218583051925092	1.97430524864092	2.84997143225524	2.3918285504538	0.209980642566953	1.97996913749589	2.80368796341171
1.91822701423239	0.232466584852801	1.4625925079209	2.37386152054387	1.99902848980357	0.184705107550051	1.63700647900547	2.36105050060167	1.99902848980357	0.232466584852801	1.57266490078328	2.47789617476261	2.00408312262981	0.21848072720028	1.57555834566551	2.43260789959412
2.18588544341075	0.233900214970292	1.72744102206898	2.64432986475253	2.14419744737556	0.187609657969262	1.77648251775581	2.51191237699532	2.14419744737556	0.233900214970292	1.73111628840425	2.61994259879538	2.14120479840097	0.222164517243435	1.70548391414406	2.57692568265787
1.76131971295749	0.294873295643071	1.18336805349707	2.33927137241791	1.79207352215645	0.213808229494025	1.37300939234816	2.21113765196473	1.79207352215645	0.294873295643071	1.24768475395198	2.32863390346402	1.79907710956971	0.290895001001747	1.22844714880013	2.36970707033929
1.9725614190881	0.265159617425777	1.45284856893358	2.49227426924262	1.95378780237712	0.188473072390591	1.58438058049157	2.32319502426268	1.95378780237712	0.265159617425777	1.40611318699159	2.43174625733005	1.9525382959238	0.253929244715047	1.4544260643381	2.45065052750949
2.58554960291772	0.325904821542199	1.94677615269501	3.22432305314043	2.31066949052793	0.230018328851421	1.85983356597915	2.76150541507671	2.31066949052793	0.325904821542199	1.67540427614191	2.95441571571685	2.29356742739561	0.302254699364446	1.70061943545699	2.88651541933423
1.96271614159702	0.256053745353774	1.46085080070363	2.46458148249042	1.92617868214844	0.196469868217735	1.54109774044168	2.3112596238552	1.92617868214844	0.256053745353774	1.40064294400178	2.410583238157	1.92904542717308	0.247703180921561	1.44318346561245	2.41490738873371
1.87408277712284	0.339560727933126	1.20854375037391	2.53962180387177	1.86957840295289	0.264009574444249	1.35211963704216	2.38703716886362	1.86957840295289	0.339560727933126	1.24723483867995	2.59287411034708	1.88197537075268	0.314456365602808	1.26509217406927	2.49885856743609
2.1831718493186	0.315440250388651	1.56490895855684	2.80143474008036	2.07939114960838	0.244733517236666	1.59971345582452	2.55906884339225	2.07939114960838	0.315440250388651	1.53003194275466	2.68235054887237	2.07808887362399	0.301624209066553	1.48636558091867	2.66981216632932
1.90360210061415	0.276542402657854	1.36157899140475	2.44562520982354	1.88998902390299	0.220345441778024	1.45811195801806	2.32186608978792	1.88998902390299	0.276542402657854	1.35306804029055	2.42008196696725	1.90294751428511	0.260644978745565	1.39163187797062	2.41426315059961
1.88705287128163	0.249261494794539	1.39850034148433	2.37560540107892	1.84966735538686	0.194366867164285	1.46870829574487	2.23062641502886	1.84966735538686	0.249261494794539	1.32089537868649	2.28979453263613	1.85609038633688	0.238618385004995	1.38802552102946	2.3241552516443
2.22153301191044	0.319378908548083	1.5955503511562	2.84751567266468	2.17353060510267	0.239813430216954	1.70349628187744	2.6435649283279	2.17353060510267	0.319378908548083	1.48010615116482	2.80131149754897	2.16407777088127	0.306664671006401	1.5624836733615	2.76567186840104
1.90007361650974	0.332725258873395	1.24793210911789	2.5522151239016	1.92490422042389	0.236206418127987	1.46193964089303	2.38786879995474	1.92490422042389	0.332725258873395	1.24426414157418	2.48367606400876	1.93124419117085	0.32106121351137	1.30138036769569	2.56110801464601
1.97915661539033	0.204889200810654	1.57757378180145	2.38073944897922	2.07834226404099	0.176027281529468	1.73332879224323	2.42335573583875	2.07834226404099	0.204889200810654	1.67474923429845	2.50040600073033	2.07796843345196	0.19568992785842	1.6941844766299	2.46175239027401
2.40976385014512	0.329826355859741	1.76330419266003	3.05622350763022	2.49546777258465	0.223139504138108	2.05811434447396	2.93282120069534	2.49546777258465	0.329826355859741	1.93654513028992	3.14870458368422	2.48425125224459	0.31608906285012	1.8641416845307	3.10436081995848
2.20724754116838	0.220065900680565	1.77591837583447	2.63857670650229	2.10517089449793	0.181981434263185	1.74848728334208	2.46185450565377	2.10517089449793	0.220065900680565	1.74766476837812	2.52899367336435	2.10106691228218	0.208531548846572	1.69206374949162	2.51007007507274
1.95938671853224	0.275417095756508	1.41956921084949	2.499204226215	1.92056674473967	0.19484909188993	1.53866252463541	2.30247096484394	1.92056674473967	0.275417095756508	1.3256360034084	2.44534065485584	1.93328340070545	0.26466174129606	1.41410273891849	2.45246406249242
1.63799710536677	0.258206017962588	1.13191331016009	2.14408090057344	1.59189573600689	0.199947222880087	1.19999917916192	1.98379229285186	1.59189573600689	0.258206017962588	1.14855155419959	2.12904143419537	1.58725460698357	0.236223979573817	1.12391863854729	2.05059057541985
2.39296733798612	0.253708335336316	1.89569900072694	2.8902356752453	2.33351417589607	0.211868771290561	1.91825138416657	2.74877696762557	2.33351417589607	0.253708335336316	1.84930759651566	2.86578880398804	2.32477498912273	0.239211057483466	1.85554620952241	2.79400376872306
1.97629396775915	0.244623375068402	1.49683215262509	2.45575578289322	1.93588871725084	0.182958422990094	1.57729020819026	2.29448722631143	1.93588871725084	0.244623375068402	1.42803983015304	2.39113936160382	1.93278862108744	0.235376643940848	1.47110393537899	2.3944733067959
1.78361985212167	0.261028068788931	1.27200483729537	2.29523486694798	1.86083876271408	0.194436774587669	1.47974268452225	2.24193484090591	1.86083876271408	0.261028068788931	1.33417862611933	2.34057743010421	1.87057951035556	0.249340716335885	1.38147229437006	2.35968672634107
1.71622892322124	0.23076764417995	1.26392434062854	2.16853350581394	1.82359864911053	0.216820433695299	1.39863059906774	2.24856669915331	1.82359864911053	0.23076764417995	1.39208859720097	2.2806390012496	1.82002004356204	0.206482573360939	1.41507078983266	2.22496929729142
1.94652291891216	0.244960109957939	1.4664011033946	2.42664473442972	1.91946961590745	0.203743033895342	1.52013326947258	2.31880596234232	1.91946961590745	0.244960109957939	1.44175530831454	2.3901693560873	1.92964546425332	0.229303520713385	1.4798879000637	2.37940302844294
2.30014660123411	0.308835650442343	1.69482872636712	2.9054644761011	2.32029723288887	0.223294444776805	1.88264012112633	2.75795434465141	2.32029723288887	0.308835650442343	1.61681175860723	2.8373122134225	2.31776676087675	0.298907569577204	1.73136552914986	2.90416799260364
2.44644928210599	0.30974891346357	1.83934141171739	3.05355715249458	2.34416766785986	0.24068428662961	1.87242646606583	2.8159088696539	2.34416766785986	0.30974891346357	1.66068424967193	2.91246307273049	2.34045161648943	0.295356605644078	1.76104423194989	2.91985900102898
2.23518666899799	0.332382773976626	1.5837164320038	2.88665690599217	2.12853006290937	0.235078310247042	1.66777657482517	2.58928355099357	2.12853006290937	0.332382773976626	1.55586667676164	2.780243792003	2.1251675771033	0.322370293449492	1.49274154593138	2.75759360827521
1.77369588811057	0.26697606714064	1.25042279651491	2.29696897970622	1.73984128429758	0.203453027767859	1.34107334987258	2.13860921872259	1.73984128429758	0.26697606714064	1.23767630050757	2.27204544030139	1.75568759359323	0.252400195696704	1.26058801493037	2.25078717225608
2.22983315555563	0.244218179350439	1.75116552402877	2.70850078708249	2.16187642682761	0.185100848282209	1.79907876419448	2.52467408946074	2.16187642682761	0.244218179350439	1.6442601640985	2.63682681619611	2.15419416826979	0.22919365801846	1.70463703411303	2.60375130242655
1.89308067397942	0.218498980268823	1.46482267265252	2.32133867530631	1.91505149202939	0.182749163439156	1.55686313168865	2.27323985237014	1.91505149202939	0.218498980268823	1.51537815838135	2.35622433917324	1.91791985750014	0.204775403009258	1.51626541803583	2.31957429696444
2.46852372609758	0.243555440347028	1.99115506301741	2.94589238917775	2.50917933529461	0.18864767166572	2.1394298988298	2.87892877175942	2.50917933529461	0.243555440347028	2.07760276456671	2.98876240016169	2.49074556355565	0.232053913173581	2.03557911226174	2.94591201484956
1.75989763521584	0.240029986245801	1.28943886217407	2.23035640825761	1.78603873466501	0.210145247212908	1.37415405012771	2.19792341920231	1.78603873466501	0.240029986245801	1.3079650808436	2.26620194561881	1.78916815000925	0.227744531405279	1.34246267903779	2.23587362098071
2.12752953809543	0.231059654460014	1.67465261535381	2.58040646083706	2.16369013034278	0.194387385302113	1.78269085515063	2.54468940553492	2.16369013034278	0.231059654460014	1.72613260499334	2.61705512872961	2.16378903316057	0.220671363841286	1.73097117895758	2.59660688736356
1.80557766543654	0.247943455022527	1.31960849359238	2.29154683728069	1.79446714434003	0.198983668293079	1.40445915448559	2.18447513419446	1.79446714434003	0.247943455022527	1.30712316226633	2.26881992678692	1.80154208900816	0.237165332262985	1.3363316339384	2.26675254407793
2.11084405385722	0.318816582398593	1.48596355235597	2.73572455535846	2.07980981005578	0.241978666449792	1.60553162381419	2.55408799629737	2.07980981005578	0.318816582398593	1.47454182368597	2.70824836210266	2.06907110646565	0.30159190954746	1.47743324025259	2.66070897267871
1.98421154892668	0.248267771946319	1.49760671591189	2.47081638194146	2.08302401858572	0.229793813769411	1.63262814359767	2.53341989357376	2.08302401858572	0.248267771946319	1.60871819751707	2.57123882947406	2.08034460117953	0.227175433634233	1.6347547461811	2.52593445617797
2.0162719027985	0.239546175996301	1.54676139784575	2.48578240775125	1.889256104725	0.170581693587921	1.55491598529267	2.22359622415732	1.889256104725	0.239546175996301	1.43201372661888	2.3555275711807	1.89412315298863	0.234451687629706	1.43423534482426	2.35401096115301
1.66008086110913	0.293934020065547	1.08397018178066	2.23619154043761	1.62675185403506	0.212335361455691	1.21057454558191	2.04292916248821	1.62675185403506	0.293934020065547	1.06543484272958	2.19379190433333	1.63635536361743	0.288576160119818	1.07024667231678	2.20246405491808
1.84049461539602	0.210451871300805	1.42800894764645	2.2529802831456	1.90873737925406	0.173371343716516	1.56892954556969	2.24854521293843	1.90873737925406	0.210451871300805	1.49455572013826	2.30091419639822	1.89565158464355	0.199027542475649	1.50528528153339	2.28601788775371
2.29783248424737	0.361972974192799	1.58836545482948	3.00729951366525	2.0902363133037	0.227194050325902	1.64493597466493	2.53553665194247	2.0902363133037	0.361972974192799	1.26508790768457	2.74575816183896	2.09788933424613	0.354014593763439	1.40335334691363	2.79242532157864
1.8687680646133	0.312790663503379	1.25569836414668	2.48183776507993	1.80220202215983	0.228256245712439	1.35481978056345	2.24958426375621	1.80220202215983	0.312790663503379	1.20099846092539	2.39785997631545	1.80799617044538	0.292067684273629	1.23504175630116	2.38095058458961
1.47717566167336	0.258724598151656	0.970075449296113	1.98427587405061	1.5638678954643	0.204365612821412	1.16331129433433	1.96442449659427	1.5638678954643	0.258724598151656	1.04825534514836	2.03340040193938	1.57521260025894	0.24949312404852	1.08579282252055	2.06463237799733
2.3476044273706	0.271291836429136	1.8158724279695	2.87933642677171	2.18435535613356	0.214303192294018	1.76432109923728	2.60438961302983	2.18435535613356	0.271291836429136	1.63716406578825	2.67874864033555	2.1867675721822	0.260081641743863	1.67657785779376	2.69695728657063
2.26782677759232	0.25707608473687	1.76395765150806	2.77169590367659	2.30222414267096	0.206293835613368	1.89788822486876	2.70656006047316	2.30222414267096	0.25707608473687	1.84025932285179	2.82876633687322	2.28918993951967	0.243471226473927	1.81160415454092	2.76677572449843
1.8457623515628	0.244963685991513	1.36563352701943	2.32589117610616	1.9690250154432	0.192804069980957	1.59112903828053	2.34692099260588	1.9690250154432	0.244963685991513	1.49208581365263	2.47733496382555	1.96381806983754	0.229692131213624	1.51327708706099	2.41435905261409
1.67275655214436	0.305939342586576	1.07311544067467	2.27239766361405	1.82028805058051	0.238587794841073	1.35265597269201	2.28792012846901	1.82028805058051	0.305939342586576	1.19462635450493	2.40546136462736	1.82225270301448	0.289186347418108	1.25495180930861	2.38955359672036
1.93372055424252	0.277119225206777	1.39056687283723	2.4768742356478	1.93978620934572	0.216629059862634	1.51519325201496	2.36437916667649	1.93978620934572	0.277119225206777	1.41198716729382	2.49193882627338	1.94485080756765	0.267526389005251	1.42005144383912	2.46965017129619
2.15257630273648	0.187441290261212	1.7851913738245	2.51996123164845	2.10598831148791	0.164919735458787	1.78274562998869	2.42923099298713	2.10598831148791	0.187441290261212	1.76892217669828	2.49780174421676	2.11156156003559	0.177805308990154	1.76287794659064	2.46024517348054
1.8259662606537	0.290365877885474	1.25684913999817	2.39508338130923	1.94824465418549	0.238133397451337	1.48150319518087	2.41498611319012	1.94824465418549	0.290365877885474	1.33534694076901	2.47071276676433	1.94673982399975	0.264842525535726	1.42722084085366	2.46625880714583
1.84907914379522	0.28212303543961	1.29611799433358	2.40204029325685	1.69859983994047	0.203701742169028	1.29934442528918	2.09785525459177	1.69859983994047	0.28212303543961	1.17863200930704	2.22595950729362	1.70739140585742	0.270190812121714	1.17738315291991	2.23739965879493
1.44467827782867	0.271431301149291	0.912672927576056	1.97668362808128	1.50431287414919	0.200108466028539	1.11210028073325	1.89652546756513	1.50431287414919	0.271431301149291	0.964439747706609	2.01740562946284	1.50861734266396	0.258173125982752	1.00218980176965	2.01504488355828
1.9049890580759	0.23508424500603	1.44422393786408	2.36575417828771	1.86081236959974	0.202738026847809	1.46344583697803	2.25817890222145	1.86081236959974	0.23508424500603	1.42152603642041	2.36005056232074	1.86853925372541	0.226865876922391	1.42353792887952	2.31354057857131
2.08655148171732	0.410830152674663	1.28132438247498	2.89177858095966	2.26606469853392	0.302269605051522	1.67361627263294	2.85851312443491	2.26606469853392	0.410830152674663	1.56612018415555	3.23402184290361	2.25624881638681	0.407867009830569	1.45602639000314	3.05647124277048
1.83627575713003	0.193915088778003	1.45620218312514	2.21634933113491	1.79087631547044	0.162352347547748	1.47266571427686	2.10908691666403	1.79087631547044	0.193915088778003	1.41856683776228	2.16010049081195	1.79550024817333	0.187317883903323	1.42812782794945	2.16287266839721
2.13958893888253	0.227246757059642	1.69418529504564	2.58499258271943	2.06510248340451	0.187541197053061	1.69752173718051	2.43268322962851	2.06510248340451	0.227246757059642	1.61240112176853	2.47876733474512	2.06300046644855	0.210347153744607	1.65044328159662	2.47555765130048
2.3359082212386	0.224653444060113	1.89558747088078	2.77622897159643	2.34620389152498	0.180151942704273	1.9931060838246	2.69930169922535	2.34620389152498	0.224653444060113	1.92152590518119	2.75100574976	2.33831031472491	0.214695835559979	1.91722549209328	2.75939513735655
1.90775730781386	0.294369671688356	1.33079275130469	2.48472186432304	1.91376031303769	0.223396067847082	1.47590402005741	2.35161660601797	1.91376031303769	0.294369671688356	1.35667446785308	2.44085019536838	1.9176424947109	0.27251662045316	1.3830585438649	2.4522264455569
1.93362386107467	0.299421534527118	1.34675765340152	2.52049006874783	1.95619944278911	0.2231985331957	1.51873031772554	2.39366856785268	1.95619944278911	0.299421534527118	1.34933007053284	2.49932161922621	1.95457576921671	0.29120040319488	1.38331292295385	2.52583861547958
1.78304443204294	0.250908264230083	1.29126423415198	2.2748246299339	1.76992466710491	0.208860999408625	1.360557108264	2.17929222594581	1.76992466710491	0.250908264230083	1.25169788360999	2.24856430270255	1.77906291872598	0.236352880516657	1.31545585009853	2.24266998735343
1.69482817736156	0.266698786849926	1.17209855513571	2.21755779958742	1.68335988412974	0.189770981379488	1.31140876062595	2.05531100763354	1.68335988412974	0.266698786849926	1.18236481707956	2.19157564968778	1.68811474479977	0.253226619243154	1.19140202400993	2.18482746558961
2.05029857359793	0.254618784774911	1.5512457554391	2.54935139175675	2.18556091132617	0.200207941033557	1.7931533469004	2.57796847575194	2.18556091132617	0.254618784774911	1.73628449418269	2.72070025406862	2.18503403954161	0.24797892490357	1.69861709089989	2.67145098818333
1.9577812725526	0.234751538351408	1.49766825738384	2.41789428772136	1.93702923681042	0.185984252063691	1.57250010276558	2.30155837085525	1.93702923681042	0.234751538351408	1.49374372630535	2.46422333431136	1.92966718868505	0.228044880957117	1.48236608827896	2.37696828909113
2.3070177920933	0.223490803515594	1.86897581720273	2.74505976698386	2.2288375144067	0.178146276081319	1.87967081328732	2.57800421552609	2.2288375144067	0.223490803515594	1.79470865990931	2.64609718788853	2.22848187228161	0.216307223993749	1.80422301921856	2.65274072534465
1.75945807571029	0.218196974354574	1.33179200597532	2.18712414544525	1.74920697728642	0.177255442114855	1.40178631074131	2.09662764383154	1.74920697728642	0.218196974354574	1.32352129836627	2.19408973652149	1.75802954843586	0.206788304650097	1.35243344918758	2.16362564768414
NA	NA	NA	NA	NA	NA	NA	NA	NA	NA	NA	NA	NA	NA	NA	NA
NA	NA	NA	NA	NA	NA	NA	NA	NA	NA	NA	NA	NA	NA	NA	NA
NA	NA	NA	NA	NA	NA	NA	NA	NA	NA	NA	NA	NA	NA	NA	NA
NA	NA	NA	NA	NA	NA	NA	NA	NA	NA	NA	NA	NA	NA	NA	NA
NA	NA	NA	NA	NA	NA	NA	NA	NA	NA	NA	NA	NA	NA	NA	NA
NA	NA	NA	NA	NA	NA	NA	NA	NA	NA	NA	NA	NA	NA	NA	NA
NA	NA	NA	NA	NA	NA	NA	NA	NA	NA	NA	NA	NA	NA	NA	NA
NA	NA	NA	NA	NA	NA	NA	NA	NA	NA	NA	NA	NA	NA	NA	NA
NA	NA	NA	NA	NA	NA	NA	NA	NA	NA	NA	NA	NA	NA	NA	NA
NA	NA	NA	NA	NA	NA	NA	NA	NA	NA	NA	NA	NA	NA	NA	NA
NA	NA	NA	NA	NA	NA	NA	NA	NA	NA	NA	NA	NA	NA	NA	NA
NA	NA	NA	NA	NA	NA	NA	NA	NA	NA	NA	NA	NA	NA	NA	NA
NA	NA	NA	NA	NA	NA	NA	NA	NA	NA	NA	NA	NA	NA	NA	NA
NA	NA	NA	NA	NA	NA	NA	NA	NA	NA	NA	NA	NA	NA	NA	NA
NA	NA	NA	NA	NA	NA	NA	NA	NA	NA	NA	NA	NA	NA	NA	NA
NA	NA	NA	NA	NA	NA	NA	NA	NA	NA	NA	NA	NA	NA	NA	NA
NA	NA	NA	NA	NA	NA	NA	NA	NA	NA	NA	NA	NA	NA	NA	NA
NA	NA	NA	NA	NA	NA	NA	NA	NA	NA	NA	NA	NA	NA	NA	NA
NA	NA	NA	NA	NA	NA	NA	NA	NA	NA	NA	NA	NA	NA	NA	NA
NA	NA	NA	NA	NA	NA	NA	NA	NA	NA	NA	NA	NA	NA	NA	NA
NA	NA	NA	NA	NA	NA	NA	NA	NA	NA	NA	NA	NA	NA	NA	NA
NA	NA	NA	NA	NA	NA	NA	NA	NA	NA	NA	NA	NA	NA	NA	NA
NA	NA	NA	NA	NA	NA	NA	NA	NA	NA	NA	NA	NA	NA	NA	NA
NA	NA	NA	NA	NA	NA	NA	NA	NA	NA	NA	NA	NA	NA	NA	NA
NA	NA	NA	NA	NA	NA	NA	NA	NA	NA	NA	NA	NA	NA	NA	NA
NA	NA	NA	NA	NA	NA	NA	NA	NA	NA	NA	NA	NA	NA	NA	NA
NA	NA	NA	NA	NA	NA	NA	NA	NA	NA	NA	NA	NA	NA	NA	NA
NA	NA	NA	NA	NA	NA	NA	NA	NA	NA	NA	NA	NA	NA	NA	NA
NA	NA	NA	NA	NA	NA	NA	NA	NA	NA	NA	NA	NA	NA	NA	NA
NA	NA	NA	NA	NA	NA	NA	NA	NA	NA	NA	NA	NA	NA	NA	NA
NA	NA	NA	NA	NA	NA	NA	NA	NA	NA	NA	NA	NA	NA	NA	NA
NA	NA	NA	NA	NA	NA	NA	NA	NA	NA	NA	NA	NA	NA	NA	NA
NA	NA	NA	NA	NA	NA	NA	NA	NA	NA	NA	NA	NA	NA	NA	NA
NA	NA	NA	NA	NA	NA	NA	NA	NA	NA	NA	NA	NA	NA	NA	NA
NA	NA	NA	NA	NA	NA	NA	NA	NA	NA	NA	NA	NA	NA	NA	NA
NA	NA	NA	NA	NA	NA	NA	NA	NA	NA	NA	NA	NA	NA	NA	NA
NA	NA	NA	NA	NA	NA	NA	NA	NA	NA	NA	NA	NA	NA	NA	NA
NA	NA	NA	NA	NA	NA	NA	NA	NA	NA	NA	NA	NA	NA	NA	NA
NA	NA	NA	NA	NA	NA	NA	NA	NA	NA	NA	NA	NA	NA	NA	NA
NA	NA	NA	NA	NA	NA	NA	NA	NA	NA	NA	NA	NA	NA	NA	NA
NA	NA	NA	NA	NA	NA	NA	NA	NA	NA	NA	NA	NA	NA	NA	NA
NA	NA	NA	NA	NA	NA	NA	NA	NA	NA	NA	NA	NA	NA	NA	NA
NA	NA	NA	NA	NA	NA	NA	NA	NA	NA	NA	NA	NA	NA	NA	NA
NA	NA	NA	NA	NA	NA	NA	NA	NA	NA	NA	NA	NA	NA	NA	NA
NA	NA	NA	NA	NA	NA	NA	NA	NA	NA	NA	NA	NA	NA	NA	NA
NA	NA	NA	NA	NA	NA	NA	NA	NA	NA	NA	NA	NA	NA	NA	NA
NA	NA	NA	NA	NA	NA	NA	NA	NA	NA	NA	NA	NA	NA	NA	NA
NA	NA	NA	NA	NA	NA	NA	NA	NA	NA	NA	NA	NA	NA	NA	NA
NA	NA	NA	NA	NA	NA	NA	NA	NA	NA	NA	NA	NA	NA	NA	NA
NA	NA	NA	NA	NA	NA	NA	NA	NA	NA	NA	NA	NA	NA	NA	NA
NA	NA	NA	NA	NA	NA	NA	NA	NA	NA	NA	NA	NA	NA	NA	NA
NA	NA	NA	NA	NA	NA	NA	NA	NA	NA	NA	NA	NA	NA	NA	NA
NA	NA	NA	NA	NA	NA	NA	NA	NA	NA	NA	NA	NA	NA	NA	NA
NA	NA	NA	NA	NA	NA	NA	NA	NA	NA	NA	NA	NA	NA	NA	NA
NA	NA	NA	NA	NA	NA	NA	NA	NA	NA	NA	NA	NA	NA	NA	NA
NA	NA	NA	NA	NA	NA	NA	NA	NA	NA	NA	NA	NA	NA	NA	NA
NA	NA	NA	NA	NA	NA	NA	NA	NA	NA	NA	NA	NA	NA	NA	NA
NA	NA	NA	NA	NA	NA	NA	NA	NA	NA	NA	NA	NA	NA	NA	NA
NA	NA	NA	NA	NA	NA	NA	NA	NA	NA	NA	NA	NA	NA	NA	NA
NA	NA	NA	NA	NA	NA	NA	NA	NA	NA	NA	NA	NA	NA	NA	NA
NA	NA	NA	NA	NA	NA	NA	NA	NA	NA	NA	NA	NA	NA	NA	NA
NA	NA	NA	NA	NA	NA	NA	NA	NA	NA	NA	NA	NA	NA	NA	NA
NA	NA	NA	NA	NA	NA	NA	NA	NA	NA	NA	NA	NA	NA	NA	NA
NA	NA	NA	NA	NA	NA	NA	NA	NA	NA	NA	NA	NA	NA	NA	NA
NA	NA	NA	NA	NA	NA	NA	NA	NA	NA	NA	NA	NA	NA	NA	NA
NA	NA	NA	NA	NA	NA	NA	NA	NA	NA	NA	NA	NA	NA	NA	NA
NA	NA	NA	NA	NA	NA	NA	NA	NA	NA	NA	NA	NA	NA	NA	NA
NA	NA	NA	NA	NA	NA	NA	NA	NA	NA	NA	NA	NA	NA	NA	NA
NA	NA	NA	NA	NA	NA	NA	NA	NA	NA	NA	NA	NA	NA	NA	NA
NA	NA	NA	NA	NA	NA	NA	NA	NA	NA	NA	NA	NA	NA	NA	NA
NA	NA	NA	NA	NA	NA	NA	NA	NA	NA	NA	NA	NA	NA	NA	NA
NA	NA	NA	NA	NA	NA	NA	NA	NA	NA	NA	NA	NA	NA	NA	NA
NA	NA	NA	NA	NA	NA	NA	NA	NA	NA	NA	NA	NA	NA	NA	NA
NA	NA	NA	NA	NA	NA	NA	NA	NA	NA	NA	NA	NA	NA	NA	NA
NA	NA	NA	NA	NA	NA	NA	NA	NA	NA	NA	NA	NA	NA	NA	NA
NA	NA	NA	NA	NA	NA	NA	NA	NA	NA	NA	NA	NA	NA	NA	NA
NA	NA	NA	NA	NA	NA	NA	NA	NA	NA	NA	NA	NA	NA	NA	NA
NA	NA	NA	NA	NA	NA	NA	NA	NA	NA	NA	NA	NA	NA	NA	NA
NA	NA	NA	NA	NA	NA	NA	NA	NA	NA	NA	NA	NA	NA	NA	NA
NA	NA	NA	NA	NA	NA	NA	NA	NA	NA	NA	NA	NA	NA	NA	NA
NA	NA	NA	NA	NA	NA	NA	NA	NA	NA	NA	NA	NA	NA	NA	NA
NA	NA	NA	NA	NA	NA	NA	NA	NA	NA	NA	NA	NA	NA	NA	NA
NA	NA	NA	NA	NA	NA	NA	NA	NA	NA	NA	NA	NA	NA	NA	NA
NA	NA	NA	NA	NA	NA	NA	NA	NA	NA	NA	NA	NA	NA	NA	NA
NA	NA	NA	NA	NA	NA	NA	NA	NA	NA	NA	NA	NA	NA	NA	NA
NA	NA	NA	NA	NA	NA	NA	NA	NA	NA	NA	NA	NA	NA	NA	NA
NA	NA	NA	NA	NA	NA	NA	NA	NA	NA	NA	NA	NA	NA	NA	NA
NA	NA	NA	NA	NA	NA	NA	NA	NA	NA	NA	NA	NA	NA	NA	NA
NA	NA	NA	NA	NA	NA	NA	NA	NA	NA	NA	NA	NA	NA	NA	NA
NA	NA	NA	NA	NA	NA	NA	NA	NA	NA	NA	NA	NA	NA	NA	NA
NA	NA	NA	NA	NA	NA	NA	NA	NA	NA	NA	NA	NA	NA	NA	NA
NA	NA	NA	NA	NA	NA	NA	NA	NA	NA	NA	NA	NA	NA	NA	NA
NA	NA	NA	NA	NA	NA	NA	NA	NA	NA	NA	NA	NA	NA	NA	NA
NA	NA	NA	NA	NA	NA	NA	NA	NA	NA	NA	NA	NA	NA	NA	NA
NA	NA	NA	NA	NA	NA	NA	NA	NA	NA	NA	NA	NA	NA	NA	NA
NA	NA	NA	NA	NA	NA	NA	NA	NA	NA	NA	NA	NA	NA	NA	NA
NA	NA	NA	NA	NA	NA	NA	NA	NA	NA	NA	NA	NA	NA	NA	NA
NA	NA	NA	NA	NA	NA	NA	NA	NA	NA	NA	NA	NA	NA	NA	NA
NA	NA	NA	NA	NA	NA	NA	NA	NA	NA	NA	NA	NA	NA	NA	NA
NA	NA	NA	NA	NA	NA	NA	NA	NA	NA	NA	NA	NA	NA	NA	NA
NA	NA	NA	NA	NA	NA	NA	NA	NA	NA	NA	NA	NA	NA	NA	NA
NA	NA	NA	NA	NA	NA	NA	NA	NA	NA	NA	NA	NA	NA	NA	NA
NA	NA	NA	NA	NA	NA	NA	NA	NA	NA	NA	NA	NA	NA	NA	NA
NA	NA	NA	NA	NA	NA	NA	NA	NA	NA	NA	NA	NA	NA	NA	NA
NA	NA	NA	NA	NA	NA	NA	NA	NA	NA	NA	NA	NA	NA	NA	NA
NA	NA	NA	NA	NA	NA	NA	NA	NA	NA	NA	NA	NA	NA	NA	NA
NA	NA	NA	NA	NA	NA	NA	NA	NA	NA	NA	NA	NA	NA	NA	NA
NA	NA	NA	NA	NA	NA	NA	NA	NA	NA	NA	NA	NA	NA	NA	NA
NA	NA	NA	NA	NA	NA	NA	NA	NA	NA	NA	NA	NA	NA	NA	NA
NA	NA	NA	NA	NA	NA	NA	NA	NA	NA	NA	NA	NA	NA	NA	NA
NA	NA	NA	NA	NA	NA	NA	NA	NA	NA	NA	NA	NA	NA	NA	NA
NA	NA	NA	NA	NA	NA	NA	NA	NA	NA	NA	NA	NA	NA	NA	NA
NA	NA	NA	NA	NA	NA	NA	NA	NA	NA	NA	NA	NA	NA	NA	NA
NA	NA	NA	NA	NA	NA	NA	NA	NA	NA	NA	NA	NA	NA	NA	NA
NA	NA	NA	NA	NA	NA	NA	NA	NA	NA	NA	NA	NA	NA	NA	NA
NA	NA	NA	NA	NA	NA	NA	NA	NA	NA	NA	NA	NA	NA	NA	NA
NA	NA	NA	NA	NA	NA	NA	NA	NA	NA	NA	NA	NA	NA	NA	NA
NA	NA	NA	NA	NA	NA	NA	NA	NA	NA	NA	NA	NA	NA	NA	NA
NA	NA	NA	NA	NA	NA	NA	NA	NA	NA	NA	NA	NA	NA	NA	NA
NA	NA	NA	NA	NA	NA	NA	NA	NA	NA	NA	NA	NA	NA	NA	NA
NA	NA	NA	NA	NA	NA	NA	NA	NA	NA	NA	NA	NA	NA	NA	NA
NA	NA	NA	NA	NA	NA	NA	NA	NA	NA	NA	NA	NA	NA	NA	NA
NA	NA	NA	NA	NA	NA	NA	NA	NA	NA	NA	NA	NA	NA	NA	NA
NA	NA	NA	NA	NA	NA	NA	NA	NA	NA	NA	NA	NA	NA	NA	NA
NA	NA	NA	NA	NA	NA	NA	NA	NA	NA	NA	NA	NA	NA	NA	NA
NA	NA	NA	NA	NA	NA	NA	NA	NA	NA	NA	NA	NA	NA	NA	NA
NA	NA	NA	NA	NA	NA	NA	NA	NA	NA	NA	NA	NA	NA	NA	NA
NA	NA	NA	NA	NA	NA	NA	NA	NA	NA	NA	NA	NA	NA	NA	NA
NA	NA	NA	NA	NA	NA	NA	NA	NA	NA	NA	NA	NA	NA	NA	NA
NA	NA	NA	NA	NA	NA	NA	NA	NA	NA	NA	NA	NA	NA	NA	NA
NA	NA	NA	NA	NA	NA	NA	NA	NA	NA	NA	NA	NA	NA	NA	NA
NA	NA	NA	NA	NA	NA	NA	NA	NA	NA	NA	NA	NA	NA	NA	NA
NA	NA	NA	NA	NA	NA	NA	NA	NA	NA	NA	NA	NA	NA	NA	NA
NA	NA	NA	NA	NA	NA	NA	NA	NA	NA	NA	NA	NA	NA	NA	NA
NA	NA	NA	NA	NA	NA	NA	NA	NA	NA	NA	NA	NA	NA	NA	NA
NA	NA	NA	NA	NA	NA	NA	NA	NA	NA	NA	NA	NA	NA	NA	NA
NA	NA	NA	NA	NA	NA	NA	NA	NA	NA	NA	NA	NA	NA	NA	NA
NA	NA	NA	NA	NA	NA	NA	NA	NA	NA	NA	NA	NA	NA	NA	NA
NA	NA	NA	NA	NA	NA	NA	NA	NA	NA	NA	NA	NA	NA	NA	NA
NA	NA	NA	NA	NA	NA	NA	NA	NA	NA	NA	NA	NA	NA	NA	NA
NA	NA	NA	NA	NA	NA	NA	NA	NA	NA	NA	NA	NA	NA	NA	NA
NA	NA	NA	NA	NA	NA	NA	NA	NA	NA	NA	NA	NA	NA	NA	NA
NA	NA	NA	NA	NA	NA	NA	NA	NA	NA	NA	NA	NA	NA	NA	NA
NA	NA	NA	NA	NA	NA	NA	NA	NA	NA	NA	NA	NA	NA	NA	NA
NA	NA	NA	NA	NA	NA	NA	NA	NA	NA	NA	NA	NA	NA	NA	NA
NA	NA	NA	NA	NA	NA	NA	NA	NA	NA	NA	NA	NA	NA	NA	NA
NA	NA	NA	NA	NA	NA	NA	NA	NA	NA	NA	NA	NA	NA	NA	NA
NA	NA	NA	NA	NA	NA	NA	NA	NA	NA	NA	NA	NA	NA	NA	NA
NA	NA	NA	NA	NA	NA	NA	NA	NA	NA	NA	NA	NA	NA	NA	NA
NA	NA	NA	NA	NA	NA	NA	NA	NA	NA	NA	NA	NA	NA	NA	NA
NA	NA	NA	NA	NA	NA	NA	NA	NA	NA	NA	NA	NA	NA	NA	NA
NA	NA	NA	NA	NA	NA	NA	NA	NA	NA	NA	NA	NA	NA	NA	NA
NA	NA	NA	NA	NA	NA	NA	NA	NA	NA	NA	NA	NA	NA	NA	NA
NA	NA	NA	NA	NA	NA	NA	NA	NA	NA	NA	NA	NA	NA	NA	NA
NA	NA	NA	NA	NA	NA	NA	NA	NA	NA	NA	NA	NA	NA	NA	NA
NA	NA	NA	NA	NA	NA	NA	NA	NA	NA	NA	NA	NA	NA	NA	NA
NA	NA	NA	NA	NA	NA	NA	NA	NA	NA	NA	NA	NA	NA	NA	NA
NA	NA	NA	NA	NA	NA	NA	NA	NA	NA	NA	NA	NA	NA	NA	NA
NA	NA	NA	NA	NA	NA	NA	NA	NA	NA	NA	NA	NA	NA	NA	NA
NA	NA	NA	NA	NA	NA	NA	NA	NA	NA	NA	NA	NA	NA	NA	NA
NA	NA	NA	NA	NA	NA	NA	NA	NA	NA	NA	NA	NA	NA	NA	NA
NA	NA	NA	NA	NA	NA	NA	NA	NA	NA	NA	NA	NA	NA	NA	NA
NA	NA	NA	NA	NA	NA	NA	NA	NA	NA	NA	NA	NA	NA	NA	NA
NA	NA	NA	NA	NA	NA	NA	NA	NA	NA	NA	NA	NA	NA	NA	NA
NA	NA	NA	NA	NA	NA	NA	NA	NA	NA	NA	NA	NA	NA	NA	NA
NA	NA	NA	NA	NA	NA	NA	NA	NA	NA	NA	NA	NA	NA	NA	NA
NA	NA	NA	NA	NA	NA	NA	NA	NA	NA	NA	NA	NA	NA	NA	NA
NA	NA	NA	NA	NA	NA	NA	NA	NA	NA	NA	NA	NA	NA	NA	NA
NA	NA	NA	NA	NA	NA	NA	NA	NA	NA	NA	NA	NA	NA	NA	NA
NA	NA	NA	NA	NA	NA	NA	NA	NA	NA	NA	NA	NA	NA	NA	NA
NA	NA	NA	NA	NA	NA	NA	NA	NA	NA	NA	NA	NA	NA	NA	NA
NA	NA	NA	NA	NA	NA	NA	NA	NA	NA	NA	NA	NA	NA	NA	NA
NA	NA	NA	NA	NA	NA	NA	NA	NA	NA	NA	NA	NA	NA	NA	NA
NA	NA	NA	NA	NA	NA	NA	NA	NA	NA	NA	NA	NA	NA	NA	NA
NA	NA	NA	NA	NA	NA	NA	NA	NA	NA	NA	NA	NA	NA	NA	NA
NA	NA	NA	NA	NA	NA	NA	NA	NA	NA	NA	NA	NA	NA	NA	NA
NA	NA	NA	NA	NA	NA	NA	NA	NA	NA	NA	NA	NA	NA	NA	NA
NA	NA	NA	NA	NA	NA	NA	NA	NA	NA	NA	NA	NA	NA	NA	NA
NA	NA	NA	NA	NA	NA	NA	NA	NA	NA	NA	NA	NA	NA	NA	NA
NA	NA	NA	NA	NA	NA	NA	NA	NA	NA	NA	NA	NA	NA	NA	NA
NA	NA	NA	NA	NA	NA	NA	NA	NA	NA	NA	NA	NA	NA	NA	NA
NA	NA	NA	NA	NA	NA	NA	NA	NA	NA	NA	NA	NA	NA	NA	NA
NA	NA	NA	NA	NA	NA	NA	NA	NA	NA	NA	NA	NA	NA	NA	NA
NA	NA	NA	NA	NA	NA	NA	NA	NA	NA	NA	NA	NA	NA	NA	NA
NA	NA	NA	NA	NA	NA	NA	NA	NA	NA	NA	NA	NA	NA	NA	NA
NA	NA	NA	NA	NA	NA	NA	NA	NA	NA	NA	NA	NA	NA	NA	NA
NA	NA	NA	NA	NA	NA	NA	NA	NA	NA	NA	NA	NA	NA	NA	NA
NA	NA	NA	NA	NA	NA	NA	NA	NA	NA	NA	NA	NA	NA	NA	NA
NA	NA	NA	NA	NA	NA	NA	NA	NA	NA	NA	NA	NA	NA	NA	NA
NA	NA	NA	NA	NA	NA	NA	NA	NA	NA	NA	NA	NA	NA	NA	NA
NA	NA	NA	NA	NA	NA	NA	NA	NA	NA	NA	NA	NA	NA	NA	NA
NA	NA	NA	NA	NA	NA	NA	NA	NA	NA	NA	NA	NA	NA	NA	NA
NA	NA	NA	NA	NA	NA	NA	NA	NA	NA	NA	NA	NA	NA	NA	NA
NA	NA	NA	NA	NA	NA	NA	NA	NA	NA	NA	NA	NA	NA	NA	NA
NA	NA	NA	NA	NA	NA	NA	NA	NA	NA	NA	NA	NA	NA	NA	NA
NA	NA	NA	NA	NA	NA	NA	NA	NA	NA	NA	NA	NA	NA	NA	NA
NA	NA	NA	NA	NA	NA	NA	NA	NA	NA	NA	NA	NA	NA	NA	NA
NA	NA	NA	NA	NA	NA	NA	NA	NA	NA	NA	NA	NA	NA	NA	NA
NA	NA	NA	NA	NA	NA	NA	NA	NA	NA	NA	NA	NA	NA	NA	NA
NA	NA	NA	NA	NA	NA	NA	NA	NA	NA	NA	NA	NA	NA	NA	NA
