X1	X2	X3	X4	X1.1	X2.1	X3.1	X4.1	X1.2	X2.2	X3.2	X4.2	X1.3	X2.3	X3.3	X4.3
NA	NA	NA	NA	NA	NA	NA	NA	NA	NA	NA	NA	NA	NA	NA	NA
NA	NA	NA	NA	NA	NA	NA	NA	NA	NA	NA	NA	NA	NA	NA	NA
NA	NA	NA	NA	NA	NA	NA	NA	NA	NA	NA	NA	NA	NA	NA	NA
NA	NA	NA	NA	NA	NA	NA	NA	NA	NA	NA	NA	NA	NA	NA	NA
NA	NA	NA	NA	NA	NA	NA	NA	NA	NA	NA	NA	NA	NA	NA	NA
NA	NA	NA	NA	NA	NA	NA	NA	NA	NA	NA	NA	NA	NA	NA	NA
NA	NA	NA	NA	NA	NA	NA	NA	NA	NA	NA	NA	NA	NA	NA	NA
NA	NA	NA	NA	NA	NA	NA	NA	NA	NA	NA	NA	NA	NA	NA	NA
NA	NA	NA	NA	NA	NA	NA	NA	NA	NA	NA	NA	NA	NA	NA	NA
NA	NA	NA	NA	NA	NA	NA	NA	NA	NA	NA	NA	NA	NA	NA	NA
NA	NA	NA	NA	NA	NA	NA	NA	NA	NA	NA	NA	NA	NA	NA	NA
NA	NA	NA	NA	NA	NA	NA	NA	NA	NA	NA	NA	NA	NA	NA	NA
NA	NA	NA	NA	NA	NA	NA	NA	NA	NA	NA	NA	NA	NA	NA	NA
NA	NA	NA	NA	NA	NA	NA	NA	NA	NA	NA	NA	NA	NA	NA	NA
NA	NA	NA	NA	NA	NA	NA	NA	NA	NA	NA	NA	NA	NA	NA	NA
NA	NA	NA	NA	NA	NA	NA	NA	NA	NA	NA	NA	NA	NA	NA	NA
NA	NA	NA	NA	NA	NA	NA	NA	NA	NA	NA	NA	NA	NA	NA	NA
NA	NA	NA	NA	NA	NA	NA	NA	NA	NA	NA	NA	NA	NA	NA	NA
NA	NA	NA	NA	NA	NA	NA	NA	NA	NA	NA	NA	NA	NA	NA	NA
NA	NA	NA	NA	NA	NA	NA	NA	NA	NA	NA	NA	NA	NA	NA	NA
NA	NA	NA	NA	NA	NA	NA	NA	NA	NA	NA	NA	NA	NA	NA	NA
NA	NA	NA	NA	NA	NA	NA	NA	NA	NA	NA	NA	NA	NA	NA	NA
NA	NA	NA	NA	NA	NA	NA	NA	NA	NA	NA	NA	NA	NA	NA	NA
NA	NA	NA	NA	NA	NA	NA	NA	NA	NA	NA	NA	NA	NA	NA	NA
NA	NA	NA	NA	NA	NA	NA	NA	NA	NA	NA	NA	NA	NA	NA	NA
NA	NA	NA	NA	NA	NA	NA	NA	NA	NA	NA	NA	NA	NA	NA	NA
NA	NA	NA	NA	NA	NA	NA	NA	NA	NA	NA	NA	NA	NA	NA	NA
NA	NA	NA	NA	NA	NA	NA	NA	NA	NA	NA	NA	NA	NA	NA	NA
NA	NA	NA	NA	NA	NA	NA	NA	NA	NA	NA	NA	NA	NA	NA	NA
NA	NA	NA	NA	NA	NA	NA	NA	NA	NA	NA	NA	NA	NA	NA	NA
NA	NA	NA	NA	NA	NA	NA	NA	NA	NA	NA	NA	NA	NA	NA	NA
NA	NA	NA	NA	NA	NA	NA	NA	NA	NA	NA	NA	NA	NA	NA	NA
NA	NA	NA	NA	NA	NA	NA	NA	NA	NA	NA	NA	NA	NA	NA	NA
NA	NA	NA	NA	NA	NA	NA	NA	NA	NA	NA	NA	NA	NA	NA	NA
NA	NA	NA	NA	NA	NA	NA	NA	NA	NA	NA	NA	NA	NA	NA	NA
NA	NA	NA	NA	NA	NA	NA	NA	NA	NA	NA	NA	NA	NA	NA	NA
NA	NA	NA	NA	NA	NA	NA	NA	NA	NA	NA	NA	NA	NA	NA	NA
NA	NA	NA	NA	NA	NA	NA	NA	NA	NA	NA	NA	NA	NA	NA	NA
NA	NA	NA	NA	NA	NA	NA	NA	NA	NA	NA	NA	NA	NA	NA	NA
NA	NA	NA	NA	NA	NA	NA	NA	NA	NA	NA	NA	NA	NA	NA	NA
NA	NA	NA	NA	NA	NA	NA	NA	NA	NA	NA	NA	NA	NA	NA	NA
NA	NA	NA	NA	NA	NA	NA	NA	NA	NA	NA	NA	NA	NA	NA	NA
NA	NA	NA	NA	NA	NA	NA	NA	NA	NA	NA	NA	NA	NA	NA	NA
NA	NA	NA	NA	NA	NA	NA	NA	NA	NA	NA	NA	NA	NA	NA	NA
NA	NA	NA	NA	NA	NA	NA	NA	NA	NA	NA	NA	NA	NA	NA	NA
NA	NA	NA	NA	NA	NA	NA	NA	NA	NA	NA	NA	NA	NA	NA	NA
NA	NA	NA	NA	NA	NA	NA	NA	NA	NA	NA	NA	NA	NA	NA	NA
NA	NA	NA	NA	NA	NA	NA	NA	NA	NA	NA	NA	NA	NA	NA	NA
NA	NA	NA	NA	NA	NA	NA	NA	NA	NA	NA	NA	NA	NA	NA	NA
NA	NA	NA	NA	NA	NA	NA	NA	NA	NA	NA	NA	NA	NA	NA	NA
NA	NA	NA	NA	NA	NA	NA	NA	NA	NA	NA	NA	NA	NA	NA	NA
NA	NA	NA	NA	NA	NA	NA	NA	NA	NA	NA	NA	NA	NA	NA	NA
NA	NA	NA	NA	NA	NA	NA	NA	NA	NA	NA	NA	NA	NA	NA	NA
NA	NA	NA	NA	NA	NA	NA	NA	NA	NA	NA	NA	NA	NA	NA	NA
NA	NA	NA	NA	NA	NA	NA	NA	NA	NA	NA	NA	NA	NA	NA	NA
NA	NA	NA	NA	NA	NA	NA	NA	NA	NA	NA	NA	NA	NA	NA	NA
NA	NA	NA	NA	NA	NA	NA	NA	NA	NA	NA	NA	NA	NA	NA	NA
NA	NA	NA	NA	NA	NA	NA	NA	NA	NA	NA	NA	NA	NA	NA	NA
NA	NA	NA	NA	NA	NA	NA	NA	NA	NA	NA	NA	NA	NA	NA	NA
NA	NA	NA	NA	NA	NA	NA	NA	NA	NA	NA	NA	NA	NA	NA	NA
NA	NA	NA	NA	NA	NA	NA	NA	NA	NA	NA	NA	NA	NA	NA	NA
NA	NA	NA	NA	NA	NA	NA	NA	NA	NA	NA	NA	NA	NA	NA	NA
NA	NA	NA	NA	NA	NA	NA	NA	NA	NA	NA	NA	NA	NA	NA	NA
NA	NA	NA	NA	NA	NA	NA	NA	NA	NA	NA	NA	NA	NA	NA	NA
NA	NA	NA	NA	NA	NA	NA	NA	NA	NA	NA	NA	NA	NA	NA	NA
NA	NA	NA	NA	NA	NA	NA	NA	NA	NA	NA	NA	NA	NA	NA	NA
NA	NA	NA	NA	NA	NA	NA	NA	NA	NA	NA	NA	NA	NA	NA	NA
NA	NA	NA	NA	NA	NA	NA	NA	NA	NA	NA	NA	NA	NA	NA	NA
NA	NA	NA	NA	NA	NA	NA	NA	NA	NA	NA	NA	NA	NA	NA	NA
NA	NA	NA	NA	NA	NA	NA	NA	NA	NA	NA	NA	NA	NA	NA	NA
NA	NA	NA	NA	NA	NA	NA	NA	NA	NA	NA	NA	NA	NA	NA	NA
NA	NA	NA	NA	NA	NA	NA	NA	NA	NA	NA	NA	NA	NA	NA	NA
NA	NA	NA	NA	NA	NA	NA	NA	NA	NA	NA	NA	NA	NA	NA	NA
NA	NA	NA	NA	NA	NA	NA	NA	NA	NA	NA	NA	NA	NA	NA	NA
NA	NA	NA	NA	NA	NA	NA	NA	NA	NA	NA	NA	NA	NA	NA	NA
NA	NA	NA	NA	NA	NA	NA	NA	NA	NA	NA	NA	NA	NA	NA	NA
NA	NA	NA	NA	NA	NA	NA	NA	NA	NA	NA	NA	NA	NA	NA	NA
NA	NA	NA	NA	NA	NA	NA	NA	NA	NA	NA	NA	NA	NA	NA	NA
NA	NA	NA	NA	NA	NA	NA	NA	NA	NA	NA	NA	NA	NA	NA	NA
NA	NA	NA	NA	NA	NA	NA	NA	NA	NA	NA	NA	NA	NA	NA	NA
NA	NA	NA	NA	NA	NA	NA	NA	NA	NA	NA	NA	NA	NA	NA	NA
NA	NA	NA	NA	NA	NA	NA	NA	NA	NA	NA	NA	NA	NA	NA	NA
NA	NA	NA	NA	NA	NA	NA	NA	NA	NA	NA	NA	NA	NA	NA	NA
NA	NA	NA	NA	NA	NA	NA	NA	NA	NA	NA	NA	NA	NA	NA	NA
NA	NA	NA	NA	NA	NA	NA	NA	NA	NA	NA	NA	NA	NA	NA	NA
NA	NA	NA	NA	NA	NA	NA	NA	NA	NA	NA	NA	NA	NA	NA	NA
NA	NA	NA	NA	NA	NA	NA	NA	NA	NA	NA	NA	NA	NA	NA	NA
NA	NA	NA	NA	NA	NA	NA	NA	NA	NA	NA	NA	NA	NA	NA	NA
NA	NA	NA	NA	NA	NA	NA	NA	NA	NA	NA	NA	NA	NA	NA	NA
NA	NA	NA	NA	NA	NA	NA	NA	NA	NA	NA	NA	NA	NA	NA	NA
NA	NA	NA	NA	NA	NA	NA	NA	NA	NA	NA	NA	NA	NA	NA	NA
NA	NA	NA	NA	NA	NA	NA	NA	NA	NA	NA	NA	NA	NA	NA	NA
NA	NA	NA	NA	NA	NA	NA	NA	NA	NA	NA	NA	NA	NA	NA	NA
NA	NA	NA	NA	NA	NA	NA	NA	NA	NA	NA	NA	NA	NA	NA	NA
NA	NA	NA	NA	NA	NA	NA	NA	NA	NA	NA	NA	NA	NA	NA	NA
NA	NA	NA	NA	NA	NA	NA	NA	NA	NA	NA	NA	NA	NA	NA	NA
NA	NA	NA	NA	NA	NA	NA	NA	NA	NA	NA	NA	NA	NA	NA	NA
NA	NA	NA	NA	NA	NA	NA	NA	NA	NA	NA	NA	NA	NA	NA	NA
NA	NA	NA	NA	NA	NA	NA	NA	NA	NA	NA	NA	NA	NA	NA	NA
NA	NA	NA	NA	NA	NA	NA	NA	NA	NA	NA	NA	NA	NA	NA	NA
NA	NA	NA	NA	NA	NA	NA	NA	NA	NA	NA	NA	NA	NA	NA	NA
NA	NA	NA	NA	NA	NA	NA	NA	NA	NA	NA	NA	NA	NA	NA	NA
NA	NA	NA	NA	NA	NA	NA	NA	NA	NA	NA	NA	NA	NA	NA	NA
NA	NA	NA	NA	NA	NA	NA	NA	NA	NA	NA	NA	NA	NA	NA	NA
NA	NA	NA	NA	NA	NA	NA	NA	NA	NA	NA	NA	NA	NA	NA	NA
NA	NA	NA	NA	NA	NA	NA	NA	NA	NA	NA	NA	NA	NA	NA	NA
NA	NA	NA	NA	NA	NA	NA	NA	NA	NA	NA	NA	NA	NA	NA	NA
NA	NA	NA	NA	NA	NA	NA	NA	NA	NA	NA	NA	NA	NA	NA	NA
NA	NA	NA	NA	NA	NA	NA	NA	NA	NA	NA	NA	NA	NA	NA	NA
NA	NA	NA	NA	NA	NA	NA	NA	NA	NA	NA	NA	NA	NA	NA	NA
NA	NA	NA	NA	NA	NA	NA	NA	NA	NA	NA	NA	NA	NA	NA	NA
NA	NA	NA	NA	NA	NA	NA	NA	NA	NA	NA	NA	NA	NA	NA	NA
NA	NA	NA	NA	NA	NA	NA	NA	NA	NA	NA	NA	NA	NA	NA	NA
NA	NA	NA	NA	NA	NA	NA	NA	NA	NA	NA	NA	NA	NA	NA	NA
NA	NA	NA	NA	NA	NA	NA	NA	NA	NA	NA	NA	NA	NA	NA	NA
NA	NA	NA	NA	NA	NA	NA	NA	NA	NA	NA	NA	NA	NA	NA	NA
NA	NA	NA	NA	NA	NA	NA	NA	NA	NA	NA	NA	NA	NA	NA	NA
NA	NA	NA	NA	NA	NA	NA	NA	NA	NA	NA	NA	NA	NA	NA	NA
NA	NA	NA	NA	NA	NA	NA	NA	NA	NA	NA	NA	NA	NA	NA	NA
NA	NA	NA	NA	NA	NA	NA	NA	NA	NA	NA	NA	NA	NA	NA	NA
NA	NA	NA	NA	NA	NA	NA	NA	NA	NA	NA	NA	NA	NA	NA	NA
NA	NA	NA	NA	NA	NA	NA	NA	NA	NA	NA	NA	NA	NA	NA	NA
NA	NA	NA	NA	NA	NA	NA	NA	NA	NA	NA	NA	NA	NA	NA	NA
NA	NA	NA	NA	NA	NA	NA	NA	NA	NA	NA	NA	NA	NA	NA	NA
NA	NA	NA	NA	NA	NA	NA	NA	NA	NA	NA	NA	NA	NA	NA	NA
NA	NA	NA	NA	NA	NA	NA	NA	NA	NA	NA	NA	NA	NA	NA	NA
NA	NA	NA	NA	NA	NA	NA	NA	NA	NA	NA	NA	NA	NA	NA	NA
NA	NA	NA	NA	NA	NA	NA	NA	NA	NA	NA	NA	NA	NA	NA	NA
NA	NA	NA	NA	NA	NA	NA	NA	NA	NA	NA	NA	NA	NA	NA	NA
NA	NA	NA	NA	NA	NA	NA	NA	NA	NA	NA	NA	NA	NA	NA	NA
NA	NA	NA	NA	NA	NA	NA	NA	NA	NA	NA	NA	NA	NA	NA	NA
NA	NA	NA	NA	NA	NA	NA	NA	NA	NA	NA	NA	NA	NA	NA	NA
NA	NA	NA	NA	NA	NA	NA	NA	NA	NA	NA	NA	NA	NA	NA	NA
NA	NA	NA	NA	NA	NA	NA	NA	NA	NA	NA	NA	NA	NA	NA	NA
NA	NA	NA	NA	NA	NA	NA	NA	NA	NA	NA	NA	NA	NA	NA	NA
NA	NA	NA	NA	NA	NA	NA	NA	NA	NA	NA	NA	NA	NA	NA	NA
NA	NA	NA	NA	NA	NA	NA	NA	NA	NA	NA	NA	NA	NA	NA	NA
NA	NA	NA	NA	NA	NA	NA	NA	NA	NA	NA	NA	NA	NA	NA	NA
NA	NA	NA	NA	NA	NA	NA	NA	NA	NA	NA	NA	NA	NA	NA	NA
NA	NA	NA	NA	NA	NA	NA	NA	NA	NA	NA	NA	NA	NA	NA	NA
NA	NA	NA	NA	NA	NA	NA	NA	NA	NA	NA	NA	NA	NA	NA	NA
NA	NA	NA	NA	NA	NA	NA	NA	NA	NA	NA	NA	NA	NA	NA	NA
NA	NA	NA	NA	NA	NA	NA	NA	NA	NA	NA	NA	NA	NA	NA	NA
NA	NA	NA	NA	NA	NA	NA	NA	NA	NA	NA	NA	NA	NA	NA	NA
NA	NA	NA	NA	NA	NA	NA	NA	NA	NA	NA	NA	NA	NA	NA	NA
NA	NA	NA	NA	NA	NA	NA	NA	NA	NA	NA	NA	NA	NA	NA	NA
NA	NA	NA	NA	NA	NA	NA	NA	NA	NA	NA	NA	NA	NA	NA	NA
NA	NA	NA	NA	NA	NA	NA	NA	NA	NA	NA	NA	NA	NA	NA	NA
NA	NA	NA	NA	NA	NA	NA	NA	NA	NA	NA	NA	NA	NA	NA	NA
NA	NA	NA	NA	NA	NA	NA	NA	NA	NA	NA	NA	NA	NA	NA	NA
NA	NA	NA	NA	NA	NA	NA	NA	NA	NA	NA	NA	NA	NA	NA	NA
NA	NA	NA	NA	NA	NA	NA	NA	NA	NA	NA	NA	NA	NA	NA	NA
NA	NA	NA	NA	NA	NA	NA	NA	NA	NA	NA	NA	NA	NA	NA	NA
NA	NA	NA	NA	NA	NA	NA	NA	NA	NA	NA	NA	NA	NA	NA	NA
NA	NA	NA	NA	NA	NA	NA	NA	NA	NA	NA	NA	NA	NA	NA	NA
NA	NA	NA	NA	NA	NA	NA	NA	NA	NA	NA	NA	NA	NA	NA	NA
NA	NA	NA	NA	NA	NA	NA	NA	NA	NA	NA	NA	NA	NA	NA	NA
NA	NA	NA	NA	NA	NA	NA	NA	NA	NA	NA	NA	NA	NA	NA	NA
NA	NA	NA	NA	NA	NA	NA	NA	NA	NA	NA	NA	NA	NA	NA	NA
NA	NA	NA	NA	NA	NA	NA	NA	NA	NA	NA	NA	NA	NA	NA	NA
NA	NA	NA	NA	NA	NA	NA	NA	NA	NA	NA	NA	NA	NA	NA	NA
NA	NA	NA	NA	NA	NA	NA	NA	NA	NA	NA	NA	NA	NA	NA	NA
NA	NA	NA	NA	NA	NA	NA	NA	NA	NA	NA	NA	NA	NA	NA	NA
NA	NA	NA	NA	NA	NA	NA	NA	NA	NA	NA	NA	NA	NA	NA	NA
NA	NA	NA	NA	NA	NA	NA	NA	NA	NA	NA	NA	NA	NA	NA	NA
NA	NA	NA	NA	NA	NA	NA	NA	NA	NA	NA	NA	NA	NA	NA	NA
NA	NA	NA	NA	NA	NA	NA	NA	NA	NA	NA	NA	NA	NA	NA	NA
NA	NA	NA	NA	NA	NA	NA	NA	NA	NA	NA	NA	NA	NA	NA	NA
NA	NA	NA	NA	NA	NA	NA	NA	NA	NA	NA	NA	NA	NA	NA	NA
NA	NA	NA	NA	NA	NA	NA	NA	NA	NA	NA	NA	NA	NA	NA	NA
NA	NA	NA	NA	NA	NA	NA	NA	NA	NA	NA	NA	NA	NA	NA	NA
NA	NA	NA	NA	NA	NA	NA	NA	NA	NA	NA	NA	NA	NA	NA	NA
NA	NA	NA	NA	NA	NA	NA	NA	NA	NA	NA	NA	NA	NA	NA	NA
NA	NA	NA	NA	NA	NA	NA	NA	NA	NA	NA	NA	NA	NA	NA	NA
NA	NA	NA	NA	NA	NA	NA	NA	NA	NA	NA	NA	NA	NA	NA	NA
NA	NA	NA	NA	NA	NA	NA	NA	NA	NA	NA	NA	NA	NA	NA	NA
NA	NA	NA	NA	NA	NA	NA	NA	NA	NA	NA	NA	NA	NA	NA	NA
NA	NA	NA	NA	NA	NA	NA	NA	NA	NA	NA	NA	NA	NA	NA	NA
NA	NA	NA	NA	NA	NA	NA	NA	NA	NA	NA	NA	NA	NA	NA	NA
NA	NA	NA	NA	NA	NA	NA	NA	NA	NA	NA	NA	NA	NA	NA	NA
NA	NA	NA	NA	NA	NA	NA	NA	NA	NA	NA	NA	NA	NA	NA	NA
NA	NA	NA	NA	NA	NA	NA	NA	NA	NA	NA	NA	NA	NA	NA	NA
NA	NA	NA	NA	NA	NA	NA	NA	NA	NA	NA	NA	NA	NA	NA	NA
NA	NA	NA	NA	NA	NA	NA	NA	NA	NA	NA	NA	NA	NA	NA	NA
NA	NA	NA	NA	NA	NA	NA	NA	NA	NA	NA	NA	NA	NA	NA	NA
NA	NA	NA	NA	NA	NA	NA	NA	NA	NA	NA	NA	NA	NA	NA	NA
NA	NA	NA	NA	NA	NA	NA	NA	NA	NA	NA	NA	NA	NA	NA	NA
NA	NA	NA	NA	NA	NA	NA	NA	NA	NA	NA	NA	NA	NA	NA	NA
NA	NA	NA	NA	NA	NA	NA	NA	NA	NA	NA	NA	NA	NA	NA	NA
NA	NA	NA	NA	NA	NA	NA	NA	NA	NA	NA	NA	NA	NA	NA	NA
NA	NA	NA	NA	NA	NA	NA	NA	NA	NA	NA	NA	NA	NA	NA	NA
NA	NA	NA	NA	NA	NA	NA	NA	NA	NA	NA	NA	NA	NA	NA	NA
NA	NA	NA	NA	NA	NA	NA	NA	NA	NA	NA	NA	NA	NA	NA	NA
NA	NA	NA	NA	NA	NA	NA	NA	NA	NA	NA	NA	NA	NA	NA	NA
NA	NA	NA	NA	NA	NA	NA	NA	NA	NA	NA	NA	NA	NA	NA	NA
NA	NA	NA	NA	NA	NA	NA	NA	NA	NA	NA	NA	NA	NA	NA	NA
NA	NA	NA	NA	NA	NA	NA	NA	NA	NA	NA	NA	NA	NA	NA	NA
NA	NA	NA	NA	NA	NA	NA	NA	NA	NA	NA	NA	NA	NA	NA	NA
NA	NA	NA	NA	NA	NA	NA	NA	NA	NA	NA	NA	NA	NA	NA	NA
NA	NA	NA	NA	NA	NA	NA	NA	NA	NA	NA	NA	NA	NA	NA	NA
1.92526744845301	0.169096937560008	1.59383745083539	2.25669744607062	1.92404091992399	0.144519711095226	1.64078228617735	2.20729955367063	1.92404091992399	0.169096937560008	1.62519479270622	2.21622135335411	1.92079474265858	0.163257007884891	1.6006204351524	2.24096905016476
1.43966481909367	0.242140913033062	0.965068629548865	1.91426100863847	1.492684179135	0.197373622558652	1.10583187892005	1.87953647934996	1.492684179135	0.242140913033062	0.933518250036498	1.91098244796616	1.49445757847114	0.21992828618279	1.06310817765984	1.92580697928244
2.02516411420631	0.174853400052569	1.68245145010328	2.36787677830935	2.01299111299507	0.15809417809494	1.70312652392898	2.32285570206115	2.01299111299507	0.174853400052569	1.67111550056451	2.32937378464065	2.01163839723391	0.159849431673908	1.69820793925167	2.32506885521616
1.92362812515132	0.208894782220503	1.51419435199913	2.33306189830351	1.85855559421068	0.173704689372544	1.51809440304049	2.19901678538087	1.85855559421068	0.208894782220503	1.4055892830678	2.23809758838143	1.86236253964469	0.190173245236932	1.48938337427751	2.23534170501186
1.8393145811557	0.169042145365777	1.50799197623878	2.17063718607263	1.78118746106479	0.154878848773687	1.47762491746836	2.08475000466121	1.78118746106479	0.169042145365777	1.43898648072547	2.12207087218891	1.78652209921557	0.156471666161698	1.47972812684657	2.09331607158456
1.70958233834047	0.166621320316565	1.38300455052001	2.03616012616094	1.63060967623633	0.145762263912858	1.34491563896713	1.91630371350553	1.63060967623633	0.166621320316565	1.29408111594795	1.95677144847999	1.63499746506974	0.156146162526699	1.32879790160907	1.94119702853041
2.05357577486537	0.177968265414284	1.70475797465338	2.40239357507737	1.94292774414582	0.169526719556841	1.61065537381441	2.27520011447723	1.94292774414582	0.177968265414284	1.57530506367564	2.287627083131	1.94089463831646	0.16252288653175	1.62222180482062	2.2595674718123
2.09509325145154	0.173034787967427	1.75594506703538	2.4342414358677	2.10379421549258	0.166398567057263	1.77765302406035	2.42993540692482	2.10379421549258	0.173034787967427	1.75929803592018	2.4328280788126	2.10194105563346	0.156531973001148	1.79503405822049	2.40884805304642
1.8789505947355	0.204312767151374	1.47849757111881	2.27940361835219	1.74302520460603	0.178845123551819	1.39248876244446	2.09356164676759	1.74302520460603	0.204312767151374	1.30620883177439	2.12158782406244	1.74751616865883	0.186418242367398	1.38190611775715	2.1131262195605
2.10004016290771	0.182585755273718	1.74217208257122	2.4579082432442	2.02116810700332	0.15885759006103	1.70980723048371	2.33252898352294	2.02116810700332	0.182585755273718	1.626169567205	2.34958860713792	2.01679002266553	0.172997020693501	1.67756491570741	2.35601512962364
2.2386067829119	0.186608498727116	1.87285412540675	2.60435944041704	2.32937278635921	0.175714013647863	1.9849733196094	2.67377225310902	2.32937278635921	0.186608498727116	1.95181272754069	2.69426217517872	2.33297937237562	0.16475705390765	2.00993196213086	2.65602678262037
2.59031395170321	0.176077908544579	2.24520125095584	2.93542665245059	2.44238888529334	0.163460159388243	2.12200697289238	2.7627707976943	2.44238888529334	0.176077908544579	2.09273715819304	2.78636940616527	2.4474758874865	0.165060913582987	2.12380703834162	2.77114473663138
2.2080046369171	0.149630757888017	1.91472835145659	2.50128092237761	2.123474463826	0.138225044654631	1.85255337630292	2.39439555134908	2.123474463826	0.149630757888017	1.81846797299726	2.4032381448251	2.11672365042025	0.135469962504012	1.85111626373	2.3823310371105
1.74441376989479	0.165325546513996	1.42037569872736	2.06845184106222	1.69599424479414	0.144814604181656	1.4121576205981	1.97983086899019	1.69599424479414	0.165325546513996	1.36648983764623	2.01601209897111	1.69716178393944	0.157063664929518	1.38919511038453	2.00512845749435
2.23536191303078	0.185554010261438	1.87167605291836	2.5990477731432	2.10248313488641	0.167873495122691	1.77345108444593	2.43151518532688	2.10248313488641	0.185554010261438	1.73059592357156	2.47031253977774	2.10108442722931	0.164260140580044	1.77898317397425	2.42318568048438
1.85158476511534	0.169073564498043	1.52020057869918	2.1829689515315	1.96262348746043	0.165454487963132	1.63833269105269	2.28691428386817	1.96262348746043	0.169073564498043	1.64181172303993	2.29815348976048	1.95502196289931	0.154515815007276	1.65206703484569	2.25797689095293
2.23256850233803	0.158360712332474	1.92218150616638	2.54295549850967	2.21025175892423	0.149012215081038	1.9181878173654	2.50231570048306	2.21025175892423	0.158360712332474	1.89990538964713	2.51440758536079	2.20690901358837	0.140927408018796	1.93059289797444	2.48322512920231
2.09831735140719	0.164147987286087	1.77658729632646	2.42004740648792	2.10043480911882	0.15934186049378	1.78812476255101	2.41274485568663	2.10043480911882	0.164147987286087	1.77068271005935	2.42215899426923	2.10129428403202	0.148126743103661	1.81085895413594	2.3917296139281
2.05029410538971	0.18171951638851	1.69412385326823	2.40646435751119	2.11151140445615	0.16884887387455	1.78056761166203	2.44245519725027	2.11151140445615	0.18171951638851	1.7452164150043	2.44369583467549	2.10846633157725	0.160413012540505	1.79391548471845	2.42301717843605
2.0085543586149	0.202128488105552	1.61238252192802	2.40472619530178	1.90746767801993	0.179120266213557	1.55639195624136	2.2585433997985	1.90746767801993	0.202128488105552	1.50426479094685	2.2818439515705	1.90687424824795	0.187034698584984	1.54006891236033	2.27367958413558
2.01235253334713	0.197299464995011	1.62564558195691	2.39905948473735	2.01773474950365	0.165522470902995	1.69331070653378	2.34215879247352	2.01773474950365	0.197299464995011	1.60192975936917	2.360932312316	2.01908100896877	0.188592586179446	1.64919773918987	2.38896427874766
2.07772398934107	0.164449655815926	1.75540266394185	2.40004531474028	2.06066845111627	0.156717463396841	1.75350222285846	2.36783467937408	2.06066845111627	0.164449655815926	1.74388916553987	2.38918799377455	2.05803421590106	0.1483158508194	1.76722671271762	2.34884171908451
2.09366673543519	0.167959685054835	1.76446575272771	2.42286771814266	2.18871565776967	0.1509583281197	1.89283733465506	2.48459398088429	2.18871565776967	0.167959685054835	1.87508221330453	2.50875617813308	2.18506314675834	0.154998830974664	1.88112598759251	2.48900030592418
1.98980584136515	0.205196816189297	1.58762008163413	2.39199160109618	1.8710049131546	0.17539890483491	1.52722305967818	2.21478676663102	1.8710049131546	0.205196816189297	1.41755367427446	2.24026809372752	1.87034269305329	0.194797172420044	1.48828679202903	2.25239859407755
2.35439841521656	0.168237474591966	2.0246529650163	2.68414386541681	2.12125493076112	0.166645961675741	1.79462884587666	2.44788101564557	2.12125493076112	0.168237474591966	1.79435608726646	2.43613898715692	2.11755877251658	0.152709819627935	1.81813802585081	2.41697951918235
1.85903694517678	0.161718340768783	1.54206899726997	2.1760048930836	1.92176928525289	0.15456774491812	1.61881650521337	2.2247220652924	1.92176928525289	0.161718340768783	1.60014019746734	2.22950871616562	1.92226050748481	0.145665111031219	1.63665499813682	2.20786601683281
1.87339629731858	0.221650085030474	1.43896213065885	2.30783046397831	2.09553653903039	0.200982416108893	1.70161100345696	2.48946207460382	2.09553653903039	0.221650085030474	1.70750547087685	2.62442952731427	2.09588513863545	0.203262285142491	1.69723440239785	2.49453587487306
1.95018056212279	0.161449096663508	1.63374033266232	2.26662079158327	1.95187321344273	0.152072810920654	1.65381050403825	2.24993592284721	1.95187321344273	0.161449096663508	1.64076536475027	2.27749874501104	1.95224305794869	0.149275407637813	1.65953570126617	2.2449504146312
2.100043688628	0.177078407159123	1.75297001059611	2.44711736665988	2.0008409525925	0.164569710976366	1.67828431907882	2.32339758610618	2.0008409525925	0.177078407159123	1.64250357778667	2.360215856983	1.9999890150744	0.161182630856025	1.68393330175379	2.316044728395
2.23494234868806	0.166412012955018	1.90877480329623	2.5611098940799	2.21919665075537	0.157006222109698	1.91146445542036	2.52692884609038	2.21919665075537	0.166412012955018	1.89098679701859	2.51413096905167	2.22665768971077	0.151387801401974	1.9298149324438	2.52350044697775
2.06982789784169	0.210858970257955	1.6565443161361	2.48311147954728	1.92154623571292	0.189104780340791	1.55090086624497	2.29219160518087	1.92154623571292	0.210858970257955	1.44710580085689	2.28960454423311	1.91961280890712	0.190574446567377	1.5458702907404	2.29335532707385
2.0107854369936	0.179217693385121	1.65951875795876	2.36205211602843	2.04729120542463	0.166616039932408	1.72072376715711	2.37385864369215	2.04729120542463	0.179217693385121	1.6909429598315	2.38974865601566	2.0441878696785	0.158608682343928	1.73318059800183	2.35519514135516
1.86781371680736	0.199124620264253	1.47752946108942	2.25809797252529	1.9185521290843	0.180714558540867	1.5643515943442	2.2727526638244	1.9185521290843	0.199124620264253	1.51193359974446	2.29463944772478	1.91388525766508	0.180185245274228	1.56052744500836	2.26724307032179
1.85495871624865	0.192217596490049	1.47821222712815	2.23170520536914	1.86104238952919	0.166536338321802	1.53463116641846	2.18745361263992	1.86104238952919	0.192217596490049	1.52243868979206	2.24547966607743	1.85913374240038	0.186693625719157	1.49300058037096	2.2252669044298
1.89084321657137	0.199085461888967	1.50063571126899	2.28105072187374	1.86818379547914	0.179802748221145	1.5157704089657	2.22059718199259	1.86818379547914	0.199085461888967	1.45046399590176	2.21197588683947	1.8756677322707	0.190647190230629	1.50181676561513	2.24951869892628
2.12387844487156	0.17612520539483	1.77867304229769	2.46908384744542	2.07135130546074	0.165948645581889	1.74609196012023	2.39661065080124	2.07135130546074	0.17612520539483	1.70434595377586	2.420899461221	2.06964963739038	0.163232943950908	1.74955255645099	2.38974671832978
1.97830470752878	0.181581172361849	1.62240560969955	2.334203805358	1.87355298781836	0.170525524602987	1.53932295959651	2.20778301604022	1.87355298781836	0.181581172361849	1.52577951643795	2.25498618288583	1.86452364421854	0.162835805332517	1.54522223976904	2.18382504866803
2.27077198608675	0.178748858878174	1.92042422268552	2.62111974948797	2.26083260744738	0.158109496699564	1.95093799391624	2.57072722097853	2.26083260744738	0.178748858878174	1.93451004308593	2.62233462175837	2.26940161456401	0.165597808161907	1.94466291252027	2.59414031660776
1.80002115154229	0.166278100565696	1.47411607443353	2.12592622865106	1.95543255512746	0.155479679628338	1.65069238305591	2.260172727199	1.95543255512746	0.166278100565696	1.62366025775194	2.27360279291715	1.95708133667823	0.154187360900717	1.65475544563334	2.25940722772313
2.22693020293819	0.198507984769471	1.83785455279002	2.61600585308635	2.09370359571651	0.181208827910585	1.73853429301177	2.44887289842126	2.09370359571651	0.198507984769471	1.71083834396286	2.49164145934104	2.09445186586051	0.180685899466767	1.74014618035925	2.44875755136177
2.04334809776419	0.192249886017803	1.6665383211693	2.42015787435909	1.95695200571167	0.186365760794014	1.5916751145554	2.32222889686793	1.95695200571167	0.192249886017803	1.58644848326697	2.32824315630386	1.95295627856443	0.177995087380122	1.60394178787064	2.30197076925822
1.90307139710377	0.175488303647084	1.55911432195549	2.24702847225206	1.89511373195984	0.153667259645052	1.59392590305554	2.19630156086415	1.89511373195984	0.175488303647084	1.55311438614775	2.21099638192976	1.89224377634645	0.15983505637731	1.57882642262771	2.20566113006519
2.06088319304852	0.182105386494253	1.70395663551979	2.41780975057726	2.09402975193202	0.182318058304231	1.73668635765573	2.45137314620832	2.09402975193202	0.182105386494253	1.74889006963162	2.43357045316823	2.09119341573553	0.155480140333558	1.78632433103873	2.39606250043233
1.97321066696028	0.177662507798301	1.62499215167561	2.32142918224495	1.99129433990961	0.161441618665756	1.67486876732473	2.3077199124945	1.99129433990961	0.177662507798301	1.64890272942514	2.33880922560747	1.98952652483709	0.16608381012091	1.66387145266536	2.31518159700883
1.84476799835044	0.177066621555837	1.497717420101	2.19181857659988	1.96061925883222	0.160275229882971	1.64647980826159	2.27475870940284	1.96061925883222	0.177066621555837	1.61450422493229	2.30340125019859	1.95723228229042	0.168073683143199	1.62766536331404	2.28679920126681
2.11933377768154	0.20328800462427	1.72088928861797	2.51777826674511	2.03310483025197	0.180594296438776	1.67914000923197	2.38706965127197	2.03310483025197	0.20328800462427	1.60282617541674	2.41865457135255	2.02984182074374	0.192304866651088	1.65269361258886	2.40699002889863
1.89074691405734	0.161736515679405	1.5737433433257	2.20775048478897	1.94761952902169	0.146744088815523	1.66000111494327	2.23523794310012	1.94761952902169	0.161736515679405	1.6381527138751	2.25728712093497	1.95328415232746	0.149862470236645	1.65942322495931	2.24714507969562
2.03070230890679	0.160930180621128	1.71527915488938	2.34612546292421	1.98903936925106	0.151177481527067	1.69273150545801	2.28534723304411	1.98903936925106	0.160930180621128	1.68732412879852	2.29668623413438	1.98643639242182	0.145445468352587	1.70126099285697	2.27161179198666
1.93225956860833	0.179853555486171	1.57974659985543	2.28477253736122	1.96450666686991	0.169698211089349	1.63189817313478	2.29711516060503	1.96450666686991	0.179853555486171	1.6184305974381	2.31487738409364	1.96717920793632	0.164853214964452	1.64394313302687	2.29041528284577
2.01113050775533	0.154122247251903	1.7090509031416	2.31321011236906	2.1049786166282	0.150168053603425	1.81064923156549	2.39930800169091	2.1049786166282	0.154122247251903	1.80224585458022	2.40201869702737	2.10205546886103	0.139289947293143	1.82895718807942	2.37515374964264
1.84940833236168	0.207707866689528	1.4423009136502	2.25651575107315	2.01260375690736	0.193114241994536	1.63409984259807	2.39110767121666	2.01260375690736	0.207707866689528	1.62955600140335	2.42678212337969	2.01630268107424	0.197885825424372	1.62820206813794	2.40440329401054
2.15055200756836	0.190580737732568	1.77701376161253	2.5240902535242	2.19297164392336	0.170781070172317	1.85824074638562	2.5277025414611	2.19297164392336	0.190580737732568	1.83171834306919	2.60136473797149	2.19287816782497	0.171140422517306	1.85727760894846	2.52847872670147
2.05347879316212	0.162993148322831	1.73401222244937	2.37294536387487	2.05067556013119	0.163140305164018	1.73092056200971	2.37043055825266	2.05067556013119	0.162993148322831	1.7352481486306	2.38254079744497	2.04931404554681	0.144090093360148	1.7668034509916	2.33182464010203
2.05512929584944	0.192585841050092	1.67766104739127	2.43259754430762	2.04227872966374	0.17068936102937	1.70772758204617	2.3768298772813	2.04227872966374	0.192585841050092	1.66904074534215	2.42330382451548	2.0431085312593	0.176634408312353	1.69671994055035	2.38949712196826
1.66043758629139	0.203429324977195	1.26171610933609	2.0591590632467	1.62779706770027	0.191148560604573	1.25314588891531	2.00244824648524	1.62779706770027	0.203429324977195	1.21889910918427	2.01087137659611	1.62256745330928	0.18810500474179	1.25368087480937	1.9914540318092
2.04997687981127	0.166124059135602	1.72437372390549	2.37558003571705	2.16598443648128	0.148641487741466	1.87464712050801	2.45732175245456	2.16598443648128	0.166124059135602	1.84482655975596	2.50862932277359	2.16404529330792	0.152175849368035	1.86564923992343	2.46244134669241
2.02047366009398	0.172684076043794	1.68201287104815	2.35893444913982	1.99126823080128	0.171011517919927	1.65608565567822	2.32645080592434	1.99126823080128	0.172684076043794	1.64138139687464	2.32338478998871	1.98339083239732	0.151213246827874	1.6869126304501	2.27986903434453
2.14093754554725	0.194500949324667	1.7597156848709	2.52215940622359	2.0826060519302	0.174876443914036	1.73984822185869	2.42536388200171	2.0826060519302	0.194500949324667	1.68300988856711	2.45791142917478	2.08293714117615	0.182176198049279	1.72566225074227	2.44021203161002
1.80023045573817	0.188899932589885	1.42998658786199	2.17047432361434	1.76828306264056	0.188158866668163	1.39949168397096	2.13707444131016	1.76828306264056	0.188899932589885	1.39517259377388	2.16100872620487	1.76866386382203	0.165945490432033	1.44328309682325	2.09404463082081
2.15997777356933	0.192337298480265	1.78299666854801	2.53695887859065	1.98117214401384	0.170521530791093	1.64694994366329	2.31539434436438	1.98117214401384	0.192337298480265	1.59937901855576	2.33371611936977	1.98577540118689	0.171504907494934	1.64947092227078	2.32207988010299
2.22279198444173	0.174366668869107	1.88103331345828	2.56455065542518	2.26507972892013	0.162496937614799	1.94658573119512	2.58357372664514	2.26507972892013	0.174366668869107	1.913095418106	2.62206387389697	2.2627966953317	0.156831785785044	1.95527242873008	2.57032096193333
2.10371404601774	0.196690982311217	1.71819972068775	2.48922837134772	2.24807919364081	0.174864339381842	1.9053450884524	2.59081329882922	2.24807919364081	0.196690982311217	1.88641400707401	2.64083383051893	2.24937627109691	0.182917267736355	1.89067242006065	2.60808012213318
2.09083162655732	0.181259040811906	1.73556390656599	2.44609934654866	1.98934575723602	0.169433692916954	1.65725571911879	2.32143579535325	1.98934575723602	0.181259040811906	1.63356916926854	2.35727152558631	1.99306150711546	0.165855015531747	1.66784755103274	2.31827546319819
1.96625177614597	0.234151137788391	1.50731554608073	2.42518800621122	1.86279219472808	0.208089625163078	1.45493652940845	2.27064786004771	1.86279219472808	0.234151137788391	1.36777709239689	2.27490269503924	1.86178781448472	0.221294769435426	1.42774009388894	2.2958355350805
2.10665951665745	0.166072321462105	1.78115776659173	2.43216126672318	2.09986359349675	0.155395464428542	1.79528848321681	2.40443870377669	2.09986359349675	0.166072321462105	1.77746825149837	2.4197774102813	2.09462945937363	0.152336326088107	1.79593869339491	2.39332022535235
1.96470749610707	0.165754930368501	1.63982783258481	2.28958715962934	1.9181073826234	0.157071578807544	1.61024708816061	2.22596767708619	1.9181073826234	0.165754930368501	1.59840109609876	2.23696177136251	1.91871721106808	0.147649598845758	1.62919639184985	2.20823803028631
2.19554863290514	0.2078347487507	1.78819252535377	2.60290474045651	2.25477007362571	0.189022103122188	1.88428675150622	2.6252533957452	2.25477007362571	0.2078347487507	1.89962190266877	2.71878949088933	2.25205256643428	0.195847113759227	1.86794825775913	2.63615687510943
1.76731165377572	0.175535946522828	1.42326119859098	2.11136210896047	1.7901327271036	0.161205583186343	1.47416978405837	2.10609567014883	1.7901327271036	0.175535946522828	1.44391453981583	2.11453602476598	1.78662754999394	0.163549312061565	1.46593204422914	2.10732305575874
2.05099586326916	0.184763748055999	1.6888589170794	2.41313280945892	2.09208055960286	0.171315489477963	1.75630220022605	2.42785891897967	2.09208055960286	0.184763748055999	1.74681810414927	2.45152919405873	2.09259692580161	0.172323619441915	1.75467406890172	2.4305197827015
1.82089179743151	0.168174371018324	1.4912700302356	2.15051356462743	1.82648410057777	0.154322540116924	1.5240119219486	2.12895627920694	1.82648410057777	0.168174371018324	1.4814323044933	2.14109870482941	1.83081041221516	0.154260921979318	1.52832526593604	2.13329555849428
1.75834713730457	0.206006835572441	1.35457373958259	2.16212053502655	1.8839725427129	0.189750061050994	1.51206242305295	2.25588266237285	1.8839725427129	0.206006835572441	1.48425578045536	2.30728708619605	1.87854811224173	0.195870196408111	1.49442554680259	2.26267067768087
2.07780471663488	0.177146366172175	1.73059783893742	2.42501159433234	2.10087085624744	0.17226633765526	1.76322883444313	2.43851287805175	2.10087085624744	0.177146366172175	1.75456244900793	2.46231622410999	2.09577001037743	0.15628238978071	1.78933737982037	2.40220264093448
1.81742537720258	0.170208321891199	1.48381706629583	2.15103368810933	1.81551239199004	0.155782822611757	1.510178059671	2.12084672430909	1.81551239199004	0.170208321891199	1.4750980792783	2.13805464342169	1.81673609005439	0.155286938814568	1.51223280951945	2.12123937058934
1.92704310009056	0.188035505812407	1.55849350869824	2.29559269148288	1.81508795652358	0.162804441226697	1.49599125171925	2.1341846613279	1.81508795652358	0.188035505812407	1.42040221470769	2.1729663730293	1.81543684143483	0.176819278004789	1.46868328145436	2.1621904014153
1.87904718371683	0.18253147615719	1.52128549044874	2.23680887698492	1.81699176872501	0.171627690937075	1.48060149448834	2.15338204296168	1.81699176872501	0.18253147615719	1.46925699378102	2.17695594855583	1.80898627666633	0.167780502656803	1.47995630016175	2.13801625317091
2.19909934722217	0.185488341873203	1.83554219715069	2.56265649729364	2.22253476647391	0.161885122247644	1.90523992686853	2.53982960607929	2.22253476647391	0.185488341873203	1.84711678531912	2.61616780451816	2.22151865183211	0.165313744017978	1.89734498666789	2.54569231699632
1.81978055516594	0.223455785546534	1.38180721549473	2.25775389483714	1.86061355441552	0.183839699069069	1.50028774424015	2.2209393645909	1.86061355441552	0.223455785546534	1.40521827667863	2.27337141205853	1.86480261005005	0.202351902878132	1.4679386731838	2.26166654691631
1.56075384380194	0.18065757822804	1.20666499047498	1.9148426971289	1.67666328756368	0.165797713957364	1.35169976820725	2.00162680692012	1.67666328756368	0.18065757822804	1.33368937798471	2.04665973424311	1.67939223724936	0.1693579512001	1.34725753955248	2.01152693494625
2.10713133419423	0.17020750706806	1.77352462034084	2.44073804804763	2.15824708379232	0.15722420235505	1.85008764717642	2.46640652040822	2.15824708379232	0.17020750706806	1.83992942883891	2.49559239066744	2.16059687349375	0.152746892314178	1.86109117866115	2.46010256832634
2.1165925821491	0.176783850809252	1.77009623456296	2.46308892973523	2.10216611144445	0.170875079725001	1.76725095518344	2.43708126770545	2.10216611144445	0.176783850809252	1.74216631825439	2.43497709032979	2.09997886340411	0.155445138190922	1.79516929768625	2.40478842912196
1.9422822710783	0.161623871504485	1.62549948292951	2.25906505922709	1.89520533460275	0.153032040746656	1.5952625347393	2.19514813446619	1.89520533460275	0.161623871504485	1.56976050951758	2.19905835226218	1.8933826970272	0.144617448724583	1.60982725963098	2.17693813442343
1.93449858854459	0.217571441735746	1.50805856274253	2.36093861434666	1.83040385342118	0.193781528839382	1.45059205689599	2.21021564994637	1.83040385342118	0.217571441735746	1.41591167974151	2.24445220635584	1.82863997768746	0.200433225687084	1.43554422236915	2.22173573300577
1.91582954727914	0.181408827793203	1.56026824480446	2.27139084975382	1.97572422124362	0.165828755630339	1.65069986020816	2.30074858227909	1.97572422124362	0.181408827793203	1.63784848854799	2.33098188469927	1.97473546656174	0.168295737315665	1.64471445574411	2.30475647737937
2.15917087265849	0.159904860870628	1.84575734535206	2.47258439996492	2.1394634333866	0.153737549494932	1.83813783637653	2.44078903039666	2.1394634333866	0.159904860870628	1.82571775855742	2.46265031292026	2.13891595107698	0.146219860212084	1.85222896194963	2.42560294020434
1.94085492598049	0.178620635277743	1.59075848083611	2.29095137112486	1.97393260960145	0.165467497599376	1.64961631430667	2.29824890489623	1.97393260960145	0.178620635277743	1.62793929710513	2.32153239137998	1.97199787316627	0.165845813779877	1.64679926039878	2.29719648593376
1.80318507547176	0.187952175134284	1.43479881220856	2.17157133873495	1.79744131214911	0.164532534344388	1.47495754483412	2.11992507946411	1.79744131214911	0.187952175134284	1.42533782462312	2.16540867324451	1.79212202915474	0.1802965048578	1.43856072755559	2.14568333075389
1.66963066429842	0.210828341961464	1.25640711405395	2.08285421454288	1.65815918222724	0.18631187324599	1.2929879106651	2.02333045378938	1.65815918222724	0.210828341961464	1.21471292043436	2.06813238707705	1.65281597578028	0.189943289415087	1.28031469294341	2.02531725861715
2.19583040133242	0.20546181420225	1.79312524549601	2.59853555716883	1.99441968590648	0.185248914600013	1.63133181329045	2.3575075585225	1.99441968590648	0.20546181420225	1.56189708443503	2.36765352366553	1.99166399930025	0.194889009586553	1.60942874451368	2.37389925408683
2.00981622520452	0.190916901315307	1.63561909862652	2.38401335178252	2.06666867694387	0.175819008391876	1.72206342049579	2.41127393339194	2.06666867694387	0.190916901315307	1.64863046515408	2.40855597724997	2.06393206071047	0.178368668285303	1.71413828949016	2.41372583193079
1.98638102497801	0.16624105060256	1.66054856579699	2.31221348415903	1.87683736752215	0.156120785054581	1.57084062881517	2.18283410622912	1.87683736752215	0.16624105060256	1.53082222338135	2.18382922026091	1.87532163315489	0.153022507441464	1.57526516461172	2.17537810169806
2.04521613031164	0.171069179107989	1.70992053925998	2.3805117213633	2.07916443451877	0.159818532603468	1.76592011061598	2.39240875842157	2.07916443451877	0.171069179107989	1.73857875144922	2.4152762171739	2.0732554567742	0.157324188450583	1.76477591361227	2.38173499993613
2.3009882462969	0.196568346161519	1.91571428782032	2.68626220477348	2.25687565743812	0.181716075932489	1.90071214861045	2.6130391662658	2.25687565743812	0.196568346161519	1.87235684387229	2.63051672438251	2.25756293826168	0.189051332758028	1.88681630659368	2.62830956992968
1.8250863181589	0.181140180502628	1.47005156437375	2.18012107194405	1.88784105558476	0.174564810107702	1.54569402777367	2.22998808339586	1.88784105558476	0.181140180502628	1.53071592541907	2.2451685954319	1.89049703278623	0.164420923862741	1.56809387406186	2.2129001915106
2.18174965380814	0.162729341780807	1.86280014391775	2.50069916369852	2.03466383828155	0.156563277283088	1.72779981480669	2.3415278617564	2.03466383828155	0.162729341780807	1.72623140428387	2.34733469665573	2.02890416418196	0.147439851257265	1.73981662330745	2.31799170505646
1.95432861967106	0.18010202180306	1.60132865693707	2.30732858240506	1.8518343688764	0.158020933305355	1.54211333959791	2.1615553981549	1.8518343688764	0.18010202180306	1.49254117536505	2.187574154166	1.85337368562314	0.164164034192253	1.5314675428594	2.17527982838689
1.72754872462756	0.162678243153866	1.40869936804598	2.04639808120914	1.72372716985891	0.142506857148955	1.44441372984696	2.00304060987086	1.72372716985891	0.162678243153866	1.40350994892628	2.01323612010485	1.72456702657551	0.15578530569291	1.41911510146271	2.0300189516883
2.30250422194448	0.197329859351644	1.91573769761526	2.6892707462737	2.14028011687401	0.184455996907088	1.77874636293612	2.50181387081191	2.14028011687401	0.197329859351644	1.73655447530398	2.5414847031545	2.1382079094157	0.186029645006882	1.77338594294171	2.50302987588968
1.81650913788909	0.181240629615648	1.46127750384242	2.17174077193576	1.85595070665281	0.169844529899681	1.52305542804943	2.18884598525619	1.85595070665281	0.181240629615648	1.50981969683596	2.19501690757107	1.85754909424896	0.165583574640503	1.5328597037559	2.18223848474202
2.25447048994038	0.16395174499394	1.93312506975225	2.5758159101285	2.24538667752367	0.16013453123906	1.93152299629511	2.55925035875222	2.24538667752367	0.16395174499394	1.91127272390754	2.56288751212898	2.24540897096308	0.150776823192424	1.94978297384866	2.5410349680775
1.77954218015716	0.177410250840585	1.43181808850961	2.12726627180471	1.8167952998003	0.157150776897414	1.50877977708137	2.12481082251923	1.8167952998003	0.177410250840585	1.4256953552547	2.13910600434221	1.81583347928569	0.157772996464488	1.50644818841364	2.12521877015774
NA	NA	NA	NA	NA	NA	NA	NA	NA	NA	NA	NA	NA	NA	NA	NA
NA	NA	NA	NA	NA	NA	NA	NA	NA	NA	NA	NA	NA	NA	NA	NA
NA	NA	NA	NA	NA	NA	NA	NA	NA	NA	NA	NA	NA	NA	NA	NA
NA	NA	NA	NA	NA	NA	NA	NA	NA	NA	NA	NA	NA	NA	NA	NA
NA	NA	NA	NA	NA	NA	NA	NA	NA	NA	NA	NA	NA	NA	NA	NA
NA	NA	NA	NA	NA	NA	NA	NA	NA	NA	NA	NA	NA	NA	NA	NA
NA	NA	NA	NA	NA	NA	NA	NA	NA	NA	NA	NA	NA	NA	NA	NA
NA	NA	NA	NA	NA	NA	NA	NA	NA	NA	NA	NA	NA	NA	NA	NA
NA	NA	NA	NA	NA	NA	NA	NA	NA	NA	NA	NA	NA	NA	NA	NA
NA	NA	NA	NA	NA	NA	NA	NA	NA	NA	NA	NA	NA	NA	NA	NA
NA	NA	NA	NA	NA	NA	NA	NA	NA	NA	NA	NA	NA	NA	NA	NA
NA	NA	NA	NA	NA	NA	NA	NA	NA	NA	NA	NA	NA	NA	NA	NA
NA	NA	NA	NA	NA	NA	NA	NA	NA	NA	NA	NA	NA	NA	NA	NA
NA	NA	NA	NA	NA	NA	NA	NA	NA	NA	NA	NA	NA	NA	NA	NA
NA	NA	NA	NA	NA	NA	NA	NA	NA	NA	NA	NA	NA	NA	NA	NA
NA	NA	NA	NA	NA	NA	NA	NA	NA	NA	NA	NA	NA	NA	NA	NA
NA	NA	NA	NA	NA	NA	NA	NA	NA	NA	NA	NA	NA	NA	NA	NA
NA	NA	NA	NA	NA	NA	NA	NA	NA	NA	NA	NA	NA	NA	NA	NA
NA	NA	NA	NA	NA	NA	NA	NA	NA	NA	NA	NA	NA	NA	NA	NA
NA	NA	NA	NA	NA	NA	NA	NA	NA	NA	NA	NA	NA	NA	NA	NA
NA	NA	NA	NA	NA	NA	NA	NA	NA	NA	NA	NA	NA	NA	NA	NA
NA	NA	NA	NA	NA	NA	NA	NA	NA	NA	NA	NA	NA	NA	NA	NA
NA	NA	NA	NA	NA	NA	NA	NA	NA	NA	NA	NA	NA	NA	NA	NA
NA	NA	NA	NA	NA	NA	NA	NA	NA	NA	NA	NA	NA	NA	NA	NA
NA	NA	NA	NA	NA	NA	NA	NA	NA	NA	NA	NA	NA	NA	NA	NA
NA	NA	NA	NA	NA	NA	NA	NA	NA	NA	NA	NA	NA	NA	NA	NA
NA	NA	NA	NA	NA	NA	NA	NA	NA	NA	NA	NA	NA	NA	NA	NA
NA	NA	NA	NA	NA	NA	NA	NA	NA	NA	NA	NA	NA	NA	NA	NA
NA	NA	NA	NA	NA	NA	NA	NA	NA	NA	NA	NA	NA	NA	NA	NA
NA	NA	NA	NA	NA	NA	NA	NA	NA	NA	NA	NA	NA	NA	NA	NA
NA	NA	NA	NA	NA	NA	NA	NA	NA	NA	NA	NA	NA	NA	NA	NA
NA	NA	NA	NA	NA	NA	NA	NA	NA	NA	NA	NA	NA	NA	NA	NA
NA	NA	NA	NA	NA	NA	NA	NA	NA	NA	NA	NA	NA	NA	NA	NA
NA	NA	NA	NA	NA	NA	NA	NA	NA	NA	NA	NA	NA	NA	NA	NA
NA	NA	NA	NA	NA	NA	NA	NA	NA	NA	NA	NA	NA	NA	NA	NA
NA	NA	NA	NA	NA	NA	NA	NA	NA	NA	NA	NA	NA	NA	NA	NA
NA	NA	NA	NA	NA	NA	NA	NA	NA	NA	NA	NA	NA	NA	NA	NA
NA	NA	NA	NA	NA	NA	NA	NA	NA	NA	NA	NA	NA	NA	NA	NA
NA	NA	NA	NA	NA	NA	NA	NA	NA	NA	NA	NA	NA	NA	NA	NA
NA	NA	NA	NA	NA	NA	NA	NA	NA	NA	NA	NA	NA	NA	NA	NA
NA	NA	NA	NA	NA	NA	NA	NA	NA	NA	NA	NA	NA	NA	NA	NA
NA	NA	NA	NA	NA	NA	NA	NA	NA	NA	NA	NA	NA	NA	NA	NA
NA	NA	NA	NA	NA	NA	NA	NA	NA	NA	NA	NA	NA	NA	NA	NA
NA	NA	NA	NA	NA	NA	NA	NA	NA	NA	NA	NA	NA	NA	NA	NA
NA	NA	NA	NA	NA	NA	NA	NA	NA	NA	NA	NA	NA	NA	NA	NA
NA	NA	NA	NA	NA	NA	NA	NA	NA	NA	NA	NA	NA	NA	NA	NA
NA	NA	NA	NA	NA	NA	NA	NA	NA	NA	NA	NA	NA	NA	NA	NA
NA	NA	NA	NA	NA	NA	NA	NA	NA	NA	NA	NA	NA	NA	NA	NA
NA	NA	NA	NA	NA	NA	NA	NA	NA	NA	NA	NA	NA	NA	NA	NA
NA	NA	NA	NA	NA	NA	NA	NA	NA	NA	NA	NA	NA	NA	NA	NA
NA	NA	NA	NA	NA	NA	NA	NA	NA	NA	NA	NA	NA	NA	NA	NA
NA	NA	NA	NA	NA	NA	NA	NA	NA	NA	NA	NA	NA	NA	NA	NA
NA	NA	NA	NA	NA	NA	NA	NA	NA	NA	NA	NA	NA	NA	NA	NA
NA	NA	NA	NA	NA	NA	NA	NA	NA	NA	NA	NA	NA	NA	NA	NA
NA	NA	NA	NA	NA	NA	NA	NA	NA	NA	NA	NA	NA	NA	NA	NA
NA	NA	NA	NA	NA	NA	NA	NA	NA	NA	NA	NA	NA	NA	NA	NA
NA	NA	NA	NA	NA	NA	NA	NA	NA	NA	NA	NA	NA	NA	NA	NA
NA	NA	NA	NA	NA	NA	NA	NA	NA	NA	NA	NA	NA	NA	NA	NA
NA	NA	NA	NA	NA	NA	NA	NA	NA	NA	NA	NA	NA	NA	NA	NA
NA	NA	NA	NA	NA	NA	NA	NA	NA	NA	NA	NA	NA	NA	NA	NA
NA	NA	NA	NA	NA	NA	NA	NA	NA	NA	NA	NA	NA	NA	NA	NA
NA	NA	NA	NA	NA	NA	NA	NA	NA	NA	NA	NA	NA	NA	NA	NA
NA	NA	NA	NA	NA	NA	NA	NA	NA	NA	NA	NA	NA	NA	NA	NA
NA	NA	NA	NA	NA	NA	NA	NA	NA	NA	NA	NA	NA	NA	NA	NA
NA	NA	NA	NA	NA	NA	NA	NA	NA	NA	NA	NA	NA	NA	NA	NA
NA	NA	NA	NA	NA	NA	NA	NA	NA	NA	NA	NA	NA	NA	NA	NA
NA	NA	NA	NA	NA	NA	NA	NA	NA	NA	NA	NA	NA	NA	NA	NA
NA	NA	NA	NA	NA	NA	NA	NA	NA	NA	NA	NA	NA	NA	NA	NA
NA	NA	NA	NA	NA	NA	NA	NA	NA	NA	NA	NA	NA	NA	NA	NA
NA	NA	NA	NA	NA	NA	NA	NA	NA	NA	NA	NA	NA	NA	NA	NA
NA	NA	NA	NA	NA	NA	NA	NA	NA	NA	NA	NA	NA	NA	NA	NA
NA	NA	NA	NA	NA	NA	NA	NA	NA	NA	NA	NA	NA	NA	NA	NA
NA	NA	NA	NA	NA	NA	NA	NA	NA	NA	NA	NA	NA	NA	NA	NA
NA	NA	NA	NA	NA	NA	NA	NA	NA	NA	NA	NA	NA	NA	NA	NA
NA	NA	NA	NA	NA	NA	NA	NA	NA	NA	NA	NA	NA	NA	NA	NA
NA	NA	NA	NA	NA	NA	NA	NA	NA	NA	NA	NA	NA	NA	NA	NA
NA	NA	NA	NA	NA	NA	NA	NA	NA	NA	NA	NA	NA	NA	NA	NA
NA	NA	NA	NA	NA	NA	NA	NA	NA	NA	NA	NA	NA	NA	NA	NA
NA	NA	NA	NA	NA	NA	NA	NA	NA	NA	NA	NA	NA	NA	NA	NA
NA	NA	NA	NA	NA	NA	NA	NA	NA	NA	NA	NA	NA	NA	NA	NA
NA	NA	NA	NA	NA	NA	NA	NA	NA	NA	NA	NA	NA	NA	NA	NA
NA	NA	NA	NA	NA	NA	NA	NA	NA	NA	NA	NA	NA	NA	NA	NA
NA	NA	NA	NA	NA	NA	NA	NA	NA	NA	NA	NA	NA	NA	NA	NA
NA	NA	NA	NA	NA	NA	NA	NA	NA	NA	NA	NA	NA	NA	NA	NA
NA	NA	NA	NA	NA	NA	NA	NA	NA	NA	NA	NA	NA	NA	NA	NA
NA	NA	NA	NA	NA	NA	NA	NA	NA	NA	NA	NA	NA	NA	NA	NA
NA	NA	NA	NA	NA	NA	NA	NA	NA	NA	NA	NA	NA	NA	NA	NA
NA	NA	NA	NA	NA	NA	NA	NA	NA	NA	NA	NA	NA	NA	NA	NA
NA	NA	NA	NA	NA	NA	NA	NA	NA	NA	NA	NA	NA	NA	NA	NA
NA	NA	NA	NA	NA	NA	NA	NA	NA	NA	NA	NA	NA	NA	NA	NA
NA	NA	NA	NA	NA	NA	NA	NA	NA	NA	NA	NA	NA	NA	NA	NA
NA	NA	NA	NA	NA	NA	NA	NA	NA	NA	NA	NA	NA	NA	NA	NA
NA	NA	NA	NA	NA	NA	NA	NA	NA	NA	NA	NA	NA	NA	NA	NA
NA	NA	NA	NA	NA	NA	NA	NA	NA	NA	NA	NA	NA	NA	NA	NA
NA	NA	NA	NA	NA	NA	NA	NA	NA	NA	NA	NA	NA	NA	NA	NA
NA	NA	NA	NA	NA	NA	NA	NA	NA	NA	NA	NA	NA	NA	NA	NA
NA	NA	NA	NA	NA	NA	NA	NA	NA	NA	NA	NA	NA	NA	NA	NA
NA	NA	NA	NA	NA	NA	NA	NA	NA	NA	NA	NA	NA	NA	NA	NA
NA	NA	NA	NA	NA	NA	NA	NA	NA	NA	NA	NA	NA	NA	NA	NA
NA	NA	NA	NA	NA	NA	NA	NA	NA	NA	NA	NA	NA	NA	NA	NA
NA	NA	NA	NA	NA	NA	NA	NA	NA	NA	NA	NA	NA	NA	NA	NA
NA	NA	NA	NA	NA	NA	NA	NA	NA	NA	NA	NA	NA	NA	NA	NA
NA	NA	NA	NA	NA	NA	NA	NA	NA	NA	NA	NA	NA	NA	NA	NA
NA	NA	NA	NA	NA	NA	NA	NA	NA	NA	NA	NA	NA	NA	NA	NA
NA	NA	NA	NA	NA	NA	NA	NA	NA	NA	NA	NA	NA	NA	NA	NA
NA	NA	NA	NA	NA	NA	NA	NA	NA	NA	NA	NA	NA	NA	NA	NA
NA	NA	NA	NA	NA	NA	NA	NA	NA	NA	NA	NA	NA	NA	NA	NA
NA	NA	NA	NA	NA	NA	NA	NA	NA	NA	NA	NA	NA	NA	NA	NA
NA	NA	NA	NA	NA	NA	NA	NA	NA	NA	NA	NA	NA	NA	NA	NA
NA	NA	NA	NA	NA	NA	NA	NA	NA	NA	NA	NA	NA	NA	NA	NA
NA	NA	NA	NA	NA	NA	NA	NA	NA	NA	NA	NA	NA	NA	NA	NA
NA	NA	NA	NA	NA	NA	NA	NA	NA	NA	NA	NA	NA	NA	NA	NA
NA	NA	NA	NA	NA	NA	NA	NA	NA	NA	NA	NA	NA	NA	NA	NA
NA	NA	NA	NA	NA	NA	NA	NA	NA	NA	NA	NA	NA	NA	NA	NA
NA	NA	NA	NA	NA	NA	NA	NA	NA	NA	NA	NA	NA	NA	NA	NA
NA	NA	NA	NA	NA	NA	NA	NA	NA	NA	NA	NA	NA	NA	NA	NA
NA	NA	NA	NA	NA	NA	NA	NA	NA	NA	NA	NA	NA	NA	NA	NA
NA	NA	NA	NA	NA	NA	NA	NA	NA	NA	NA	NA	NA	NA	NA	NA
NA	NA	NA	NA	NA	NA	NA	NA	NA	NA	NA	NA	NA	NA	NA	NA
NA	NA	NA	NA	NA	NA	NA	NA	NA	NA	NA	NA	NA	NA	NA	NA
NA	NA	NA	NA	NA	NA	NA	NA	NA	NA	NA	NA	NA	NA	NA	NA
NA	NA	NA	NA	NA	NA	NA	NA	NA	NA	NA	NA	NA	NA	NA	NA
NA	NA	NA	NA	NA	NA	NA	NA	NA	NA	NA	NA	NA	NA	NA	NA
NA	NA	NA	NA	NA	NA	NA	NA	NA	NA	NA	NA	NA	NA	NA	NA
NA	NA	NA	NA	NA	NA	NA	NA	NA	NA	NA	NA	NA	NA	NA	NA
NA	NA	NA	NA	NA	NA	NA	NA	NA	NA	NA	NA	NA	NA	NA	NA
NA	NA	NA	NA	NA	NA	NA	NA	NA	NA	NA	NA	NA	NA	NA	NA
NA	NA	NA	NA	NA	NA	NA	NA	NA	NA	NA	NA	NA	NA	NA	NA
NA	NA	NA	NA	NA	NA	NA	NA	NA	NA	NA	NA	NA	NA	NA	NA
NA	NA	NA	NA	NA	NA	NA	NA	NA	NA	NA	NA	NA	NA	NA	NA
NA	NA	NA	NA	NA	NA	NA	NA	NA	NA	NA	NA	NA	NA	NA	NA
NA	NA	NA	NA	NA	NA	NA	NA	NA	NA	NA	NA	NA	NA	NA	NA
NA	NA	NA	NA	NA	NA	NA	NA	NA	NA	NA	NA	NA	NA	NA	NA
NA	NA	NA	NA	NA	NA	NA	NA	NA	NA	NA	NA	NA	NA	NA	NA
NA	NA	NA	NA	NA	NA	NA	NA	NA	NA	NA	NA	NA	NA	NA	NA
NA	NA	NA	NA	NA	NA	NA	NA	NA	NA	NA	NA	NA	NA	NA	NA
NA	NA	NA	NA	NA	NA	NA	NA	NA	NA	NA	NA	NA	NA	NA	NA
NA	NA	NA	NA	NA	NA	NA	NA	NA	NA	NA	NA	NA	NA	NA	NA
NA	NA	NA	NA	NA	NA	NA	NA	NA	NA	NA	NA	NA	NA	NA	NA
NA	NA	NA	NA	NA	NA	NA	NA	NA	NA	NA	NA	NA	NA	NA	NA
NA	NA	NA	NA	NA	NA	NA	NA	NA	NA	NA	NA	NA	NA	NA	NA
NA	NA	NA	NA	NA	NA	NA	NA	NA	NA	NA	NA	NA	NA	NA	NA
NA	NA	NA	NA	NA	NA	NA	NA	NA	NA	NA	NA	NA	NA	NA	NA
NA	NA	NA	NA	NA	NA	NA	NA	NA	NA	NA	NA	NA	NA	NA	NA
NA	NA	NA	NA	NA	NA	NA	NA	NA	NA	NA	NA	NA	NA	NA	NA
NA	NA	NA	NA	NA	NA	NA	NA	NA	NA	NA	NA	NA	NA	NA	NA
NA	NA	NA	NA	NA	NA	NA	NA	NA	NA	NA	NA	NA	NA	NA	NA
NA	NA	NA	NA	NA	NA	NA	NA	NA	NA	NA	NA	NA	NA	NA	NA
NA	NA	NA	NA	NA	NA	NA	NA	NA	NA	NA	NA	NA	NA	NA	NA
NA	NA	NA	NA	NA	NA	NA	NA	NA	NA	NA	NA	NA	NA	NA	NA
NA	NA	NA	NA	NA	NA	NA	NA	NA	NA	NA	NA	NA	NA	NA	NA
NA	NA	NA	NA	NA	NA	NA	NA	NA	NA	NA	NA	NA	NA	NA	NA
NA	NA	NA	NA	NA	NA	NA	NA	NA	NA	NA	NA	NA	NA	NA	NA
NA	NA	NA	NA	NA	NA	NA	NA	NA	NA	NA	NA	NA	NA	NA	NA
NA	NA	NA	NA	NA	NA	NA	NA	NA	NA	NA	NA	NA	NA	NA	NA
NA	NA	NA	NA	NA	NA	NA	NA	NA	NA	NA	NA	NA	NA	NA	NA
NA	NA	NA	NA	NA	NA	NA	NA	NA	NA	NA	NA	NA	NA	NA	NA
NA	NA	NA	NA	NA	NA	NA	NA	NA	NA	NA	NA	NA	NA	NA	NA
NA	NA	NA	NA	NA	NA	NA	NA	NA	NA	NA	NA	NA	NA	NA	NA
NA	NA	NA	NA	NA	NA	NA	NA	NA	NA	NA	NA	NA	NA	NA	NA
NA	NA	NA	NA	NA	NA	NA	NA	NA	NA	NA	NA	NA	NA	NA	NA
NA	NA	NA	NA	NA	NA	NA	NA	NA	NA	NA	NA	NA	NA	NA	NA
NA	NA	NA	NA	NA	NA	NA	NA	NA	NA	NA	NA	NA	NA	NA	NA
NA	NA	NA	NA	NA	NA	NA	NA	NA	NA	NA	NA	NA	NA	NA	NA
NA	NA	NA	NA	NA	NA	NA	NA	NA	NA	NA	NA	NA	NA	NA	NA
NA	NA	NA	NA	NA	NA	NA	NA	NA	NA	NA	NA	NA	NA	NA	NA
NA	NA	NA	NA	NA	NA	NA	NA	NA	NA	NA	NA	NA	NA	NA	NA
NA	NA	NA	NA	NA	NA	NA	NA	NA	NA	NA	NA	NA	NA	NA	NA
NA	NA	NA	NA	NA	NA	NA	NA	NA	NA	NA	NA	NA	NA	NA	NA
NA	NA	NA	NA	NA	NA	NA	NA	NA	NA	NA	NA	NA	NA	NA	NA
NA	NA	NA	NA	NA	NA	NA	NA	NA	NA	NA	NA	NA	NA	NA	NA
NA	NA	NA	NA	NA	NA	NA	NA	NA	NA	NA	NA	NA	NA	NA	NA
NA	NA	NA	NA	NA	NA	NA	NA	NA	NA	NA	NA	NA	NA	NA	NA
NA	NA	NA	NA	NA	NA	NA	NA	NA	NA	NA	NA	NA	NA	NA	NA
NA	NA	NA	NA	NA	NA	NA	NA	NA	NA	NA	NA	NA	NA	NA	NA
NA	NA	NA	NA	NA	NA	NA	NA	NA	NA	NA	NA	NA	NA	NA	NA
NA	NA	NA	NA	NA	NA	NA	NA	NA	NA	NA	NA	NA	NA	NA	NA
NA	NA	NA	NA	NA	NA	NA	NA	NA	NA	NA	NA	NA	NA	NA	NA
NA	NA	NA	NA	NA	NA	NA	NA	NA	NA	NA	NA	NA	NA	NA	NA
NA	NA	NA	NA	NA	NA	NA	NA	NA	NA	NA	NA	NA	NA	NA	NA
NA	NA	NA	NA	NA	NA	NA	NA	NA	NA	NA	NA	NA	NA	NA	NA
NA	NA	NA	NA	NA	NA	NA	NA	NA	NA	NA	NA	NA	NA	NA	NA
NA	NA	NA	NA	NA	NA	NA	NA	NA	NA	NA	NA	NA	NA	NA	NA
NA	NA	NA	NA	NA	NA	NA	NA	NA	NA	NA	NA	NA	NA	NA	NA
NA	NA	NA	NA	NA	NA	NA	NA	NA	NA	NA	NA	NA	NA	NA	NA
NA	NA	NA	NA	NA	NA	NA	NA	NA	NA	NA	NA	NA	NA	NA	NA
NA	NA	NA	NA	NA	NA	NA	NA	NA	NA	NA	NA	NA	NA	NA	NA
NA	NA	NA	NA	NA	NA	NA	NA	NA	NA	NA	NA	NA	NA	NA	NA
NA	NA	NA	NA	NA	NA	NA	NA	NA	NA	NA	NA	NA	NA	NA	NA
NA	NA	NA	NA	NA	NA	NA	NA	NA	NA	NA	NA	NA	NA	NA	NA
NA	NA	NA	NA	NA	NA	NA	NA	NA	NA	NA	NA	NA	NA	NA	NA
NA	NA	NA	NA	NA	NA	NA	NA	NA	NA	NA	NA	NA	NA	NA	NA
NA	NA	NA	NA	NA	NA	NA	NA	NA	NA	NA	NA	NA	NA	NA	NA
NA	NA	NA	NA	NA	NA	NA	NA	NA	NA	NA	NA	NA	NA	NA	NA
NA	NA	NA	NA	NA	NA	NA	NA	NA	NA	NA	NA	NA	NA	NA	NA
NA	NA	NA	NA	NA	NA	NA	NA	NA	NA	NA	NA	NA	NA	NA	NA
NA	NA	NA	NA	NA	NA	NA	NA	NA	NA	NA	NA	NA	NA	NA	NA
NA	NA	NA	NA	NA	NA	NA	NA	NA	NA	NA	NA	NA	NA	NA	NA
NA	NA	NA	NA	NA	NA	NA	NA	NA	NA	NA	NA	NA	NA	NA	NA
NA	NA	NA	NA	NA	NA	NA	NA	NA	NA	NA	NA	NA	NA	NA	NA
