X1	X2	X3	X4	X1.1	X2.1	X3.1	X4.1	X1.2	X2.2	X3.2	X4.2	X1.3	X2.3	X3.3	X4.3
NA	NA	NA	NA	NA	NA	NA	NA	NA	NA	NA	NA	NA	NA	NA	NA
NA	NA	NA	NA	NA	NA	NA	NA	NA	NA	NA	NA	NA	NA	NA	NA
NA	NA	NA	NA	NA	NA	NA	NA	NA	NA	NA	NA	NA	NA	NA	NA
NA	NA	NA	NA	NA	NA	NA	NA	NA	NA	NA	NA	NA	NA	NA	NA
NA	NA	NA	NA	NA	NA	NA	NA	NA	NA	NA	NA	NA	NA	NA	NA
NA	NA	NA	NA	NA	NA	NA	NA	NA	NA	NA	NA	NA	NA	NA	NA
NA	NA	NA	NA	NA	NA	NA	NA	NA	NA	NA	NA	NA	NA	NA	NA
NA	NA	NA	NA	NA	NA	NA	NA	NA	NA	NA	NA	NA	NA	NA	NA
NA	NA	NA	NA	NA	NA	NA	NA	NA	NA	NA	NA	NA	NA	NA	NA
NA	NA	NA	NA	NA	NA	NA	NA	NA	NA	NA	NA	NA	NA	NA	NA
NA	NA	NA	NA	NA	NA	NA	NA	NA	NA	NA	NA	NA	NA	NA	NA
NA	NA	NA	NA	NA	NA	NA	NA	NA	NA	NA	NA	NA	NA	NA	NA
NA	NA	NA	NA	NA	NA	NA	NA	NA	NA	NA	NA	NA	NA	NA	NA
NA	NA	NA	NA	NA	NA	NA	NA	NA	NA	NA	NA	NA	NA	NA	NA
NA	NA	NA	NA	NA	NA	NA	NA	NA	NA	NA	NA	NA	NA	NA	NA
NA	NA	NA	NA	NA	NA	NA	NA	NA	NA	NA	NA	NA	NA	NA	NA
NA	NA	NA	NA	NA	NA	NA	NA	NA	NA	NA	NA	NA	NA	NA	NA
NA	NA	NA	NA	NA	NA	NA	NA	NA	NA	NA	NA	NA	NA	NA	NA
NA	NA	NA	NA	NA	NA	NA	NA	NA	NA	NA	NA	NA	NA	NA	NA
NA	NA	NA	NA	NA	NA	NA	NA	NA	NA	NA	NA	NA	NA	NA	NA
NA	NA	NA	NA	NA	NA	NA	NA	NA	NA	NA	NA	NA	NA	NA	NA
NA	NA	NA	NA	NA	NA	NA	NA	NA	NA	NA	NA	NA	NA	NA	NA
NA	NA	NA	NA	NA	NA	NA	NA	NA	NA	NA	NA	NA	NA	NA	NA
NA	NA	NA	NA	NA	NA	NA	NA	NA	NA	NA	NA	NA	NA	NA	NA
NA	NA	NA	NA	NA	NA	NA	NA	NA	NA	NA	NA	NA	NA	NA	NA
NA	NA	NA	NA	NA	NA	NA	NA	NA	NA	NA	NA	NA	NA	NA	NA
NA	NA	NA	NA	NA	NA	NA	NA	NA	NA	NA	NA	NA	NA	NA	NA
NA	NA	NA	NA	NA	NA	NA	NA	NA	NA	NA	NA	NA	NA	NA	NA
NA	NA	NA	NA	NA	NA	NA	NA	NA	NA	NA	NA	NA	NA	NA	NA
NA	NA	NA	NA	NA	NA	NA	NA	NA	NA	NA	NA	NA	NA	NA	NA
NA	NA	NA	NA	NA	NA	NA	NA	NA	NA	NA	NA	NA	NA	NA	NA
NA	NA	NA	NA	NA	NA	NA	NA	NA	NA	NA	NA	NA	NA	NA	NA
NA	NA	NA	NA	NA	NA	NA	NA	NA	NA	NA	NA	NA	NA	NA	NA
NA	NA	NA	NA	NA	NA	NA	NA	NA	NA	NA	NA	NA	NA	NA	NA
NA	NA	NA	NA	NA	NA	NA	NA	NA	NA	NA	NA	NA	NA	NA	NA
NA	NA	NA	NA	NA	NA	NA	NA	NA	NA	NA	NA	NA	NA	NA	NA
NA	NA	NA	NA	NA	NA	NA	NA	NA	NA	NA	NA	NA	NA	NA	NA
NA	NA	NA	NA	NA	NA	NA	NA	NA	NA	NA	NA	NA	NA	NA	NA
NA	NA	NA	NA	NA	NA	NA	NA	NA	NA	NA	NA	NA	NA	NA	NA
NA	NA	NA	NA	NA	NA	NA	NA	NA	NA	NA	NA	NA	NA	NA	NA
NA	NA	NA	NA	NA	NA	NA	NA	NA	NA	NA	NA	NA	NA	NA	NA
NA	NA	NA	NA	NA	NA	NA	NA	NA	NA	NA	NA	NA	NA	NA	NA
NA	NA	NA	NA	NA	NA	NA	NA	NA	NA	NA	NA	NA	NA	NA	NA
NA	NA	NA	NA	NA	NA	NA	NA	NA	NA	NA	NA	NA	NA	NA	NA
NA	NA	NA	NA	NA	NA	NA	NA	NA	NA	NA	NA	NA	NA	NA	NA
NA	NA	NA	NA	NA	NA	NA	NA	NA	NA	NA	NA	NA	NA	NA	NA
NA	NA	NA	NA	NA	NA	NA	NA	NA	NA	NA	NA	NA	NA	NA	NA
NA	NA	NA	NA	NA	NA	NA	NA	NA	NA	NA	NA	NA	NA	NA	NA
NA	NA	NA	NA	NA	NA	NA	NA	NA	NA	NA	NA	NA	NA	NA	NA
NA	NA	NA	NA	NA	NA	NA	NA	NA	NA	NA	NA	NA	NA	NA	NA
NA	NA	NA	NA	NA	NA	NA	NA	NA	NA	NA	NA	NA	NA	NA	NA
NA	NA	NA	NA	NA	NA	NA	NA	NA	NA	NA	NA	NA	NA	NA	NA
NA	NA	NA	NA	NA	NA	NA	NA	NA	NA	NA	NA	NA	NA	NA	NA
NA	NA	NA	NA	NA	NA	NA	NA	NA	NA	NA	NA	NA	NA	NA	NA
NA	NA	NA	NA	NA	NA	NA	NA	NA	NA	NA	NA	NA	NA	NA	NA
NA	NA	NA	NA	NA	NA	NA	NA	NA	NA	NA	NA	NA	NA	NA	NA
NA	NA	NA	NA	NA	NA	NA	NA	NA	NA	NA	NA	NA	NA	NA	NA
NA	NA	NA	NA	NA	NA	NA	NA	NA	NA	NA	NA	NA	NA	NA	NA
NA	NA	NA	NA	NA	NA	NA	NA	NA	NA	NA	NA	NA	NA	NA	NA
NA	NA	NA	NA	NA	NA	NA	NA	NA	NA	NA	NA	NA	NA	NA	NA
NA	NA	NA	NA	NA	NA	NA	NA	NA	NA	NA	NA	NA	NA	NA	NA
NA	NA	NA	NA	NA	NA	NA	NA	NA	NA	NA	NA	NA	NA	NA	NA
NA	NA	NA	NA	NA	NA	NA	NA	NA	NA	NA	NA	NA	NA	NA	NA
NA	NA	NA	NA	NA	NA	NA	NA	NA	NA	NA	NA	NA	NA	NA	NA
NA	NA	NA	NA	NA	NA	NA	NA	NA	NA	NA	NA	NA	NA	NA	NA
NA	NA	NA	NA	NA	NA	NA	NA	NA	NA	NA	NA	NA	NA	NA	NA
NA	NA	NA	NA	NA	NA	NA	NA	NA	NA	NA	NA	NA	NA	NA	NA
NA	NA	NA	NA	NA	NA	NA	NA	NA	NA	NA	NA	NA	NA	NA	NA
NA	NA	NA	NA	NA	NA	NA	NA	NA	NA	NA	NA	NA	NA	NA	NA
NA	NA	NA	NA	NA	NA	NA	NA	NA	NA	NA	NA	NA	NA	NA	NA
NA	NA	NA	NA	NA	NA	NA	NA	NA	NA	NA	NA	NA	NA	NA	NA
NA	NA	NA	NA	NA	NA	NA	NA	NA	NA	NA	NA	NA	NA	NA	NA
NA	NA	NA	NA	NA	NA	NA	NA	NA	NA	NA	NA	NA	NA	NA	NA
NA	NA	NA	NA	NA	NA	NA	NA	NA	NA	NA	NA	NA	NA	NA	NA
NA	NA	NA	NA	NA	NA	NA	NA	NA	NA	NA	NA	NA	NA	NA	NA
NA	NA	NA	NA	NA	NA	NA	NA	NA	NA	NA	NA	NA	NA	NA	NA
NA	NA	NA	NA	NA	NA	NA	NA	NA	NA	NA	NA	NA	NA	NA	NA
NA	NA	NA	NA	NA	NA	NA	NA	NA	NA	NA	NA	NA	NA	NA	NA
NA	NA	NA	NA	NA	NA	NA	NA	NA	NA	NA	NA	NA	NA	NA	NA
NA	NA	NA	NA	NA	NA	NA	NA	NA	NA	NA	NA	NA	NA	NA	NA
NA	NA	NA	NA	NA	NA	NA	NA	NA	NA	NA	NA	NA	NA	NA	NA
NA	NA	NA	NA	NA	NA	NA	NA	NA	NA	NA	NA	NA	NA	NA	NA
NA	NA	NA	NA	NA	NA	NA	NA	NA	NA	NA	NA	NA	NA	NA	NA
NA	NA	NA	NA	NA	NA	NA	NA	NA	NA	NA	NA	NA	NA	NA	NA
NA	NA	NA	NA	NA	NA	NA	NA	NA	NA	NA	NA	NA	NA	NA	NA
NA	NA	NA	NA	NA	NA	NA	NA	NA	NA	NA	NA	NA	NA	NA	NA
NA	NA	NA	NA	NA	NA	NA	NA	NA	NA	NA	NA	NA	NA	NA	NA
NA	NA	NA	NA	NA	NA	NA	NA	NA	NA	NA	NA	NA	NA	NA	NA
NA	NA	NA	NA	NA	NA	NA	NA	NA	NA	NA	NA	NA	NA	NA	NA
NA	NA	NA	NA	NA	NA	NA	NA	NA	NA	NA	NA	NA	NA	NA	NA
NA	NA	NA	NA	NA	NA	NA	NA	NA	NA	NA	NA	NA	NA	NA	NA
NA	NA	NA	NA	NA	NA	NA	NA	NA	NA	NA	NA	NA	NA	NA	NA
NA	NA	NA	NA	NA	NA	NA	NA	NA	NA	NA	NA	NA	NA	NA	NA
NA	NA	NA	NA	NA	NA	NA	NA	NA	NA	NA	NA	NA	NA	NA	NA
NA	NA	NA	NA	NA	NA	NA	NA	NA	NA	NA	NA	NA	NA	NA	NA
NA	NA	NA	NA	NA	NA	NA	NA	NA	NA	NA	NA	NA	NA	NA	NA
NA	NA	NA	NA	NA	NA	NA	NA	NA	NA	NA	NA	NA	NA	NA	NA
NA	NA	NA	NA	NA	NA	NA	NA	NA	NA	NA	NA	NA	NA	NA	NA
NA	NA	NA	NA	NA	NA	NA	NA	NA	NA	NA	NA	NA	NA	NA	NA
NA	NA	NA	NA	NA	NA	NA	NA	NA	NA	NA	NA	NA	NA	NA	NA
NA	NA	NA	NA	NA	NA	NA	NA	NA	NA	NA	NA	NA	NA	NA	NA
NA	NA	NA	NA	NA	NA	NA	NA	NA	NA	NA	NA	NA	NA	NA	NA
NA	NA	NA	NA	NA	NA	NA	NA	NA	NA	NA	NA	NA	NA	NA	NA
NA	NA	NA	NA	NA	NA	NA	NA	NA	NA	NA	NA	NA	NA	NA	NA
NA	NA	NA	NA	NA	NA	NA	NA	NA	NA	NA	NA	NA	NA	NA	NA
NA	NA	NA	NA	NA	NA	NA	NA	NA	NA	NA	NA	NA	NA	NA	NA
NA	NA	NA	NA	NA	NA	NA	NA	NA	NA	NA	NA	NA	NA	NA	NA
NA	NA	NA	NA	NA	NA	NA	NA	NA	NA	NA	NA	NA	NA	NA	NA
NA	NA	NA	NA	NA	NA	NA	NA	NA	NA	NA	NA	NA	NA	NA	NA
NA	NA	NA	NA	NA	NA	NA	NA	NA	NA	NA	NA	NA	NA	NA	NA
NA	NA	NA	NA	NA	NA	NA	NA	NA	NA	NA	NA	NA	NA	NA	NA
NA	NA	NA	NA	NA	NA	NA	NA	NA	NA	NA	NA	NA	NA	NA	NA
NA	NA	NA	NA	NA	NA	NA	NA	NA	NA	NA	NA	NA	NA	NA	NA
NA	NA	NA	NA	NA	NA	NA	NA	NA	NA	NA	NA	NA	NA	NA	NA
NA	NA	NA	NA	NA	NA	NA	NA	NA	NA	NA	NA	NA	NA	NA	NA
NA	NA	NA	NA	NA	NA	NA	NA	NA	NA	NA	NA	NA	NA	NA	NA
NA	NA	NA	NA	NA	NA	NA	NA	NA	NA	NA	NA	NA	NA	NA	NA
NA	NA	NA	NA	NA	NA	NA	NA	NA	NA	NA	NA	NA	NA	NA	NA
NA	NA	NA	NA	NA	NA	NA	NA	NA	NA	NA	NA	NA	NA	NA	NA
NA	NA	NA	NA	NA	NA	NA	NA	NA	NA	NA	NA	NA	NA	NA	NA
NA	NA	NA	NA	NA	NA	NA	NA	NA	NA	NA	NA	NA	NA	NA	NA
NA	NA	NA	NA	NA	NA	NA	NA	NA	NA	NA	NA	NA	NA	NA	NA
NA	NA	NA	NA	NA	NA	NA	NA	NA	NA	NA	NA	NA	NA	NA	NA
NA	NA	NA	NA	NA	NA	NA	NA	NA	NA	NA	NA	NA	NA	NA	NA
NA	NA	NA	NA	NA	NA	NA	NA	NA	NA	NA	NA	NA	NA	NA	NA
NA	NA	NA	NA	NA	NA	NA	NA	NA	NA	NA	NA	NA	NA	NA	NA
NA	NA	NA	NA	NA	NA	NA	NA	NA	NA	NA	NA	NA	NA	NA	NA
NA	NA	NA	NA	NA	NA	NA	NA	NA	NA	NA	NA	NA	NA	NA	NA
NA	NA	NA	NA	NA	NA	NA	NA	NA	NA	NA	NA	NA	NA	NA	NA
NA	NA	NA	NA	NA	NA	NA	NA	NA	NA	NA	NA	NA	NA	NA	NA
NA	NA	NA	NA	NA	NA	NA	NA	NA	NA	NA	NA	NA	NA	NA	NA
NA	NA	NA	NA	NA	NA	NA	NA	NA	NA	NA	NA	NA	NA	NA	NA
NA	NA	NA	NA	NA	NA	NA	NA	NA	NA	NA	NA	NA	NA	NA	NA
NA	NA	NA	NA	NA	NA	NA	NA	NA	NA	NA	NA	NA	NA	NA	NA
NA	NA	NA	NA	NA	NA	NA	NA	NA	NA	NA	NA	NA	NA	NA	NA
NA	NA	NA	NA	NA	NA	NA	NA	NA	NA	NA	NA	NA	NA	NA	NA
NA	NA	NA	NA	NA	NA	NA	NA	NA	NA	NA	NA	NA	NA	NA	NA
NA	NA	NA	NA	NA	NA	NA	NA	NA	NA	NA	NA	NA	NA	NA	NA
NA	NA	NA	NA	NA	NA	NA	NA	NA	NA	NA	NA	NA	NA	NA	NA
NA	NA	NA	NA	NA	NA	NA	NA	NA	NA	NA	NA	NA	NA	NA	NA
NA	NA	NA	NA	NA	NA	NA	NA	NA	NA	NA	NA	NA	NA	NA	NA
NA	NA	NA	NA	NA	NA	NA	NA	NA	NA	NA	NA	NA	NA	NA	NA
NA	NA	NA	NA	NA	NA	NA	NA	NA	NA	NA	NA	NA	NA	NA	NA
NA	NA	NA	NA	NA	NA	NA	NA	NA	NA	NA	NA	NA	NA	NA	NA
NA	NA	NA	NA	NA	NA	NA	NA	NA	NA	NA	NA	NA	NA	NA	NA
NA	NA	NA	NA	NA	NA	NA	NA	NA	NA	NA	NA	NA	NA	NA	NA
NA	NA	NA	NA	NA	NA	NA	NA	NA	NA	NA	NA	NA	NA	NA	NA
NA	NA	NA	NA	NA	NA	NA	NA	NA	NA	NA	NA	NA	NA	NA	NA
NA	NA	NA	NA	NA	NA	NA	NA	NA	NA	NA	NA	NA	NA	NA	NA
NA	NA	NA	NA	NA	NA	NA	NA	NA	NA	NA	NA	NA	NA	NA	NA
NA	NA	NA	NA	NA	NA	NA	NA	NA	NA	NA	NA	NA	NA	NA	NA
NA	NA	NA	NA	NA	NA	NA	NA	NA	NA	NA	NA	NA	NA	NA	NA
NA	NA	NA	NA	NA	NA	NA	NA	NA	NA	NA	NA	NA	NA	NA	NA
NA	NA	NA	NA	NA	NA	NA	NA	NA	NA	NA	NA	NA	NA	NA	NA
NA	NA	NA	NA	NA	NA	NA	NA	NA	NA	NA	NA	NA	NA	NA	NA
NA	NA	NA	NA	NA	NA	NA	NA	NA	NA	NA	NA	NA	NA	NA	NA
NA	NA	NA	NA	NA	NA	NA	NA	NA	NA	NA	NA	NA	NA	NA	NA
NA	NA	NA	NA	NA	NA	NA	NA	NA	NA	NA	NA	NA	NA	NA	NA
NA	NA	NA	NA	NA	NA	NA	NA	NA	NA	NA	NA	NA	NA	NA	NA
NA	NA	NA	NA	NA	NA	NA	NA	NA	NA	NA	NA	NA	NA	NA	NA
NA	NA	NA	NA	NA	NA	NA	NA	NA	NA	NA	NA	NA	NA	NA	NA
NA	NA	NA	NA	NA	NA	NA	NA	NA	NA	NA	NA	NA	NA	NA	NA
NA	NA	NA	NA	NA	NA	NA	NA	NA	NA	NA	NA	NA	NA	NA	NA
NA	NA	NA	NA	NA	NA	NA	NA	NA	NA	NA	NA	NA	NA	NA	NA
NA	NA	NA	NA	NA	NA	NA	NA	NA	NA	NA	NA	NA	NA	NA	NA
NA	NA	NA	NA	NA	NA	NA	NA	NA	NA	NA	NA	NA	NA	NA	NA
NA	NA	NA	NA	NA	NA	NA	NA	NA	NA	NA	NA	NA	NA	NA	NA
NA	NA	NA	NA	NA	NA	NA	NA	NA	NA	NA	NA	NA	NA	NA	NA
NA	NA	NA	NA	NA	NA	NA	NA	NA	NA	NA	NA	NA	NA	NA	NA
NA	NA	NA	NA	NA	NA	NA	NA	NA	NA	NA	NA	NA	NA	NA	NA
NA	NA	NA	NA	NA	NA	NA	NA	NA	NA	NA	NA	NA	NA	NA	NA
NA	NA	NA	NA	NA	NA	NA	NA	NA	NA	NA	NA	NA	NA	NA	NA
NA	NA	NA	NA	NA	NA	NA	NA	NA	NA	NA	NA	NA	NA	NA	NA
NA	NA	NA	NA	NA	NA	NA	NA	NA	NA	NA	NA	NA	NA	NA	NA
NA	NA	NA	NA	NA	NA	NA	NA	NA	NA	NA	NA	NA	NA	NA	NA
NA	NA	NA	NA	NA	NA	NA	NA	NA	NA	NA	NA	NA	NA	NA	NA
NA	NA	NA	NA	NA	NA	NA	NA	NA	NA	NA	NA	NA	NA	NA	NA
NA	NA	NA	NA	NA	NA	NA	NA	NA	NA	NA	NA	NA	NA	NA	NA
NA	NA	NA	NA	NA	NA	NA	NA	NA	NA	NA	NA	NA	NA	NA	NA
NA	NA	NA	NA	NA	NA	NA	NA	NA	NA	NA	NA	NA	NA	NA	NA
NA	NA	NA	NA	NA	NA	NA	NA	NA	NA	NA	NA	NA	NA	NA	NA
NA	NA	NA	NA	NA	NA	NA	NA	NA	NA	NA	NA	NA	NA	NA	NA
NA	NA	NA	NA	NA	NA	NA	NA	NA	NA	NA	NA	NA	NA	NA	NA
NA	NA	NA	NA	NA	NA	NA	NA	NA	NA	NA	NA	NA	NA	NA	NA
NA	NA	NA	NA	NA	NA	NA	NA	NA	NA	NA	NA	NA	NA	NA	NA
NA	NA	NA	NA	NA	NA	NA	NA	NA	NA	NA	NA	NA	NA	NA	NA
NA	NA	NA	NA	NA	NA	NA	NA	NA	NA	NA	NA	NA	NA	NA	NA
NA	NA	NA	NA	NA	NA	NA	NA	NA	NA	NA	NA	NA	NA	NA	NA
NA	NA	NA	NA	NA	NA	NA	NA	NA	NA	NA	NA	NA	NA	NA	NA
NA	NA	NA	NA	NA	NA	NA	NA	NA	NA	NA	NA	NA	NA	NA	NA
NA	NA	NA	NA	NA	NA	NA	NA	NA	NA	NA	NA	NA	NA	NA	NA
NA	NA	NA	NA	NA	NA	NA	NA	NA	NA	NA	NA	NA	NA	NA	NA
NA	NA	NA	NA	NA	NA	NA	NA	NA	NA	NA	NA	NA	NA	NA	NA
NA	NA	NA	NA	NA	NA	NA	NA	NA	NA	NA	NA	NA	NA	NA	NA
NA	NA	NA	NA	NA	NA	NA	NA	NA	NA	NA	NA	NA	NA	NA	NA
NA	NA	NA	NA	NA	NA	NA	NA	NA	NA	NA	NA	NA	NA	NA	NA
NA	NA	NA	NA	NA	NA	NA	NA	NA	NA	NA	NA	NA	NA	NA	NA
NA	NA	NA	NA	NA	NA	NA	NA	NA	NA	NA	NA	NA	NA	NA	NA
NA	NA	NA	NA	NA	NA	NA	NA	NA	NA	NA	NA	NA	NA	NA	NA
NA	NA	NA	NA	NA	NA	NA	NA	NA	NA	NA	NA	NA	NA	NA	NA
NA	NA	NA	NA	NA	NA	NA	NA	NA	NA	NA	NA	NA	NA	NA	NA
NA	NA	NA	NA	NA	NA	NA	NA	NA	NA	NA	NA	NA	NA	NA	NA
NA	NA	NA	NA	NA	NA	NA	NA	NA	NA	NA	NA	NA	NA	NA	NA
NA	NA	NA	NA	NA	NA	NA	NA	NA	NA	NA	NA	NA	NA	NA	NA
NA	NA	NA	NA	NA	NA	NA	NA	NA	NA	NA	NA	NA	NA	NA	NA
NA	NA	NA	NA	NA	NA	NA	NA	NA	NA	NA	NA	NA	NA	NA	NA
NA	NA	NA	NA	NA	NA	NA	NA	NA	NA	NA	NA	NA	NA	NA	NA
NA	NA	NA	NA	NA	NA	NA	NA	NA	NA	NA	NA	NA	NA	NA	NA
NA	NA	NA	NA	NA	NA	NA	NA	NA	NA	NA	NA	NA	NA	NA	NA
NA	NA	NA	NA	NA	NA	NA	NA	NA	NA	NA	NA	NA	NA	NA	NA
NA	NA	NA	NA	NA	NA	NA	NA	NA	NA	NA	NA	NA	NA	NA	NA
NA	NA	NA	NA	NA	NA	NA	NA	NA	NA	NA	NA	NA	NA	NA	NA
NA	NA	NA	NA	NA	NA	NA	NA	NA	NA	NA	NA	NA	NA	NA	NA
NA	NA	NA	NA	NA	NA	NA	NA	NA	NA	NA	NA	NA	NA	NA	NA
NA	NA	NA	NA	NA	NA	NA	NA	NA	NA	NA	NA	NA	NA	NA	NA
NA	NA	NA	NA	NA	NA	NA	NA	NA	NA	NA	NA	NA	NA	NA	NA
NA	NA	NA	NA	NA	NA	NA	NA	NA	NA	NA	NA	NA	NA	NA	NA
NA	NA	NA	NA	NA	NA	NA	NA	NA	NA	NA	NA	NA	NA	NA	NA
NA	NA	NA	NA	NA	NA	NA	NA	NA	NA	NA	NA	NA	NA	NA	NA
NA	NA	NA	NA	NA	NA	NA	NA	NA	NA	NA	NA	NA	NA	NA	NA
NA	NA	NA	NA	NA	NA	NA	NA	NA	NA	NA	NA	NA	NA	NA	NA
NA	NA	NA	NA	NA	NA	NA	NA	NA	NA	NA	NA	NA	NA	NA	NA
NA	NA	NA	NA	NA	NA	NA	NA	NA	NA	NA	NA	NA	NA	NA	NA
NA	NA	NA	NA	NA	NA	NA	NA	NA	NA	NA	NA	NA	NA	NA	NA
NA	NA	NA	NA	NA	NA	NA	NA	NA	NA	NA	NA	NA	NA	NA	NA
NA	NA	NA	NA	NA	NA	NA	NA	NA	NA	NA	NA	NA	NA	NA	NA
NA	NA	NA	NA	NA	NA	NA	NA	NA	NA	NA	NA	NA	NA	NA	NA
NA	NA	NA	NA	NA	NA	NA	NA	NA	NA	NA	NA	NA	NA	NA	NA
NA	NA	NA	NA	NA	NA	NA	NA	NA	NA	NA	NA	NA	NA	NA	NA
NA	NA	NA	NA	NA	NA	NA	NA	NA	NA	NA	NA	NA	NA	NA	NA
NA	NA	NA	NA	NA	NA	NA	NA	NA	NA	NA	NA	NA	NA	NA	NA
NA	NA	NA	NA	NA	NA	NA	NA	NA	NA	NA	NA	NA	NA	NA	NA
NA	NA	NA	NA	NA	NA	NA	NA	NA	NA	NA	NA	NA	NA	NA	NA
NA	NA	NA	NA	NA	NA	NA	NA	NA	NA	NA	NA	NA	NA	NA	NA
NA	NA	NA	NA	NA	NA	NA	NA	NA	NA	NA	NA	NA	NA	NA	NA
NA	NA	NA	NA	NA	NA	NA	NA	NA	NA	NA	NA	NA	NA	NA	NA
NA	NA	NA	NA	NA	NA	NA	NA	NA	NA	NA	NA	NA	NA	NA	NA
NA	NA	NA	NA	NA	NA	NA	NA	NA	NA	NA	NA	NA	NA	NA	NA
NA	NA	NA	NA	NA	NA	NA	NA	NA	NA	NA	NA	NA	NA	NA	NA
NA	NA	NA	NA	NA	NA	NA	NA	NA	NA	NA	NA	NA	NA	NA	NA
NA	NA	NA	NA	NA	NA	NA	NA	NA	NA	NA	NA	NA	NA	NA	NA
NA	NA	NA	NA	NA	NA	NA	NA	NA	NA	NA	NA	NA	NA	NA	NA
NA	NA	NA	NA	NA	NA	NA	NA	NA	NA	NA	NA	NA	NA	NA	NA
NA	NA	NA	NA	NA	NA	NA	NA	NA	NA	NA	NA	NA	NA	NA	NA
NA	NA	NA	NA	NA	NA	NA	NA	NA	NA	NA	NA	NA	NA	NA	NA
NA	NA	NA	NA	NA	NA	NA	NA	NA	NA	NA	NA	NA	NA	NA	NA
NA	NA	NA	NA	NA	NA	NA	NA	NA	NA	NA	NA	NA	NA	NA	NA
NA	NA	NA	NA	NA	NA	NA	NA	NA	NA	NA	NA	NA	NA	NA	NA
NA	NA	NA	NA	NA	NA	NA	NA	NA	NA	NA	NA	NA	NA	NA	NA
NA	NA	NA	NA	NA	NA	NA	NA	NA	NA	NA	NA	NA	NA	NA	NA
NA	NA	NA	NA	NA	NA	NA	NA	NA	NA	NA	NA	NA	NA	NA	NA
NA	NA	NA	NA	NA	NA	NA	NA	NA	NA	NA	NA	NA	NA	NA	NA
NA	NA	NA	NA	NA	NA	NA	NA	NA	NA	NA	NA	NA	NA	NA	NA
NA	NA	NA	NA	NA	NA	NA	NA	NA	NA	NA	NA	NA	NA	NA	NA
NA	NA	NA	NA	NA	NA	NA	NA	NA	NA	NA	NA	NA	NA	NA	NA
NA	NA	NA	NA	NA	NA	NA	NA	NA	NA	NA	NA	NA	NA	NA	NA
NA	NA	NA	NA	NA	NA	NA	NA	NA	NA	NA	NA	NA	NA	NA	NA
NA	NA	NA	NA	NA	NA	NA	NA	NA	NA	NA	NA	NA	NA	NA	NA
NA	NA	NA	NA	NA	NA	NA	NA	NA	NA	NA	NA	NA	NA	NA	NA
NA	NA	NA	NA	NA	NA	NA	NA	NA	NA	NA	NA	NA	NA	NA	NA
NA	NA	NA	NA	NA	NA	NA	NA	NA	NA	NA	NA	NA	NA	NA	NA
NA	NA	NA	NA	NA	NA	NA	NA	NA	NA	NA	NA	NA	NA	NA	NA
NA	NA	NA	NA	NA	NA	NA	NA	NA	NA	NA	NA	NA	NA	NA	NA
NA	NA	NA	NA	NA	NA	NA	NA	NA	NA	NA	NA	NA	NA	NA	NA
NA	NA	NA	NA	NA	NA	NA	NA	NA	NA	NA	NA	NA	NA	NA	NA
NA	NA	NA	NA	NA	NA	NA	NA	NA	NA	NA	NA	NA	NA	NA	NA
NA	NA	NA	NA	NA	NA	NA	NA	NA	NA	NA	NA	NA	NA	NA	NA
NA	NA	NA	NA	NA	NA	NA	NA	NA	NA	NA	NA	NA	NA	NA	NA
NA	NA	NA	NA	NA	NA	NA	NA	NA	NA	NA	NA	NA	NA	NA	NA
NA	NA	NA	NA	NA	NA	NA	NA	NA	NA	NA	NA	NA	NA	NA	NA
NA	NA	NA	NA	NA	NA	NA	NA	NA	NA	NA	NA	NA	NA	NA	NA
NA	NA	NA	NA	NA	NA	NA	NA	NA	NA	NA	NA	NA	NA	NA	NA
NA	NA	NA	NA	NA	NA	NA	NA	NA	NA	NA	NA	NA	NA	NA	NA
NA	NA	NA	NA	NA	NA	NA	NA	NA	NA	NA	NA	NA	NA	NA	NA
NA	NA	NA	NA	NA	NA	NA	NA	NA	NA	NA	NA	NA	NA	NA	NA
NA	NA	NA	NA	NA	NA	NA	NA	NA	NA	NA	NA	NA	NA	NA	NA
NA	NA	NA	NA	NA	NA	NA	NA	NA	NA	NA	NA	NA	NA	NA	NA
NA	NA	NA	NA	NA	NA	NA	NA	NA	NA	NA	NA	NA	NA	NA	NA
NA	NA	NA	NA	NA	NA	NA	NA	NA	NA	NA	NA	NA	NA	NA	NA
NA	NA	NA	NA	NA	NA	NA	NA	NA	NA	NA	NA	NA	NA	NA	NA
NA	NA	NA	NA	NA	NA	NA	NA	NA	NA	NA	NA	NA	NA	NA	NA
NA	NA	NA	NA	NA	NA	NA	NA	NA	NA	NA	NA	NA	NA	NA	NA
NA	NA	NA	NA	NA	NA	NA	NA	NA	NA	NA	NA	NA	NA	NA	NA
NA	NA	NA	NA	NA	NA	NA	NA	NA	NA	NA	NA	NA	NA	NA	NA
NA	NA	NA	NA	NA	NA	NA	NA	NA	NA	NA	NA	NA	NA	NA	NA
NA	NA	NA	NA	NA	NA	NA	NA	NA	NA	NA	NA	NA	NA	NA	NA
NA	NA	NA	NA	NA	NA	NA	NA	NA	NA	NA	NA	NA	NA	NA	NA
NA	NA	NA	NA	NA	NA	NA	NA	NA	NA	NA	NA	NA	NA	NA	NA
NA	NA	NA	NA	NA	NA	NA	NA	NA	NA	NA	NA	NA	NA	NA	NA
NA	NA	NA	NA	NA	NA	NA	NA	NA	NA	NA	NA	NA	NA	NA	NA
NA	NA	NA	NA	NA	NA	NA	NA	NA	NA	NA	NA	NA	NA	NA	NA
NA	NA	NA	NA	NA	NA	NA	NA	NA	NA	NA	NA	NA	NA	NA	NA
NA	NA	NA	NA	NA	NA	NA	NA	NA	NA	NA	NA	NA	NA	NA	NA
NA	NA	NA	NA	NA	NA	NA	NA	NA	NA	NA	NA	NA	NA	NA	NA
NA	NA	NA	NA	NA	NA	NA	NA	NA	NA	NA	NA	NA	NA	NA	NA
NA	NA	NA	NA	NA	NA	NA	NA	NA	NA	NA	NA	NA	NA	NA	NA
NA	NA	NA	NA	NA	NA	NA	NA	NA	NA	NA	NA	NA	NA	NA	NA
NA	NA	NA	NA	NA	NA	NA	NA	NA	NA	NA	NA	NA	NA	NA	NA
NA	NA	NA	NA	NA	NA	NA	NA	NA	NA	NA	NA	NA	NA	NA	NA
NA	NA	NA	NA	NA	NA	NA	NA	NA	NA	NA	NA	NA	NA	NA	NA
NA	NA	NA	NA	NA	NA	NA	NA	NA	NA	NA	NA	NA	NA	NA	NA
NA	NA	NA	NA	NA	NA	NA	NA	NA	NA	NA	NA	NA	NA	NA	NA
NA	NA	NA	NA	NA	NA	NA	NA	NA	NA	NA	NA	NA	NA	NA	NA
NA	NA	NA	NA	NA	NA	NA	NA	NA	NA	NA	NA	NA	NA	NA	NA
NA	NA	NA	NA	NA	NA	NA	NA	NA	NA	NA	NA	NA	NA	NA	NA
NA	NA	NA	NA	NA	NA	NA	NA	NA	NA	NA	NA	NA	NA	NA	NA
NA	NA	NA	NA	NA	NA	NA	NA	NA	NA	NA	NA	NA	NA	NA	NA
NA	NA	NA	NA	NA	NA	NA	NA	NA	NA	NA	NA	NA	NA	NA	NA
NA	NA	NA	NA	NA	NA	NA	NA	NA	NA	NA	NA	NA	NA	NA	NA
NA	NA	NA	NA	NA	NA	NA	NA	NA	NA	NA	NA	NA	NA	NA	NA
NA	NA	NA	NA	NA	NA	NA	NA	NA	NA	NA	NA	NA	NA	NA	NA
NA	NA	NA	NA	NA	NA	NA	NA	NA	NA	NA	NA	NA	NA	NA	NA
NA	NA	NA	NA	NA	NA	NA	NA	NA	NA	NA	NA	NA	NA	NA	NA
NA	NA	NA	NA	NA	NA	NA	NA	NA	NA	NA	NA	NA	NA	NA	NA
NA	NA	NA	NA	NA	NA	NA	NA	NA	NA	NA	NA	NA	NA	NA	NA
NA	NA	NA	NA	NA	NA	NA	NA	NA	NA	NA	NA	NA	NA	NA	NA
NA	NA	NA	NA	NA	NA	NA	NA	NA	NA	NA	NA	NA	NA	NA	NA
NA	NA	NA	NA	NA	NA	NA	NA	NA	NA	NA	NA	NA	NA	NA	NA
NA	NA	NA	NA	NA	NA	NA	NA	NA	NA	NA	NA	NA	NA	NA	NA
NA	NA	NA	NA	NA	NA	NA	NA	NA	NA	NA	NA	NA	NA	NA	NA
NA	NA	NA	NA	NA	NA	NA	NA	NA	NA	NA	NA	NA	NA	NA	NA
NA	NA	NA	NA	NA	NA	NA	NA	NA	NA	NA	NA	NA	NA	NA	NA
NA	NA	NA	NA	NA	NA	NA	NA	NA	NA	NA	NA	NA	NA	NA	NA
NA	NA	NA	NA	NA	NA	NA	NA	NA	NA	NA	NA	NA	NA	NA	NA
NA	NA	NA	NA	NA	NA	NA	NA	NA	NA	NA	NA	NA	NA	NA	NA
NA	NA	NA	NA	NA	NA	NA	NA	NA	NA	NA	NA	NA	NA	NA	NA
NA	NA	NA	NA	NA	NA	NA	NA	NA	NA	NA	NA	NA	NA	NA	NA
NA	NA	NA	NA	NA	NA	NA	NA	NA	NA	NA	NA	NA	NA	NA	NA
NA	NA	NA	NA	NA	NA	NA	NA	NA	NA	NA	NA	NA	NA	NA	NA
NA	NA	NA	NA	NA	NA	NA	NA	NA	NA	NA	NA	NA	NA	NA	NA
NA	NA	NA	NA	NA	NA	NA	NA	NA	NA	NA	NA	NA	NA	NA	NA
NA	NA	NA	NA	NA	NA	NA	NA	NA	NA	NA	NA	NA	NA	NA	NA
NA	NA	NA	NA	NA	NA	NA	NA	NA	NA	NA	NA	NA	NA	NA	NA
NA	NA	NA	NA	NA	NA	NA	NA	NA	NA	NA	NA	NA	NA	NA	NA
NA	NA	NA	NA	NA	NA	NA	NA	NA	NA	NA	NA	NA	NA	NA	NA
NA	NA	NA	NA	NA	NA	NA	NA	NA	NA	NA	NA	NA	NA	NA	NA
NA	NA	NA	NA	NA	NA	NA	NA	NA	NA	NA	NA	NA	NA	NA	NA
NA	NA	NA	NA	NA	NA	NA	NA	NA	NA	NA	NA	NA	NA	NA	NA
NA	NA	NA	NA	NA	NA	NA	NA	NA	NA	NA	NA	NA	NA	NA	NA
NA	NA	NA	NA	NA	NA	NA	NA	NA	NA	NA	NA	NA	NA	NA	NA
NA	NA	NA	NA	NA	NA	NA	NA	NA	NA	NA	NA	NA	NA	NA	NA
NA	NA	NA	NA	NA	NA	NA	NA	NA	NA	NA	NA	NA	NA	NA	NA
NA	NA	NA	NA	NA	NA	NA	NA	NA	NA	NA	NA	NA	NA	NA	NA
NA	NA	NA	NA	NA	NA	NA	NA	NA	NA	NA	NA	NA	NA	NA	NA
NA	NA	NA	NA	NA	NA	NA	NA	NA	NA	NA	NA	NA	NA	NA	NA
NA	NA	NA	NA	NA	NA	NA	NA	NA	NA	NA	NA	NA	NA	NA	NA
NA	NA	NA	NA	NA	NA	NA	NA	NA	NA	NA	NA	NA	NA	NA	NA
NA	NA	NA	NA	NA	NA	NA	NA	NA	NA	NA	NA	NA	NA	NA	NA
NA	NA	NA	NA	NA	NA	NA	NA	NA	NA	NA	NA	NA	NA	NA	NA
NA	NA	NA	NA	NA	NA	NA	NA	NA	NA	NA	NA	NA	NA	NA	NA
NA	NA	NA	NA	NA	NA	NA	NA	NA	NA	NA	NA	NA	NA	NA	NA
NA	NA	NA	NA	NA	NA	NA	NA	NA	NA	NA	NA	NA	NA	NA	NA
NA	NA	NA	NA	NA	NA	NA	NA	NA	NA	NA	NA	NA	NA	NA	NA
NA	NA	NA	NA	NA	NA	NA	NA	NA	NA	NA	NA	NA	NA	NA	NA
NA	NA	NA	NA	NA	NA	NA	NA	NA	NA	NA	NA	NA	NA	NA	NA
NA	NA	NA	NA	NA	NA	NA	NA	NA	NA	NA	NA	NA	NA	NA	NA
NA	NA	NA	NA	NA	NA	NA	NA	NA	NA	NA	NA	NA	NA	NA	NA
NA	NA	NA	NA	NA	NA	NA	NA	NA	NA	NA	NA	NA	NA	NA	NA
NA	NA	NA	NA	NA	NA	NA	NA	NA	NA	NA	NA	NA	NA	NA	NA
NA	NA	NA	NA	NA	NA	NA	NA	NA	NA	NA	NA	NA	NA	NA	NA
NA	NA	NA	NA	NA	NA	NA	NA	NA	NA	NA	NA	NA	NA	NA	NA
NA	NA	NA	NA	NA	NA	NA	NA	NA	NA	NA	NA	NA	NA	NA	NA
NA	NA	NA	NA	NA	NA	NA	NA	NA	NA	NA	NA	NA	NA	NA	NA
NA	NA	NA	NA	NA	NA	NA	NA	NA	NA	NA	NA	NA	NA	NA	NA
NA	NA	NA	NA	NA	NA	NA	NA	NA	NA	NA	NA	NA	NA	NA	NA
NA	NA	NA	NA	NA	NA	NA	NA	NA	NA	NA	NA	NA	NA	NA	NA
NA	NA	NA	NA	NA	NA	NA	NA	NA	NA	NA	NA	NA	NA	NA	NA
NA	NA	NA	NA	NA	NA	NA	NA	NA	NA	NA	NA	NA	NA	NA	NA
NA	NA	NA	NA	NA	NA	NA	NA	NA	NA	NA	NA	NA	NA	NA	NA
NA	NA	NA	NA	NA	NA	NA	NA	NA	NA	NA	NA	NA	NA	NA	NA
NA	NA	NA	NA	NA	NA	NA	NA	NA	NA	NA	NA	NA	NA	NA	NA
NA	NA	NA	NA	NA	NA	NA	NA	NA	NA	NA	NA	NA	NA	NA	NA
NA	NA	NA	NA	NA	NA	NA	NA	NA	NA	NA	NA	NA	NA	NA	NA
NA	NA	NA	NA	NA	NA	NA	NA	NA	NA	NA	NA	NA	NA	NA	NA
NA	NA	NA	NA	NA	NA	NA	NA	NA	NA	NA	NA	NA	NA	NA	NA
NA	NA	NA	NA	NA	NA	NA	NA	NA	NA	NA	NA	NA	NA	NA	NA
NA	NA	NA	NA	NA	NA	NA	NA	NA	NA	NA	NA	NA	NA	NA	NA
NA	NA	NA	NA	NA	NA	NA	NA	NA	NA	NA	NA	NA	NA	NA	NA
NA	NA	NA	NA	NA	NA	NA	NA	NA	NA	NA	NA	NA	NA	NA	NA
NA	NA	NA	NA	NA	NA	NA	NA	NA	NA	NA	NA	NA	NA	NA	NA
NA	NA	NA	NA	NA	NA	NA	NA	NA	NA	NA	NA	NA	NA	NA	NA
NA	NA	NA	NA	NA	NA	NA	NA	NA	NA	NA	NA	NA	NA	NA	NA
NA	NA	NA	NA	NA	NA	NA	NA	NA	NA	NA	NA	NA	NA	NA	NA
NA	NA	NA	NA	NA	NA	NA	NA	NA	NA	NA	NA	NA	NA	NA	NA
NA	NA	NA	NA	NA	NA	NA	NA	NA	NA	NA	NA	NA	NA	NA	NA
NA	NA	NA	NA	NA	NA	NA	NA	NA	NA	NA	NA	NA	NA	NA	NA
NA	NA	NA	NA	NA	NA	NA	NA	NA	NA	NA	NA	NA	NA	NA	NA
NA	NA	NA	NA	NA	NA	NA	NA	NA	NA	NA	NA	NA	NA	NA	NA
NA	NA	NA	NA	NA	NA	NA	NA	NA	NA	NA	NA	NA	NA	NA	NA
NA	NA	NA	NA	NA	NA	NA	NA	NA	NA	NA	NA	NA	NA	NA	NA
NA	NA	NA	NA	NA	NA	NA	NA	NA	NA	NA	NA	NA	NA	NA	NA
NA	NA	NA	NA	NA	NA	NA	NA	NA	NA	NA	NA	NA	NA	NA	NA
NA	NA	NA	NA	NA	NA	NA	NA	NA	NA	NA	NA	NA	NA	NA	NA
NA	NA	NA	NA	NA	NA	NA	NA	NA	NA	NA	NA	NA	NA	NA	NA
NA	NA	NA	NA	NA	NA	NA	NA	NA	NA	NA	NA	NA	NA	NA	NA
NA	NA	NA	NA	NA	NA	NA	NA	NA	NA	NA	NA	NA	NA	NA	NA
NA	NA	NA	NA	NA	NA	NA	NA	NA	NA	NA	NA	NA	NA	NA	NA
NA	NA	NA	NA	NA	NA	NA	NA	NA	NA	NA	NA	NA	NA	NA	NA
NA	NA	NA	NA	NA	NA	NA	NA	NA	NA	NA	NA	NA	NA	NA	NA
NA	NA	NA	NA	NA	NA	NA	NA	NA	NA	NA	NA	NA	NA	NA	NA
2.25487416018639	0.215386605860964	1.8327164126989	2.67703190767387	2.3243312915479	0.193153946808712	1.94574955580282	2.70291302729298	2.3243312915479	0.215386605860964	1.93509593630082	2.77905589739846	2.32557547579878	0.20682795561533	1.91990162449129	2.73124932710626
2.16614722894917	0.210421976352589	1.75372015529809	2.57857430260024	2.16117412671336	0.182727433812011	1.80302835644182	2.51931989698491	2.16117412671336	0.210421976352589	1.72093954419901	2.53590885786328	2.15372222815607	0.194333824116709	1.7725963502785	2.53484810603363
2.11518234893599	0.179890341941109	1.76259727873141	2.46776741914056	2.20370026724202	0.158578514373571	1.89288637906982	2.51451415541421	2.20370026724202	0.179890341941109	1.87540707538845	2.59336790126681	2.20702108128681	0.174901152758979	1.86402995295729	2.55001220961632
1.99528187492346	0.210678345811704	1.58235231713252	2.4082114327144	2.10869490892985	0.185560406076982	1.74499651301896	2.47239330484074	2.10869490892985	0.210678345811704	1.6912453587315	2.50209132274774	2.10995270998622	0.195912924416506	1.72573093114598	2.49417448882646
2.32222702161373	0.194422258269834	1.94115939540486	2.70329464782261	2.24840702135903	0.167539971662642	1.92002867690025	2.57678536581781	2.24840702135903	0.194422258269834	1.86570953262318	2.61401049256592	2.24717780484502	0.182672058262098	1.88893842201901	2.60541718767103
1.84234844334379	0.17349728057425	1.50229377341826	2.18240311326932	1.77467265813098	0.15889804592142	1.463232488125	2.08611282813696	1.77467265813098	0.17349728057425	1.42672129304636	2.12374701153139	1.77509090933311	0.163701840131405	1.45409210038451	2.0960897182817
2.1904339335974	0.193888015854168	1.81041342252323	2.57045444467157	2.12541079915813	0.177595989114006	1.77732266049468	2.47349893782158	2.12541079915813	0.193888015854168	1.75817455283558	2.49802685079591	2.12192137053098	0.184898859337008	1.75931649543338	2.48452624562858
1.8488619403781	0.235082611762712	1.38810002132318	2.30962385943302	1.89027943221327	0.20800785473021	1.48258403694206	2.29797482748449	1.89027943221327	0.235082611762712	1.41779236032562	2.33934669066759	1.8893863446345	0.212521049786656	1.47256104246759	2.30621164680141
2.25745648736195	0.197651191961647	1.87006015111713	2.64485282360678	2.19283619380613	0.17560460142726	1.8486511750087	2.53702121260356	2.19283619380613	0.197651191961647	1.8183596309556	2.59248040566022	2.19920956563972	0.186706648504743	1.83303444937574	2.5653846819037
1.964095059263	0.223357060905763	1.52631521988771	2.4018748986383	1.92129370081277	0.219242230147047	1.49157892972455	2.35100847190098	1.92129370081277	0.223357060905763	1.50544599741859	2.37588331819468	1.91767170143671	0.200686842344872	1.52408113843665	2.31126226443676
2.02056760282962	0.214696191274521	1.59976306793156	2.44137213772768	2.02302357115114	0.184385009838397	1.66162895186788	2.3844181904344	2.02302357115114	0.214696191274521	1.62699979087648	2.45925913188433	2.02352007840101	0.208280683711919	1.61502927469206	2.43201088210995
2.22981589266308	0.216820757863721	1.80484720725019	2.65478457807597	2.13934270369012	0.188921784294824	1.76905600647226	2.50962940090797	2.13934270369012	0.216820757863721	1.73802239572355	2.52223820193083	2.14703302458891	0.202819390003257	1.74925833960139	2.54480770957643
2.02666530207614	0.183631185270819	1.66674817894534	2.38658242520695	1.96204829787156	0.16806738613813	1.63263622104083	2.2914603747023	1.96204829787156	0.183631185270819	1.62303512701198	2.31819813484255	1.96309026341132	0.170575889705721	1.6285864672164	2.29759405960624
1.7594866481646	0.237534784148447	1.29391847123365	2.22505482509556	1.81553932482343	0.214079384478474	1.39594373124562	2.23513491840124	1.81553932482343	0.237534784148447	1.33941937568385	2.29181929689216	1.81135763004731	0.224537971098964	1.37094868435526	2.25176657573937
1.86718006474139	0.16484498724147	1.54408388974811	2.19027623973467	1.99417253564154	0.145653938953113	1.70869081529344	2.27965425598964	1.99417253564154	0.16484498724147	1.69038412950207	2.31443823143065	1.99523505447849	0.156570421078322	1.68821302682377	2.30225708213322
1.89393276787849	0.228011972542361	1.44702930169546	2.34083623406152	1.92135138351422	0.191786006534425	1.54545081070675	2.29725195632169	1.92135138351422	0.228011972542361	1.49720846521104	2.40316939722179	1.92585714309562	0.217766817863078	1.49874474956415	2.35296953662708
1.84232894252893	0.174806276427818	1.49970864073041	2.18494924432746	1.86537492770454	0.159831614499199	1.55210496328611	2.17864489212297	1.86537492770454	0.174806276427818	1.53424969272771	2.21275014947352	1.86740986016852	0.164177115641899	1.54545393629127	2.18936578404577
1.85979100269509	0.237197432623343	1.39488403475333	2.32469797063684	1.67928452761977	0.207938738483345	1.27172460019242	2.08684445504713	1.67928452761977	0.237197432623343	1.16205981902116	2.09709507850922	1.68330364781938	0.220370000288942	1.25106116346394	2.11554613217483
1.93764982736655	0.214589419749719	1.5170545646571	2.358245090076	1.7328633429617	0.185876553451746	1.36854529819628	2.09718138772712	1.7328633429617	0.214589419749719	1.30237971729254	2.13337202315567	1.73552321591775	0.198008773052044	1.34719302244848	2.12385340938703
1.70536534046522	0.169708537834854	1.3727366063089	2.03799407462153	1.82172123745362	0.153517523426043	1.52082689153858	2.12261558336867	1.82172123745362	0.169708537834854	1.49354509348704	2.15306646183829	1.81203909644311	0.160738300720198	1.49686261793515	2.12721557495106
2.37511165759049	0.282608484244527	1.82119902847121	2.92902428670976	2.22745154694472	0.238892511302309	1.75922222479219	2.69568086909724	2.22745154694472	0.282608484244527	1.59422078869041	2.72230642382659	2.22076261921388	0.267813014701806	1.69541414492462	2.74611109350314
1.8304517791517	0.215785902867341	1.40751140953171	2.25339214877169	1.6986667674449	0.1898093954273	1.3266403524074	2.07069318248241	1.6986667674449	0.215785902867341	1.28867721880596	2.1437364589687	1.70706025876704	0.203278229706306	1.30836716466523	2.10575335286885
1.81675687353591	0.202197988055443	1.42044881694725	2.21306493012458	1.74486263055603	0.177908719139522	1.39616154104256	2.09356372006949	1.74486263055603	0.202197988055443	1.33627979991381	2.12056471770013	1.74171287107138	0.19031950511955	1.36845774401123	2.11496799813153
1.93828049625838	0.244424680909039	1.45920812167666	2.41735287084009	1.75721855683675	0.216363743875236	1.33314561884129	2.18129149483221	1.75721855683675	0.244424680909039	1.28102003772902	2.20812243847635	1.75942358067944	0.229960158418113	1.30839560753121	2.21045155382768
2.05864845667887	0.191451954632697	1.68340262559878	2.43389428775895	2.10707294758102	0.188076930290749	1.73844216421116	2.47570373095089	2.10707294758102	0.191451954632697	1.71901924100488	2.45690406248758	2.09980930493083	0.176670410606788	1.75338612640636	2.44623248345529
1.86817532297655	0.191859959768177	1.49212980183093	2.24422084412218	1.96163703064204	0.164903880530217	1.63842542480281	2.28484863648126	1.96163703064204	0.191859959768177	1.60159953308161	2.36015200153557	1.9623645948425	0.182214100300837	1.60502245874125	2.31970673094375
1.80128445501189	0.195997837911896	1.41712869270457	2.18544021731921	1.94510731210352	0.161755519111936	1.62806649464413	2.26214812956292	1.94510731210352	0.195997837911896	1.5831813131214	2.34808772463649	1.9397147061167	0.197215409936129	1.55291905917027	2.32651035306313
1.61026660240994	0.18479602967018	1.24806638425638	1.97246682056349	1.62237474063027	0.180864233769939	1.26788084244119	1.97686863881935	1.62237474063027	0.18479602967018	1.24055135424699	1.97105217517278	1.62081288143641	0.171800723473233	1.28391103999129	1.95771472288153
2.07689020715227	0.181137965588373	1.72185979459906	2.43192061970549	2.15391126238326	0.168124397700471	1.82438744289033	2.48343508187618	2.15391126238326	0.181137965588373	1.79540489146102	2.48651561943765	2.14906174949156	0.167569530333848	1.82047379088757	2.47764970809555
2.13450783499181	0.233294946377505	1.6772497400919	2.59176592989172	2.04094523099509	0.195109032588807	1.65853152712103	2.42335893486915	2.04094523099509	0.233294946377505	1.48753748978647	2.45131259568694	2.04103586789572	0.226364020831358	1.59702454848591	2.48504718730554
2.00079234966367	0.204164191989978	1.60063053336332	2.40095416596403	2.06108890956767	0.166964544624345	1.73383840210395	2.38833941703138	2.06108890956767	0.204164191989978	1.67438505726552	2.47798899427843	2.05627288289925	0.201544174457338	1.66097278520831	2.45157298059018
2.07698203244853	0.193672237711655	1.69738444653368	2.45657961836337	2.0509043902822	0.176737541966735	1.7044988080274	2.397309972537	2.0509043902822	0.193672237711655	1.65859355417233	2.42670913407142	2.04505229899621	0.179575314085578	1.69292207813344	2.39718251985899
2.13691702882376	0.271775060516684	1.60423791021106	2.66959614743646	2.02417098879702	0.237104440227103	1.5594462859519	2.48889569164214	2.02417098879702	0.271775060516684	1.50354250604004	2.53304933978369	2.0250386233393	0.257025124260385	1.52088100132978	2.52919624534882
1.75812940801708	0.205739069853649	1.35488083110392	2.16137798493023	1.78902324212275	0.177530700667272	1.4410630688149	2.13698341543061	1.78902324212275	0.205739069853649	1.40766790104763	2.15847193684326	1.78770424050758	0.196121866303412	1.40303618482157	2.1723722961936
2.11508314820646	0.204059758909382	1.71512602074407	2.51504027566885	2.00586227694041	0.182265660628664	1.64862158210823	2.36310297177259	2.00586227694041	0.204059758909382	1.59527508905449	2.39464264386938	2.00634805801136	0.19737401332587	1.61927637881121	2.39341973721151
1.67107191751348	0.168527926157342	1.34075718224509	2.00138665278187	1.78652318255556	0.155026800578097	1.48267065342249	2.09037571168863	1.78652318255556	0.168527926157342	1.44245018395662	2.13471023113838	1.78578676729286	0.157644335156388	1.47666505144555	2.09490848314018
1.8745006265243	0.246949835758324	1.39047894843799	2.35852230461061	1.95062300010934	0.219926296365213	1.51956745923352	2.38167854098516	1.95062300010934	0.246949835758324	1.48550545997599	2.36256742855231	1.9490377603926	0.230320101089362	1.49727146877779	2.40080405200741
1.98283408465418	0.189462928400645	1.61148674498892	2.35418142431945	2.05244237186911	0.166622202802555	1.7258628543761	2.37902188936212	2.05244237186911	0.189462928400645	1.66248028624895	2.40961858745604	2.05355052620235	0.177426737778973	1.70561302533236	2.40148802707233
2.28246928977419	0.180748391117704	1.92820244318349	2.63673613636489	2.25933686196699	0.150335997267254	1.96467830732317	2.55399541661081	2.25933686196699	0.180748391117704	1.92533936520755	2.64714737114651	2.25729956813178	0.17527992602474	1.91355897300368	2.60104016325987
2.12186406224611	0.220168440070344	1.69033391970823	2.55339420478398	2.16494677436015	0.173730184338894	1.82443561305592	2.50545793566438	2.16494677436015	0.220168440070344	1.7410218099156	2.60122919991261	2.16593730899631	0.206156212086701	1.76161191121811	2.57026270677451
1.89726306933132	0.228050259062625	1.45028456156858	2.34424157709407	1.93778092510993	0.207922318672206	1.5302531805124	2.34530866970745	1.93778092510993	0.228050259062625	1.53146659507714	2.45450285048633	1.93890128379435	0.210948058109179	1.52516454485063	2.35263802273807
1.75672092655932	0.253329026302333	1.26019603500675	2.2532458181119	1.7356876826827	0.228509414633048	1.28780923000192	2.18356613536347	1.7356876826827	0.253329026302333	1.25156189127498	2.23132696645906	1.73601952564401	0.236597141364804	1.27196399842203	2.20007505286599
2.11162666320441	0.193854423059316	1.73167199400815	2.49158133240067	2.11324344874938	0.165307372539771	1.78924099857143	2.43724589892733	2.11324344874938	0.193854423059316	1.74293337891133	2.485372445847	2.11614866294442	0.186265772993715	1.75085115168807	2.48144617420077
2.15441446152037	0.2402906904749	1.68344470818956	2.62538421485117	2.11381817994573	0.202808740031292	1.7163130494844	2.51132331040706	2.11381817994573	0.2402906904749	1.69972571146978	2.63557553740147	2.11547812107902	0.229860061439912	1.66463988947678	2.56631635268127
2.05529716159779	0.198519125838876	1.66619967495359	2.44439464824199	2.08348670337156	0.175848303423075	1.73882402866233	2.42814937808078	2.08348670337156	0.198519125838876	1.68724553068002	2.49601230305663	2.08449459068034	0.182516539174513	1.72654754239506	2.44244163896562
2.16707308599761	0.183699014726037	1.80702301713458	2.52712315486064	2.16388871147647	0.165152217216917	1.84019036573131	2.48758705722163	2.16388871147647	0.183699014726037	1.80660542377525	2.52918724951623	2.15940395750019	0.172457964987497	1.82120896330936	2.49759895169103
1.76632519919653	0.1857882541962	1.40218022097197	2.13047017742108	1.78815610793503	0.165476101834363	1.46382294833968	2.11248926753038	1.78815610793503	0.1857882541962	1.42347047114527	2.14665007357809	1.78461346038269	0.175560229499334	1.4403287125585	2.12889820820687
1.931696263113	0.254205898971156	1.43345270112954	2.42993982509647	2.10590647823024	0.207011658942562	1.70016362670282	2.51164932975766	2.10590647823024	0.254205898971156	1.66027795345241	2.60179684447476	2.1157151096276	0.256933845790721	1.61170240838026	2.61972781087493
1.97766741094144	0.215206476611014	1.55586271678385	2.39947210509903	1.91371439780397	0.191231364531102	1.53890092332301	2.28852787228493	1.91371439780397	0.215206476611014	1.46024197252959	2.30375611000512	1.91765768027805	0.197956907892563	1.52942406701423	2.30589129354187
1.85650792944436	0.258018747531343	1.35079118428293	2.36222467460579	1.84290119865996	0.21648269560298	1.41859511527812	2.2672072820418	1.84290119865996	0.258018747531343	1.37624522700302	2.3374042988489	1.85172070906403	0.250160220137182	1.36100863163756	2.3424327864905
2.05503123809344	0.194906368755569	1.67301475533253	2.43704772085436	2.12722794047765	0.175096665468089	1.78403847616019	2.4704174047951	2.12722794047765	0.194906368755569	1.74824617905415	2.47419941779698	2.12440669825589	0.187586445082762	1.7565293936696	2.49228400284218
2.13115195278237	0.212574669963467	1.71450559965397	2.54779830591076	2.09782632030711	0.183870562747099	1.7374400173228	2.45821262329143	2.09782632030711	0.212574669963467	1.68720732734191	2.46638855131786	2.09699403137105	0.197410164226828	1.70982221284658	2.48416584989551
2.16169094604534	0.220374356848255	1.72975720662276	2.59362468546792	2.16171095037745	0.204314217114087	1.76125508483384	2.56216681592106	2.16171095037745	0.220374356848255	1.72584085925357	2.60981054153449	2.15720342876355	0.20945766101661	1.74636792641393	2.56803893111317
1.92878611906922	0.227086531440808	1.48369651744523	2.3738757206932	2.06674810109153	0.199843265250203	1.67505530120113	2.45844090098193	2.06674810109153	0.227086531440808	1.65460650611177	2.5391413218666	2.069963514101	0.221566480976769	1.63539333969692	2.50453368850507
2.05980477385863	0.174403153100775	1.71797459378111	2.40163495393615	2.09022422315459	0.166139142672168	1.76459150351714	2.41585694279204	2.09022422315459	0.174403153100775	1.76925564908958	2.41532490128545	2.09521077992455	0.161110789698695	1.77930826214921	2.4111132976999
2.0117307891652	0.242743976298795	1.53595259561956	2.48750898271083	1.88931319909708	0.212913351260315	1.47200303062687	2.3066233675673	1.88931319909708	0.242743976298795	1.42703744053121	2.35845756764432	1.89721150290318	0.231409586129146	1.44329933559326	2.35112367021311
1.80253019458776	0.190161433114533	1.42981378568328	2.17524660349225	1.99294019103034	0.15968270064377	1.67996209776855	2.30591828429213	1.99294019103034	0.190161433114533	1.6147415165015	2.33987257023373	1.99605027548495	0.185647251379468	1.63195702736049	2.36014352360941
2.02732656177834	0.196508311679403	1.64217027088672	2.41248285266997	2.05658450547845	0.177121673325319	1.70942602576083	2.40374298519608	2.05658450547845	0.196508311679403	1.66460067120994	2.43344001627115	2.05370118911121	0.184737279247862	1.69142535602681	2.41597702219561
1.73343425774567	0.244623505020101	1.25397218790627	2.21289632758507	1.64849300597862	0.221020944024831	1.21529195568995	2.08169405626729	1.64849300597862	0.244623505020101	1.11426769263666	2.09130653526397	1.65063383951635	0.226244071173161	1.20687757133594	2.09439010769675
2.2279171908179	0.255894758078531	1.72636346498398	2.72947091665182	2.09197078994354	0.221176373329594	1.65846509821753	2.52547648166954	2.09197078994354	0.255894758078531	1.57351620450764	2.57387538176028	2.08992745461203	0.239468592906205	1.6202141284641	2.55964078075995
2.16613937962442	0.212463201132805	1.74971150540412	2.58256725384471	2.1874091609722	0.190643263113142	1.81374836527045	2.56106995667396	2.1874091609722	0.212463201132805	1.78381942986226	2.61354591110008	2.18680825110147	0.200396054012593	1.7938084048502	2.57980809735275
1.90887936468919	0.202063859481216	1.51283420010601	2.30492452927238	2.02520939198608	0.17718704245023	1.67792278878363	2.37249599518853	2.02520939198608	0.202063859481216	1.62257214444315	2.40144381658033	2.02214039588015	0.186515068062137	1.65639750806768	2.38788328369262
2.1146703505894	0.264593493510693	1.59606710330844	2.63327359787036	2.12359964327102	0.22850698663756	1.6757259494614	2.57147333708064	2.12359964327102	0.264593493510693	1.64169062193104	2.67686117766736	2.11844316271435	0.250359980842455	1.6273336107548	2.60955271467389
2.27907927300071	0.166486146131178	1.9527664265836	2.60539211941782	2.17900937436293	0.141861383090992	1.90096106350458	2.45705768522127	2.17900937436293	0.166486146131178	1.87607442178923	2.50319920802614	2.17628484402329	0.163917344871596	1.85482903957058	2.49774064847601
2.06102235984406	0.196838385909958	1.67521912346054	2.44682559622757	2.12354050099701	0.172470330902788	1.78549865242755	2.46158234956648	2.12354050099701	0.196838385909958	1.73895416672665	2.5133708988927	2.12292336152546	0.187084736280215	1.75601915141673	2.48982757163419
2.06702069528993	0.241330018335239	1.59401385935287	2.540027531227	2.12245585768857	0.191882469542255	1.74636621738575	2.49854549799138	2.12245585768857	0.241330018335239	1.60959082482832	2.55125658350504	2.12172784634121	0.239318573038743	1.65230481139144	2.59115088129099
2.29602702156588	0.185686970711666	1.93208055897101	2.65997348416074	2.25900038931239	0.151678268305176	1.96171098343424	2.55628979519053	2.25900038931239	0.185686970711666	1.90462350897918	2.60011903914742	2.260065037494	0.178350004813895	1.9102849636117	2.6098451113763
2.02086079073144	0.268732580838734	1.49414493228752	2.54757664917536	1.98643797331502	0.237600522809255	1.52074094860888	2.45213499802116	1.98643797331502	0.268732580838734	1.37441738616326	2.4443446169704	1.98475951019477	0.244576783876021	1.50503347151675	2.46448554887279
1.85192825831315	0.191232362260786	1.47711282828201	2.2267436883443	1.93698381258354	0.165214091906368	1.61316419244706	2.26080343272002	1.93698381258354	0.191232362260786	1.58603340792312	2.32314691328539	1.94093045652488	0.180637347873858	1.5866850099125	2.29517590313726
2.15677523066379	0.239174894336164	1.68799243776491	2.62555802356267	2.14514436777411	0.207324070818951	1.73878918896897	2.55149954657926	2.14514436777411	0.239174894336164	1.6708162738312	2.55790229379049	2.14711281653849	0.218141064820919	1.71926935698178	2.5749562760952
1.92822850312456	0.19533746536246	1.54536707101414	2.31108993523498	1.92440961205775	0.176737398324024	1.57800431134266	2.27081491277284	1.92440961205775	0.19533746536246	1.52031045794914	2.27750122484032	1.92144961828229	0.182488904792736	1.56360891165026	2.27929032491433
2.04800335970247	0.253071736205152	1.55198275674037	2.54402396266457	2.01443658429147	0.238377429530295	1.54721682241209	2.48165634617085	2.01443658429147	0.253071736205152	1.49723455472812	2.50667605815294	2.01581798310997	0.231616513254621	1.56152414752574	2.4701118186942
1.76305665476725	0.262701542530798	1.24816163140688	2.27795167812761	1.79215475752535	0.208495542928691	1.38350349338511	2.20080602166558	1.79215475752535	0.262701542530798	1.27872709673555	2.27943184364028	1.79175781766338	0.249335969972697	1.30266472711276	2.28085090821401
2.05182880019564	0.212847309244569	1.63464807407628	2.46900952631499	1.93278435275664	0.192104506314834	1.55625952037956	2.30930918513371	1.93278435275664	0.212847309244569	1.47265169709851	2.29294000045856	1.93564228181411	0.200096702814543	1.54318393020064	2.32810063342758
1.87130806537597	0.21832462293562	1.44339180442216	2.29922432632979	1.94058410338042	0.200099391975189	1.54838929510905	2.33277891165179	1.94058410338042	0.21832462293562	1.54822962561129	2.34123202925448	1.93625769302825	0.198517065644901	1.54690795906686	2.32560742698965
2.08816995645506	0.273559949952607	1.55199245454795	2.62434745836217	2.07259220348607	0.238733814712334	1.6046739266499	2.54051048032225	2.07259220348607	0.273559949952607	1.53681520543209	2.5779682769028	2.07413244147429	0.268394385239951	1.54763675724442	2.60062812570416
2.01779680077617	0.202438604952356	1.62101713506955	2.41457646648279	2.19503425702048	0.179889667706264	1.8424505083162	2.54761800572475	2.19503425702048	0.202438604952356	1.80934186897986	2.59751317184149	2.19712276255668	0.192468692167925	1.81964795370344	2.57459757140991
1.87899384147638	0.184936650933339	1.51651800564704	2.24146967730573	1.95272065943701	0.175878456474365	1.60799888474725	2.29744243412676	1.95272065943701	0.184936650933339	1.61023098710347	2.31203571818734	1.95195021917445	0.168917587761047	1.62071463013562	2.28318580821327
1.96504574875643	0.195152827473553	1.58254620690827	2.3475452906046	1.92612214594094	0.164469366620919	1.60376218736393	2.24848210451794	1.92612214594094	0.195152827473553	1.54797229519094	2.3091367208139	1.92602624856682	0.18724515858257	1.55881612214932	2.29323637498433
1.898918062921	0.211300393405884	1.48476929184547	2.31306683399653	1.98663459128005	0.188787026054848	1.61661202021255	2.35665716234755	1.98663459128005	0.211300393405884	1.59870960472779	2.4305022284307	1.98656757797155	0.201309842469085	1.59171969683354	2.38141545910956
1.79685567616351	0.209940363690475	1.38537256333018	2.20833878899684	1.91868924799597	0.185386750863213	1.55533121630408	2.28204727968787	1.91868924799597	0.209940363690475	1.52979865984498	2.36157163611451	1.91272716737224	0.201516239121278	1.5174933400264	2.30796099471809
1.44763215351827	0.217437378473519	1.02145489171017	1.87380941532637	1.53070788012498	0.187827332889846	1.16256630766088	1.89884945258908	1.53070788012498	0.217437378473519	1.14770216925444	1.95956905932772	1.52517848575309	0.208450649383447	1.1163296977453	1.93402727376088
1.83246216733721	0.213616199566623	1.41377441618663	2.25114991848779	1.67944821643708	0.19880539717689	1.28978963797038	2.06910679490379	1.67944821643708	0.213616199566623	1.27613675875184	2.08908720078975	1.67959708281452	0.200290985763548	1.28677069103701	2.07242347459203
2.05169483850751	0.220316069353862	1.61987534257394	2.48351433444108	1.90137921203586	0.19152899160503	1.52598238849	2.27677603558172	1.90137921203586	0.220316069353862	1.48448625064226	2.35687482949263	1.90148347399793	0.2202600020228	1.46945478233346	2.3335121656624
2.34076242550784	0.213767649868066	1.92177783176643	2.75974701924925	2.14865756971646	0.177534558824965	1.80068983441953	2.49662530501339	2.14865756971646	0.213767649868066	1.69593004645803	2.5617977437617	2.14272728113939	0.207330280488368	1.73608202567861	2.54937253660017
1.9620210251122	0.226294165037512	1.51848446163868	2.40555758858572	1.99252938058381	0.187155488003442	1.62570462409707	2.35935413707056	1.99252938058381	0.226294165037512	1.51102613656217	2.39234631430289	1.9896529782511	0.210893136975386	1.57601024933493	2.40329570716727
1.71409257995743	0.206143239003426	1.31005183151072	2.11813332840415	1.81612333010602	0.175738969120599	1.47167495062964	2.16057170958239	1.81612333010602	0.206143239003426	1.45050518268452	2.19818498845764	1.81783534176199	0.198801438495948	1.42792314315101	2.20774754037296
1.82679266469902	0.183979288988608	1.46619325828135	2.18739207111669	1.75481073640432	0.169068499847571	1.42343647670308	2.08618499610556	1.75481073640432	0.183979288988608	1.38968713038237	2.11524013936298	1.76227452181477	0.172253706267443	1.42449486928157	2.10005417434797
2.19817671670877	0.214110039692604	1.77852103891127	2.61783239450627	2.30266285942092	0.186878909350191	1.93638019709455	2.6689455217473	2.30266285942092	0.214110039692604	1.86477629556863	2.7445693487165	2.3023141722825	0.195097088218232	1.91968842561469	2.68493991895032
1.88128489344162	0.260938100903058	1.36984621567162	2.39272357121161	1.81735241944538	0.219979780458546	1.38619204974663	2.24851278914413	1.81735241944538	0.260938100903058	1.2936251617405	2.32344156203496	1.81729917946726	0.245184772922523	1.33637719895324	2.29822115998129
2.09341056681447	0.226042010569713	1.65036822609783	2.53645290753111	2.10031829685232	0.189229843925561	1.72942780275822	2.47120879094642	2.10031829685232	0.226042010569713	1.68550185351451	2.56861766620455	2.0980179106595	0.217990296096509	1.67045969923996	2.52557612207905
1.90456414702635	0.223791432353508	1.46593293961347	2.34319535443923	1.92532162646228	0.197962890781798	1.53731436052996	2.31332889239461	1.92532162646228	0.223791432353508	1.50508456426865	2.39342464427498	1.92982359737104	0.211948970264514	1.51415267854304	2.34549451619904
1.98934130619904	0.217807132104533	1.56243932727415	2.41624328512392	1.9620642872603	0.191168840347126	1.58737336017993	2.33675521434067	1.9620642872603	0.217807132104533	1.55407427043859	2.37298025808117	1.96437807683374	0.206161824488892	1.56001303885461	2.36874311481287
2.1863816946657	0.212110002934145	1.77064608891477	2.60211730041662	2.20408145817061	0.199070684364323	1.81390291681654	2.59425999952468	2.20408145817061	0.212110002934145	1.80400382539747	2.60456618233689	2.20738361813749	0.188489019914728	1.83775937379977	2.57700786247522
1.89478212555573	0.193912566815916	1.51471349459653	2.27485075651492	1.85142013377547	0.165749567877718	1.52655098073515	2.1762892868158	1.85142013377547	0.193912566815916	1.40196352376963	2.21058829688821	1.84915820643217	0.185964393938771	1.48446536631566	2.21385104654867
1.97626526164193	0.186999298758176	1.60974663607591	2.34278388720796	1.94174839927809	0.172696545374457	1.60326317034415	2.28023362821203	1.94174839927809	0.186999298758176	1.56394964164943	2.30457770577494	1.93873372981904	0.175293814758123	1.59498627114506	2.28248118849301
2.19702353456758	0.162212363235088	1.87908730262681	2.51495976650835	2.17332283977404	0.142625883873381	1.89377610738221	2.45286957216586	2.17332283977404	0.162212363235088	1.8688385908202	2.47824373491895	2.16921416025127	0.152081761839612	1.87098068223675	2.46744763826579
1.76230317229468	0.200931912748305	1.368476623308	2.15612972128136	1.66817119308223	0.181182645442133	1.31305320801564	2.02328917814881	1.66817119308223	0.200931912748305	1.27487499694213	2.06486848220851	1.66555051394187	0.186182290562695	1.30043805124539	2.03066297663836
1.97980347803943	0.209201499544271	1.56976853893266	2.3898384171462	1.90422933097636	0.180013744557579	1.55140239164351	2.25705627030922	1.90422933097636	0.209201499544271	1.46002669022244	2.29566269827872	1.8971640332694	0.2045750799063	1.49594776686263	2.29838029967618
1.99000794364607	0.210293786359017	1.57783212238239	2.40218376490974	1.98733656434517	0.192731575143381	1.60958267706414	2.36509045162619	1.98733656434517	0.210293786359017	1.55166492685641	2.37440356749477	1.99142294512476	0.195754243650396	1.60750355056889	2.37534233968063
