X1	X2	X3	X4	X1.1	X2.1	X3.1	X4.1	X1.2	X2.2	X3.2	X4.2	X1.3	X2.3	X3.3	X4.3
NA	NA	NA	NA	NA	NA	NA	NA	NA	NA	NA	NA	NA	NA	NA	NA
NA	NA	NA	NA	NA	NA	NA	NA	NA	NA	NA	NA	NA	NA	NA	NA
NA	NA	NA	NA	NA	NA	NA	NA	NA	NA	NA	NA	NA	NA	NA	NA
NA	NA	NA	NA	NA	NA	NA	NA	NA	NA	NA	NA	NA	NA	NA	NA
NA	NA	NA	NA	NA	NA	NA	NA	NA	NA	NA	NA	NA	NA	NA	NA
NA	NA	NA	NA	NA	NA	NA	NA	NA	NA	NA	NA	NA	NA	NA	NA
NA	NA	NA	NA	NA	NA	NA	NA	NA	NA	NA	NA	NA	NA	NA	NA
NA	NA	NA	NA	NA	NA	NA	NA	NA	NA	NA	NA	NA	NA	NA	NA
NA	NA	NA	NA	NA	NA	NA	NA	NA	NA	NA	NA	NA	NA	NA	NA
NA	NA	NA	NA	NA	NA	NA	NA	NA	NA	NA	NA	NA	NA	NA	NA
NA	NA	NA	NA	NA	NA	NA	NA	NA	NA	NA	NA	NA	NA	NA	NA
NA	NA	NA	NA	NA	NA	NA	NA	NA	NA	NA	NA	NA	NA	NA	NA
NA	NA	NA	NA	NA	NA	NA	NA	NA	NA	NA	NA	NA	NA	NA	NA
NA	NA	NA	NA	NA	NA	NA	NA	NA	NA	NA	NA	NA	NA	NA	NA
NA	NA	NA	NA	NA	NA	NA	NA	NA	NA	NA	NA	NA	NA	NA	NA
NA	NA	NA	NA	NA	NA	NA	NA	NA	NA	NA	NA	NA	NA	NA	NA
NA	NA	NA	NA	NA	NA	NA	NA	NA	NA	NA	NA	NA	NA	NA	NA
NA	NA	NA	NA	NA	NA	NA	NA	NA	NA	NA	NA	NA	NA	NA	NA
NA	NA	NA	NA	NA	NA	NA	NA	NA	NA	NA	NA	NA	NA	NA	NA
NA	NA	NA	NA	NA	NA	NA	NA	NA	NA	NA	NA	NA	NA	NA	NA
NA	NA	NA	NA	NA	NA	NA	NA	NA	NA	NA	NA	NA	NA	NA	NA
NA	NA	NA	NA	NA	NA	NA	NA	NA	NA	NA	NA	NA	NA	NA	NA
NA	NA	NA	NA	NA	NA	NA	NA	NA	NA	NA	NA	NA	NA	NA	NA
NA	NA	NA	NA	NA	NA	NA	NA	NA	NA	NA	NA	NA	NA	NA	NA
NA	NA	NA	NA	NA	NA	NA	NA	NA	NA	NA	NA	NA	NA	NA	NA
NA	NA	NA	NA	NA	NA	NA	NA	NA	NA	NA	NA	NA	NA	NA	NA
NA	NA	NA	NA	NA	NA	NA	NA	NA	NA	NA	NA	NA	NA	NA	NA
NA	NA	NA	NA	NA	NA	NA	NA	NA	NA	NA	NA	NA	NA	NA	NA
NA	NA	NA	NA	NA	NA	NA	NA	NA	NA	NA	NA	NA	NA	NA	NA
NA	NA	NA	NA	NA	NA	NA	NA	NA	NA	NA	NA	NA	NA	NA	NA
NA	NA	NA	NA	NA	NA	NA	NA	NA	NA	NA	NA	NA	NA	NA	NA
NA	NA	NA	NA	NA	NA	NA	NA	NA	NA	NA	NA	NA	NA	NA	NA
NA	NA	NA	NA	NA	NA	NA	NA	NA	NA	NA	NA	NA	NA	NA	NA
NA	NA	NA	NA	NA	NA	NA	NA	NA	NA	NA	NA	NA	NA	NA	NA
NA	NA	NA	NA	NA	NA	NA	NA	NA	NA	NA	NA	NA	NA	NA	NA
NA	NA	NA	NA	NA	NA	NA	NA	NA	NA	NA	NA	NA	NA	NA	NA
NA	NA	NA	NA	NA	NA	NA	NA	NA	NA	NA	NA	NA	NA	NA	NA
NA	NA	NA	NA	NA	NA	NA	NA	NA	NA	NA	NA	NA	NA	NA	NA
NA	NA	NA	NA	NA	NA	NA	NA	NA	NA	NA	NA	NA	NA	NA	NA
NA	NA	NA	NA	NA	NA	NA	NA	NA	NA	NA	NA	NA	NA	NA	NA
NA	NA	NA	NA	NA	NA	NA	NA	NA	NA	NA	NA	NA	NA	NA	NA
NA	NA	NA	NA	NA	NA	NA	NA	NA	NA	NA	NA	NA	NA	NA	NA
NA	NA	NA	NA	NA	NA	NA	NA	NA	NA	NA	NA	NA	NA	NA	NA
NA	NA	NA	NA	NA	NA	NA	NA	NA	NA	NA	NA	NA	NA	NA	NA
NA	NA	NA	NA	NA	NA	NA	NA	NA	NA	NA	NA	NA	NA	NA	NA
NA	NA	NA	NA	NA	NA	NA	NA	NA	NA	NA	NA	NA	NA	NA	NA
NA	NA	NA	NA	NA	NA	NA	NA	NA	NA	NA	NA	NA	NA	NA	NA
NA	NA	NA	NA	NA	NA	NA	NA	NA	NA	NA	NA	NA	NA	NA	NA
NA	NA	NA	NA	NA	NA	NA	NA	NA	NA	NA	NA	NA	NA	NA	NA
NA	NA	NA	NA	NA	NA	NA	NA	NA	NA	NA	NA	NA	NA	NA	NA
NA	NA	NA	NA	NA	NA	NA	NA	NA	NA	NA	NA	NA	NA	NA	NA
NA	NA	NA	NA	NA	NA	NA	NA	NA	NA	NA	NA	NA	NA	NA	NA
NA	NA	NA	NA	NA	NA	NA	NA	NA	NA	NA	NA	NA	NA	NA	NA
NA	NA	NA	NA	NA	NA	NA	NA	NA	NA	NA	NA	NA	NA	NA	NA
NA	NA	NA	NA	NA	NA	NA	NA	NA	NA	NA	NA	NA	NA	NA	NA
NA	NA	NA	NA	NA	NA	NA	NA	NA	NA	NA	NA	NA	NA	NA	NA
NA	NA	NA	NA	NA	NA	NA	NA	NA	NA	NA	NA	NA	NA	NA	NA
NA	NA	NA	NA	NA	NA	NA	NA	NA	NA	NA	NA	NA	NA	NA	NA
NA	NA	NA	NA	NA	NA	NA	NA	NA	NA	NA	NA	NA	NA	NA	NA
NA	NA	NA	NA	NA	NA	NA	NA	NA	NA	NA	NA	NA	NA	NA	NA
NA	NA	NA	NA	NA	NA	NA	NA	NA	NA	NA	NA	NA	NA	NA	NA
NA	NA	NA	NA	NA	NA	NA	NA	NA	NA	NA	NA	NA	NA	NA	NA
NA	NA	NA	NA	NA	NA	NA	NA	NA	NA	NA	NA	NA	NA	NA	NA
NA	NA	NA	NA	NA	NA	NA	NA	NA	NA	NA	NA	NA	NA	NA	NA
NA	NA	NA	NA	NA	NA	NA	NA	NA	NA	NA	NA	NA	NA	NA	NA
NA	NA	NA	NA	NA	NA	NA	NA	NA	NA	NA	NA	NA	NA	NA	NA
NA	NA	NA	NA	NA	NA	NA	NA	NA	NA	NA	NA	NA	NA	NA	NA
NA	NA	NA	NA	NA	NA	NA	NA	NA	NA	NA	NA	NA	NA	NA	NA
NA	NA	NA	NA	NA	NA	NA	NA	NA	NA	NA	NA	NA	NA	NA	NA
NA	NA	NA	NA	NA	NA	NA	NA	NA	NA	NA	NA	NA	NA	NA	NA
NA	NA	NA	NA	NA	NA	NA	NA	NA	NA	NA	NA	NA	NA	NA	NA
NA	NA	NA	NA	NA	NA	NA	NA	NA	NA	NA	NA	NA	NA	NA	NA
NA	NA	NA	NA	NA	NA	NA	NA	NA	NA	NA	NA	NA	NA	NA	NA
NA	NA	NA	NA	NA	NA	NA	NA	NA	NA	NA	NA	NA	NA	NA	NA
NA	NA	NA	NA	NA	NA	NA	NA	NA	NA	NA	NA	NA	NA	NA	NA
NA	NA	NA	NA	NA	NA	NA	NA	NA	NA	NA	NA	NA	NA	NA	NA
NA	NA	NA	NA	NA	NA	NA	NA	NA	NA	NA	NA	NA	NA	NA	NA
NA	NA	NA	NA	NA	NA	NA	NA	NA	NA	NA	NA	NA	NA	NA	NA
NA	NA	NA	NA	NA	NA	NA	NA	NA	NA	NA	NA	NA	NA	NA	NA
NA	NA	NA	NA	NA	NA	NA	NA	NA	NA	NA	NA	NA	NA	NA	NA
NA	NA	NA	NA	NA	NA	NA	NA	NA	NA	NA	NA	NA	NA	NA	NA
NA	NA	NA	NA	NA	NA	NA	NA	NA	NA	NA	NA	NA	NA	NA	NA
NA	NA	NA	NA	NA	NA	NA	NA	NA	NA	NA	NA	NA	NA	NA	NA
NA	NA	NA	NA	NA	NA	NA	NA	NA	NA	NA	NA	NA	NA	NA	NA
NA	NA	NA	NA	NA	NA	NA	NA	NA	NA	NA	NA	NA	NA	NA	NA
NA	NA	NA	NA	NA	NA	NA	NA	NA	NA	NA	NA	NA	NA	NA	NA
NA	NA	NA	NA	NA	NA	NA	NA	NA	NA	NA	NA	NA	NA	NA	NA
NA	NA	NA	NA	NA	NA	NA	NA	NA	NA	NA	NA	NA	NA	NA	NA
NA	NA	NA	NA	NA	NA	NA	NA	NA	NA	NA	NA	NA	NA	NA	NA
NA	NA	NA	NA	NA	NA	NA	NA	NA	NA	NA	NA	NA	NA	NA	NA
NA	NA	NA	NA	NA	NA	NA	NA	NA	NA	NA	NA	NA	NA	NA	NA
NA	NA	NA	NA	NA	NA	NA	NA	NA	NA	NA	NA	NA	NA	NA	NA
NA	NA	NA	NA	NA	NA	NA	NA	NA	NA	NA	NA	NA	NA	NA	NA
NA	NA	NA	NA	NA	NA	NA	NA	NA	NA	NA	NA	NA	NA	NA	NA
NA	NA	NA	NA	NA	NA	NA	NA	NA	NA	NA	NA	NA	NA	NA	NA
NA	NA	NA	NA	NA	NA	NA	NA	NA	NA	NA	NA	NA	NA	NA	NA
NA	NA	NA	NA	NA	NA	NA	NA	NA	NA	NA	NA	NA	NA	NA	NA
NA	NA	NA	NA	NA	NA	NA	NA	NA	NA	NA	NA	NA	NA	NA	NA
NA	NA	NA	NA	NA	NA	NA	NA	NA	NA	NA	NA	NA	NA	NA	NA
NA	NA	NA	NA	NA	NA	NA	NA	NA	NA	NA	NA	NA	NA	NA	NA
NA	NA	NA	NA	NA	NA	NA	NA	NA	NA	NA	NA	NA	NA	NA	NA
NA	NA	NA	NA	NA	NA	NA	NA	NA	NA	NA	NA	NA	NA	NA	NA
NA	NA	NA	NA	NA	NA	NA	NA	NA	NA	NA	NA	NA	NA	NA	NA
NA	NA	NA	NA	NA	NA	NA	NA	NA	NA	NA	NA	NA	NA	NA	NA
NA	NA	NA	NA	NA	NA	NA	NA	NA	NA	NA	NA	NA	NA	NA	NA
NA	NA	NA	NA	NA	NA	NA	NA	NA	NA	NA	NA	NA	NA	NA	NA
NA	NA	NA	NA	NA	NA	NA	NA	NA	NA	NA	NA	NA	NA	NA	NA
NA	NA	NA	NA	NA	NA	NA	NA	NA	NA	NA	NA	NA	NA	NA	NA
NA	NA	NA	NA	NA	NA	NA	NA	NA	NA	NA	NA	NA	NA	NA	NA
NA	NA	NA	NA	NA	NA	NA	NA	NA	NA	NA	NA	NA	NA	NA	NA
NA	NA	NA	NA	NA	NA	NA	NA	NA	NA	NA	NA	NA	NA	NA	NA
NA	NA	NA	NA	NA	NA	NA	NA	NA	NA	NA	NA	NA	NA	NA	NA
NA	NA	NA	NA	NA	NA	NA	NA	NA	NA	NA	NA	NA	NA	NA	NA
NA	NA	NA	NA	NA	NA	NA	NA	NA	NA	NA	NA	NA	NA	NA	NA
NA	NA	NA	NA	NA	NA	NA	NA	NA	NA	NA	NA	NA	NA	NA	NA
NA	NA	NA	NA	NA	NA	NA	NA	NA	NA	NA	NA	NA	NA	NA	NA
NA	NA	NA	NA	NA	NA	NA	NA	NA	NA	NA	NA	NA	NA	NA	NA
NA	NA	NA	NA	NA	NA	NA	NA	NA	NA	NA	NA	NA	NA	NA	NA
NA	NA	NA	NA	NA	NA	NA	NA	NA	NA	NA	NA	NA	NA	NA	NA
NA	NA	NA	NA	NA	NA	NA	NA	NA	NA	NA	NA	NA	NA	NA	NA
NA	NA	NA	NA	NA	NA	NA	NA	NA	NA	NA	NA	NA	NA	NA	NA
NA	NA	NA	NA	NA	NA	NA	NA	NA	NA	NA	NA	NA	NA	NA	NA
NA	NA	NA	NA	NA	NA	NA	NA	NA	NA	NA	NA	NA	NA	NA	NA
NA	NA	NA	NA	NA	NA	NA	NA	NA	NA	NA	NA	NA	NA	NA	NA
NA	NA	NA	NA	NA	NA	NA	NA	NA	NA	NA	NA	NA	NA	NA	NA
NA	NA	NA	NA	NA	NA	NA	NA	NA	NA	NA	NA	NA	NA	NA	NA
NA	NA	NA	NA	NA	NA	NA	NA	NA	NA	NA	NA	NA	NA	NA	NA
NA	NA	NA	NA	NA	NA	NA	NA	NA	NA	NA	NA	NA	NA	NA	NA
NA	NA	NA	NA	NA	NA	NA	NA	NA	NA	NA	NA	NA	NA	NA	NA
NA	NA	NA	NA	NA	NA	NA	NA	NA	NA	NA	NA	NA	NA	NA	NA
NA	NA	NA	NA	NA	NA	NA	NA	NA	NA	NA	NA	NA	NA	NA	NA
NA	NA	NA	NA	NA	NA	NA	NA	NA	NA	NA	NA	NA	NA	NA	NA
NA	NA	NA	NA	NA	NA	NA	NA	NA	NA	NA	NA	NA	NA	NA	NA
NA	NA	NA	NA	NA	NA	NA	NA	NA	NA	NA	NA	NA	NA	NA	NA
NA	NA	NA	NA	NA	NA	NA	NA	NA	NA	NA	NA	NA	NA	NA	NA
NA	NA	NA	NA	NA	NA	NA	NA	NA	NA	NA	NA	NA	NA	NA	NA
NA	NA	NA	NA	NA	NA	NA	NA	NA	NA	NA	NA	NA	NA	NA	NA
NA	NA	NA	NA	NA	NA	NA	NA	NA	NA	NA	NA	NA	NA	NA	NA
NA	NA	NA	NA	NA	NA	NA	NA	NA	NA	NA	NA	NA	NA	NA	NA
NA	NA	NA	NA	NA	NA	NA	NA	NA	NA	NA	NA	NA	NA	NA	NA
NA	NA	NA	NA	NA	NA	NA	NA	NA	NA	NA	NA	NA	NA	NA	NA
NA	NA	NA	NA	NA	NA	NA	NA	NA	NA	NA	NA	NA	NA	NA	NA
NA	NA	NA	NA	NA	NA	NA	NA	NA	NA	NA	NA	NA	NA	NA	NA
NA	NA	NA	NA	NA	NA	NA	NA	NA	NA	NA	NA	NA	NA	NA	NA
NA	NA	NA	NA	NA	NA	NA	NA	NA	NA	NA	NA	NA	NA	NA	NA
NA	NA	NA	NA	NA	NA	NA	NA	NA	NA	NA	NA	NA	NA	NA	NA
NA	NA	NA	NA	NA	NA	NA	NA	NA	NA	NA	NA	NA	NA	NA	NA
NA	NA	NA	NA	NA	NA	NA	NA	NA	NA	NA	NA	NA	NA	NA	NA
NA	NA	NA	NA	NA	NA	NA	NA	NA	NA	NA	NA	NA	NA	NA	NA
NA	NA	NA	NA	NA	NA	NA	NA	NA	NA	NA	NA	NA	NA	NA	NA
NA	NA	NA	NA	NA	NA	NA	NA	NA	NA	NA	NA	NA	NA	NA	NA
NA	NA	NA	NA	NA	NA	NA	NA	NA	NA	NA	NA	NA	NA	NA	NA
NA	NA	NA	NA	NA	NA	NA	NA	NA	NA	NA	NA	NA	NA	NA	NA
NA	NA	NA	NA	NA	NA	NA	NA	NA	NA	NA	NA	NA	NA	NA	NA
NA	NA	NA	NA	NA	NA	NA	NA	NA	NA	NA	NA	NA	NA	NA	NA
NA	NA	NA	NA	NA	NA	NA	NA	NA	NA	NA	NA	NA	NA	NA	NA
NA	NA	NA	NA	NA	NA	NA	NA	NA	NA	NA	NA	NA	NA	NA	NA
NA	NA	NA	NA	NA	NA	NA	NA	NA	NA	NA	NA	NA	NA	NA	NA
NA	NA	NA	NA	NA	NA	NA	NA	NA	NA	NA	NA	NA	NA	NA	NA
NA	NA	NA	NA	NA	NA	NA	NA	NA	NA	NA	NA	NA	NA	NA	NA
NA	NA	NA	NA	NA	NA	NA	NA	NA	NA	NA	NA	NA	NA	NA	NA
NA	NA	NA	NA	NA	NA	NA	NA	NA	NA	NA	NA	NA	NA	NA	NA
NA	NA	NA	NA	NA	NA	NA	NA	NA	NA	NA	NA	NA	NA	NA	NA
NA	NA	NA	NA	NA	NA	NA	NA	NA	NA	NA	NA	NA	NA	NA	NA
NA	NA	NA	NA	NA	NA	NA	NA	NA	NA	NA	NA	NA	NA	NA	NA
NA	NA	NA	NA	NA	NA	NA	NA	NA	NA	NA	NA	NA	NA	NA	NA
NA	NA	NA	NA	NA	NA	NA	NA	NA	NA	NA	NA	NA	NA	NA	NA
NA	NA	NA	NA	NA	NA	NA	NA	NA	NA	NA	NA	NA	NA	NA	NA
NA	NA	NA	NA	NA	NA	NA	NA	NA	NA	NA	NA	NA	NA	NA	NA
NA	NA	NA	NA	NA	NA	NA	NA	NA	NA	NA	NA	NA	NA	NA	NA
NA	NA	NA	NA	NA	NA	NA	NA	NA	NA	NA	NA	NA	NA	NA	NA
NA	NA	NA	NA	NA	NA	NA	NA	NA	NA	NA	NA	NA	NA	NA	NA
NA	NA	NA	NA	NA	NA	NA	NA	NA	NA	NA	NA	NA	NA	NA	NA
NA	NA	NA	NA	NA	NA	NA	NA	NA	NA	NA	NA	NA	NA	NA	NA
NA	NA	NA	NA	NA	NA	NA	NA	NA	NA	NA	NA	NA	NA	NA	NA
NA	NA	NA	NA	NA	NA	NA	NA	NA	NA	NA	NA	NA	NA	NA	NA
NA	NA	NA	NA	NA	NA	NA	NA	NA	NA	NA	NA	NA	NA	NA	NA
NA	NA	NA	NA	NA	NA	NA	NA	NA	NA	NA	NA	NA	NA	NA	NA
NA	NA	NA	NA	NA	NA	NA	NA	NA	NA	NA	NA	NA	NA	NA	NA
NA	NA	NA	NA	NA	NA	NA	NA	NA	NA	NA	NA	NA	NA	NA	NA
NA	NA	NA	NA	NA	NA	NA	NA	NA	NA	NA	NA	NA	NA	NA	NA
NA	NA	NA	NA	NA	NA	NA	NA	NA	NA	NA	NA	NA	NA	NA	NA
NA	NA	NA	NA	NA	NA	NA	NA	NA	NA	NA	NA	NA	NA	NA	NA
NA	NA	NA	NA	NA	NA	NA	NA	NA	NA	NA	NA	NA	NA	NA	NA
NA	NA	NA	NA	NA	NA	NA	NA	NA	NA	NA	NA	NA	NA	NA	NA
NA	NA	NA	NA	NA	NA	NA	NA	NA	NA	NA	NA	NA	NA	NA	NA
NA	NA	NA	NA	NA	NA	NA	NA	NA	NA	NA	NA	NA	NA	NA	NA
NA	NA	NA	NA	NA	NA	NA	NA	NA	NA	NA	NA	NA	NA	NA	NA
NA	NA	NA	NA	NA	NA	NA	NA	NA	NA	NA	NA	NA	NA	NA	NA
NA	NA	NA	NA	NA	NA	NA	NA	NA	NA	NA	NA	NA	NA	NA	NA
NA	NA	NA	NA	NA	NA	NA	NA	NA	NA	NA	NA	NA	NA	NA	NA
NA	NA	NA	NA	NA	NA	NA	NA	NA	NA	NA	NA	NA	NA	NA	NA
NA	NA	NA	NA	NA	NA	NA	NA	NA	NA	NA	NA	NA	NA	NA	NA
NA	NA	NA	NA	NA	NA	NA	NA	NA	NA	NA	NA	NA	NA	NA	NA
NA	NA	NA	NA	NA	NA	NA	NA	NA	NA	NA	NA	NA	NA	NA	NA
NA	NA	NA	NA	NA	NA	NA	NA	NA	NA	NA	NA	NA	NA	NA	NA
NA	NA	NA	NA	NA	NA	NA	NA	NA	NA	NA	NA	NA	NA	NA	NA
NA	NA	NA	NA	NA	NA	NA	NA	NA	NA	NA	NA	NA	NA	NA	NA
NA	NA	NA	NA	NA	NA	NA	NA	NA	NA	NA	NA	NA	NA	NA	NA
NA	NA	NA	NA	NA	NA	NA	NA	NA	NA	NA	NA	NA	NA	NA	NA
NA	NA	NA	NA	NA	NA	NA	NA	NA	NA	NA	NA	NA	NA	NA	NA
NA	NA	NA	NA	NA	NA	NA	NA	NA	NA	NA	NA	NA	NA	NA	NA
NA	NA	NA	NA	NA	NA	NA	NA	NA	NA	NA	NA	NA	NA	NA	NA
NA	NA	NA	NA	NA	NA	NA	NA	NA	NA	NA	NA	NA	NA	NA	NA
NA	NA	NA	NA	NA	NA	NA	NA	NA	NA	NA	NA	NA	NA	NA	NA
NA	NA	NA	NA	NA	NA	NA	NA	NA	NA	NA	NA	NA	NA	NA	NA
NA	NA	NA	NA	NA	NA	NA	NA	NA	NA	NA	NA	NA	NA	NA	NA
NA	NA	NA	NA	NA	NA	NA	NA	NA	NA	NA	NA	NA	NA	NA	NA
NA	NA	NA	NA	NA	NA	NA	NA	NA	NA	NA	NA	NA	NA	NA	NA
NA	NA	NA	NA	NA	NA	NA	NA	NA	NA	NA	NA	NA	NA	NA	NA
NA	NA	NA	NA	NA	NA	NA	NA	NA	NA	NA	NA	NA	NA	NA	NA
NA	NA	NA	NA	NA	NA	NA	NA	NA	NA	NA	NA	NA	NA	NA	NA
NA	NA	NA	NA	NA	NA	NA	NA	NA	NA	NA	NA	NA	NA	NA	NA
NA	NA	NA	NA	NA	NA	NA	NA	NA	NA	NA	NA	NA	NA	NA	NA
NA	NA	NA	NA	NA	NA	NA	NA	NA	NA	NA	NA	NA	NA	NA	NA
NA	NA	NA	NA	NA	NA	NA	NA	NA	NA	NA	NA	NA	NA	NA	NA
NA	NA	NA	NA	NA	NA	NA	NA	NA	NA	NA	NA	NA	NA	NA	NA
NA	NA	NA	NA	NA	NA	NA	NA	NA	NA	NA	NA	NA	NA	NA	NA
NA	NA	NA	NA	NA	NA	NA	NA	NA	NA	NA	NA	NA	NA	NA	NA
NA	NA	NA	NA	NA	NA	NA	NA	NA	NA	NA	NA	NA	NA	NA	NA
NA	NA	NA	NA	NA	NA	NA	NA	NA	NA	NA	NA	NA	NA	NA	NA
NA	NA	NA	NA	NA	NA	NA	NA	NA	NA	NA	NA	NA	NA	NA	NA
NA	NA	NA	NA	NA	NA	NA	NA	NA	NA	NA	NA	NA	NA	NA	NA
NA	NA	NA	NA	NA	NA	NA	NA	NA	NA	NA	NA	NA	NA	NA	NA
NA	NA	NA	NA	NA	NA	NA	NA	NA	NA	NA	NA	NA	NA	NA	NA
NA	NA	NA	NA	NA	NA	NA	NA	NA	NA	NA	NA	NA	NA	NA	NA
NA	NA	NA	NA	NA	NA	NA	NA	NA	NA	NA	NA	NA	NA	NA	NA
NA	NA	NA	NA	NA	NA	NA	NA	NA	NA	NA	NA	NA	NA	NA	NA
NA	NA	NA	NA	NA	NA	NA	NA	NA	NA	NA	NA	NA	NA	NA	NA
NA	NA	NA	NA	NA	NA	NA	NA	NA	NA	NA	NA	NA	NA	NA	NA
NA	NA	NA	NA	NA	NA	NA	NA	NA	NA	NA	NA	NA	NA	NA	NA
NA	NA	NA	NA	NA	NA	NA	NA	NA	NA	NA	NA	NA	NA	NA	NA
NA	NA	NA	NA	NA	NA	NA	NA	NA	NA	NA	NA	NA	NA	NA	NA
NA	NA	NA	NA	NA	NA	NA	NA	NA	NA	NA	NA	NA	NA	NA	NA
NA	NA	NA	NA	NA	NA	NA	NA	NA	NA	NA	NA	NA	NA	NA	NA
NA	NA	NA	NA	NA	NA	NA	NA	NA	NA	NA	NA	NA	NA	NA	NA
NA	NA	NA	NA	NA	NA	NA	NA	NA	NA	NA	NA	NA	NA	NA	NA
NA	NA	NA	NA	NA	NA	NA	NA	NA	NA	NA	NA	NA	NA	NA	NA
NA	NA	NA	NA	NA	NA	NA	NA	NA	NA	NA	NA	NA	NA	NA	NA
NA	NA	NA	NA	NA	NA	NA	NA	NA	NA	NA	NA	NA	NA	NA	NA
NA	NA	NA	NA	NA	NA	NA	NA	NA	NA	NA	NA	NA	NA	NA	NA
NA	NA	NA	NA	NA	NA	NA	NA	NA	NA	NA	NA	NA	NA	NA	NA
NA	NA	NA	NA	NA	NA	NA	NA	NA	NA	NA	NA	NA	NA	NA	NA
NA	NA	NA	NA	NA	NA	NA	NA	NA	NA	NA	NA	NA	NA	NA	NA
NA	NA	NA	NA	NA	NA	NA	NA	NA	NA	NA	NA	NA	NA	NA	NA
NA	NA	NA	NA	NA	NA	NA	NA	NA	NA	NA	NA	NA	NA	NA	NA
NA	NA	NA	NA	NA	NA	NA	NA	NA	NA	NA	NA	NA	NA	NA	NA
NA	NA	NA	NA	NA	NA	NA	NA	NA	NA	NA	NA	NA	NA	NA	NA
NA	NA	NA	NA	NA	NA	NA	NA	NA	NA	NA	NA	NA	NA	NA	NA
NA	NA	NA	NA	NA	NA	NA	NA	NA	NA	NA	NA	NA	NA	NA	NA
NA	NA	NA	NA	NA	NA	NA	NA	NA	NA	NA	NA	NA	NA	NA	NA
NA	NA	NA	NA	NA	NA	NA	NA	NA	NA	NA	NA	NA	NA	NA	NA
NA	NA	NA	NA	NA	NA	NA	NA	NA	NA	NA	NA	NA	NA	NA	NA
NA	NA	NA	NA	NA	NA	NA	NA	NA	NA	NA	NA	NA	NA	NA	NA
NA	NA	NA	NA	NA	NA	NA	NA	NA	NA	NA	NA	NA	NA	NA	NA
NA	NA	NA	NA	NA	NA	NA	NA	NA	NA	NA	NA	NA	NA	NA	NA
NA	NA	NA	NA	NA	NA	NA	NA	NA	NA	NA	NA	NA	NA	NA	NA
NA	NA	NA	NA	NA	NA	NA	NA	NA	NA	NA	NA	NA	NA	NA	NA
NA	NA	NA	NA	NA	NA	NA	NA	NA	NA	NA	NA	NA	NA	NA	NA
NA	NA	NA	NA	NA	NA	NA	NA	NA	NA	NA	NA	NA	NA	NA	NA
NA	NA	NA	NA	NA	NA	NA	NA	NA	NA	NA	NA	NA	NA	NA	NA
NA	NA	NA	NA	NA	NA	NA	NA	NA	NA	NA	NA	NA	NA	NA	NA
NA	NA	NA	NA	NA	NA	NA	NA	NA	NA	NA	NA	NA	NA	NA	NA
NA	NA	NA	NA	NA	NA	NA	NA	NA	NA	NA	NA	NA	NA	NA	NA
NA	NA	NA	NA	NA	NA	NA	NA	NA	NA	NA	NA	NA	NA	NA	NA
NA	NA	NA	NA	NA	NA	NA	NA	NA	NA	NA	NA	NA	NA	NA	NA
NA	NA	NA	NA	NA	NA	NA	NA	NA	NA	NA	NA	NA	NA	NA	NA
NA	NA	NA	NA	NA	NA	NA	NA	NA	NA	NA	NA	NA	NA	NA	NA
NA	NA	NA	NA	NA	NA	NA	NA	NA	NA	NA	NA	NA	NA	NA	NA
NA	NA	NA	NA	NA	NA	NA	NA	NA	NA	NA	NA	NA	NA	NA	NA
NA	NA	NA	NA	NA	NA	NA	NA	NA	NA	NA	NA	NA	NA	NA	NA
NA	NA	NA	NA	NA	NA	NA	NA	NA	NA	NA	NA	NA	NA	NA	NA
NA	NA	NA	NA	NA	NA	NA	NA	NA	NA	NA	NA	NA	NA	NA	NA
NA	NA	NA	NA	NA	NA	NA	NA	NA	NA	NA	NA	NA	NA	NA	NA
NA	NA	NA	NA	NA	NA	NA	NA	NA	NA	NA	NA	NA	NA	NA	NA
NA	NA	NA	NA	NA	NA	NA	NA	NA	NA	NA	NA	NA	NA	NA	NA
NA	NA	NA	NA	NA	NA	NA	NA	NA	NA	NA	NA	NA	NA	NA	NA
NA	NA	NA	NA	NA	NA	NA	NA	NA	NA	NA	NA	NA	NA	NA	NA
NA	NA	NA	NA	NA	NA	NA	NA	NA	NA	NA	NA	NA	NA	NA	NA
NA	NA	NA	NA	NA	NA	NA	NA	NA	NA	NA	NA	NA	NA	NA	NA
NA	NA	NA	NA	NA	NA	NA	NA	NA	NA	NA	NA	NA	NA	NA	NA
NA	NA	NA	NA	NA	NA	NA	NA	NA	NA	NA	NA	NA	NA	NA	NA
NA	NA	NA	NA	NA	NA	NA	NA	NA	NA	NA	NA	NA	NA	NA	NA
NA	NA	NA	NA	NA	NA	NA	NA	NA	NA	NA	NA	NA	NA	NA	NA
NA	NA	NA	NA	NA	NA	NA	NA	NA	NA	NA	NA	NA	NA	NA	NA
NA	NA	NA	NA	NA	NA	NA	NA	NA	NA	NA	NA	NA	NA	NA	NA
NA	NA	NA	NA	NA	NA	NA	NA	NA	NA	NA	NA	NA	NA	NA	NA
NA	NA	NA	NA	NA	NA	NA	NA	NA	NA	NA	NA	NA	NA	NA	NA
NA	NA	NA	NA	NA	NA	NA	NA	NA	NA	NA	NA	NA	NA	NA	NA
NA	NA	NA	NA	NA	NA	NA	NA	NA	NA	NA	NA	NA	NA	NA	NA
NA	NA	NA	NA	NA	NA	NA	NA	NA	NA	NA	NA	NA	NA	NA	NA
NA	NA	NA	NA	NA	NA	NA	NA	NA	NA	NA	NA	NA	NA	NA	NA
NA	NA	NA	NA	NA	NA	NA	NA	NA	NA	NA	NA	NA	NA	NA	NA
NA	NA	NA	NA	NA	NA	NA	NA	NA	NA	NA	NA	NA	NA	NA	NA
NA	NA	NA	NA	NA	NA	NA	NA	NA	NA	NA	NA	NA	NA	NA	NA
NA	NA	NA	NA	NA	NA	NA	NA	NA	NA	NA	NA	NA	NA	NA	NA
NA	NA	NA	NA	NA	NA	NA	NA	NA	NA	NA	NA	NA	NA	NA	NA
NA	NA	NA	NA	NA	NA	NA	NA	NA	NA	NA	NA	NA	NA	NA	NA
NA	NA	NA	NA	NA	NA	NA	NA	NA	NA	NA	NA	NA	NA	NA	NA
NA	NA	NA	NA	NA	NA	NA	NA	NA	NA	NA	NA	NA	NA	NA	NA
NA	NA	NA	NA	NA	NA	NA	NA	NA	NA	NA	NA	NA	NA	NA	NA
NA	NA	NA	NA	NA	NA	NA	NA	NA	NA	NA	NA	NA	NA	NA	NA
NA	NA	NA	NA	NA	NA	NA	NA	NA	NA	NA	NA	NA	NA	NA	NA
NA	NA	NA	NA	NA	NA	NA	NA	NA	NA	NA	NA	NA	NA	NA	NA
NA	NA	NA	NA	NA	NA	NA	NA	NA	NA	NA	NA	NA	NA	NA	NA
NA	NA	NA	NA	NA	NA	NA	NA	NA	NA	NA	NA	NA	NA	NA	NA
NA	NA	NA	NA	NA	NA	NA	NA	NA	NA	NA	NA	NA	NA	NA	NA
NA	NA	NA	NA	NA	NA	NA	NA	NA	NA	NA	NA	NA	NA	NA	NA
NA	NA	NA	NA	NA	NA	NA	NA	NA	NA	NA	NA	NA	NA	NA	NA
NA	NA	NA	NA	NA	NA	NA	NA	NA	NA	NA	NA	NA	NA	NA	NA
NA	NA	NA	NA	NA	NA	NA	NA	NA	NA	NA	NA	NA	NA	NA	NA
NA	NA	NA	NA	NA	NA	NA	NA	NA	NA	NA	NA	NA	NA	NA	NA
NA	NA	NA	NA	NA	NA	NA	NA	NA	NA	NA	NA	NA	NA	NA	NA
NA	NA	NA	NA	NA	NA	NA	NA	NA	NA	NA	NA	NA	NA	NA	NA
NA	NA	NA	NA	NA	NA	NA	NA	NA	NA	NA	NA	NA	NA	NA	NA
NA	NA	NA	NA	NA	NA	NA	NA	NA	NA	NA	NA	NA	NA	NA	NA
NA	NA	NA	NA	NA	NA	NA	NA	NA	NA	NA	NA	NA	NA	NA	NA
NA	NA	NA	NA	NA	NA	NA	NA	NA	NA	NA	NA	NA	NA	NA	NA
NA	NA	NA	NA	NA	NA	NA	NA	NA	NA	NA	NA	NA	NA	NA	NA
NA	NA	NA	NA	NA	NA	NA	NA	NA	NA	NA	NA	NA	NA	NA	NA
NA	NA	NA	NA	NA	NA	NA	NA	NA	NA	NA	NA	NA	NA	NA	NA
NA	NA	NA	NA	NA	NA	NA	NA	NA	NA	NA	NA	NA	NA	NA	NA
NA	NA	NA	NA	NA	NA	NA	NA	NA	NA	NA	NA	NA	NA	NA	NA
NA	NA	NA	NA	NA	NA	NA	NA	NA	NA	NA	NA	NA	NA	NA	NA
NA	NA	NA	NA	NA	NA	NA	NA	NA	NA	NA	NA	NA	NA	NA	NA
NA	NA	NA	NA	NA	NA	NA	NA	NA	NA	NA	NA	NA	NA	NA	NA
NA	NA	NA	NA	NA	NA	NA	NA	NA	NA	NA	NA	NA	NA	NA	NA
NA	NA	NA	NA	NA	NA	NA	NA	NA	NA	NA	NA	NA	NA	NA	NA
NA	NA	NA	NA	NA	NA	NA	NA	NA	NA	NA	NA	NA	NA	NA	NA
NA	NA	NA	NA	NA	NA	NA	NA	NA	NA	NA	NA	NA	NA	NA	NA
NA	NA	NA	NA	NA	NA	NA	NA	NA	NA	NA	NA	NA	NA	NA	NA
NA	NA	NA	NA	NA	NA	NA	NA	NA	NA	NA	NA	NA	NA	NA	NA
NA	NA	NA	NA	NA	NA	NA	NA	NA	NA	NA	NA	NA	NA	NA	NA
NA	NA	NA	NA	NA	NA	NA	NA	NA	NA	NA	NA	NA	NA	NA	NA
NA	NA	NA	NA	NA	NA	NA	NA	NA	NA	NA	NA	NA	NA	NA	NA
NA	NA	NA	NA	NA	NA	NA	NA	NA	NA	NA	NA	NA	NA	NA	NA
NA	NA	NA	NA	NA	NA	NA	NA	NA	NA	NA	NA	NA	NA	NA	NA
NA	NA	NA	NA	NA	NA	NA	NA	NA	NA	NA	NA	NA	NA	NA	NA
NA	NA	NA	NA	NA	NA	NA	NA	NA	NA	NA	NA	NA	NA	NA	NA
NA	NA	NA	NA	NA	NA	NA	NA	NA	NA	NA	NA	NA	NA	NA	NA
NA	NA	NA	NA	NA	NA	NA	NA	NA	NA	NA	NA	NA	NA	NA	NA
NA	NA	NA	NA	NA	NA	NA	NA	NA	NA	NA	NA	NA	NA	NA	NA
NA	NA	NA	NA	NA	NA	NA	NA	NA	NA	NA	NA	NA	NA	NA	NA
NA	NA	NA	NA	NA	NA	NA	NA	NA	NA	NA	NA	NA	NA	NA	NA
NA	NA	NA	NA	NA	NA	NA	NA	NA	NA	NA	NA	NA	NA	NA	NA
NA	NA	NA	NA	NA	NA	NA	NA	NA	NA	NA	NA	NA	NA	NA	NA
NA	NA	NA	NA	NA	NA	NA	NA	NA	NA	NA	NA	NA	NA	NA	NA
NA	NA	NA	NA	NA	NA	NA	NA	NA	NA	NA	NA	NA	NA	NA	NA
NA	NA	NA	NA	NA	NA	NA	NA	NA	NA	NA	NA	NA	NA	NA	NA
NA	NA	NA	NA	NA	NA	NA	NA	NA	NA	NA	NA	NA	NA	NA	NA
NA	NA	NA	NA	NA	NA	NA	NA	NA	NA	NA	NA	NA	NA	NA	NA
NA	NA	NA	NA	NA	NA	NA	NA	NA	NA	NA	NA	NA	NA	NA	NA
NA	NA	NA	NA	NA	NA	NA	NA	NA	NA	NA	NA	NA	NA	NA	NA
NA	NA	NA	NA	NA	NA	NA	NA	NA	NA	NA	NA	NA	NA	NA	NA
NA	NA	NA	NA	NA	NA	NA	NA	NA	NA	NA	NA	NA	NA	NA	NA
NA	NA	NA	NA	NA	NA	NA	NA	NA	NA	NA	NA	NA	NA	NA	NA
NA	NA	NA	NA	NA	NA	NA	NA	NA	NA	NA	NA	NA	NA	NA	NA
NA	NA	NA	NA	NA	NA	NA	NA	NA	NA	NA	NA	NA	NA	NA	NA
NA	NA	NA	NA	NA	NA	NA	NA	NA	NA	NA	NA	NA	NA	NA	NA
NA	NA	NA	NA	NA	NA	NA	NA	NA	NA	NA	NA	NA	NA	NA	NA
NA	NA	NA	NA	NA	NA	NA	NA	NA	NA	NA	NA	NA	NA	NA	NA
NA	NA	NA	NA	NA	NA	NA	NA	NA	NA	NA	NA	NA	NA	NA	NA
NA	NA	NA	NA	NA	NA	NA	NA	NA	NA	NA	NA	NA	NA	NA	NA
NA	NA	NA	NA	NA	NA	NA	NA	NA	NA	NA	NA	NA	NA	NA	NA
NA	NA	NA	NA	NA	NA	NA	NA	NA	NA	NA	NA	NA	NA	NA	NA
NA	NA	NA	NA	NA	NA	NA	NA	NA	NA	NA	NA	NA	NA	NA	NA
NA	NA	NA	NA	NA	NA	NA	NA	NA	NA	NA	NA	NA	NA	NA	NA
NA	NA	NA	NA	NA	NA	NA	NA	NA	NA	NA	NA	NA	NA	NA	NA
NA	NA	NA	NA	NA	NA	NA	NA	NA	NA	NA	NA	NA	NA	NA	NA
NA	NA	NA	NA	NA	NA	NA	NA	NA	NA	NA	NA	NA	NA	NA	NA
NA	NA	NA	NA	NA	NA	NA	NA	NA	NA	NA	NA	NA	NA	NA	NA
NA	NA	NA	NA	NA	NA	NA	NA	NA	NA	NA	NA	NA	NA	NA	NA
NA	NA	NA	NA	NA	NA	NA	NA	NA	NA	NA	NA	NA	NA	NA	NA
NA	NA	NA	NA	NA	NA	NA	NA	NA	NA	NA	NA	NA	NA	NA	NA
NA	NA	NA	NA	NA	NA	NA	NA	NA	NA	NA	NA	NA	NA	NA	NA
NA	NA	NA	NA	NA	NA	NA	NA	NA	NA	NA	NA	NA	NA	NA	NA
NA	NA	NA	NA	NA	NA	NA	NA	NA	NA	NA	NA	NA	NA	NA	NA
NA	NA	NA	NA	NA	NA	NA	NA	NA	NA	NA	NA	NA	NA	NA	NA
NA	NA	NA	NA	NA	NA	NA	NA	NA	NA	NA	NA	NA	NA	NA	NA
NA	NA	NA	NA	NA	NA	NA	NA	NA	NA	NA	NA	NA	NA	NA	NA
NA	NA	NA	NA	NA	NA	NA	NA	NA	NA	NA	NA	NA	NA	NA	NA
NA	NA	NA	NA	NA	NA	NA	NA	NA	NA	NA	NA	NA	NA	NA	NA
NA	NA	NA	NA	NA	NA	NA	NA	NA	NA	NA	NA	NA	NA	NA	NA
NA	NA	NA	NA	NA	NA	NA	NA	NA	NA	NA	NA	NA	NA	NA	NA
NA	NA	NA	NA	NA	NA	NA	NA	NA	NA	NA	NA	NA	NA	NA	NA
NA	NA	NA	NA	NA	NA	NA	NA	NA	NA	NA	NA	NA	NA	NA	NA
NA	NA	NA	NA	NA	NA	NA	NA	NA	NA	NA	NA	NA	NA	NA	NA
NA	NA	NA	NA	NA	NA	NA	NA	NA	NA	NA	NA	NA	NA	NA	NA
NA	NA	NA	NA	NA	NA	NA	NA	NA	NA	NA	NA	NA	NA	NA	NA
NA	NA	NA	NA	NA	NA	NA	NA	NA	NA	NA	NA	NA	NA	NA	NA
NA	NA	NA	NA	NA	NA	NA	NA	NA	NA	NA	NA	NA	NA	NA	NA
NA	NA	NA	NA	NA	NA	NA	NA	NA	NA	NA	NA	NA	NA	NA	NA
NA	NA	NA	NA	NA	NA	NA	NA	NA	NA	NA	NA	NA	NA	NA	NA
NA	NA	NA	NA	NA	NA	NA	NA	NA	NA	NA	NA	NA	NA	NA	NA
NA	NA	NA	NA	NA	NA	NA	NA	NA	NA	NA	NA	NA	NA	NA	NA
NA	NA	NA	NA	NA	NA	NA	NA	NA	NA	NA	NA	NA	NA	NA	NA
NA	NA	NA	NA	NA	NA	NA	NA	NA	NA	NA	NA	NA	NA	NA	NA
NA	NA	NA	NA	NA	NA	NA	NA	NA	NA	NA	NA	NA	NA	NA	NA
NA	NA	NA	NA	NA	NA	NA	NA	NA	NA	NA	NA	NA	NA	NA	NA
NA	NA	NA	NA	NA	NA	NA	NA	NA	NA	NA	NA	NA	NA	NA	NA
2.59923362333684	0.29648249022932	2.01812794248737	3.18033930418631	2.63918422345392	0.19308227355365	2.26074296728877	3.01762547961908	2.63918422345392	0.29648249022932	2.14143086771194	3.26115044407648	2.62453440589374	0.29508366251037	2.04564196629431	3.20342684549317
2.07883430625075	0.294361388490585	1.5018859848092	2.65578262769229	2.09092440121393	0.231679784022887	1.63683202452907	2.54501677789879	2.09092440121393	0.294361388490585	1.54651730805696	2.68514607924924	2.08862552951235	0.283870337179914	1.53174872435771	2.64550233466699
1.7234474050041	0.381381967352789	0.975938748992637	2.47095606101557	2.02236419801967	0.236501549132051	1.55882116172085	2.48590723431849	2.02236419801967	0.381381967352789	1.33693723583285	2.65662853521295	2.03299768155393	0.376576212300642	1.29417424052469	2.77182112258317
2.05149442241305	0.321049359393884	1.42223767800104	2.68075116682506	2.10765641659146	0.224709553814166	1.66722569111569	2.54808714206722	2.10765641659146	0.321049359393884	1.53465322876783	2.71390701992289	2.10965884340219	0.301834082223781	1.5175309583598	2.70178672844457
2.24588703429107	0.361976536674013	1.53641302241	2.95536104617213	2.20174155866175	0.236590267899265	1.73802463357919	2.66545848374431	2.20174155866175	0.361976536674013	1.59416513028947	2.89023280811948	2.21377006235374	0.348030153363038	1.53096491910033	2.89657520560716
1.78813834227086	0.220296536526829	1.35635713067828	2.21991955386345	1.80929645745985	0.170250556264905	1.47560536718064	2.14298754773906	1.80929645745985	0.220296536526829	1.37788873529222	2.24205905244261	1.80888899337771	0.217796154765911	1.38170612547203	2.23607186128338
2.01256568874013	0.284678548632703	1.45459573342003	2.57053564406023	2.08703944505833	0.209886353827719	1.67566219155601	2.49841669856066	2.08703944505833	0.284678548632703	1.60537080441928	2.66598854632674	2.09013982277511	0.274195706347911	1.552260922603	2.62801872294722
1.92897898823075	0.337935974740718	1.26662447773894	2.59133349872255	1.78619850477313	0.255700110845888	1.28502628751519	2.28737072203107	1.78619850477313	0.337935974740718	1.08907563385777	2.40033972421726	1.79258516335735	0.324512999332693	1.15594910159908	2.42922122511562
2.21782995933801	0.33032782047916	1.57038743119886	2.86527248747717	2.27352964390646	0.251039161046129	1.78149288825604	2.76556639955687	2.27352964390646	0.33032782047916	1.72174818644845	2.89137495706863	2.28116424593076	0.308840082983821	1.67528930467566	2.88703918718586
1.76448012164861	0.311470320787851	1.15399829290442	2.3749619503928	1.78789294335627	0.246947398478234	1.30387604233893	2.27190984437361	1.78789294335627	0.311470320787851	1.16980659668501	2.35049202622147	1.80312588162035	0.293903191362558	1.22657519230475	2.37967657093595
2.25186767451486	0.284800393549823	1.6936589031572	2.81007644587251	2.25197662613839	0.21386526977592	1.83280069737758	2.67115255489919	2.25197662613839	0.284800393549823	1.67582750442744	2.79622045445048	2.24487985863204	0.285118226247468	1.6855671116842	2.80419260557988
2.58739462041426	0.323450569914602	1.95343150338164	3.22135773744688	2.30894418326089	0.255336084023621	1.80848545857459	2.80940290794719	2.30894418326089	0.323450569914602	1.64408857325194	2.90509353146344	2.31719252347148	0.297210140578308	1.73414150674828	2.90024354019469
1.9217422023143	0.271992017565002	1.38863784788689	2.4548465567417	1.90723776828341	0.214253345970928	1.48730121018039	2.32717432638643	1.90723776828341	0.271992017565002	1.328195751203	2.45518333488964	1.91822927325544	0.260275892271586	1.40765495130312	2.42880359520777
1.86945478851304	0.254578541302208	1.37048084756071	2.36842872946536	1.8483850939673	0.206728965100862	1.44319632236961	2.25357386556499	1.8483850939673	0.254578541302208	1.36590645856537	2.38306766475806	1.8431998226534	0.253158619427727	1.34661167705816	2.33978796824865
2.0936530764997	0.475706780062565	1.16126778757707	3.02603836542232	2.13166855288039	0.275208841593716	1.5922592233567	2.67107788240407	2.13166855288039	0.475706780062565	1.5844404638514	2.71652219391473	2.13379739825926	0.417347272631654	1.31494794043963	2.9526468560789
1.88600974772205	0.794667950902087	0.328460563953964	3.44355893149015	2.26039385565292	0.427545947196893	1.42240379914701	3.09838391215883	2.26039385565292	0.794667950902087	1.56470844430252	3.1134138388834	2.2552108075429	0.71923070395844	0.843936641279794	3.66648497380601
1.89103427814995	0.249925138337922	1.40118100700762	2.38088754929228	1.80035204489546	0.178256106426201	1.45097007630011	2.14973401349082	1.80035204489546	0.249925138337922	1.33970791024844	2.23428397536422	1.8076344710555	0.244440216236757	1.32813037488059	2.2871385672304
1.50762455881282	0.323054218043633	0.874438291447302	2.14081082617834	1.51672515683731	0.239142690654393	1.0480054831547	1.98544483051992	1.51672515683731	0.323054218043633	0.828216726945888	2.0726385634001	1.53128697102926	0.30241506706268	0.938014308922224	2.12455963313629
1.56021665607022	0.312385900354617	0.947940291375169	2.17249302076527	1.57995617379935	0.243588418983781	1.10252287259114	2.05738947500756	1.57995617379935	0.312385900354617	1.02212561354545	2.23241171454915	1.59573817449499	0.301592674760051	1.00410133085428	2.1873750181357
1.86581949758895	0.230994826618447	1.41306963741679	2.31856935776111	1.76952567547434	0.175369809587313	1.42580084868321	2.11325050226548	1.76952567547434	0.230994826618447	1.30510256499947	2.20065689641245	1.77053480864082	0.225320779821951	1.32858815845359	2.21248145882805
1.95032963619322	0.479131623222838	1.01123165467645	2.88942761770998	1.92605779030739	0.345853653846341	1.24818462876856	2.60393095184622	1.92605779030739	0.479131623222838	0.839085139712331	2.82296550158534	1.9341835327858	0.464617770402761	1.02257696688861	2.84579009868299
1.62095878997668	0.309528256168619	1.01428340788619	2.22763417206717	1.74908873365136	0.235006716816619	1.28847556869079	2.20970189861193	1.74908873365136	0.309528256168619	1.07524035039363	2.3123070369643	1.75955537508089	0.298876599883497	1.17322466481304	2.34588608534875
1.63599193096259	0.300918867005799	1.04619095163122	2.22579291029395	1.70251032351614	0.218682784612658	1.27389206567533	2.13112858135695	1.70251032351614	0.300918867005799	1.12641125167677	2.28442732510356	1.71416777124543	0.290149260146629	1.14496450263289	2.28337103985797
1.53877482856069	0.399229894528347	0.756284235285128	2.32126542183625	1.53632209303201	0.298865280958116	0.9505461423541	2.12209804370992	1.53632209303201	0.399229894528347	0.753698700240958	2.35397499146917	1.54983346988802	0.380854211744378	0.802642280925073	2.29702465885096
2.00767058013097	0.387070388784599	1.24901261811315	2.76632854214878	2.21661204788237	0.297243997158464	1.63401381345178	2.79921028231296	2.21661204788237	0.387070388784599	1.52455949727315	3.13748935767713	2.21364318898619	0.374141778592187	1.47963122929997	2.94765514867242
2.10656602626548	0.266835873620148	1.58356771396999	2.62956433856097	2.07204289308404	0.206595832037163	1.6671150622912	2.47697072387688	2.07204289308404	0.266835873620148	1.4933908759612	2.5932549789339	2.07677405629068	0.25082739548875	1.58475421336964	2.56879389921173
1.76426928139768	0.315071705116821	1.14672873936871	2.38180982342665	1.92121941173254	0.214101958143105	1.50157957377205	2.34085924969302	1.92121941173254	0.315071705116821	1.36340690231247	2.61932056642792	1.92178586836204	0.315169919944018	1.30347076702496	2.54010096969911
1.52024972518382	0.224443365872848	1.08034072807304	1.96015872229461	1.56824120822972	0.184652797355414	1.20632172541311	1.93016069104633	1.56824120822972	0.224443365872848	1.1110930262894	1.95167603370789	1.57555630312657	0.213771197753789	1.15626977653144	1.9948428297217
2.05107340431309	0.352924461430846	1.35934145990863	2.74280534871755	2.12985223279273	0.25148763477002	1.63693646864349	2.62276799694197	2.12985223279273	0.352924461430846	1.46582405729769	2.80882045469634	2.13750155831121	0.332963869907037	1.48428028649005	2.79072283013237
1.35180247643018	0.602240001039499	0.171412074392758	2.53219287846759	1.56366345683802	0.372475358669052	0.833611753846682	2.29371515982936	1.56366345683802	0.602240001039499	0.235468747191274	2.44798331205244	1.58505805879068	0.592393143809372	0.42270621849823	2.74740989908313
2.2100232952439	0.261908670434516	1.69668230119225	2.72336428929555	2.27465739401273	0.196019889467954	1.89045841065554	2.65885637736992	2.27465739401273	0.261908670434516	1.76997902329245	2.74930066022642	2.27116278486297	0.25505469138354	1.77083080645036	2.77149476327558
1.9687496580313	0.290340951790029	1.39968139252285	2.53781792353976	2.08834838092466	0.221665896382107	1.65388322401573	2.52281353783359	2.08834838092466	0.290340951790029	1.52483560996653	2.60000420034665	2.08946540680268	0.273260836057191	1.55344502885861	2.62548578474675
2.05117027320649	0.550599459509422	0.971995332568025	3.13034521384496	2.15778895939595	0.346405406396996	1.47883436285784	2.83674355593406	2.15778895939595	0.550599459509422	1.14282532581949	3.25601058151085	2.16202967049598	0.528728808434582	1.12460372069343	3.19945562029854
1.51904678780003	0.793259393068907	-0.0357416226150307	3.07383519821509	1.55394919360733	0.402974015598782	0.764120123033718	2.34377826418094	1.55394919360733	0.793259393068907	0.855814207714548	2.15142509330702	1.56198200187079	0.752611825977352	0.0851801751635746	3.038783828578
2.2080812193091	0.31705697949677	1.58664953949543	2.82951289912277	1.99966174971195	0.207815691008935	1.59234299533443	2.40698050408946	1.99966174971195	0.31705697949677	1.24001294070069	2.54016541061987	2.01435561061946	0.310487840519516	1.40525449110641	2.6234567301325
1.8200512339802	0.244733214769905	1.34037413303119	2.29972833492922	1.80051218749299	0.188789763861271	1.4304842503249	2.17054012466108	1.80051218749299	0.244733214769905	1.27112801190254	2.23893466570538	1.8128337392276	0.238628256891342	1.34474922178278	2.28091825667243
1.75962064027243	0.378443395449333	1.01787158519174	2.50136969535312	1.97002192432413	0.270518288820128	1.43980607823668	2.50023777041158	1.97002192432413	0.378443395449333	1.20238595983374	2.71043017086935	1.97416826229801	0.363721650177531	1.26057848487028	2.68775803972575
2.02782324696208	0.287073373777588	1.46515943435801	2.59048705956616	2.08496366611441	0.231609241758446	1.63100955226785	2.53891777996096	2.08496366611441	0.287073373777588	1.46023683972306	2.54037186537261	2.09081771605872	0.266466001535967	1.56810674497511	2.61352868714233
2.11212788718047	0.396114274550393	1.3357439090617	2.88851186529924	2.20295735642619	0.249781091964186	1.71338641617638	2.69252829667599	2.20295735642619	0.396114274550393	1.34494461073514	2.99422550796182	2.2063744827916	0.388563388914576	1.44401974009156	2.96872922549164
2.26619928664836	0.318233519343815	1.64246158873449	2.88993698456224	2.40102177367404	0.232550270004807	1.94522324446462	2.85682030288346	2.40102177367404	0.318233519343815	1.8329922591483	3.08992255538836	2.39259189095851	0.309337488549779	1.78573470120719	2.99944908070982
2.08408022908813	0.319291776022185	1.45826834808465	2.70989211009161	2.15403088066445	0.230670111485184	1.70191746215349	2.60614429917541	2.15403088066445	0.319291776022185	1.60918872819749	2.82554059195778	2.15380467235186	0.311163149292979	1.54337206304202	2.7642372816617
1.97187909148271	0.36979410007656	1.24708265533265	2.69667552763277	2.08710689621697	0.244401515229731	1.6080799263667	2.56613386606724	2.08710689621697	0.36979410007656	1.41423044483517	2.85092572354613	2.08090417290655	0.36427912113465	1.36623207559745	2.79557627021564
2.06087775555056	0.297805320396042	1.47717932757432	2.64457618352681	2.02966339571285	0.216102746873746	1.60610201184031	2.45322477958539	2.02966339571285	0.297805320396042	1.45740140736629	2.56250110010779	2.05014193374448	0.287696561061447	1.4857530594453	2.61453080804366
2.08877261434996	0.424445458759623	1.2568595151811	2.92068571351882	2.16350881798982	0.285696914651352	1.60354286527317	2.72347477070648	2.16350881798982	0.424445458759623	1.45512515395056	3.06935800568542	2.16992416131722	0.408145541103373	1.36916062883668	2.97068769379775
2.16498792135413	0.289074857312687	1.59840120102127	2.731574641687	2.08246685268384	0.210197345456048	1.67048005558998	2.49445364977769	2.08246685268384	0.289074857312687	1.5597035455495	2.63768280355329	2.08946044002933	0.274930527342553	1.5501190275817	2.62880185247696
2.36107552145	0.29152100843265	1.789694344922	2.93245669797799	2.28440267861914	0.221770366780186	1.84973275972998	2.71907259750831	2.28440267861914	0.29152100843265	1.7429932577897	2.91797000673345	2.28484705838832	0.2787319104319	1.73804946537721	2.83164465139943
1.7709682021312	0.2520835200074	1.27688450291669	2.2650519013457	1.79206789552069	0.187996786088169	1.42359419478788	2.16054159625351	1.79206789552069	0.2520835200074	1.30114058442386	2.30812484414298	1.79169302649653	0.245432988817556	1.31026312331118	2.27312292968188
2.12639843443694	0.331922807882498	1.47582973098724	2.77696713788663	2.19300234740969	0.225788659850459	1.75045657410279	2.63554812071659	2.19300234740969	0.331922807882498	1.60944758276299	2.88089851577582	2.20459011348223	0.319451773172065	1.57787498341145	2.831305243553
1.75039660124212	0.305284669497619	1.15203864902679	2.34875455345746	1.67402074275427	0.222104159046168	1.23869659102378	2.10934489448476	1.67402074275427	0.305284669497619	1.06868964131051	2.18469388470769	1.69620107586778	0.293264457372585	1.12088674114157	2.27151541059399
1.83397500808288	0.319769877962906	1.20722604727559	2.46072396889018	1.79244674049232	0.22987419570425	1.34189331691199	2.24300016407265	1.79244674049232	0.319769877962906	1.13740561620071	2.34330278758624	1.80462937340638	0.31719150576747	1.18235896837898	2.42689977843378
2.10131619791489	0.243004368667891	1.62502763532582	2.57760476050395	2.06609540269732	0.196523339085382	1.68090965808997	2.45128114730467	2.06609540269732	0.243004368667891	1.57670191153934	2.5532255299652	2.07359128482734	0.235018365985112	1.61260422112925	2.53457834852542
1.9632939040339	0.29034520856294	1.39421729525054	2.53237051281726	2.0906595467684	0.206294382508829	1.6863225570511	2.4949965364857	2.0906595467684	0.29034520856294	1.55627773989708	2.68523684715384	2.09472013558941	0.279278228462147	1.54685193589489	2.64258833528392
2.14599797977894	0.330964852395872	1.49730686908303	2.79468909047485	2.12241771127576	0.248863583237754	1.63464508812976	2.61019033442175	2.12241771127576	0.330964852395872	1.43747244037556	2.74152408219474	2.12878805439975	0.316374811729458	1.50809981149787	2.74947629730163
2.31969434993782	0.309109373331226	1.71383997820862	2.92554872166703	2.42889393478788	0.219663271682255	1.99835392229066	2.8594339472851	2.42889393478788	0.309109373331226	1.83049148224283	3.06497114303891	2.42550070441799	0.303045200865637	1.83100282207139	3.01999858676458
2.09011250230422	0.302586602908792	1.49704276060299	2.68318224400545	2.15324097720348	0.229202893165584	1.70400330659893	2.60247864780802	2.15324097720348	0.302586602908792	1.57827700350475	2.8288891489565	2.16144929740634	0.299721527492351	1.57347965071817	2.74941894409451
1.70050172774714	0.322237662133781	1.06891590996492	2.33208754552935	1.83311243035964	0.252650747403513	1.33791696544875	2.32830789527053	1.83311243035964	0.322237662133781	1.23761560045809	2.46259638331194	1.84728426020162	0.302048908137584	1.25471854740726	2.43984997299597
2.02061348898882	0.287771815903391	1.45658072981817	2.58464624815946	2.0218413949362	0.199113631722825	1.63157867675946	2.41210411311293	2.0218413949362	0.287771815903391	1.47933459472715	2.58248883928024	2.03017739115584	0.279093189145172	1.48265247527096	2.57770230704072
2.04847557454245	0.323407332308912	1.41459720321698	2.68235394586791	2.10155819632134	0.236172658805683	1.6386597850622	2.56445660758048	2.10155819632134	0.323407332308912	1.55594876973753	2.74933017911911	2.1039516631614	0.317069640007766	1.48192921454279	2.72597411178
1.50122524890947	0.394929568677386	0.727163294301794	2.27528720351715	1.53385795720761	0.256631088086918	1.03086102455725	2.03685488985797	1.53385795720761	0.394929568677386	0.802003624065376	2.23579552608064	1.53584133572282	0.384563803062845	0.78134308019449	2.29033959125114
1.89426190896202	0.320247196030088	1.26657740474305	2.52194641318099	2.07547641931755	0.246667301127649	1.59200850910736	2.55894432952774	2.07547641931755	0.320247196030088	1.47424030556953	2.69594424649989	2.07871344513873	0.310609225930261	1.46936638997457	2.68806050030288
2.13168627751116	0.42930267228802	1.29025303982664	2.97311951519568	1.97096535175317	0.294229615545711	1.39427530528358	2.54765539822277	1.97096535175317	0.42930267228802	1.03685930559573	2.62230498424846	1.98178942549165	0.415713365135744	1.16618328477235	2.79739556621095
1.88816440230859	0.25545932509551	1.38746412512139	2.38886467949579	1.99847835515024	0.197263445568078	1.61184200183681	2.38511470846367	1.99847835515024	0.25545932509551	1.49736773440382	2.46751709445185	2.00742424567428	0.250271435356822	1.51653255977551	2.49831593157306
2.10420768695061	0.35670191289084	1.40507193768456	2.80334343621666	2.24032735287228	0.241769163437752	1.76645979253428	2.71419491321027	2.24032735287228	0.35670191289084	1.58320456092365	2.94850738745936	2.23258776299116	0.341073649870364	1.5634536260492	2.90172189993312
2.2350445928994	0.27936433492945	1.68749049643768	2.78259868936112	2.37487985660904	0.204131473574034	1.97478216840393	2.77497754481414	2.37487985660904	0.27936433492945	1.84999103569879	2.91503716584914	2.36547360873574	0.270140246912664	1.83551731128395	2.89542990618752
2.04456842907813	0.319689787444171	1.41797644568755	2.6711604124687	2.10473834100515	0.200008159467428	1.71272234844899	2.49675433356131	2.10473834100515	0.319689787444171	1.54196928881912	2.69229850656597	2.12066263382386	0.320582274074795	1.4917219436661	2.74960332398162
2.2072187566945	0.334787976568984	1.55103432261929	2.86340319076971	2.24159233715515	0.236512791994615	1.7780272648457	2.70515740946459	2.24159233715515	0.334787976568984	1.68220552361214	3.01679148410995	2.23944727712449	0.318052643239903	1.61549450777903	2.86340004646995
2.21811223045399	0.342405323646414	1.54699779610702	2.88922666480096	2.16955348992085	0.234501704653992	1.70993014879902	2.62917683104267	2.16955348992085	0.342405323646414	1.46370257046761	2.77457948907324	2.17911765485848	0.331916694634766	1.52791940055364	2.83031590916332
1.74754774241069	0.328068197371975	1.10453407556162	2.39056140925976	1.84084681985762	0.244536248105369	1.3615557735711	2.32013786614414	1.84084681985762	0.328068197371975	1.14264941498819	2.45359100651226	1.85259457160225	0.317752341554497	1.22923364468171	2.47595549852278
2.16366379088072	0.429216333160315	1.3223997778865	3.00492780387494	2.12821990144508	0.291027260786809	1.55780647030294	2.69863333258723	2.12821990144508	0.429216333160315	1.4534926362288	3.0458125007185	2.13359461884941	0.411958473357987	1.32536406046022	2.9418251772386
1.89888929919277	0.369397823529314	1.17486956507531	2.62290903331022	2.01557318619377	0.227518915553368	1.56963611170917	2.46151026067837	2.01557318619377	0.369397823529314	1.34258864368841	2.8466745195626	2.03138214512018	0.364092395342586	1.31708487280354	2.74567941743682
1.86323081287217	0.234485085006965	1.40364004625852	2.32282157948582	1.89104712674331	0.17969496793197	1.53884498959665	2.24324926388997	1.89104712674331	0.234485085006965	1.44157199622007	2.31740089674203	1.90097546395727	0.226634577483578	1.45648536101475	2.3454655668998
2.11129908513679	0.36339055871237	1.39905359006055	2.82354458021304	1.98638361809383	0.265952225010058	1.46511725707411	2.50764997911354	1.98638361809383	0.36339055871237	1.20280457490554	2.69110882137284	1.98768194862139	0.345089597858072	1.31066642130092	2.66469747594186
2.03409798377087	0.345583794270616	1.35675374700046	2.71144222054127	1.97305936583811	0.230553289549455	1.52117491832118	2.42494381335504	1.97305936583811	0.345583794270616	1.21567814304822	2.56583663725659	1.96491097506131	0.333646559511748	1.31034179350492	2.61948015661771
1.83295762049854	0.477364039801221	0.897324102488148	2.76859113850894	1.82946556764493	0.328219374796154	1.18615559304447	2.47277554224539	1.82946556764493	0.477364039801221	1.18523994290214	2.95516114533442	1.83856216496801	0.450329741020124	0.954987508019298	2.72213682191672
2.11799184320923	0.318005701235462	1.49470066878772	2.74128301763073	2.1263868437946	0.255428260628143	1.62574745296344	2.62702623462576	2.1263868437946	0.318005701235462	1.58238324253603	2.77634303139916	2.11686245514048	0.310198917666906	1.50830378783779	2.72542112244317
1.70967577280399	0.596047326884523	0.541423012110325	2.87792853349765	1.78113371098599	0.34154536899617	1.1117047877535	2.45056263421849	1.78113371098599	0.596047326884523	0.739361167706925	2.53465666981083	1.79725368672437	0.582366998087999	0.654576585399546	2.93993078804919
2.15517109968152	0.249794407332999	1.66557406130884	2.6447681380542	2.2382395093892	0.187302719679686	1.87112617881702	2.60535283996139	2.2382395093892	0.249794407332999	1.79629226804942	2.72337882168753	2.23839548040569	0.244882497176249	1.75804384457696	2.71874711623442
1.91024683642678	0.337532499187358	1.24868313801956	2.571810534834	1.84889445026149	0.24637284319817	1.36600367759307	2.3317852229299	1.84889445026149	0.337532499187358	1.14560163140292	2.44476768488618	1.85127106928816	0.321259778103461	1.22102602501432	2.48151611356201
1.8289701412795	0.332589373691435	1.17709496884429	2.48084531371471	1.94372015630774	0.222229657029548	1.50815002852983	2.37929028408565	1.94372015630774	0.332589373691435	1.26131672123812	2.57185609585831	1.94627519945491	0.326380211111302	1.30596877729816	2.58658162161166
2.17969926780955	0.41304202846616	1.37013689201588	2.98926164360322	2.22942427883784	0.286998288716343	1.6669076329538	2.79194092472187	2.22942427883784	0.41304202846616	1.60396484607008	3.06441501778449	2.22626287940919	0.404399030134611	1.43282099143528	3.01970476738309
2.13016867883045	0.319128192636163	1.50467742126357	2.75565993639733	2.11926814575653	0.198667952924355	1.72987895802479	2.50865733348826	2.11926814575653	0.319128192636163	1.50712712920165	2.65655319492447	2.1054163665829	0.309960159380871	1.49732714859064	2.71350558457517
1.57964446347318	0.326393584221501	0.939913038399036	2.21937588854732	1.53166468183626	0.225351494024969	1.08997575354733	1.9733536101252	1.53166468183626	0.326393584221501	0.924009531898738	2.1882834647028	1.53255092676589	0.314116174901508	0.916305141527091	2.1487967120047
1.71192239880817	0.329525299099653	1.06605281257285	2.35779198504349	1.56742252530072	0.240904816774098	1.09524908442348	2.03959596617795	1.56742252530072	0.329525299099653	0.880445173042716	2.06779287768745	1.5771662557432	0.324024615345508	0.941481788020421	2.21285072346599
1.9925166177425	0.440485969494233	1.12916411753381	2.8558691179512	2.01343566002	0.332366583104241	1.36199715713569	2.66487416290431	2.01343566002	0.440485969494233	1.2672898708401	2.82783448427628	2.014788472764	0.432572689335513	1.16606199484086	2.86351495068713
2.11393524721059	0.426465171714374	1.27806351065042	2.94980698377076	2.20686165549822	0.32654370807445	1.5668359876723	2.84688732332414	2.20686165549822	0.426465171714374	1.50052374251646	3.20151691420265	2.20544667499598	0.406443675376955	1.40800647530779	3.00288687468417
1.95960874416122	0.246643984445348	1.47618653464833	2.4430309536741	1.94250284965185	0.192178097261153	1.56583377902	2.31917192028371	1.94250284965185	0.246643984445348	1.43658569902073	2.38997582622931	1.94479990752725	0.240723027100486	1.47260964044159	2.4169901746129
2.02444355619622	0.331323953209106	1.37504860790637	2.67383850448606	2.05812369582255	0.226163506348411	1.61484322337966	2.50140416826543	2.05812369582255	0.331323953209106	1.53081995600438	2.78166653348599	2.05047398721789	0.327999584436031	1.40698974804762	2.69395822638816
1.94123398769052	0.358309883828933	1.23894661538581	2.64352135999523	1.8257446127307	0.262156090699003	1.31191867496066	2.33957055050075	1.8257446127307	0.358309883828933	1.18882272718922	2.5910512898691	1.83788486607318	0.348587994606324	1.15400035574771	2.52176937639865
2.23183369937	0.244455899604651	1.75270013614489	2.71096726259512	2.19825032876288	0.191545687787516	1.82282078069935	2.57367987682641	2.19825032876288	0.244455899604651	1.7036209303116	2.67810307580742	2.20833923795184	0.241918670456409	1.73380406141138	2.6828744144923
1.73313248922498	0.353766744541892	1.03974966992287	2.42651530852709	1.68990422036765	0.263290360192284	1.17385511439077	2.20595332634452	1.68990422036765	0.353766744541892	1.00282132946294	2.36274539921596	1.7027281221247	0.342463701540842	1.03086309605734	2.37459314819206
2.37015174999135	0.342548835470744	1.69875603246869	3.04154746751401	2.19539922106684	0.234856539854961	1.73508040295111	2.65571803918256	2.19539922106684	0.342548835470744	1.56897783563491	2.81620063061037	2.19349758001583	0.337550302770985	1.53127205778407	2.85572310224758
1.94986547195705	0.380284187010693	1.20450846541609	2.695222478498	2.12611807573715	0.261757330815159	1.61307370733944	2.63916244413486	2.12611807573715	0.380284187010693	1.35819063718378	2.85679548241454	2.12513261976021	0.375212409516504	1.38901142453796	2.86125381498247
1.82466348546587	0.303611370110318	1.22958520004965	2.4197417708821	1.90068430686306	0.233489843075239	1.44304421443559	2.35832439929053	1.90068430686306	0.303611370110318	1.33496444258466	2.51836819554895	1.91201769834148	0.283461916870333	1.35592927317379	2.46810612350918
2.07578928656564	0.362424004822858	1.36543823711284	2.78614033601844	2.26275555594819	0.262314729203381	1.74861868670956	2.77689242518682	2.26275555594819	0.362424004822858	1.66480138663221	3.08060272204491	2.26658140925108	0.340964942479228	1.59767611040778	2.93548670809438
1.83288044782905	0.999860732375178	-0.126846587626298	3.7926074832844	1.88649893374864	0.554542707009192	0.799595228010622	2.97340263948665	1.88649893374864	0.999860732375178	0.803233714498984	2.83831810457925	1.88792187159089	0.895562367254888	0.130614666768754	3.64522907641302
2.02819681003386	0.308866654711375	1.42281816679957	2.63357545326816	2.0418585930309	0.231073584100279	1.58895436819435	2.49476281786745	2.0418585930309	0.308866654711375	1.47970085674898	2.71555670900854	2.04246054564538	0.295824093910413	1.46213599024292	2.62278510104784
2.24005347770132	0.490093233677253	1.27947073969391	3.20063621570874	2.15070596972719	0.265409941616203	1.63050248415944	2.67090945529495	2.15070596972719	0.490093233677253	1.59797817212797	2.65992725415278	2.15130392161564	0.466171215075196	1.23661032404461	3.06599751918668
1.76080686987271	0.274124165205467	1.22352350606999	2.29809023367542	1.73419709333897	0.200932001816886	1.34037036977787	2.12802381690007	1.73419709333897	0.274124165205467	1.20551687568758	2.27114597801427	1.73362475679343	0.261371597126211	1.22092723251903	2.24632228106782
1.81767795362356	0.308110881249838	1.21378062637388	2.42157528087325	1.93610205624817	0.210019702798848	1.52446343876243	2.34774067373392	1.93610205624817	0.308110881249838	1.38181479263981	2.58512624587198	1.94082287364192	0.307962237958126	1.33666583189429	2.54497991538956
2.08886316701013	0.283422062560179	1.53335592439218	2.64437040962808	2.04433108978824	0.208612214867415	1.63545114864811	2.45321103092838	2.04433108978824	0.283422062560179	1.47550183921865	2.53944512921438	2.05302477642793	0.268390083078714	1.52653029525305	2.57951925760281
