X1	X2	X3	X4	X1.1	X2.1	X3.1	X4.1	X1.2	X2.2	X3.2	X4.2	X1.3	X2.3	X3.3	X4.3
NA	NA	NA	NA	NA	NA	NA	NA	NA	NA	NA	NA	NA	NA	NA	NA
NA	NA	NA	NA	NA	NA	NA	NA	NA	NA	NA	NA	NA	NA	NA	NA
NA	NA	NA	NA	NA	NA	NA	NA	NA	NA	NA	NA	NA	NA	NA	NA
NA	NA	NA	NA	NA	NA	NA	NA	NA	NA	NA	NA	NA	NA	NA	NA
NA	NA	NA	NA	NA	NA	NA	NA	NA	NA	NA	NA	NA	NA	NA	NA
NA	NA	NA	NA	NA	NA	NA	NA	NA	NA	NA	NA	NA	NA	NA	NA
NA	NA	NA	NA	NA	NA	NA	NA	NA	NA	NA	NA	NA	NA	NA	NA
NA	NA	NA	NA	NA	NA	NA	NA	NA	NA	NA	NA	NA	NA	NA	NA
NA	NA	NA	NA	NA	NA	NA	NA	NA	NA	NA	NA	NA	NA	NA	NA
NA	NA	NA	NA	NA	NA	NA	NA	NA	NA	NA	NA	NA	NA	NA	NA
NA	NA	NA	NA	NA	NA	NA	NA	NA	NA	NA	NA	NA	NA	NA	NA
NA	NA	NA	NA	NA	NA	NA	NA	NA	NA	NA	NA	NA	NA	NA	NA
NA	NA	NA	NA	NA	NA	NA	NA	NA	NA	NA	NA	NA	NA	NA	NA
NA	NA	NA	NA	NA	NA	NA	NA	NA	NA	NA	NA	NA	NA	NA	NA
NA	NA	NA	NA	NA	NA	NA	NA	NA	NA	NA	NA	NA	NA	NA	NA
NA	NA	NA	NA	NA	NA	NA	NA	NA	NA	NA	NA	NA	NA	NA	NA
NA	NA	NA	NA	NA	NA	NA	NA	NA	NA	NA	NA	NA	NA	NA	NA
NA	NA	NA	NA	NA	NA	NA	NA	NA	NA	NA	NA	NA	NA	NA	NA
NA	NA	NA	NA	NA	NA	NA	NA	NA	NA	NA	NA	NA	NA	NA	NA
NA	NA	NA	NA	NA	NA	NA	NA	NA	NA	NA	NA	NA	NA	NA	NA
NA	NA	NA	NA	NA	NA	NA	NA	NA	NA	NA	NA	NA	NA	NA	NA
NA	NA	NA	NA	NA	NA	NA	NA	NA	NA	NA	NA	NA	NA	NA	NA
NA	NA	NA	NA	NA	NA	NA	NA	NA	NA	NA	NA	NA	NA	NA	NA
NA	NA	NA	NA	NA	NA	NA	NA	NA	NA	NA	NA	NA	NA	NA	NA
NA	NA	NA	NA	NA	NA	NA	NA	NA	NA	NA	NA	NA	NA	NA	NA
NA	NA	NA	NA	NA	NA	NA	NA	NA	NA	NA	NA	NA	NA	NA	NA
NA	NA	NA	NA	NA	NA	NA	NA	NA	NA	NA	NA	NA	NA	NA	NA
NA	NA	NA	NA	NA	NA	NA	NA	NA	NA	NA	NA	NA	NA	NA	NA
NA	NA	NA	NA	NA	NA	NA	NA	NA	NA	NA	NA	NA	NA	NA	NA
NA	NA	NA	NA	NA	NA	NA	NA	NA	NA	NA	NA	NA	NA	NA	NA
NA	NA	NA	NA	NA	NA	NA	NA	NA	NA	NA	NA	NA	NA	NA	NA
NA	NA	NA	NA	NA	NA	NA	NA	NA	NA	NA	NA	NA	NA	NA	NA
NA	NA	NA	NA	NA	NA	NA	NA	NA	NA	NA	NA	NA	NA	NA	NA
NA	NA	NA	NA	NA	NA	NA	NA	NA	NA	NA	NA	NA	NA	NA	NA
NA	NA	NA	NA	NA	NA	NA	NA	NA	NA	NA	NA	NA	NA	NA	NA
NA	NA	NA	NA	NA	NA	NA	NA	NA	NA	NA	NA	NA	NA	NA	NA
NA	NA	NA	NA	NA	NA	NA	NA	NA	NA	NA	NA	NA	NA	NA	NA
NA	NA	NA	NA	NA	NA	NA	NA	NA	NA	NA	NA	NA	NA	NA	NA
NA	NA	NA	NA	NA	NA	NA	NA	NA	NA	NA	NA	NA	NA	NA	NA
NA	NA	NA	NA	NA	NA	NA	NA	NA	NA	NA	NA	NA	NA	NA	NA
NA	NA	NA	NA	NA	NA	NA	NA	NA	NA	NA	NA	NA	NA	NA	NA
NA	NA	NA	NA	NA	NA	NA	NA	NA	NA	NA	NA	NA	NA	NA	NA
NA	NA	NA	NA	NA	NA	NA	NA	NA	NA	NA	NA	NA	NA	NA	NA
NA	NA	NA	NA	NA	NA	NA	NA	NA	NA	NA	NA	NA	NA	NA	NA
NA	NA	NA	NA	NA	NA	NA	NA	NA	NA	NA	NA	NA	NA	NA	NA
NA	NA	NA	NA	NA	NA	NA	NA	NA	NA	NA	NA	NA	NA	NA	NA
NA	NA	NA	NA	NA	NA	NA	NA	NA	NA	NA	NA	NA	NA	NA	NA
NA	NA	NA	NA	NA	NA	NA	NA	NA	NA	NA	NA	NA	NA	NA	NA
NA	NA	NA	NA	NA	NA	NA	NA	NA	NA	NA	NA	NA	NA	NA	NA
NA	NA	NA	NA	NA	NA	NA	NA	NA	NA	NA	NA	NA	NA	NA	NA
NA	NA	NA	NA	NA	NA	NA	NA	NA	NA	NA	NA	NA	NA	NA	NA
NA	NA	NA	NA	NA	NA	NA	NA	NA	NA	NA	NA	NA	NA	NA	NA
NA	NA	NA	NA	NA	NA	NA	NA	NA	NA	NA	NA	NA	NA	NA	NA
NA	NA	NA	NA	NA	NA	NA	NA	NA	NA	NA	NA	NA	NA	NA	NA
NA	NA	NA	NA	NA	NA	NA	NA	NA	NA	NA	NA	NA	NA	NA	NA
NA	NA	NA	NA	NA	NA	NA	NA	NA	NA	NA	NA	NA	NA	NA	NA
NA	NA	NA	NA	NA	NA	NA	NA	NA	NA	NA	NA	NA	NA	NA	NA
NA	NA	NA	NA	NA	NA	NA	NA	NA	NA	NA	NA	NA	NA	NA	NA
NA	NA	NA	NA	NA	NA	NA	NA	NA	NA	NA	NA	NA	NA	NA	NA
NA	NA	NA	NA	NA	NA	NA	NA	NA	NA	NA	NA	NA	NA	NA	NA
NA	NA	NA	NA	NA	NA	NA	NA	NA	NA	NA	NA	NA	NA	NA	NA
NA	NA	NA	NA	NA	NA	NA	NA	NA	NA	NA	NA	NA	NA	NA	NA
NA	NA	NA	NA	NA	NA	NA	NA	NA	NA	NA	NA	NA	NA	NA	NA
NA	NA	NA	NA	NA	NA	NA	NA	NA	NA	NA	NA	NA	NA	NA	NA
NA	NA	NA	NA	NA	NA	NA	NA	NA	NA	NA	NA	NA	NA	NA	NA
NA	NA	NA	NA	NA	NA	NA	NA	NA	NA	NA	NA	NA	NA	NA	NA
NA	NA	NA	NA	NA	NA	NA	NA	NA	NA	NA	NA	NA	NA	NA	NA
NA	NA	NA	NA	NA	NA	NA	NA	NA	NA	NA	NA	NA	NA	NA	NA
NA	NA	NA	NA	NA	NA	NA	NA	NA	NA	NA	NA	NA	NA	NA	NA
NA	NA	NA	NA	NA	NA	NA	NA	NA	NA	NA	NA	NA	NA	NA	NA
NA	NA	NA	NA	NA	NA	NA	NA	NA	NA	NA	NA	NA	NA	NA	NA
NA	NA	NA	NA	NA	NA	NA	NA	NA	NA	NA	NA	NA	NA	NA	NA
NA	NA	NA	NA	NA	NA	NA	NA	NA	NA	NA	NA	NA	NA	NA	NA
NA	NA	NA	NA	NA	NA	NA	NA	NA	NA	NA	NA	NA	NA	NA	NA
NA	NA	NA	NA	NA	NA	NA	NA	NA	NA	NA	NA	NA	NA	NA	NA
NA	NA	NA	NA	NA	NA	NA	NA	NA	NA	NA	NA	NA	NA	NA	NA
NA	NA	NA	NA	NA	NA	NA	NA	NA	NA	NA	NA	NA	NA	NA	NA
NA	NA	NA	NA	NA	NA	NA	NA	NA	NA	NA	NA	NA	NA	NA	NA
NA	NA	NA	NA	NA	NA	NA	NA	NA	NA	NA	NA	NA	NA	NA	NA
NA	NA	NA	NA	NA	NA	NA	NA	NA	NA	NA	NA	NA	NA	NA	NA
NA	NA	NA	NA	NA	NA	NA	NA	NA	NA	NA	NA	NA	NA	NA	NA
NA	NA	NA	NA	NA	NA	NA	NA	NA	NA	NA	NA	NA	NA	NA	NA
NA	NA	NA	NA	NA	NA	NA	NA	NA	NA	NA	NA	NA	NA	NA	NA
NA	NA	NA	NA	NA	NA	NA	NA	NA	NA	NA	NA	NA	NA	NA	NA
NA	NA	NA	NA	NA	NA	NA	NA	NA	NA	NA	NA	NA	NA	NA	NA
NA	NA	NA	NA	NA	NA	NA	NA	NA	NA	NA	NA	NA	NA	NA	NA
NA	NA	NA	NA	NA	NA	NA	NA	NA	NA	NA	NA	NA	NA	NA	NA
NA	NA	NA	NA	NA	NA	NA	NA	NA	NA	NA	NA	NA	NA	NA	NA
NA	NA	NA	NA	NA	NA	NA	NA	NA	NA	NA	NA	NA	NA	NA	NA
NA	NA	NA	NA	NA	NA	NA	NA	NA	NA	NA	NA	NA	NA	NA	NA
NA	NA	NA	NA	NA	NA	NA	NA	NA	NA	NA	NA	NA	NA	NA	NA
NA	NA	NA	NA	NA	NA	NA	NA	NA	NA	NA	NA	NA	NA	NA	NA
NA	NA	NA	NA	NA	NA	NA	NA	NA	NA	NA	NA	NA	NA	NA	NA
NA	NA	NA	NA	NA	NA	NA	NA	NA	NA	NA	NA	NA	NA	NA	NA
NA	NA	NA	NA	NA	NA	NA	NA	NA	NA	NA	NA	NA	NA	NA	NA
NA	NA	NA	NA	NA	NA	NA	NA	NA	NA	NA	NA	NA	NA	NA	NA
NA	NA	NA	NA	NA	NA	NA	NA	NA	NA	NA	NA	NA	NA	NA	NA
NA	NA	NA	NA	NA	NA	NA	NA	NA	NA	NA	NA	NA	NA	NA	NA
NA	NA	NA	NA	NA	NA	NA	NA	NA	NA	NA	NA	NA	NA	NA	NA
NA	NA	NA	NA	NA	NA	NA	NA	NA	NA	NA	NA	NA	NA	NA	NA
NA	NA	NA	NA	NA	NA	NA	NA	NA	NA	NA	NA	NA	NA	NA	NA
NA	NA	NA	NA	NA	NA	NA	NA	NA	NA	NA	NA	NA	NA	NA	NA
NA	NA	NA	NA	NA	NA	NA	NA	NA	NA	NA	NA	NA	NA	NA	NA
NA	NA	NA	NA	NA	NA	NA	NA	NA	NA	NA	NA	NA	NA	NA	NA
NA	NA	NA	NA	NA	NA	NA	NA	NA	NA	NA	NA	NA	NA	NA	NA
NA	NA	NA	NA	NA	NA	NA	NA	NA	NA	NA	NA	NA	NA	NA	NA
NA	NA	NA	NA	NA	NA	NA	NA	NA	NA	NA	NA	NA	NA	NA	NA
NA	NA	NA	NA	NA	NA	NA	NA	NA	NA	NA	NA	NA	NA	NA	NA
NA	NA	NA	NA	NA	NA	NA	NA	NA	NA	NA	NA	NA	NA	NA	NA
NA	NA	NA	NA	NA	NA	NA	NA	NA	NA	NA	NA	NA	NA	NA	NA
NA	NA	NA	NA	NA	NA	NA	NA	NA	NA	NA	NA	NA	NA	NA	NA
NA	NA	NA	NA	NA	NA	NA	NA	NA	NA	NA	NA	NA	NA	NA	NA
NA	NA	NA	NA	NA	NA	NA	NA	NA	NA	NA	NA	NA	NA	NA	NA
NA	NA	NA	NA	NA	NA	NA	NA	NA	NA	NA	NA	NA	NA	NA	NA
NA	NA	NA	NA	NA	NA	NA	NA	NA	NA	NA	NA	NA	NA	NA	NA
NA	NA	NA	NA	NA	NA	NA	NA	NA	NA	NA	NA	NA	NA	NA	NA
NA	NA	NA	NA	NA	NA	NA	NA	NA	NA	NA	NA	NA	NA	NA	NA
NA	NA	NA	NA	NA	NA	NA	NA	NA	NA	NA	NA	NA	NA	NA	NA
NA	NA	NA	NA	NA	NA	NA	NA	NA	NA	NA	NA	NA	NA	NA	NA
NA	NA	NA	NA	NA	NA	NA	NA	NA	NA	NA	NA	NA	NA	NA	NA
NA	NA	NA	NA	NA	NA	NA	NA	NA	NA	NA	NA	NA	NA	NA	NA
NA	NA	NA	NA	NA	NA	NA	NA	NA	NA	NA	NA	NA	NA	NA	NA
NA	NA	NA	NA	NA	NA	NA	NA	NA	NA	NA	NA	NA	NA	NA	NA
NA	NA	NA	NA	NA	NA	NA	NA	NA	NA	NA	NA	NA	NA	NA	NA
NA	NA	NA	NA	NA	NA	NA	NA	NA	NA	NA	NA	NA	NA	NA	NA
NA	NA	NA	NA	NA	NA	NA	NA	NA	NA	NA	NA	NA	NA	NA	NA
NA	NA	NA	NA	NA	NA	NA	NA	NA	NA	NA	NA	NA	NA	NA	NA
NA	NA	NA	NA	NA	NA	NA	NA	NA	NA	NA	NA	NA	NA	NA	NA
NA	NA	NA	NA	NA	NA	NA	NA	NA	NA	NA	NA	NA	NA	NA	NA
NA	NA	NA	NA	NA	NA	NA	NA	NA	NA	NA	NA	NA	NA	NA	NA
NA	NA	NA	NA	NA	NA	NA	NA	NA	NA	NA	NA	NA	NA	NA	NA
NA	NA	NA	NA	NA	NA	NA	NA	NA	NA	NA	NA	NA	NA	NA	NA
NA	NA	NA	NA	NA	NA	NA	NA	NA	NA	NA	NA	NA	NA	NA	NA
NA	NA	NA	NA	NA	NA	NA	NA	NA	NA	NA	NA	NA	NA	NA	NA
NA	NA	NA	NA	NA	NA	NA	NA	NA	NA	NA	NA	NA	NA	NA	NA
NA	NA	NA	NA	NA	NA	NA	NA	NA	NA	NA	NA	NA	NA	NA	NA
NA	NA	NA	NA	NA	NA	NA	NA	NA	NA	NA	NA	NA	NA	NA	NA
NA	NA	NA	NA	NA	NA	NA	NA	NA	NA	NA	NA	NA	NA	NA	NA
NA	NA	NA	NA	NA	NA	NA	NA	NA	NA	NA	NA	NA	NA	NA	NA
NA	NA	NA	NA	NA	NA	NA	NA	NA	NA	NA	NA	NA	NA	NA	NA
NA	NA	NA	NA	NA	NA	NA	NA	NA	NA	NA	NA	NA	NA	NA	NA
NA	NA	NA	NA	NA	NA	NA	NA	NA	NA	NA	NA	NA	NA	NA	NA
NA	NA	NA	NA	NA	NA	NA	NA	NA	NA	NA	NA	NA	NA	NA	NA
NA	NA	NA	NA	NA	NA	NA	NA	NA	NA	NA	NA	NA	NA	NA	NA
NA	NA	NA	NA	NA	NA	NA	NA	NA	NA	NA	NA	NA	NA	NA	NA
NA	NA	NA	NA	NA	NA	NA	NA	NA	NA	NA	NA	NA	NA	NA	NA
NA	NA	NA	NA	NA	NA	NA	NA	NA	NA	NA	NA	NA	NA	NA	NA
NA	NA	NA	NA	NA	NA	NA	NA	NA	NA	NA	NA	NA	NA	NA	NA
NA	NA	NA	NA	NA	NA	NA	NA	NA	NA	NA	NA	NA	NA	NA	NA
NA	NA	NA	NA	NA	NA	NA	NA	NA	NA	NA	NA	NA	NA	NA	NA
NA	NA	NA	NA	NA	NA	NA	NA	NA	NA	NA	NA	NA	NA	NA	NA
NA	NA	NA	NA	NA	NA	NA	NA	NA	NA	NA	NA	NA	NA	NA	NA
NA	NA	NA	NA	NA	NA	NA	NA	NA	NA	NA	NA	NA	NA	NA	NA
NA	NA	NA	NA	NA	NA	NA	NA	NA	NA	NA	NA	NA	NA	NA	NA
NA	NA	NA	NA	NA	NA	NA	NA	NA	NA	NA	NA	NA	NA	NA	NA
NA	NA	NA	NA	NA	NA	NA	NA	NA	NA	NA	NA	NA	NA	NA	NA
NA	NA	NA	NA	NA	NA	NA	NA	NA	NA	NA	NA	NA	NA	NA	NA
NA	NA	NA	NA	NA	NA	NA	NA	NA	NA	NA	NA	NA	NA	NA	NA
NA	NA	NA	NA	NA	NA	NA	NA	NA	NA	NA	NA	NA	NA	NA	NA
NA	NA	NA	NA	NA	NA	NA	NA	NA	NA	NA	NA	NA	NA	NA	NA
NA	NA	NA	NA	NA	NA	NA	NA	NA	NA	NA	NA	NA	NA	NA	NA
NA	NA	NA	NA	NA	NA	NA	NA	NA	NA	NA	NA	NA	NA	NA	NA
NA	NA	NA	NA	NA	NA	NA	NA	NA	NA	NA	NA	NA	NA	NA	NA
NA	NA	NA	NA	NA	NA	NA	NA	NA	NA	NA	NA	NA	NA	NA	NA
NA	NA	NA	NA	NA	NA	NA	NA	NA	NA	NA	NA	NA	NA	NA	NA
NA	NA	NA	NA	NA	NA	NA	NA	NA	NA	NA	NA	NA	NA	NA	NA
NA	NA	NA	NA	NA	NA	NA	NA	NA	NA	NA	NA	NA	NA	NA	NA
NA	NA	NA	NA	NA	NA	NA	NA	NA	NA	NA	NA	NA	NA	NA	NA
NA	NA	NA	NA	NA	NA	NA	NA	NA	NA	NA	NA	NA	NA	NA	NA
NA	NA	NA	NA	NA	NA	NA	NA	NA	NA	NA	NA	NA	NA	NA	NA
NA	NA	NA	NA	NA	NA	NA	NA	NA	NA	NA	NA	NA	NA	NA	NA
NA	NA	NA	NA	NA	NA	NA	NA	NA	NA	NA	NA	NA	NA	NA	NA
NA	NA	NA	NA	NA	NA	NA	NA	NA	NA	NA	NA	NA	NA	NA	NA
NA	NA	NA	NA	NA	NA	NA	NA	NA	NA	NA	NA	NA	NA	NA	NA
NA	NA	NA	NA	NA	NA	NA	NA	NA	NA	NA	NA	NA	NA	NA	NA
NA	NA	NA	NA	NA	NA	NA	NA	NA	NA	NA	NA	NA	NA	NA	NA
NA	NA	NA	NA	NA	NA	NA	NA	NA	NA	NA	NA	NA	NA	NA	NA
NA	NA	NA	NA	NA	NA	NA	NA	NA	NA	NA	NA	NA	NA	NA	NA
NA	NA	NA	NA	NA	NA	NA	NA	NA	NA	NA	NA	NA	NA	NA	NA
NA	NA	NA	NA	NA	NA	NA	NA	NA	NA	NA	NA	NA	NA	NA	NA
NA	NA	NA	NA	NA	NA	NA	NA	NA	NA	NA	NA	NA	NA	NA	NA
NA	NA	NA	NA	NA	NA	NA	NA	NA	NA	NA	NA	NA	NA	NA	NA
NA	NA	NA	NA	NA	NA	NA	NA	NA	NA	NA	NA	NA	NA	NA	NA
NA	NA	NA	NA	NA	NA	NA	NA	NA	NA	NA	NA	NA	NA	NA	NA
NA	NA	NA	NA	NA	NA	NA	NA	NA	NA	NA	NA	NA	NA	NA	NA
NA	NA	NA	NA	NA	NA	NA	NA	NA	NA	NA	NA	NA	NA	NA	NA
NA	NA	NA	NA	NA	NA	NA	NA	NA	NA	NA	NA	NA	NA	NA	NA
NA	NA	NA	NA	NA	NA	NA	NA	NA	NA	NA	NA	NA	NA	NA	NA
NA	NA	NA	NA	NA	NA	NA	NA	NA	NA	NA	NA	NA	NA	NA	NA
NA	NA	NA	NA	NA	NA	NA	NA	NA	NA	NA	NA	NA	NA	NA	NA
NA	NA	NA	NA	NA	NA	NA	NA	NA	NA	NA	NA	NA	NA	NA	NA
NA	NA	NA	NA	NA	NA	NA	NA	NA	NA	NA	NA	NA	NA	NA	NA
NA	NA	NA	NA	NA	NA	NA	NA	NA	NA	NA	NA	NA	NA	NA	NA
NA	NA	NA	NA	NA	NA	NA	NA	NA	NA	NA	NA	NA	NA	NA	NA
NA	NA	NA	NA	NA	NA	NA	NA	NA	NA	NA	NA	NA	NA	NA	NA
NA	NA	NA	NA	NA	NA	NA	NA	NA	NA	NA	NA	NA	NA	NA	NA
NA	NA	NA	NA	NA	NA	NA	NA	NA	NA	NA	NA	NA	NA	NA	NA
NA	NA	NA	NA	NA	NA	NA	NA	NA	NA	NA	NA	NA	NA	NA	NA
NA	NA	NA	NA	NA	NA	NA	NA	NA	NA	NA	NA	NA	NA	NA	NA
NA	NA	NA	NA	NA	NA	NA	NA	NA	NA	NA	NA	NA	NA	NA	NA
NA	NA	NA	NA	NA	NA	NA	NA	NA	NA	NA	NA	NA	NA	NA	NA
NA	NA	NA	NA	NA	NA	NA	NA	NA	NA	NA	NA	NA	NA	NA	NA
NA	NA	NA	NA	NA	NA	NA	NA	NA	NA	NA	NA	NA	NA	NA	NA
NA	NA	NA	NA	NA	NA	NA	NA	NA	NA	NA	NA	NA	NA	NA	NA
NA	NA	NA	NA	NA	NA	NA	NA	NA	NA	NA	NA	NA	NA	NA	NA
NA	NA	NA	NA	NA	NA	NA	NA	NA	NA	NA	NA	NA	NA	NA	NA
NA	NA	NA	NA	NA	NA	NA	NA	NA	NA	NA	NA	NA	NA	NA	NA
NA	NA	NA	NA	NA	NA	NA	NA	NA	NA	NA	NA	NA	NA	NA	NA
NA	NA	NA	NA	NA	NA	NA	NA	NA	NA	NA	NA	NA	NA	NA	NA
NA	NA	NA	NA	NA	NA	NA	NA	NA	NA	NA	NA	NA	NA	NA	NA
NA	NA	NA	NA	NA	NA	NA	NA	NA	NA	NA	NA	NA	NA	NA	NA
NA	NA	NA	NA	NA	NA	NA	NA	NA	NA	NA	NA	NA	NA	NA	NA
NA	NA	NA	NA	NA	NA	NA	NA	NA	NA	NA	NA	NA	NA	NA	NA
NA	NA	NA	NA	NA	NA	NA	NA	NA	NA	NA	NA	NA	NA	NA	NA
NA	NA	NA	NA	NA	NA	NA	NA	NA	NA	NA	NA	NA	NA	NA	NA
NA	NA	NA	NA	NA	NA	NA	NA	NA	NA	NA	NA	NA	NA	NA	NA
NA	NA	NA	NA	NA	NA	NA	NA	NA	NA	NA	NA	NA	NA	NA	NA
NA	NA	NA	NA	NA	NA	NA	NA	NA	NA	NA	NA	NA	NA	NA	NA
NA	NA	NA	NA	NA	NA	NA	NA	NA	NA	NA	NA	NA	NA	NA	NA
NA	NA	NA	NA	NA	NA	NA	NA	NA	NA	NA	NA	NA	NA	NA	NA
NA	NA	NA	NA	NA	NA	NA	NA	NA	NA	NA	NA	NA	NA	NA	NA
NA	NA	NA	NA	NA	NA	NA	NA	NA	NA	NA	NA	NA	NA	NA	NA
NA	NA	NA	NA	NA	NA	NA	NA	NA	NA	NA	NA	NA	NA	NA	NA
NA	NA	NA	NA	NA	NA	NA	NA	NA	NA	NA	NA	NA	NA	NA	NA
NA	NA	NA	NA	NA	NA	NA	NA	NA	NA	NA	NA	NA	NA	NA	NA
NA	NA	NA	NA	NA	NA	NA	NA	NA	NA	NA	NA	NA	NA	NA	NA
NA	NA	NA	NA	NA	NA	NA	NA	NA	NA	NA	NA	NA	NA	NA	NA
NA	NA	NA	NA	NA	NA	NA	NA	NA	NA	NA	NA	NA	NA	NA	NA
NA	NA	NA	NA	NA	NA	NA	NA	NA	NA	NA	NA	NA	NA	NA	NA
NA	NA	NA	NA	NA	NA	NA	NA	NA	NA	NA	NA	NA	NA	NA	NA
NA	NA	NA	NA	NA	NA	NA	NA	NA	NA	NA	NA	NA	NA	NA	NA
NA	NA	NA	NA	NA	NA	NA	NA	NA	NA	NA	NA	NA	NA	NA	NA
NA	NA	NA	NA	NA	NA	NA	NA	NA	NA	NA	NA	NA	NA	NA	NA
NA	NA	NA	NA	NA	NA	NA	NA	NA	NA	NA	NA	NA	NA	NA	NA
NA	NA	NA	NA	NA	NA	NA	NA	NA	NA	NA	NA	NA	NA	NA	NA
NA	NA	NA	NA	NA	NA	NA	NA	NA	NA	NA	NA	NA	NA	NA	NA
NA	NA	NA	NA	NA	NA	NA	NA	NA	NA	NA	NA	NA	NA	NA	NA
NA	NA	NA	NA	NA	NA	NA	NA	NA	NA	NA	NA	NA	NA	NA	NA
NA	NA	NA	NA	NA	NA	NA	NA	NA	NA	NA	NA	NA	NA	NA	NA
NA	NA	NA	NA	NA	NA	NA	NA	NA	NA	NA	NA	NA	NA	NA	NA
NA	NA	NA	NA	NA	NA	NA	NA	NA	NA	NA	NA	NA	NA	NA	NA
NA	NA	NA	NA	NA	NA	NA	NA	NA	NA	NA	NA	NA	NA	NA	NA
NA	NA	NA	NA	NA	NA	NA	NA	NA	NA	NA	NA	NA	NA	NA	NA
NA	NA	NA	NA	NA	NA	NA	NA	NA	NA	NA	NA	NA	NA	NA	NA
NA	NA	NA	NA	NA	NA	NA	NA	NA	NA	NA	NA	NA	NA	NA	NA
NA	NA	NA	NA	NA	NA	NA	NA	NA	NA	NA	NA	NA	NA	NA	NA
NA	NA	NA	NA	NA	NA	NA	NA	NA	NA	NA	NA	NA	NA	NA	NA
NA	NA	NA	NA	NA	NA	NA	NA	NA	NA	NA	NA	NA	NA	NA	NA
NA	NA	NA	NA	NA	NA	NA	NA	NA	NA	NA	NA	NA	NA	NA	NA
NA	NA	NA	NA	NA	NA	NA	NA	NA	NA	NA	NA	NA	NA	NA	NA
NA	NA	NA	NA	NA	NA	NA	NA	NA	NA	NA	NA	NA	NA	NA	NA
NA	NA	NA	NA	NA	NA	NA	NA	NA	NA	NA	NA	NA	NA	NA	NA
NA	NA	NA	NA	NA	NA	NA	NA	NA	NA	NA	NA	NA	NA	NA	NA
NA	NA	NA	NA	NA	NA	NA	NA	NA	NA	NA	NA	NA	NA	NA	NA
NA	NA	NA	NA	NA	NA	NA	NA	NA	NA	NA	NA	NA	NA	NA	NA
NA	NA	NA	NA	NA	NA	NA	NA	NA	NA	NA	NA	NA	NA	NA	NA
NA	NA	NA	NA	NA	NA	NA	NA	NA	NA	NA	NA	NA	NA	NA	NA
NA	NA	NA	NA	NA	NA	NA	NA	NA	NA	NA	NA	NA	NA	NA	NA
NA	NA	NA	NA	NA	NA	NA	NA	NA	NA	NA	NA	NA	NA	NA	NA
NA	NA	NA	NA	NA	NA	NA	NA	NA	NA	NA	NA	NA	NA	NA	NA
NA	NA	NA	NA	NA	NA	NA	NA	NA	NA	NA	NA	NA	NA	NA	NA
NA	NA	NA	NA	NA	NA	NA	NA	NA	NA	NA	NA	NA	NA	NA	NA
NA	NA	NA	NA	NA	NA	NA	NA	NA	NA	NA	NA	NA	NA	NA	NA
NA	NA	NA	NA	NA	NA	NA	NA	NA	NA	NA	NA	NA	NA	NA	NA
NA	NA	NA	NA	NA	NA	NA	NA	NA	NA	NA	NA	NA	NA	NA	NA
NA	NA	NA	NA	NA	NA	NA	NA	NA	NA	NA	NA	NA	NA	NA	NA
NA	NA	NA	NA	NA	NA	NA	NA	NA	NA	NA	NA	NA	NA	NA	NA
NA	NA	NA	NA	NA	NA	NA	NA	NA	NA	NA	NA	NA	NA	NA	NA
NA	NA	NA	NA	NA	NA	NA	NA	NA	NA	NA	NA	NA	NA	NA	NA
NA	NA	NA	NA	NA	NA	NA	NA	NA	NA	NA	NA	NA	NA	NA	NA
NA	NA	NA	NA	NA	NA	NA	NA	NA	NA	NA	NA	NA	NA	NA	NA
NA	NA	NA	NA	NA	NA	NA	NA	NA	NA	NA	NA	NA	NA	NA	NA
NA	NA	NA	NA	NA	NA	NA	NA	NA	NA	NA	NA	NA	NA	NA	NA
NA	NA	NA	NA	NA	NA	NA	NA	NA	NA	NA	NA	NA	NA	NA	NA
NA	NA	NA	NA	NA	NA	NA	NA	NA	NA	NA	NA	NA	NA	NA	NA
NA	NA	NA	NA	NA	NA	NA	NA	NA	NA	NA	NA	NA	NA	NA	NA
NA	NA	NA	NA	NA	NA	NA	NA	NA	NA	NA	NA	NA	NA	NA	NA
NA	NA	NA	NA	NA	NA	NA	NA	NA	NA	NA	NA	NA	NA	NA	NA
NA	NA	NA	NA	NA	NA	NA	NA	NA	NA	NA	NA	NA	NA	NA	NA
NA	NA	NA	NA	NA	NA	NA	NA	NA	NA	NA	NA	NA	NA	NA	NA
NA	NA	NA	NA	NA	NA	NA	NA	NA	NA	NA	NA	NA	NA	NA	NA
NA	NA	NA	NA	NA	NA	NA	NA	NA	NA	NA	NA	NA	NA	NA	NA
NA	NA	NA	NA	NA	NA	NA	NA	NA	NA	NA	NA	NA	NA	NA	NA
NA	NA	NA	NA	NA	NA	NA	NA	NA	NA	NA	NA	NA	NA	NA	NA
NA	NA	NA	NA	NA	NA	NA	NA	NA	NA	NA	NA	NA	NA	NA	NA
NA	NA	NA	NA	NA	NA	NA	NA	NA	NA	NA	NA	NA	NA	NA	NA
NA	NA	NA	NA	NA	NA	NA	NA	NA	NA	NA	NA	NA	NA	NA	NA
NA	NA	NA	NA	NA	NA	NA	NA	NA	NA	NA	NA	NA	NA	NA	NA
NA	NA	NA	NA	NA	NA	NA	NA	NA	NA	NA	NA	NA	NA	NA	NA
NA	NA	NA	NA	NA	NA	NA	NA	NA	NA	NA	NA	NA	NA	NA	NA
NA	NA	NA	NA	NA	NA	NA	NA	NA	NA	NA	NA	NA	NA	NA	NA
NA	NA	NA	NA	NA	NA	NA	NA	NA	NA	NA	NA	NA	NA	NA	NA
NA	NA	NA	NA	NA	NA	NA	NA	NA	NA	NA	NA	NA	NA	NA	NA
NA	NA	NA	NA	NA	NA	NA	NA	NA	NA	NA	NA	NA	NA	NA	NA
NA	NA	NA	NA	NA	NA	NA	NA	NA	NA	NA	NA	NA	NA	NA	NA
NA	NA	NA	NA	NA	NA	NA	NA	NA	NA	NA	NA	NA	NA	NA	NA
NA	NA	NA	NA	NA	NA	NA	NA	NA	NA	NA	NA	NA	NA	NA	NA
NA	NA	NA	NA	NA	NA	NA	NA	NA	NA	NA	NA	NA	NA	NA	NA
NA	NA	NA	NA	NA	NA	NA	NA	NA	NA	NA	NA	NA	NA	NA	NA
NA	NA	NA	NA	NA	NA	NA	NA	NA	NA	NA	NA	NA	NA	NA	NA
NA	NA	NA	NA	NA	NA	NA	NA	NA	NA	NA	NA	NA	NA	NA	NA
NA	NA	NA	NA	NA	NA	NA	NA	NA	NA	NA	NA	NA	NA	NA	NA
NA	NA	NA	NA	NA	NA	NA	NA	NA	NA	NA	NA	NA	NA	NA	NA
NA	NA	NA	NA	NA	NA	NA	NA	NA	NA	NA	NA	NA	NA	NA	NA
NA	NA	NA	NA	NA	NA	NA	NA	NA	NA	NA	NA	NA	NA	NA	NA
NA	NA	NA	NA	NA	NA	NA	NA	NA	NA	NA	NA	NA	NA	NA	NA
NA	NA	NA	NA	NA	NA	NA	NA	NA	NA	NA	NA	NA	NA	NA	NA
NA	NA	NA	NA	NA	NA	NA	NA	NA	NA	NA	NA	NA	NA	NA	NA
NA	NA	NA	NA	NA	NA	NA	NA	NA	NA	NA	NA	NA	NA	NA	NA
NA	NA	NA	NA	NA	NA	NA	NA	NA	NA	NA	NA	NA	NA	NA	NA
NA	NA	NA	NA	NA	NA	NA	NA	NA	NA	NA	NA	NA	NA	NA	NA
NA	NA	NA	NA	NA	NA	NA	NA	NA	NA	NA	NA	NA	NA	NA	NA
NA	NA	NA	NA	NA	NA	NA	NA	NA	NA	NA	NA	NA	NA	NA	NA
NA	NA	NA	NA	NA	NA	NA	NA	NA	NA	NA	NA	NA	NA	NA	NA
NA	NA	NA	NA	NA	NA	NA	NA	NA	NA	NA	NA	NA	NA	NA	NA
NA	NA	NA	NA	NA	NA	NA	NA	NA	NA	NA	NA	NA	NA	NA	NA
NA	NA	NA	NA	NA	NA	NA	NA	NA	NA	NA	NA	NA	NA	NA	NA
NA	NA	NA	NA	NA	NA	NA	NA	NA	NA	NA	NA	NA	NA	NA	NA
NA	NA	NA	NA	NA	NA	NA	NA	NA	NA	NA	NA	NA	NA	NA	NA
NA	NA	NA	NA	NA	NA	NA	NA	NA	NA	NA	NA	NA	NA	NA	NA
NA	NA	NA	NA	NA	NA	NA	NA	NA	NA	NA	NA	NA	NA	NA	NA
NA	NA	NA	NA	NA	NA	NA	NA	NA	NA	NA	NA	NA	NA	NA	NA
NA	NA	NA	NA	NA	NA	NA	NA	NA	NA	NA	NA	NA	NA	NA	NA
NA	NA	NA	NA	NA	NA	NA	NA	NA	NA	NA	NA	NA	NA	NA	NA
NA	NA	NA	NA	NA	NA	NA	NA	NA	NA	NA	NA	NA	NA	NA	NA
NA	NA	NA	NA	NA	NA	NA	NA	NA	NA	NA	NA	NA	NA	NA	NA
NA	NA	NA	NA	NA	NA	NA	NA	NA	NA	NA	NA	NA	NA	NA	NA
NA	NA	NA	NA	NA	NA	NA	NA	NA	NA	NA	NA	NA	NA	NA	NA
NA	NA	NA	NA	NA	NA	NA	NA	NA	NA	NA	NA	NA	NA	NA	NA
NA	NA	NA	NA	NA	NA	NA	NA	NA	NA	NA	NA	NA	NA	NA	NA
NA	NA	NA	NA	NA	NA	NA	NA	NA	NA	NA	NA	NA	NA	NA	NA
NA	NA	NA	NA	NA	NA	NA	NA	NA	NA	NA	NA	NA	NA	NA	NA
NA	NA	NA	NA	NA	NA	NA	NA	NA	NA	NA	NA	NA	NA	NA	NA
NA	NA	NA	NA	NA	NA	NA	NA	NA	NA	NA	NA	NA	NA	NA	NA
NA	NA	NA	NA	NA	NA	NA	NA	NA	NA	NA	NA	NA	NA	NA	NA
NA	NA	NA	NA	NA	NA	NA	NA	NA	NA	NA	NA	NA	NA	NA	NA
NA	NA	NA	NA	NA	NA	NA	NA	NA	NA	NA	NA	NA	NA	NA	NA
NA	NA	NA	NA	NA	NA	NA	NA	NA	NA	NA	NA	NA	NA	NA	NA
NA	NA	NA	NA	NA	NA	NA	NA	NA	NA	NA	NA	NA	NA	NA	NA
NA	NA	NA	NA	NA	NA	NA	NA	NA	NA	NA	NA	NA	NA	NA	NA
NA	NA	NA	NA	NA	NA	NA	NA	NA	NA	NA	NA	NA	NA	NA	NA
NA	NA	NA	NA	NA	NA	NA	NA	NA	NA	NA	NA	NA	NA	NA	NA
NA	NA	NA	NA	NA	NA	NA	NA	NA	NA	NA	NA	NA	NA	NA	NA
NA	NA	NA	NA	NA	NA	NA	NA	NA	NA	NA	NA	NA	NA	NA	NA
NA	NA	NA	NA	NA	NA	NA	NA	NA	NA	NA	NA	NA	NA	NA	NA
NA	NA	NA	NA	NA	NA	NA	NA	NA	NA	NA	NA	NA	NA	NA	NA
NA	NA	NA	NA	NA	NA	NA	NA	NA	NA	NA	NA	NA	NA	NA	NA
NA	NA	NA	NA	NA	NA	NA	NA	NA	NA	NA	NA	NA	NA	NA	NA
NA	NA	NA	NA	NA	NA	NA	NA	NA	NA	NA	NA	NA	NA	NA	NA
NA	NA	NA	NA	NA	NA	NA	NA	NA	NA	NA	NA	NA	NA	NA	NA
NA	NA	NA	NA	NA	NA	NA	NA	NA	NA	NA	NA	NA	NA	NA	NA
NA	NA	NA	NA	NA	NA	NA	NA	NA	NA	NA	NA	NA	NA	NA	NA
NA	NA	NA	NA	NA	NA	NA	NA	NA	NA	NA	NA	NA	NA	NA	NA
NA	NA	NA	NA	NA	NA	NA	NA	NA	NA	NA	NA	NA	NA	NA	NA
NA	NA	NA	NA	NA	NA	NA	NA	NA	NA	NA	NA	NA	NA	NA	NA
NA	NA	NA	NA	NA	NA	NA	NA	NA	NA	NA	NA	NA	NA	NA	NA
NA	NA	NA	NA	NA	NA	NA	NA	NA	NA	NA	NA	NA	NA	NA	NA
NA	NA	NA	NA	NA	NA	NA	NA	NA	NA	NA	NA	NA	NA	NA	NA
NA	NA	NA	NA	NA	NA	NA	NA	NA	NA	NA	NA	NA	NA	NA	NA
NA	NA	NA	NA	NA	NA	NA	NA	NA	NA	NA	NA	NA	NA	NA	NA
NA	NA	NA	NA	NA	NA	NA	NA	NA	NA	NA	NA	NA	NA	NA	NA
NA	NA	NA	NA	NA	NA	NA	NA	NA	NA	NA	NA	NA	NA	NA	NA
NA	NA	NA	NA	NA	NA	NA	NA	NA	NA	NA	NA	NA	NA	NA	NA
NA	NA	NA	NA	NA	NA	NA	NA	NA	NA	NA	NA	NA	NA	NA	NA
NA	NA	NA	NA	NA	NA	NA	NA	NA	NA	NA	NA	NA	NA	NA	NA
NA	NA	NA	NA	NA	NA	NA	NA	NA	NA	NA	NA	NA	NA	NA	NA
NA	NA	NA	NA	NA	NA	NA	NA	NA	NA	NA	NA	NA	NA	NA	NA
NA	NA	NA	NA	NA	NA	NA	NA	NA	NA	NA	NA	NA	NA	NA	NA
NA	NA	NA	NA	NA	NA	NA	NA	NA	NA	NA	NA	NA	NA	NA	NA
NA	NA	NA	NA	NA	NA	NA	NA	NA	NA	NA	NA	NA	NA	NA	NA
NA	NA	NA	NA	NA	NA	NA	NA	NA	NA	NA	NA	NA	NA	NA	NA
NA	NA	NA	NA	NA	NA	NA	NA	NA	NA	NA	NA	NA	NA	NA	NA
NA	NA	NA	NA	NA	NA	NA	NA	NA	NA	NA	NA	NA	NA	NA	NA
NA	NA	NA	NA	NA	NA	NA	NA	NA	NA	NA	NA	NA	NA	NA	NA
NA	NA	NA	NA	NA	NA	NA	NA	NA	NA	NA	NA	NA	NA	NA	NA
NA	NA	NA	NA	NA	NA	NA	NA	NA	NA	NA	NA	NA	NA	NA	NA
NA	NA	NA	NA	NA	NA	NA	NA	NA	NA	NA	NA	NA	NA	NA	NA
NA	NA	NA	NA	NA	NA	NA	NA	NA	NA	NA	NA	NA	NA	NA	NA
NA	NA	NA	NA	NA	NA	NA	NA	NA	NA	NA	NA	NA	NA	NA	NA
NA	NA	NA	NA	NA	NA	NA	NA	NA	NA	NA	NA	NA	NA	NA	NA
NA	NA	NA	NA	NA	NA	NA	NA	NA	NA	NA	NA	NA	NA	NA	NA
NA	NA	NA	NA	NA	NA	NA	NA	NA	NA	NA	NA	NA	NA	NA	NA
NA	NA	NA	NA	NA	NA	NA	NA	NA	NA	NA	NA	NA	NA	NA	NA
NA	NA	NA	NA	NA	NA	NA	NA	NA	NA	NA	NA	NA	NA	NA	NA
NA	NA	NA	NA	NA	NA	NA	NA	NA	NA	NA	NA	NA	NA	NA	NA
NA	NA	NA	NA	NA	NA	NA	NA	NA	NA	NA	NA	NA	NA	NA	NA
NA	NA	NA	NA	NA	NA	NA	NA	NA	NA	NA	NA	NA	NA	NA	NA
NA	NA	NA	NA	NA	NA	NA	NA	NA	NA	NA	NA	NA	NA	NA	NA
NA	NA	NA	NA	NA	NA	NA	NA	NA	NA	NA	NA	NA	NA	NA	NA
NA	NA	NA	NA	NA	NA	NA	NA	NA	NA	NA	NA	NA	NA	NA	NA
NA	NA	NA	NA	NA	NA	NA	NA	NA	NA	NA	NA	NA	NA	NA	NA
NA	NA	NA	NA	NA	NA	NA	NA	NA	NA	NA	NA	NA	NA	NA	NA
NA	NA	NA	NA	NA	NA	NA	NA	NA	NA	NA	NA	NA	NA	NA	NA
NA	NA	NA	NA	NA	NA	NA	NA	NA	NA	NA	NA	NA	NA	NA	NA
NA	NA	NA	NA	NA	NA	NA	NA	NA	NA	NA	NA	NA	NA	NA	NA
NA	NA	NA	NA	NA	NA	NA	NA	NA	NA	NA	NA	NA	NA	NA	NA
NA	NA	NA	NA	NA	NA	NA	NA	NA	NA	NA	NA	NA	NA	NA	NA
NA	NA	NA	NA	NA	NA	NA	NA	NA	NA	NA	NA	NA	NA	NA	NA
NA	NA	NA	NA	NA	NA	NA	NA	NA	NA	NA	NA	NA	NA	NA	NA
NA	NA	NA	NA	NA	NA	NA	NA	NA	NA	NA	NA	NA	NA	NA	NA
2.25487416018639	0.221549140327253	1.82063784514497	2.6891104752278	2.33536029547236	0.196362344072198	1.95049010109086	2.72023048985387	2.33536029547236	0.221549140327253	1.93573228214019	2.80126100450492	2.33580793308208	0.214196094450056	1.91566998740587	2.7559458787583
2.16614722894917	0.215099227368394	1.74455274330712	2.58774171459122	2.15819994459783	0.1874144396578	1.79086764286854	2.52553224632712	2.15819994459783	0.215099227368394	1.71859237258326	2.54825987482107	2.15068828013342	0.198374777644062	1.76162999787104	2.53974656239579
2.11518234905992	0.178968907851382	1.76440328967121	2.46596140844863	2.19975232411364	0.157975269101721	1.89012079667427	2.50938385155301	2.19975232411364	0.178968907851382	1.87540707538845	2.58791046902925	2.2039622438387	0.174299215831522	1.86215287114916	2.54577161652824
1.99528187492346	0.21266129236874	1.57846574188073	2.41209800796619	2.11061789487289	0.183852030177298	1.75026791572539	2.4709678740204	2.11061789487289	0.21266129236874	1.68780183737929	2.52728767842435	2.11128484389877	0.19639213006708	1.72612355418749	2.49644613361004
2.32222702161373	0.196643682367149	1.93680540417412	2.70764863905335	2.24645772852847	0.168458728459291	1.91627862074826	2.57663683630869	2.24645772852847	0.196643682367149	1.86570953262318	2.61802968899479	2.24501028116392	0.185598958484103	1.88102534488694	2.60899521744089
1.84234844334379	0.175331443746515	1.49869881360062	2.18599807308696	1.77259695313247	0.160313938889382	1.45838163290928	2.08681227335566	1.77259695313247	0.175331443746515	1.42672129304636	2.11629889756364	1.77300327157696	0.164400397583626	1.45063325942292	2.09537328373099
2.1904339335974	0.194314707894821	1.80957710612355	2.57129076107125	2.12435070701814	0.177387835616537	1.77667054920973	2.47203086482655	2.12435070701814	0.194314707894821	1.75483613544966	2.49710546758095	2.120229917333	0.185180603692769	1.75707192933297	2.48338790533302
1.8488619403781	0.239178293354852	1.38007248540259	2.31765139535361	1.88957626145571	0.209276140893916	1.47939502530364	2.29975749760779	1.88957626145571	0.239178293354852	1.38701209094298	2.32422761033965	1.88938787624013	0.218641795794808	1.46054815068653	2.31822760179373
2.25745648736195	0.198578973948662	1.86824169842258	2.64667127630133	2.18980071552565	0.174784674851494	1.84722275281672	2.53237867823458	2.18980071552565	0.198578973948662	1.81655011076127	2.56892968278505	2.19598824764654	0.187391353078804	1.82846958223708	2.563506913056
1.964095059263	0.223397859499279	1.52623525464442	2.40195486388159	1.91790638866518	0.216828308907185	1.49292290320709	2.34288987412326	1.91790638866518	0.223397859499279	1.49464722303597	2.3699970710344	1.91469780678047	0.200535214790645	1.52140523777695	2.30799037578399
2.02056760282962	0.210010939684237	1.60894616104851	2.43218904461072	2.02779527972661	0.180312938499031	1.67438192026851	2.38120863918471	2.02779527972661	0.210010939684237	1.63846544947923	2.45777598634405	2.0282079259697	0.208872771906553	1.61855425401343	2.43786159792597
2.22981589266308	0.216895474145786	1.80470076333734	2.65493102198882	2.1448183714344	0.189375570980773	1.77364225231209	2.51599449055672	2.1448183714344	0.216895474145786	1.73575268347834	2.53068485398816	2.15184125464743	0.203594329748239	1.75254424517897	2.55113826411589
2.02666530207614	0.185892582811083	1.66231583976642	2.39101476438586	1.96230571927773	0.171345223362079	1.62646908148805	2.2981423570674	1.96230571927773	0.185892582811083	1.6068444901453	2.31867281205652	1.96349718296207	0.173061968191247	1.62411282176016	2.30288154416399
1.65352306244449	0.238734139212861	1.18560414958729	2.1214419753017	1.8151326014945	0.212152680248521	1.3993133482074	2.2309518547816	1.8151326014945	0.238734139212861	1.34486369261304	2.31070373098064	1.81059438721454	0.225766812121174	1.36777347951775	2.25341529491132
1.86718006474139	0.165783353472747	1.5422446919348	2.19211543754797	1.99469597730307	0.145720750855851	1.70908330562561	2.28030864898054	1.99469597730307	0.165783353472747	1.68836011971079	2.31940031190763	1.99521744380253	0.156741604486124	1.68785938477122	2.30257550283385
1.89393276787849	0.232841688594143	1.43756305823397	2.35030247752301	1.92445503421921	0.190648146935455	1.55078466622572	2.2981254022127	1.92445503421921	0.232841688594143	1.50500615856127	2.40495082323778	1.92853936334419	0.223439060985086	1.49029309659152	2.36678563009686
1.84232894252893	0.175390583603795	1.49856339866549	2.18609448639237	1.8645142599966	0.159173554966005	1.55253409226323	2.17649442772997	1.8645142599966	0.175390583603795	1.53424969272771	2.22949502547484	1.86686883819323	0.163537737247499	1.54616790133559	2.18756977505088
1.85979100269509	0.243292953779856	1.38293681328657	2.33664519210361	1.67319296041511	0.212392577986146	1.25690350756227	2.08948241326796	1.67319296041511	0.243292953779856	1.12780542082467	2.09805204958302	1.67793683780675	0.22689197863704	1.23289181236173	2.12298186325176
1.93764982736655	0.213266811369675	1.51964687708199	2.35565277765112	1.73039831439342	0.187387354151298	1.36311910025688	2.09767752852997	1.73039831439342	0.213266811369675	1.29506631006959	2.12942994069778	1.73416872568827	0.197527990436077	1.34678289769726	2.12155455367928
1.70536534046522	0.172750574109942	1.36677421520973	2.0439564657207	1.82422241749962	0.155094301286096	1.52023758697887	2.12820724802037	1.82422241749962	0.172750574109942	1.49803429571747	2.16353069760152	1.81366071213578	0.162819781610971	1.49439862323619	2.13292280103536
2.22659166940345	0.294541894302797	1.64928955656996	2.80389378223693	2.21749612978748	0.237514335973815	1.7519680312788	2.68302422829616	2.21749612978748	0.294541894302797	1.59110595934275	2.72909668523015	2.21182233689932	0.284554547045432	1.65361493294117	2.77002974085746
1.8304517791517	0.225992007092512	1.38750744525037	2.27339611305302	1.69450682555609	0.199873522634538	1.3027547211924	2.08625892991979	1.69450682555609	0.225992007092512	1.25614361179964	2.15186322389693	1.70407628155066	0.21217690241284	1.28791524066205	2.12023732243926
1.81675687353591	0.204599354181014	1.41574213934113	2.2177716077307	1.74375793551403	0.179198982902858	1.39252792902443	2.09498794200363	1.74375793551403	0.204599354181014	1.34015696652271	2.14178650769535	1.74121817214475	0.193238684089121	1.36223332316915	2.12020302112034
1.93828049625838	0.238537526612087	1.47074694409869	2.40581404841807	1.76145894104093	0.211647005827245	1.34663080961952	2.17628707246233	1.76145894104093	0.238537526612087	1.28738489187747	2.20812243847635	1.76385264711673	0.226709372944752	1.31920611948051	2.20849917475296
2.05864845667887	0.194611688858901	1.67720954651542	2.44008736684231	2.1093754487602	0.191844531090719	1.7333601678224	2.48539072969801	2.1093754487602	0.194611688858901	1.71890412083386	2.47873037349943	2.10195356096504	0.180245523979159	1.74851202972755	2.45539509220253
1.86817532297655	0.19383190333418	1.48826479244156	2.24808585351155	1.96599577218681	0.166649262431335	1.6393632178214	2.29262832655223	1.96599577218681	0.19383190333418	1.62023316914317	2.38911627964661	1.96649566222216	0.185609700646895	1.60248751995041	2.3305038044939
1.80128445501189	0.199644497441544	1.40998124002646	2.19258766999732	1.94867597724487	0.16094943835713	1.63321507806489	2.26413687642484	1.94867597724487	0.199644497441544	1.58390549899839	2.36464659343076	1.94291742557214	0.199142347793882	1.55233983567231	2.33349501547196
1.61026660240994	0.186266390419737	1.24518447718725	1.97534872763262	1.61844038428106	0.182616690269501	1.26051167135284	1.97636909720928	1.61844038428106	0.186266390419737	1.23874289628932	1.97369052426442	1.61723918215764	0.17209677286234	1.27975621731582	1.95472214699946
2.07689020715227	0.183653286137268	1.71692976632323	2.43685064798132	2.15253642778976	0.170722254236685	1.81792080948585	2.48715204609366	2.15253642778976	0.183653286137268	1.79194512941141	2.49641655740462	2.14728509549518	0.169015954982627	1.81585776759412	2.47871242339623
2.13450783499181	0.236533236353209	1.67090269173952	2.5981129782441	2.03640707621198	0.201467506252401	1.64153076395727	2.43128338846668	2.03640707621198	0.236533236353209	1.50029753046535	2.4710648062227	2.03649569165137	0.228689987444764	1.58791852266362	2.48507286063911
2.00079234966367	0.210224720596134	1.58875189729525	2.41283280203209	2.06511975955845	0.168753319298849	1.73436325373271	2.39587626538419	2.06511975955845	0.210224720596134	1.66393731539996	2.49338486905096	2.06029270847504	0.20870992186857	1.65092668920232	2.46965872774776
2.07698203244853	0.192305160463072	1.7000639179409	2.45390014695615	2.05349877341484	0.175230024713942	1.71004792497551	2.39694962185416	2.05349877341484	0.192305160463072	1.67487299258592	2.43915618228058	2.04740072853628	0.177916757717703	1.69852649764833	2.39627495942424
2.13691702882376	0.274664650676341	1.59857431349813	2.67525974414939	2.02776507799494	0.237757491890912	1.56176039388875	2.49376976210113	2.02776507799494	0.274664650676341	1.49506359024903	2.544523895958	2.02767432097679	0.259243510107719	1.51916095855231	2.53618768340127
1.75812940801708	0.203968225960909	1.35835168513369	2.15790713090046	1.78614704230452	0.177758838855295	1.43773971814814	2.1345543664609	1.78614704230452	0.203968225960909	1.40935917701297	2.1409849490287	1.78486285379801	0.194307656610843	1.40375574732458	2.16596996027143
2.11508314820646	0.208947214128757	1.70554660851409	2.52461968789882	2.00329998710355	0.184313634093811	1.64204526427968	2.36455470992742	2.00329998710355	0.208947214128757	1.55417152614637	2.39554177709529	2.00453718902012	0.20000364090897	1.6123032026421	2.39677117539815
1.67107191751348	0.170290916553148	1.33730172106931	2.00484211395765	1.78750790106689	0.154377651245941	1.48492770462485	2.09008809750894	1.78750790106689	0.170290916553148	1.43859247409734	2.13168593737498	1.78661346153944	0.158059135868536	1.47667769761341	2.09654922546547
1.8745006265243	0.238056242786655	1.40791039066246	2.34109086238614	1.95332497024414	0.214544201759575	1.53281833479537	2.37383160569291	1.95332497024414	0.238056242786655	1.48814796646069	2.37411826584011	1.95126986047963	0.224700594117427	1.51053399480119	2.39200572615808
1.98283408465418	0.189365398750949	1.61167790310232	2.35399026620604	2.05632737613022	0.167562193499025	1.72790547687213	2.38474927538831	2.05632737613022	0.189365398750949	1.66411792241231	2.40275139825269	2.05778193783902	0.177637599191012	1.70943018374468	2.40613369193336
2.28246928977419	0.179776815942173	1.93010673052753	2.63483184902085	2.25608538018927	0.151701261733565	1.95875090719149	2.55341985318706	2.25608538018927	0.179776815942173	1.92350832808955	2.64736201307793	2.25380130366668	0.174443419511175	1.91170290796474	2.59589969936862
2.12186406224611	0.228242129071664	1.67450948926565	2.56921863522657	2.1742518954474	0.176450554911759	1.82840880782035	2.52009498307445	2.1742518954474	0.228242129071664	1.73037629586873	2.61311051028767	2.17531061820579	0.211896594053918	1.75971754738132	2.59090368903026
1.89726306933132	0.227780118625028	1.45081403682627	2.34371210183638	1.9428681556663	0.204851278541029	1.54135964972588	2.34437666160671	1.9428681556663	0.227780118625028	1.53736860766626	2.42834015370169	1.9436946117814	0.211206943973986	1.5294494514859	2.35793977207691
1.75672092655932	0.255877983801213	1.25520007830895	2.2582417748097	1.73981649029558	0.228659203041089	1.29164445233505	2.18798852825611	1.73981649029558	0.255877983801213	1.25156189127498	2.24056827759679	1.74004919624932	0.239959806872272	1.26939203235737	2.21070636014127
2.11162666320441	0.194814839924029	1.72978957695331	2.4934637494555	2.11332526823644	0.164778057191489	1.79036027614113	2.43629026033176	2.11332526823644	0.194814839924029	1.73532043180055	2.50223792984709	2.11616379156222	0.186295581709373	1.75080762144142	2.48151996168301
2.15441446152037	0.238932316175946	1.68610712181551	2.62272180122522	2.11372401427328	0.201884791491592	1.71802982294976	2.5094182055968	2.11372401427328	0.238932316175946	1.69699171280663	2.66402398261813	2.11475898824817	0.227520142908798	1.66851378136831	2.56100419512804
2.05529716159779	0.197015485972174	1.66914680909233	2.44144751410325	2.0877571532312	0.175601304060503	1.74357859727261	2.43193570918978	2.0877571532312	0.197015485972174	1.70675299400047	2.50955797826413	2.08867649117636	0.182506738777061	1.73074833955824	2.44660464279448
2.16707308599761	0.185781864000529	1.80294063255657	2.53120553943865	2.16514221534925	0.166893583351849	1.83803079197962	2.49225363871887	2.16514221534925	0.185781864000529	1.80764969596056	2.52823141674092	2.16114883546472	0.172673052175133	1.82253127766029	2.49976639326915
1.76632519919653	0.183066908177922	1.4075140591678	2.12513633922525	1.78805439357542	0.167126131799077	1.46048717524923	2.11562161190161	1.78805439357542	0.183066908177922	1.43043728880079	2.14663380115874	1.78481514827816	0.173361246401336	1.44484681683128	2.12478347972504
1.9381887443806	0.243279813639791	1.46136030964661	2.41501717911459	2.10127614166441	0.202265504644504	1.70483575256118	2.49771653076764	2.10127614166441	0.243279813639791	1.66750360709636	2.60075289139718	2.11035596521004	0.232739241516579	1.6538292402873	2.56688269013277
1.97766741094144	0.223286626401529	1.54002562319444	2.41530919868844	1.90677535303994	0.197195858644293	1.52027147009713	2.29327923598276	1.90677535303994	0.223286626401529	1.41445024482364	2.30375611000512	1.91057705944452	0.206182497611252	1.50619622720874	2.31495789168029
1.85650792944436	0.263901794967544	1.33926041130797	2.37375544758075	1.84112970717287	0.216579125102102	1.41663462197275	2.26562479237299	1.84112970717287	0.263901794967544	1.36956609478651	2.36930989964207	1.8501178959503	0.257256363728831	1.34547644089867	2.35475935100193
2.05503123809344	0.197052004300519	1.66880930966442	2.44125316652246	2.12790725547161	0.17672023363462	1.78153559754776	2.47427891339547	2.12790725547161	0.197052004300519	1.74548841892518	2.49758434442775	2.12478330855444	0.188276268817465	1.7555522730352	2.49401434407368
2.13115195278237	0.215904460379441	1.70797921043866	2.55432469512607	2.09698044073291	0.189080350762198	1.726382953239	2.46757792822681	2.09698044073291	0.215904460379441	1.68794159884072	2.50018476252587	2.09576151260133	0.204108129025765	1.6954413316072	2.49608169359546
2.16169094604534	0.218873082604622	1.73269970414028	2.5906821879504	2.16423111991624	0.201921223931456	1.76846552101059	2.5599967188219	2.16423111991624	0.218873082604622	1.73271930127521	2.61250744186024	2.15982123652135	0.206638773203504	1.75451962019109	2.5651228528516
1.92878611906922	0.228570997317297	1.48078696432731	2.37678527381112	2.07359126058633	0.203622898076031	1.67449038035731	2.47269214081535	2.07359126058633	0.228570997317297	1.65736344556329	2.54044443533484	2.07702589067028	0.222027329454928	1.64155052336407	2.51250125797648
2.05980477385863	0.176007801411102	1.71482948309287	2.40478006462439	2.09108462846428	0.165998429279345	1.76572770707677	2.4164415498518	2.09108462846428	0.176007801411102	1.76906803512789	2.42432688097233	2.09557565725116	0.162322771167879	1.77729401740806	2.41385729709427
2.0117307891652	0.24282633478514	1.53579117298632	2.48767040534407	1.88557037780677	0.210317320158314	1.47334843029647	2.29779232531707	1.88557037780677	0.24282633478514	1.42864370120385	2.37945193733996	1.89289033580709	0.231937206982783	1.43794187857351	2.34783879304067
1.80253019458776	0.191147181702682	1.42788171845051	2.17717867072502	1.9917113916878	0.159787494178057	1.67852790309881	2.30489488027679	1.9917113916878	0.191147181702682	1.60880484926242	2.3488304659786	1.99589883994975	0.185934647673242	1.63123976685319	2.3605579130463
2.02732656177834	0.202738988529186	1.62995814426114	2.42469497929555	2.05392342283344	0.180309251953963	1.70051728900368	2.40732955666321	2.05392342283344	0.202738988529186	1.65527082319972	2.43401011926872	2.05167300973123	0.189364253874229	1.68031466243572	2.42303135702674
1.73343425774567	0.25121413137832	1.24105456024416	2.22581395524718	1.64384227471019	0.229217445053656	1.19457608240503	2.09310846701536	1.64384227471019	0.25121413137832	1.0792022424493	2.10925341149215	1.64609699825798	0.231031907655824	1.19294157375265	2.09925242276331
2.2279171908179	0.253684692130758	1.73069519424161	2.72513918739418	2.09116492905738	0.218303335489005	1.66329039149893	2.51903946661583	2.09116492905738	0.253684692130758	1.5723028039233	2.58654820416546	2.08903493610284	0.237858847282605	1.62248123402994	2.55558863817573
2.16613937962442	0.210423879654623	1.75370857550135	2.57857018374748	2.18794504830275	0.190043334408905	1.81546011286129	2.5604299837442	2.18794504830275	0.210423879654623	1.7827858296541	2.61371750632182	2.18695923420166	0.198375034237956	1.79792674978123	2.57599171862209
1.90887936468919	0.208839062403474	1.49955480237838	2.318203927	2.02560772365933	0.177568104837569	1.67757423817769	2.37364120914096	2.02560772365933	0.208839062403474	1.5970128904578	2.40741854431521	2.0223939084333	0.192937910303116	1.64404357395473	2.40074424291186
2.1146703505894	0.266671594057223	1.59199402623725	2.63734667494156	2.13099587359795	0.231212005073242	1.6778203436544	2.5841714035415	2.13099587359795	0.266671594057223	1.6417003129282	2.67275399172954	2.12610726836546	0.253499565247011	1.62883534960528	2.62337918712564
2.27907927300071	0.170413301273614	1.94506920250442	2.61308934349699	2.18138730913106	0.141947241144042	1.90317071648873	2.45960390177338	2.18138730913106	0.170413301273614	1.87614663213839	2.51402826868862	2.17885475011562	0.168982262705285	1.84745624865858	2.51025325157267
2.06102235984406	0.202890169702869	1.66335762722643	2.45868709246168	2.11781245978437	0.173831718803534	1.77710229092944	2.4585226286393	2.11781245978437	0.202890169702869	1.72493573856002	2.52283153501308	2.11766039025443	0.192640441118118	1.7398517887794	2.49546899172946
2.06702069528993	0.24174002267635	1.59321025084429	2.54083113973558	2.12396317579848	0.194785764434192	1.74218307750746	2.5057432740895	2.12396317579848	0.24174002267635	1.60098731826609	2.57511146687282	2.12256546082254	0.240934857317884	1.64996986901127	2.5951610526338
2.29602702156588	0.176882832331155	1.94933667019681	2.64271737293494	2.25600453626671	0.154655669417569	1.95287942420828	2.55912964832515	2.25600453626671	0.176882832331155	1.89409104902275	2.5891353279025	2.25679080041914	0.172052281263673	1.91937228403911	2.59420931679918
2.02086079073144	0.260836123869539	1.50962198794714	2.53209959351574	1.98623619284798	0.230195658520418	1.53505270214796	2.437419683548	1.98623619284798	0.260836123869539	1.40305220421369	2.43791554952301	1.98456748881575	0.239965018493654	1.51389393314165	2.45524104448985
1.85192825831315	0.1890524369811	1.4813854818302	2.22247103479611	1.93624551596643	0.16454957282985	1.61372835321992	2.25876267871294	1.93624551596643	0.1890524369811	1.58904324409623	2.31772391707768	1.94008445803636	0.17914187500523	1.58877500347036	2.29139391260236
2.15677523066379	0.250041828982092	1.66669324585889	2.64685721546869	2.14279092359566	0.213769856799892	1.72380200426787	2.56177984292345	2.14279092359566	0.250041828982092	1.64549158580157	2.60971132610494	2.14506528216717	0.223152420349707	1.70738478341158	2.58274578092277
1.92822850312456	0.199250243145044	1.53769802656027	2.31875897968884	1.92080031083656	0.180375094174875	1.5672651262538	2.27433549541931	1.92080031083656	0.199250243145044	1.50465824755966	2.27699019689515	1.91817948955549	0.185878090812405	1.55368549843457	2.28267348067641
2.04800335970247	0.262478783476695	1.53354494408815	2.5624617753168	2.01653478080818	0.237831867577375	1.55038432035653	2.48268524125984	2.01653478080818	0.262478783476695	1.51697069046349	2.49873097541344	2.01671886850297	0.238979862656751	1.54797112864308	2.48546660836287
1.76305665476725	0.268408355418624	1.23697627814675	2.28913703138775	1.80457353977878	0.209862811924349	1.39324242840706	2.21590465115051	1.80457353977878	0.268408355418624	1.31833545880781	2.30549086265095	1.80490169564373	0.254896791100622	1.30489499186545	2.30490839942201
2.05182880019564	0.20507395519221	1.64988384801891	2.45377375237237	1.93452131315752	0.188761991608179	1.56454780960549	2.30449481670955	1.93452131315752	0.20507395519221	1.47783361821258	2.29399752875947	1.93765489511251	0.194745401761506	1.55570119119108	2.31960859903394
1.87130806537597	0.218789807002358	1.44248004365135	2.3001360871006	1.94049013393054	0.200119252864024	1.54825639831705	2.33272386954403	1.94049013393054	0.218789807002358	1.54822962561129	2.35177493685303	1.93606177599153	0.198408527840736	1.54692535087113	2.32519820111192
2.08816995645506	0.278073645146034	1.54314561196883	2.63319430094129	2.06471206126882	0.241516920297439	1.59133889748584	2.53808522505181	2.06471206126882	0.278073645146034	1.53200940898854	2.5779682769056	2.06608483562652	0.273495049377228	1.52957720032157	2.60259247093146
2.01779680077617	0.207224833429116	1.6116361272551	2.42395747429724	2.19637659042548	0.183501458493442	1.83671373177834	2.55603944907263	2.19637659042548	0.207224833429116	1.81353816075708	2.61073341279267	2.19876913032443	0.194479281935053	1.81734748022681	2.58019078042204
1.87899384147638	0.184763178532368	1.51685801155294	2.24112967139982	1.95097834902759	0.174439771782715	1.60907639633347	2.29288030172171	1.95097834902759	0.184763178532368	1.60869794969301	2.30653297094268	1.95020725287986	0.169333000251027	1.61815627904561	2.28225822671411
1.96504574875643	0.198317239583941	1.57634395917191	2.35374753834096	1.92621492288911	0.164786847811751	1.60323270117808	2.24919714460015	1.92621492288911	0.198317239583941	1.54310696264347	2.31118831131348	1.92653329539713	0.192145648575247	1.5497036484717	2.30336294232257
1.898918062921	0.209833131132946	1.48764512590043	2.31019099994157	1.98822742276054	0.187914362619591	1.61991527202614	2.35653957349493	1.98822742276054	0.209833131132946	1.60598581472788	2.45404601916958	1.98794213335275	0.200365895357363	1.59494694530599	2.3809373213995
1.79685567616351	0.21580629304279	1.37387534179964	2.21983601052738	1.92201402039616	0.184876126579269	1.55965681230079	2.28437122849153	1.92201402039616	0.21580629304279	1.53509985727573	2.36913788401148	1.9146284752306	0.211643026530264	1.4995169371172	2.329740013344
1.44763215351827	0.215287649150925	1.02566836118246	1.86959594585408	1.53074062342812	0.185118321360172	1.16790871356218	1.89357253329406	1.53074062342812	0.215287649150925	1.15047500698804	1.96381776571501	1.52535983252077	0.207358183358222	1.11865551986695	1.93206414517459
1.83246216733721	0.211255861967291	1.41840067788132	2.2465236567931	1.67855388989815	0.196189573271958	1.29402232628511	2.06308545351119	1.67855388989815	0.211255861967291	1.2792689492499	2.08775087739969	1.67930786343527	0.198486799122087	1.29002342396791	2.06859230290263
2.05169483850751	0.232780333604917	1.59544538464188	2.50794429237315	1.90296764061402	0.194453114197282	1.52183953678735	2.28409574444069	1.90296764061402	0.232780333604917	1.46171214738284	2.36888515124501	1.90315067738659	0.230009884442692	1.45198448697302	2.35431686780016
2.34076242550784	0.212903298042582	1.92347196134438	2.7580528896713	2.1498480831956	0.178007531645121	1.80095332117116	2.49874284522004	2.1498480831956	0.212903298042582	1.69707603704421	2.54371282578479	2.14397900963689	0.206595236687024	1.73877665942811	2.54918135984566
1.9620210251122	0.226476028591318	1.51812800907322	2.40591404115118	1.99014340387755	0.185951321407349	1.62567881391915	2.35460799383596	1.99014340387755	0.226476028591318	1.4855735396883	2.39235149828297	1.98804088535842	0.210831184942125	1.57451993337601	2.40156183734084
1.71409257995743	0.215311428023055	1.29208218103225	2.13610297888262	1.82521988223526	0.180276272339301	1.47187838845023	2.17856137602029	1.82521988223526	0.215311428023055	1.45875907810162	2.28178595648676	1.82662892025622	0.20342950372433	1.42763135377545	2.22562648673699
1.82679266469902	0.184383700473344	1.46540061177126	2.18818471762677	1.75471559843425	0.169870907815695	1.42176861911549	2.08766257775301	1.75471559843425	0.184383700473344	1.37521923656558	2.11690261784966	1.76157450353059	0.172413171592229	1.42348186501518	2.09966714204601
2.19817671670877	0.217504314224429	1.77186826082889	2.62448517258865	2.30400878564546	0.1903609618375	1.93090130044396	2.67711627084696	2.30400878564546	0.217504314224429	1.84769209360558	2.73301694101494	2.30398596172267	0.198896750495147	1.91390083391695	2.6940710895284
1.88128489344162	0.26444885289829	1.36296514176097	2.39960464512227	1.81289957729202	0.220053268781182	1.3815951704809	2.24420398410313	1.81289957729202	0.26444885289829	1.28785313324701	2.32512751891698	1.81287047003121	0.247182555219068	1.32802657052255	2.29771436953987
2.09341056681447	0.234760958723478	1.63327908771645	2.55354204591249	2.10476514665228	0.191728945657324	1.72897641316392	2.48055388014063	2.10476514665228	0.234760958723478	1.67461233232541	2.58050291666458	2.1018703855242	0.224926490860746	1.6606958138366	2.5430449572118
1.90456414702635	0.225808422741162	1.46197963845367	2.34714865559903	1.92923003550214	0.199557189266211	1.53809794454037	2.32036212646392	1.92923003550214	0.225808422741162	1.51249052954649	2.38790570553165	1.93414850390427	0.212961795621438	1.5164898632423	2.35180714456623
1.98934130619904	0.214685711475693	1.56855731170668	2.4101253006914	1.9547853611299	0.187149073492904	1.58797317708381	2.32159754517599	1.9547853611299	0.214685711475693	1.55179682571551	2.36575453369584	1.95701157769052	0.205878665394438	1.55320220521363	2.36082095016741
2.1863816946657	0.213557835232411	1.76780833761017	2.60495505172122	2.20815998464886	0.201184364987082	1.81383862927417	2.60248134002354	2.20815998464886	0.213557835232411	1.80420489798478	2.62092061874932	2.21101985968801	0.189744706951981	1.83893065575949	2.58310906361652
1.89478212555573	0.193594618534112	1.51533667322887	2.27422757788259	1.85018273795503	0.163429051932598	1.52986179616714	2.17050367974293	1.85018273795503	0.193594618534112	1.41923695906211	2.21058829688821	1.84792651003993	0.186234428882208	1.48270330445838	2.21314971562149
1.97626526164193	0.192695010572088	1.59858304092064	2.35394748236322	1.93976735372639	0.179024456342374	1.58887941929534	2.29065528815744	1.93976735372639	0.192695010572088	1.55346681132579	2.30434594850512	1.93591664636019	0.179617072853592	1.58368232366119	2.28815096905918
2.19702353456758	0.161425483048727	1.88062958779208	2.51341748134309	2.17594849769165	0.144431014050284	1.8928637101531	2.45903328523021	2.17594849769165	0.161425483048727	1.86851322043924	2.48107188609046	2.17153071248676	0.152008624931391	1.87344069999164	2.46962072498187
1.76230317229468	0.206344183403116	1.35786857282458	2.16673777176479	1.67541759763062	0.18248727190792	1.3177425446911	2.03309265057015	1.67541759763062	0.206344183403116	1.27650273058599	2.08109322038092	1.67237431993091	0.190390607035806	1.29900055472121	2.04574808514061
1.97980347803943	0.205837670881567	1.57636164311156	2.3832453129673	1.9060612363575	0.177671900309622	1.55782431175064	2.25429816096436	1.9060612363575	0.205837670881567	1.49321514394529	2.2768213138694	1.89991450853715	0.201675468887518	1.50438974621127	2.29543927086302
1.99000794364607	0.212110636950664	1.57427109522277	2.40574479206937	1.98778877744255	0.191343141217014	1.6127562206572	2.3628213342279	1.98778877744255	0.212110636950664	1.55159146298876	2.37489883804035	1.99179583560736	0.197913128103987	1.60363847706487	2.37995319414986
