X1	X2	X3	X4	X1.1	X2.1	X3.1	X4.1	X1.2	X2.2	X3.2	X4.2	X1.3	X2.3	X3.3	X4.3
NA	NA	NA	NA	NA	NA	NA	NA	NA	NA	NA	NA	NA	NA	NA	NA
NA	NA	NA	NA	NA	NA	NA	NA	NA	NA	NA	NA	NA	NA	NA	NA
NA	NA	NA	NA	NA	NA	NA	NA	NA	NA	NA	NA	NA	NA	NA	NA
NA	NA	NA	NA	NA	NA	NA	NA	NA	NA	NA	NA	NA	NA	NA	NA
NA	NA	NA	NA	NA	NA	NA	NA	NA	NA	NA	NA	NA	NA	NA	NA
NA	NA	NA	NA	NA	NA	NA	NA	NA	NA	NA	NA	NA	NA	NA	NA
NA	NA	NA	NA	NA	NA	NA	NA	NA	NA	NA	NA	NA	NA	NA	NA
NA	NA	NA	NA	NA	NA	NA	NA	NA	NA	NA	NA	NA	NA	NA	NA
NA	NA	NA	NA	NA	NA	NA	NA	NA	NA	NA	NA	NA	NA	NA	NA
NA	NA	NA	NA	NA	NA	NA	NA	NA	NA	NA	NA	NA	NA	NA	NA
NA	NA	NA	NA	NA	NA	NA	NA	NA	NA	NA	NA	NA	NA	NA	NA
NA	NA	NA	NA	NA	NA	NA	NA	NA	NA	NA	NA	NA	NA	NA	NA
NA	NA	NA	NA	NA	NA	NA	NA	NA	NA	NA	NA	NA	NA	NA	NA
NA	NA	NA	NA	NA	NA	NA	NA	NA	NA	NA	NA	NA	NA	NA	NA
NA	NA	NA	NA	NA	NA	NA	NA	NA	NA	NA	NA	NA	NA	NA	NA
NA	NA	NA	NA	NA	NA	NA	NA	NA	NA	NA	NA	NA	NA	NA	NA
NA	NA	NA	NA	NA	NA	NA	NA	NA	NA	NA	NA	NA	NA	NA	NA
NA	NA	NA	NA	NA	NA	NA	NA	NA	NA	NA	NA	NA	NA	NA	NA
NA	NA	NA	NA	NA	NA	NA	NA	NA	NA	NA	NA	NA	NA	NA	NA
NA	NA	NA	NA	NA	NA	NA	NA	NA	NA	NA	NA	NA	NA	NA	NA
NA	NA	NA	NA	NA	NA	NA	NA	NA	NA	NA	NA	NA	NA	NA	NA
NA	NA	NA	NA	NA	NA	NA	NA	NA	NA	NA	NA	NA	NA	NA	NA
NA	NA	NA	NA	NA	NA	NA	NA	NA	NA	NA	NA	NA	NA	NA	NA
NA	NA	NA	NA	NA	NA	NA	NA	NA	NA	NA	NA	NA	NA	NA	NA
NA	NA	NA	NA	NA	NA	NA	NA	NA	NA	NA	NA	NA	NA	NA	NA
NA	NA	NA	NA	NA	NA	NA	NA	NA	NA	NA	NA	NA	NA	NA	NA
NA	NA	NA	NA	NA	NA	NA	NA	NA	NA	NA	NA	NA	NA	NA	NA
NA	NA	NA	NA	NA	NA	NA	NA	NA	NA	NA	NA	NA	NA	NA	NA
NA	NA	NA	NA	NA	NA	NA	NA	NA	NA	NA	NA	NA	NA	NA	NA
NA	NA	NA	NA	NA	NA	NA	NA	NA	NA	NA	NA	NA	NA	NA	NA
NA	NA	NA	NA	NA	NA	NA	NA	NA	NA	NA	NA	NA	NA	NA	NA
NA	NA	NA	NA	NA	NA	NA	NA	NA	NA	NA	NA	NA	NA	NA	NA
NA	NA	NA	NA	NA	NA	NA	NA	NA	NA	NA	NA	NA	NA	NA	NA
NA	NA	NA	NA	NA	NA	NA	NA	NA	NA	NA	NA	NA	NA	NA	NA
NA	NA	NA	NA	NA	NA	NA	NA	NA	NA	NA	NA	NA	NA	NA	NA
NA	NA	NA	NA	NA	NA	NA	NA	NA	NA	NA	NA	NA	NA	NA	NA
NA	NA	NA	NA	NA	NA	NA	NA	NA	NA	NA	NA	NA	NA	NA	NA
NA	NA	NA	NA	NA	NA	NA	NA	NA	NA	NA	NA	NA	NA	NA	NA
NA	NA	NA	NA	NA	NA	NA	NA	NA	NA	NA	NA	NA	NA	NA	NA
NA	NA	NA	NA	NA	NA	NA	NA	NA	NA	NA	NA	NA	NA	NA	NA
NA	NA	NA	NA	NA	NA	NA	NA	NA	NA	NA	NA	NA	NA	NA	NA
NA	NA	NA	NA	NA	NA	NA	NA	NA	NA	NA	NA	NA	NA	NA	NA
NA	NA	NA	NA	NA	NA	NA	NA	NA	NA	NA	NA	NA	NA	NA	NA
NA	NA	NA	NA	NA	NA	NA	NA	NA	NA	NA	NA	NA	NA	NA	NA
NA	NA	NA	NA	NA	NA	NA	NA	NA	NA	NA	NA	NA	NA	NA	NA
NA	NA	NA	NA	NA	NA	NA	NA	NA	NA	NA	NA	NA	NA	NA	NA
NA	NA	NA	NA	NA	NA	NA	NA	NA	NA	NA	NA	NA	NA	NA	NA
NA	NA	NA	NA	NA	NA	NA	NA	NA	NA	NA	NA	NA	NA	NA	NA
NA	NA	NA	NA	NA	NA	NA	NA	NA	NA	NA	NA	NA	NA	NA	NA
NA	NA	NA	NA	NA	NA	NA	NA	NA	NA	NA	NA	NA	NA	NA	NA
NA	NA	NA	NA	NA	NA	NA	NA	NA	NA	NA	NA	NA	NA	NA	NA
NA	NA	NA	NA	NA	NA	NA	NA	NA	NA	NA	NA	NA	NA	NA	NA
NA	NA	NA	NA	NA	NA	NA	NA	NA	NA	NA	NA	NA	NA	NA	NA
NA	NA	NA	NA	NA	NA	NA	NA	NA	NA	NA	NA	NA	NA	NA	NA
NA	NA	NA	NA	NA	NA	NA	NA	NA	NA	NA	NA	NA	NA	NA	NA
NA	NA	NA	NA	NA	NA	NA	NA	NA	NA	NA	NA	NA	NA	NA	NA
NA	NA	NA	NA	NA	NA	NA	NA	NA	NA	NA	NA	NA	NA	NA	NA
NA	NA	NA	NA	NA	NA	NA	NA	NA	NA	NA	NA	NA	NA	NA	NA
NA	NA	NA	NA	NA	NA	NA	NA	NA	NA	NA	NA	NA	NA	NA	NA
NA	NA	NA	NA	NA	NA	NA	NA	NA	NA	NA	NA	NA	NA	NA	NA
NA	NA	NA	NA	NA	NA	NA	NA	NA	NA	NA	NA	NA	NA	NA	NA
NA	NA	NA	NA	NA	NA	NA	NA	NA	NA	NA	NA	NA	NA	NA	NA
NA	NA	NA	NA	NA	NA	NA	NA	NA	NA	NA	NA	NA	NA	NA	NA
NA	NA	NA	NA	NA	NA	NA	NA	NA	NA	NA	NA	NA	NA	NA	NA
NA	NA	NA	NA	NA	NA	NA	NA	NA	NA	NA	NA	NA	NA	NA	NA
NA	NA	NA	NA	NA	NA	NA	NA	NA	NA	NA	NA	NA	NA	NA	NA
NA	NA	NA	NA	NA	NA	NA	NA	NA	NA	NA	NA	NA	NA	NA	NA
NA	NA	NA	NA	NA	NA	NA	NA	NA	NA	NA	NA	NA	NA	NA	NA
NA	NA	NA	NA	NA	NA	NA	NA	NA	NA	NA	NA	NA	NA	NA	NA
NA	NA	NA	NA	NA	NA	NA	NA	NA	NA	NA	NA	NA	NA	NA	NA
NA	NA	NA	NA	NA	NA	NA	NA	NA	NA	NA	NA	NA	NA	NA	NA
NA	NA	NA	NA	NA	NA	NA	NA	NA	NA	NA	NA	NA	NA	NA	NA
NA	NA	NA	NA	NA	NA	NA	NA	NA	NA	NA	NA	NA	NA	NA	NA
NA	NA	NA	NA	NA	NA	NA	NA	NA	NA	NA	NA	NA	NA	NA	NA
NA	NA	NA	NA	NA	NA	NA	NA	NA	NA	NA	NA	NA	NA	NA	NA
NA	NA	NA	NA	NA	NA	NA	NA	NA	NA	NA	NA	NA	NA	NA	NA
NA	NA	NA	NA	NA	NA	NA	NA	NA	NA	NA	NA	NA	NA	NA	NA
NA	NA	NA	NA	NA	NA	NA	NA	NA	NA	NA	NA	NA	NA	NA	NA
NA	NA	NA	NA	NA	NA	NA	NA	NA	NA	NA	NA	NA	NA	NA	NA
NA	NA	NA	NA	NA	NA	NA	NA	NA	NA	NA	NA	NA	NA	NA	NA
NA	NA	NA	NA	NA	NA	NA	NA	NA	NA	NA	NA	NA	NA	NA	NA
NA	NA	NA	NA	NA	NA	NA	NA	NA	NA	NA	NA	NA	NA	NA	NA
NA	NA	NA	NA	NA	NA	NA	NA	NA	NA	NA	NA	NA	NA	NA	NA
NA	NA	NA	NA	NA	NA	NA	NA	NA	NA	NA	NA	NA	NA	NA	NA
NA	NA	NA	NA	NA	NA	NA	NA	NA	NA	NA	NA	NA	NA	NA	NA
NA	NA	NA	NA	NA	NA	NA	NA	NA	NA	NA	NA	NA	NA	NA	NA
NA	NA	NA	NA	NA	NA	NA	NA	NA	NA	NA	NA	NA	NA	NA	NA
NA	NA	NA	NA	NA	NA	NA	NA	NA	NA	NA	NA	NA	NA	NA	NA
NA	NA	NA	NA	NA	NA	NA	NA	NA	NA	NA	NA	NA	NA	NA	NA
NA	NA	NA	NA	NA	NA	NA	NA	NA	NA	NA	NA	NA	NA	NA	NA
NA	NA	NA	NA	NA	NA	NA	NA	NA	NA	NA	NA	NA	NA	NA	NA
NA	NA	NA	NA	NA	NA	NA	NA	NA	NA	NA	NA	NA	NA	NA	NA
NA	NA	NA	NA	NA	NA	NA	NA	NA	NA	NA	NA	NA	NA	NA	NA
NA	NA	NA	NA	NA	NA	NA	NA	NA	NA	NA	NA	NA	NA	NA	NA
NA	NA	NA	NA	NA	NA	NA	NA	NA	NA	NA	NA	NA	NA	NA	NA
NA	NA	NA	NA	NA	NA	NA	NA	NA	NA	NA	NA	NA	NA	NA	NA
NA	NA	NA	NA	NA	NA	NA	NA	NA	NA	NA	NA	NA	NA	NA	NA
NA	NA	NA	NA	NA	NA	NA	NA	NA	NA	NA	NA	NA	NA	NA	NA
NA	NA	NA	NA	NA	NA	NA	NA	NA	NA	NA	NA	NA	NA	NA	NA
NA	NA	NA	NA	NA	NA	NA	NA	NA	NA	NA	NA	NA	NA	NA	NA
NA	NA	NA	NA	NA	NA	NA	NA	NA	NA	NA	NA	NA	NA	NA	NA
NA	NA	NA	NA	NA	NA	NA	NA	NA	NA	NA	NA	NA	NA	NA	NA
NA	NA	NA	NA	NA	NA	NA	NA	NA	NA	NA	NA	NA	NA	NA	NA
NA	NA	NA	NA	NA	NA	NA	NA	NA	NA	NA	NA	NA	NA	NA	NA
NA	NA	NA	NA	NA	NA	NA	NA	NA	NA	NA	NA	NA	NA	NA	NA
NA	NA	NA	NA	NA	NA	NA	NA	NA	NA	NA	NA	NA	NA	NA	NA
NA	NA	NA	NA	NA	NA	NA	NA	NA	NA	NA	NA	NA	NA	NA	NA
NA	NA	NA	NA	NA	NA	NA	NA	NA	NA	NA	NA	NA	NA	NA	NA
NA	NA	NA	NA	NA	NA	NA	NA	NA	NA	NA	NA	NA	NA	NA	NA
NA	NA	NA	NA	NA	NA	NA	NA	NA	NA	NA	NA	NA	NA	NA	NA
NA	NA	NA	NA	NA	NA	NA	NA	NA	NA	NA	NA	NA	NA	NA	NA
NA	NA	NA	NA	NA	NA	NA	NA	NA	NA	NA	NA	NA	NA	NA	NA
NA	NA	NA	NA	NA	NA	NA	NA	NA	NA	NA	NA	NA	NA	NA	NA
NA	NA	NA	NA	NA	NA	NA	NA	NA	NA	NA	NA	NA	NA	NA	NA
NA	NA	NA	NA	NA	NA	NA	NA	NA	NA	NA	NA	NA	NA	NA	NA
NA	NA	NA	NA	NA	NA	NA	NA	NA	NA	NA	NA	NA	NA	NA	NA
NA	NA	NA	NA	NA	NA	NA	NA	NA	NA	NA	NA	NA	NA	NA	NA
NA	NA	NA	NA	NA	NA	NA	NA	NA	NA	NA	NA	NA	NA	NA	NA
NA	NA	NA	NA	NA	NA	NA	NA	NA	NA	NA	NA	NA	NA	NA	NA
NA	NA	NA	NA	NA	NA	NA	NA	NA	NA	NA	NA	NA	NA	NA	NA
NA	NA	NA	NA	NA	NA	NA	NA	NA	NA	NA	NA	NA	NA	NA	NA
NA	NA	NA	NA	NA	NA	NA	NA	NA	NA	NA	NA	NA	NA	NA	NA
NA	NA	NA	NA	NA	NA	NA	NA	NA	NA	NA	NA	NA	NA	NA	NA
NA	NA	NA	NA	NA	NA	NA	NA	NA	NA	NA	NA	NA	NA	NA	NA
NA	NA	NA	NA	NA	NA	NA	NA	NA	NA	NA	NA	NA	NA	NA	NA
NA	NA	NA	NA	NA	NA	NA	NA	NA	NA	NA	NA	NA	NA	NA	NA
NA	NA	NA	NA	NA	NA	NA	NA	NA	NA	NA	NA	NA	NA	NA	NA
NA	NA	NA	NA	NA	NA	NA	NA	NA	NA	NA	NA	NA	NA	NA	NA
NA	NA	NA	NA	NA	NA	NA	NA	NA	NA	NA	NA	NA	NA	NA	NA
NA	NA	NA	NA	NA	NA	NA	NA	NA	NA	NA	NA	NA	NA	NA	NA
NA	NA	NA	NA	NA	NA	NA	NA	NA	NA	NA	NA	NA	NA	NA	NA
NA	NA	NA	NA	NA	NA	NA	NA	NA	NA	NA	NA	NA	NA	NA	NA
NA	NA	NA	NA	NA	NA	NA	NA	NA	NA	NA	NA	NA	NA	NA	NA
NA	NA	NA	NA	NA	NA	NA	NA	NA	NA	NA	NA	NA	NA	NA	NA
NA	NA	NA	NA	NA	NA	NA	NA	NA	NA	NA	NA	NA	NA	NA	NA
NA	NA	NA	NA	NA	NA	NA	NA	NA	NA	NA	NA	NA	NA	NA	NA
NA	NA	NA	NA	NA	NA	NA	NA	NA	NA	NA	NA	NA	NA	NA	NA
NA	NA	NA	NA	NA	NA	NA	NA	NA	NA	NA	NA	NA	NA	NA	NA
NA	NA	NA	NA	NA	NA	NA	NA	NA	NA	NA	NA	NA	NA	NA	NA
NA	NA	NA	NA	NA	NA	NA	NA	NA	NA	NA	NA	NA	NA	NA	NA
NA	NA	NA	NA	NA	NA	NA	NA	NA	NA	NA	NA	NA	NA	NA	NA
NA	NA	NA	NA	NA	NA	NA	NA	NA	NA	NA	NA	NA	NA	NA	NA
NA	NA	NA	NA	NA	NA	NA	NA	NA	NA	NA	NA	NA	NA	NA	NA
NA	NA	NA	NA	NA	NA	NA	NA	NA	NA	NA	NA	NA	NA	NA	NA
NA	NA	NA	NA	NA	NA	NA	NA	NA	NA	NA	NA	NA	NA	NA	NA
NA	NA	NA	NA	NA	NA	NA	NA	NA	NA	NA	NA	NA	NA	NA	NA
NA	NA	NA	NA	NA	NA	NA	NA	NA	NA	NA	NA	NA	NA	NA	NA
NA	NA	NA	NA	NA	NA	NA	NA	NA	NA	NA	NA	NA	NA	NA	NA
NA	NA	NA	NA	NA	NA	NA	NA	NA	NA	NA	NA	NA	NA	NA	NA
NA	NA	NA	NA	NA	NA	NA	NA	NA	NA	NA	NA	NA	NA	NA	NA
NA	NA	NA	NA	NA	NA	NA	NA	NA	NA	NA	NA	NA	NA	NA	NA
NA	NA	NA	NA	NA	NA	NA	NA	NA	NA	NA	NA	NA	NA	NA	NA
NA	NA	NA	NA	NA	NA	NA	NA	NA	NA	NA	NA	NA	NA	NA	NA
NA	NA	NA	NA	NA	NA	NA	NA	NA	NA	NA	NA	NA	NA	NA	NA
NA	NA	NA	NA	NA	NA	NA	NA	NA	NA	NA	NA	NA	NA	NA	NA
NA	NA	NA	NA	NA	NA	NA	NA	NA	NA	NA	NA	NA	NA	NA	NA
NA	NA	NA	NA	NA	NA	NA	NA	NA	NA	NA	NA	NA	NA	NA	NA
NA	NA	NA	NA	NA	NA	NA	NA	NA	NA	NA	NA	NA	NA	NA	NA
NA	NA	NA	NA	NA	NA	NA	NA	NA	NA	NA	NA	NA	NA	NA	NA
NA	NA	NA	NA	NA	NA	NA	NA	NA	NA	NA	NA	NA	NA	NA	NA
NA	NA	NA	NA	NA	NA	NA	NA	NA	NA	NA	NA	NA	NA	NA	NA
NA	NA	NA	NA	NA	NA	NA	NA	NA	NA	NA	NA	NA	NA	NA	NA
NA	NA	NA	NA	NA	NA	NA	NA	NA	NA	NA	NA	NA	NA	NA	NA
NA	NA	NA	NA	NA	NA	NA	NA	NA	NA	NA	NA	NA	NA	NA	NA
NA	NA	NA	NA	NA	NA	NA	NA	NA	NA	NA	NA	NA	NA	NA	NA
NA	NA	NA	NA	NA	NA	NA	NA	NA	NA	NA	NA	NA	NA	NA	NA
NA	NA	NA	NA	NA	NA	NA	NA	NA	NA	NA	NA	NA	NA	NA	NA
NA	NA	NA	NA	NA	NA	NA	NA	NA	NA	NA	NA	NA	NA	NA	NA
NA	NA	NA	NA	NA	NA	NA	NA	NA	NA	NA	NA	NA	NA	NA	NA
NA	NA	NA	NA	NA	NA	NA	NA	NA	NA	NA	NA	NA	NA	NA	NA
NA	NA	NA	NA	NA	NA	NA	NA	NA	NA	NA	NA	NA	NA	NA	NA
NA	NA	NA	NA	NA	NA	NA	NA	NA	NA	NA	NA	NA	NA	NA	NA
NA	NA	NA	NA	NA	NA	NA	NA	NA	NA	NA	NA	NA	NA	NA	NA
NA	NA	NA	NA	NA	NA	NA	NA	NA	NA	NA	NA	NA	NA	NA	NA
NA	NA	NA	NA	NA	NA	NA	NA	NA	NA	NA	NA	NA	NA	NA	NA
NA	NA	NA	NA	NA	NA	NA	NA	NA	NA	NA	NA	NA	NA	NA	NA
NA	NA	NA	NA	NA	NA	NA	NA	NA	NA	NA	NA	NA	NA	NA	NA
NA	NA	NA	NA	NA	NA	NA	NA	NA	NA	NA	NA	NA	NA	NA	NA
NA	NA	NA	NA	NA	NA	NA	NA	NA	NA	NA	NA	NA	NA	NA	NA
NA	NA	NA	NA	NA	NA	NA	NA	NA	NA	NA	NA	NA	NA	NA	NA
NA	NA	NA	NA	NA	NA	NA	NA	NA	NA	NA	NA	NA	NA	NA	NA
NA	NA	NA	NA	NA	NA	NA	NA	NA	NA	NA	NA	NA	NA	NA	NA
NA	NA	NA	NA	NA	NA	NA	NA	NA	NA	NA	NA	NA	NA	NA	NA
NA	NA	NA	NA	NA	NA	NA	NA	NA	NA	NA	NA	NA	NA	NA	NA
NA	NA	NA	NA	NA	NA	NA	NA	NA	NA	NA	NA	NA	NA	NA	NA
NA	NA	NA	NA	NA	NA	NA	NA	NA	NA	NA	NA	NA	NA	NA	NA
NA	NA	NA	NA	NA	NA	NA	NA	NA	NA	NA	NA	NA	NA	NA	NA
NA	NA	NA	NA	NA	NA	NA	NA	NA	NA	NA	NA	NA	NA	NA	NA
NA	NA	NA	NA	NA	NA	NA	NA	NA	NA	NA	NA	NA	NA	NA	NA
NA	NA	NA	NA	NA	NA	NA	NA	NA	NA	NA	NA	NA	NA	NA	NA
NA	NA	NA	NA	NA	NA	NA	NA	NA	NA	NA	NA	NA	NA	NA	NA
NA	NA	NA	NA	NA	NA	NA	NA	NA	NA	NA	NA	NA	NA	NA	NA
NA	NA	NA	NA	NA	NA	NA	NA	NA	NA	NA	NA	NA	NA	NA	NA
NA	NA	NA	NA	NA	NA	NA	NA	NA	NA	NA	NA	NA	NA	NA	NA
NA	NA	NA	NA	NA	NA	NA	NA	NA	NA	NA	NA	NA	NA	NA	NA
NA	NA	NA	NA	NA	NA	NA	NA	NA	NA	NA	NA	NA	NA	NA	NA
NA	NA	NA	NA	NA	NA	NA	NA	NA	NA	NA	NA	NA	NA	NA	NA
NA	NA	NA	NA	NA	NA	NA	NA	NA	NA	NA	NA	NA	NA	NA	NA
NA	NA	NA	NA	NA	NA	NA	NA	NA	NA	NA	NA	NA	NA	NA	NA
NA	NA	NA	NA	NA	NA	NA	NA	NA	NA	NA	NA	NA	NA	NA	NA
1.92526744845301	0.154670519176024	1.622113230868	2.22842166603802	1.92496152347048	0.138371809955463	1.65375277595777	2.19617027098319	1.92496152347048	0.154670519176024	1.62160053357078	2.21692133615394	1.92129574571228	0.148888693985513	1.62932618367306	2.2132653077515
1.4396648190942	0.249529915232063	0.95058618523936	1.92874345294905	1.48197114693489	0.203452087602669	1.08320505523366	1.88073723863613	1.48197114693489	0.249529915232063	0.911596144939615	1.89357732792881	1.48465457160589	0.226202469244994	1.04098858811012	1.92832055510167
2.02516411420631	0.175759957449529	1.68067459760524	2.36965363080739	2.01282434826982	0.159307996014983	1.70058067608046	2.32506802045919	2.01282434826982	0.175759957449529	1.68247294506492	2.33841159897246	2.01164560767627	0.160750347155731	1.69644647920408	2.32684473614846
1.92362812515132	0.207847836919042	1.51624636479	2.33100988551264	1.85225291510469	0.175911394764438	1.50746658136639	2.19703924884299	1.85225291510469	0.207847836919042	1.4043197129665	2.23230877729648	1.85710621627825	0.18910930207326	1.48621545589934	2.22799697665716
1.8393145811557	0.173763176479819	1.49873875525526	2.17989040705615	1.78131891370192	0.158027268315665	1.47158546780321	2.09105235960062	1.78131891370192	0.173763176479819	1.43505310096089	2.12229070045986	1.78700505763578	0.159385585948577	1.47449136172973	2.09951875354184
1.70958233834047	0.167330049341294	1.38161544163154	2.03754923504941	1.62742934460831	0.148360100010481	1.33664354858777	1.91821514062885	1.62742934460831	0.167330049341294	1.28382610648465	1.94109917851901	1.63130267513389	0.155788192492601	1.32580487347163	1.93680047679616
2.05357577486537	0.179126610128266	1.70248761901397	2.40466393071677	1.94434378099955	0.169766421061446	1.61160159571911	2.27708596627998	1.94434378099955	0.179126610128266	1.58516828868718	2.3018205027235	1.94264279211975	0.163519403089236	1.62201382208357	2.26327176215594
2.09509325145154	0.1737125436123	1.75461666597143	2.43556983693165	2.10202911205784	0.166736978834123	1.77522463354296	2.42883359057272	2.10202911205784	0.1737125436123	1.7521284142579	2.43176552322094	2.10083448739068	0.157419208147584	1.79218591656073	2.40948305822063
1.8789505947355	0.202828527350663	1.4814066811282	2.2764945083428	1.73852850845536	0.178884710966725	1.38791447496058	2.08914254195014	1.73852850845536	0.202828527350663	1.30298327630469	2.10481105917012	1.74280145507495	0.183645518900633	1.38263390744724	2.10296900270265
2.10004016290771	0.184542720049551	1.73833643161059	2.46174389420483	2.01696350348106	0.159746633249611	1.70386010231182	2.3300669046503	2.01696350348106	0.184542720049551	1.62585116344577	2.35292598346304	2.01290241509375	0.174155011380388	1.67140438463547	2.35440044555202
2.2386067829119	0.190249415882592	1.86571792778202	2.61149563804178	2.32848631846361	0.178158200998506	1.97929624450654	2.67767639242068	2.32848631846361	0.190249415882592	1.94438992579046	2.69670229249597	2.33231502194607	0.167927190911555	2.00304440656282	2.66158563732933
2.59031395170321	0.177545932225749	2.24232392454075	2.93830397886568	2.44619854991359	0.164324800280296	2.12412194136421	2.76827515846297	2.44619854991359	0.177545932225749	2.09277147681417	2.8024709327009	2.45100918675079	0.166763503417919	2.1239982646203	2.77802010888128
2.2080046369171	0.148009631234734	1.91790575969702	2.49810351413718	2.12355073939374	0.136169790044001	1.8566579509075	2.39044352787998	2.12355073939374	0.148009631234734	1.81846797299726	2.40326155116844	2.11669586845187	0.134472768940249	1.8530456134324	2.38034612347133
1.74441376989479	0.164943872106652	1.42112378056575	2.06770375922383	1.69667894076501	0.143232877977634	1.41594249992885	1.97741538160117	1.69667894076501	0.164943872106652	1.3665535625058	2.01601670252851	1.69892843120202	0.156475104799942	1.39211733321278	2.00573952919126
2.23536191303078	0.185755548084658	1.87128103878485	2.59944278727671	2.10369856401991	0.170032587529341	1.7704346924624	2.43696243557742	2.10369856401991	0.185755548084658	1.7391458348393	2.4752643184012	2.10231741881286	0.164643076014901	1.77946340538663	2.42517143223909
1.85158476511534	0.173034672541796	1.51243680693342	2.19073272329726	1.96166401185872	0.166220599562244	1.63587163671672	2.28745638700072	1.96166401185872	0.173034672541796	1.61646079731226	2.2981723188872	1.95484105930717	0.156788350707947	1.64742504735991	2.26225707125442
2.23256850233803	0.159707493970089	1.91954181415665	2.5455951905194	2.20791656108363	0.149910099146106	1.91409276675726	2.50174035540999	2.20791656108363	0.159707493970089	1.89989704764295	2.51633360980718	2.20488237618846	0.14206188475599	1.9263391487643	2.48342560361262
2.09831735140719	0.164067523285123	1.77674500576835	2.41988969704603	2.09971198223079	0.159204188146382	1.78767177346388	2.4117521909977	2.09971198223079	0.164067523285123	1.775798798411	2.41611198583959	2.10055167739683	0.149004623882886	1.80839316868886	2.39271018610481
2.05029410538971	0.184254089290711	1.68915609037991	2.4114321203995	2.11022630145134	0.168939389457034	1.77910509811556	2.44134750478713	2.11022630145134	0.184254089290711	1.74908838334464	2.43739390382625	2.1076292411636	0.162480836389875	1.78901929569019	2.42623918663702
2.0085543586149	0.201202437430773	1.61419758125058	2.40291113597921	1.90452986012113	0.179451081430874	1.55280574051662	2.25625397972564	1.90452986012113	0.201202437430773	1.50156666690311	2.27995201957513	1.90400817498481	0.187834030165128	1.53563371722428	2.27238263274534
2.01235253334713	0.198857310856554	1.62259220406829	2.40211286262598	2.01382108364925	0.171277891979556	1.67811641536932	2.34952575192917	2.01382108364925	0.198857310856554	1.57817408779148	2.36319733996627	2.01504225727854	0.188075265861569	1.64617468616586	2.38390982839122
2.07772398934107	0.165557334960301	1.75323161281888	2.40221636586326	2.06317750236191	0.155290884977726	1.75880736780557	2.36754763691826	2.06317750236191	0.165557334960301	1.75226027960155	2.4033091272758	2.06060119661153	0.149710981671672	1.76705493355853	2.35414745966453
2.09366673543519	0.169679472783254	1.76109496878001	2.42623850209036	2.18705513424481	0.153812112409856	1.88558339392149	2.48852687456813	2.18705513424481	0.169679472783254	1.86520021326906	2.51732446611333	2.18327933852998	0.155997539656675	1.87738155581676	2.4891771212432
1.98980584136515	0.206348365059561	1.58536304584841	2.39424863688189	1.86542119706121	0.178682325764206	1.51520383856337	2.21563855555906	1.86542119706121	0.206348365059561	1.41487246471531	2.22906897615894	1.86462743549208	0.197137037783216	1.47797808767516	2.251276783309
2.35439841521656	0.169443874002323	2.022288422172	2.68650840826111	2.12219842645395	0.168165998740429	1.79259306892271	2.45180378398519	2.12219842645395	0.169443874002323	1.78711103457976	2.45494738593755	2.11834547679237	0.153197115145303	1.81796793015213	2.41872302343261
1.85903694517678	0.162352019321194	1.54082698730724	2.17724690304632	1.92032772628861	0.15452234985733	1.61746392056825	2.22319153200898	1.92032772628861	0.162352019321194	1.5938407144318	2.22947526772915	1.92132025463591	0.146999126063746	1.63309602950281	2.20954447976902
1.87339629731858	0.229090025122411	1.42437984807866	2.32241274655851	2.10270905744621	0.204661274693783	1.7015729590464	2.50384515584602	2.10270905744621	0.229090025122411	1.70599048265058	2.64077427650584	2.10333327907907	0.211780577774707	1.68796118743463	2.51870537072351
1.95018056212279	0.163117496473359	1.63047026903501	2.26989085521058	1.95538163728169	0.153074473799601	1.65535566863447	2.2554076059289	1.95538163728169	0.163117496473359	1.64099311474257	2.27826024256154	1.95527586142442	0.150241706107616	1.66067136276648	2.24988036008237
2.100043688628	0.179701572353853	1.74782860681444	2.45225877044155	1.99992245466989	0.166229641419901	1.67411235748689	2.3257325518529	1.99992245466989	0.179701572353853	1.63589151061082	2.36243866087735	1.99862540260618	0.161810479033688	1.68133720815953	2.31591359705283
2.23494234868806	0.165410959314921	1.91073686843082	2.55914782894531	2.21776886668751	0.156162641005338	1.91169009031704	2.52384764305797	2.21776886668751	0.165410959314921	1.8937698027297	2.51407428192704	2.22557590247325	0.150073989726721	1.93131222542855	2.51983957951795
2.06982789784169	0.214337080854095	1.64972721936767	2.48992857631572	1.91492645460916	0.190686667798057	1.54118058572497	2.28867232349335	1.91492645460916	0.214337080854095	1.45025275777804	2.2788380121163	1.91280116536781	0.194133046630134	1.53207290473846	2.29352942599715
2.01078543699359	0.182399597749091	1.65328222540538	2.36828864858181	2.04977011525866	0.167860772049252	1.72076300204212	2.37877722847519	2.04977011525866	0.182399597749091	1.68986611531363	2.3997246641144	2.04657719669617	0.162628035978336	1.72767994714737	2.36547444624497
1.86781371680736	0.197343636397183	1.48102018946888	2.25460724414583	1.91235713356919	0.178623217052841	1.56225562814562	2.26245863899276	1.91235713356919	0.197343636397183	1.51185821190749	2.28521717481663	1.90868905569469	0.1808627890588	1.55400117244657	2.2633769389428
1.85495871624865	0.197555098750573	1.46775072269752	2.24216670979977	1.8674861762283	0.167875662551767	1.53844987762683	2.19652247482976	1.8674861762283	0.197555098750573	1.52590357223204	2.26624195674383	1.86529111956931	0.190160174333958	1.4923529161723	2.23822932296633
1.89084321657137	0.200703263338875	1.49746482042717	2.28422161271556	1.86566796750032	0.180817217592838	1.51126622101835	2.22006971398228	1.86566796750032	0.200703263338875	1.4170376601203	2.21197588683947	1.87295392222549	0.192288415787097	1.49588095743824	2.25002688701274
2.12387844487156	0.174443835119078	1.78196852803816	2.46578836170495	2.07323321334533	0.163449729040269	1.75287174442641	2.39359468226426	2.07323321334533	0.174443835119078	1.7059813581197	2.41433828634792	2.07091928968288	0.161423930661177	1.75437318107588	2.38746539828988
1.97830470753277	0.18642639301403	1.61290897722527	2.34370043784027	1.87343140901033	0.173398847486588	1.53356966793661	2.21329315008404	1.87343140901033	0.18642639301403	1.51015458248429	2.25949516879123	1.86510868629187	0.166745780720414	1.53813185192622	2.19208552065753
2.27077198608675	0.173968023850063	1.92979465934062	2.61174931283287	2.263301824821	0.154955783675323	1.95958848881736	2.56701516082463	2.263301824821	0.173968023850063	1.92995126570618	2.62037237875331	2.27173170118053	0.163299950974996	1.95150257371244	2.59196082864862
1.80002115154229	0.16964452332547	1.46751788582437	2.13252441726021	1.9555400673943	0.157716642953752	1.64641544720494	2.26466468758365	1.9555400673943	0.16964452332547	1.60700330564551	2.29603534885302	1.95733373303616	0.156341313300854	1.65077969717735	2.26388776889497
2.22693020293819	0.200531537700928	1.83388838904437	2.619972016832	2.09574052424333	0.181672722495082	1.73966198815296	2.45181906033369	2.09574052424333	0.200531537700928	1.70843998485983	2.49438631660285	2.09628122792827	0.182884349853931	1.73765973908359	2.45490271677295
2.04334809776419	0.192570641938044	1.66590963956563	2.42078655596276	1.95661202044811	0.1866398308488	1.59079795198446	2.32242608891176	1.95661202044811	0.192570641938044	1.58609963919086	2.32766360305938	1.9524964182095	0.177010501755344	1.60541438724343	2.29957844917557
1.90307139710377	0.178602459027866	1.55301057740916	2.25313221679839	1.90057292696637	0.156254671018534	1.59431377177004	2.20683208216269	1.90057292696637	0.178602459027866	1.5623932443644	2.24188376859053	1.89749602308359	0.160915618407121	1.58195699829485	2.21303504787232
2.06088319304852	0.183589798897295	1.70104718720982	2.42071919888722	2.09574498877956	0.181453281179953	1.74009655766686	2.45139341989227	2.09574498877956	0.183589798897295	1.7488527027332	2.43847821921914	2.09325200559544	0.156499086638827	1.78638268321548	2.40012132797541
1.97321066696028	0.178194887018353	1.62394868840431	2.32247264551625	1.990142176888	0.161683144735198	1.67324321320701	2.30704114056899	1.990142176888	0.178194887018353	1.65743271779754	2.33880922560747	1.98822612973045	0.167392772730539	1.66000171086404	2.31645054859685
1.84476799835044	0.177478527930018	1.4969100836076	2.19262591309327	1.96116382339485	0.159485795033045	1.64857166513008	2.27375598165962	1.96116382339485	0.177478527930018	1.61104758248495	2.3115413751157	1.95748809696742	0.168452807653595	1.62717697967799	2.28779921425684
2.11933377768154	0.201762165507728	1.72387993328639	2.51478762207668	2.03605759648395	0.177513191861542	1.68813174043533	2.38398345253257	2.03605759648395	0.201762165507728	1.62124828511712	2.44246762637134	2.03296920585675	0.189911736440369	1.66051891572673	2.40541949598676
1.89074691405734	0.164459597244334	1.56840610345844	2.21308772465623	1.94697384597785	0.150381252160634	1.65222659174301	2.24172110021269	1.94697384597785	0.164459597244334	1.63573501162336	2.26216239593435	1.95266796959439	0.151927644612501	1.6547528351951	2.25058310399369
2.03070230890679	0.162640141644261	1.71192763128404	2.34947698652955	1.98818197868184	0.151967857122932	1.69032497872089	2.28603897864279	1.98818197868184	0.162640141644261	1.67670466275889	2.29975174354772	1.98551453974616	0.146017152300464	1.69921644183755	2.27181263765476
1.93225956860833	0.181138087641612	1.57722891683077	2.28729022038589	1.96703583125023	0.170328712660736	1.63319155443518	2.30088010806527	1.96703583125023	0.181138087641612	1.6264929721788	2.32202051858729	1.96949301287249	0.165996797657176	1.6440120840145	2.29497394173049
2.01113050775533	0.155204359721607	1.70692996270098	2.31533105280968	2.10465908523285	0.149784090912985	1.8110822670434	2.3982359034223	2.10465908523285	0.155204359721607	1.79772886311388	2.40860644908087	2.10240448168234	0.140948017109905	1.82605132265769	2.378757640707
1.84940833236168	0.206873050045466	1.44393715427257	2.25487951045079	2.02509648096192	0.192051654283011	1.64867523856721	2.40151772335662	2.02509648096192	0.206873050045466	1.63894664498968	2.4288563452004	2.02873036549647	0.198765191288024	1.63890291205676	2.41855781893617
2.15055200756836	0.191860862833829	1.77450471641406	2.52659929872267	2.19607289976206	0.173520052633821	1.85597359659977	2.53617220292435	2.19607289976206	0.191860862833829	1.83698374776787	2.60550493302058	2.19523748770419	0.171974411436184	1.85799961483593	2.53247536057244
2.05347879316212	0.163777088979382	1.73247569876253	2.37448188756171	2.05116803460876	0.16369019384959	1.73033525466356	2.37200081455395	2.05116803460876	0.163777088979382	1.73491407742296	2.38685967336334	2.05014264693562	0.145328067096088	1.76520195935455	2.33508333451669
2.05512929584944	0.199126828526045	1.6648407119384	2.44541787976049	2.04213937098374	0.176897229533628	1.69542080109783	2.38885794086965	2.04213937098374	0.199126828526045	1.65751800722419	2.42886452784262	2.0432480715005	0.182615140962536	1.68511858460375	2.40137755839725
1.66043758629139	0.207947753793994	1.25285998885517	2.06801518372762	1.62126005552219	0.19510105426242	1.23886198916785	2.00365812187653	1.62126005552219	0.207947753793994	1.20253732089988	2.01600870837354	1.61495826754453	0.192229240806244	1.23797533643808	1.99194119865098
2.04997687981127	0.167480211108059	1.72171566603947	2.37823809358306	2.16851645049152	0.150666247187711	1.87321060600361	2.46382229497944	2.16851645049152	0.167480211108059	1.85484104422253	2.51145214805099	2.16645055704388	0.153623539252964	1.86521216160319	2.46768895248456
2.02047366009398	0.172876015949353	1.68163666883325	2.35931065135472	1.99195133648454	0.170479285711563	1.65781193648987	2.3260907364792	1.99195133648454	0.172876015949353	1.64138139687464	2.32551655447463	1.98434200536298	0.151562403664113	1.68717846317077	2.2815055475552
2.14093754554725	0.195384960436228	1.75798302309224	2.52389206800225	2.07821452722728	0.172027924998043	1.74103979423112	2.41538926022345	2.07821452722728	0.195384960436228	1.66608244568495	2.44428956275396	2.07819804858176	0.182860774697304	1.71957938002072	2.43681671714281
1.80023045573817	0.189160533507038	1.42947581006437	2.17098510141196	1.76736950064479	0.185913535398977	1.4029789712628	2.13176003002679	1.76736950064479	0.189160533507038	1.38521880863097	2.14359528344958	1.76825209643573	0.166638309293856	1.44151120353873	2.09499298933274
2.15997777356933	0.199246106889816	1.76945540406529	2.55050014307337	1.97849114304646	0.174636209313736	1.63620417279154	2.32077811330138	1.97849114304646	0.199246106889816	1.59798091173577	2.33004589358103	1.98365164648105	0.177613166611833	1.63535655363833	2.33194673932377
2.22279198444173	0.178214010819663	1.87349252323519	2.57209144564827	2.26251006380896	0.165400457521765	1.9383251670663	2.58669496055161	2.26251006380896	0.178214010819663	1.89424122431146	2.61430538514082	2.26043285761676	0.15869824634669	1.94924475191937	2.57162096331414
2.10371404601774	0.195461376970046	1.72060974715644	2.48681834487903	2.25439023017543	0.171646567817238	1.91796295725365	2.59081750309722	2.25439023017543	0.195461376970046	1.8998132718575	2.65394081942379	2.25631498722769	0.182686290894405	1.89806436658722	2.61456560786816
2.09083162655732	0.182017114348988	1.73407808243331	2.44758517068134	1.99321506693844	0.168258026704654	1.66342933459732	2.32300079927956	1.99321506693844	0.182017114348988	1.63534028087531	2.3755797737879	1.99659396526759	0.166875761748839	1.66937618427211	2.32381174626308
1.96625177614597	0.233531063567895	1.5085308915529	2.42397266073905	1.85214221065605	0.208216041955229	1.4440387684238	2.2602456528883	1.85214221065605	0.233531063567895	1.3628089592302	2.26682680598246	1.85205764050602	0.221259583376925	1.41807843703834	2.28603684397369
2.10665951665745	0.169608006987739	1.77422782296149	2.43909121035342	2.10448721834419	0.156709361525795	1.79733686975363	2.41163756693475	2.10448721834419	0.169608006987739	1.77746825149837	2.43645590899978	2.09875313692967	0.156060257600404	1.79275201752997	2.40475425632936
1.96470749610707	0.168509852260762	1.63442818567598	2.29498680653817	1.92386447373082	0.159807533215446	1.61064170862855	2.23708723883309	1.92386447373082	0.168509852260762	1.60176101321243	2.25897259382217	1.9235284540792	0.149968885178358	1.62945478340748	2.21760212475092
2.19554863290514	0.213310102439757	1.77746083212321	2.61363643368706	2.26606740522567	0.196259799859692	1.88139819750067	2.65073661295067	2.26606740522567	0.213310102439757	1.89980185427853	2.73562728403072	2.26351750433438	0.198437501348236	1.87432804418053	2.65270696448822
1.7673116537862	0.175296659173668	1.42373020180581	2.11089310576659	1.78999289176172	0.160841878404036	1.47474281008981	2.10524297343363	1.78999289176172	0.175296659173668	1.45033598102556	2.1145131417488	1.78621662675792	0.163200287810607	1.46620624904468	2.10622700447116
2.05099586326916	0.191659656004614	1.67534293750012	2.4266487890382	2.09536434209777	0.174992816194303	1.75237842235693	2.4383502618386	2.09536434209777	0.191659656004614	1.73117657382225	2.45819126255667	2.0955710170907	0.177777893290196	1.74694068379176	2.44420135038964
1.82089179743151	0.167746738081881	1.49210819079102	2.149675404072	1.8256763189766	0.153140556082679	1.52552082905455	2.12583180889865	1.8256763189766	0.167746738081881	1.490182844454	2.14119226577199	1.83021053028213	0.153897946339178	1.52843778349498	2.13198327706928
1.75834713730457	0.207114545594054	1.35240262794022	2.16429164666892	1.8832172730297	0.191775926109847	1.5073364578544	2.259098088205	1.8832172730297	0.207114545594054	1.47956738925231	2.30100039385174	1.87827888091345	0.197158019668779	1.49162823052525	2.26492953130165
2.07780471663488	0.178801780369484	1.72735322711069	2.42825620615907	2.10066018089259	0.17433068184327	1.75897204447978	2.4423483173054	2.10066018089259	0.178801780369484	1.74886605119188	2.46231014122053	2.09525860794002	0.157642206535327	1.78615644929831	2.40436076658173
1.81742537720258	0.171158482033117	1.48195475241767	2.15289600198749	1.81920659843212	0.155453004180745	1.51451871023786	2.12389448662638	1.81920659843212	0.171158482033117	1.47743772575897	2.14921692287449	1.8198625120906	0.15575030682727	1.51444926885125	2.12527575532995
1.92704310009056	0.192523511465639	1.54969701761791	2.30438918256321	1.81297593390948	0.162959034758137	1.49357622578353	2.13237564203543	1.81297593390948	0.192523511465639	1.42076283480356	2.1729663730293	1.81267085524541	0.180540594137275	1.45861228418857	2.16672942630225
1.87904718371683	0.181939700801423	1.52244537014604	2.23564899728762	1.82705384276332	0.170685524399149	1.49251021494098	2.16159747058565	1.82705384276332	0.181939700801423	1.46913776782464	2.18266656615386	1.81823941849765	0.168298483654332	1.48819290230535	2.14828593468994
2.19909934722217	0.186432177096107	1.8336922801138	2.56450641433053	2.22613443318644	0.165994712300557	1.90078479707734	2.55148406929553	2.22613443318644	0.186432177096107	1.86354342017661	2.62130144474008	2.22498543537398	0.167681377350469	1.89616355925221	2.55380731149575
1.87106177111908	0.227239611049807	1.42567213346146	2.3164514087767	1.8667632352271	0.18643917728714	1.50134244774431	2.2321840227099	1.8667632352271	0.227239611049807	1.42917668681706	2.28113100253129	1.87005308687735	0.206306104170183	1.46542689036299	2.27467928339171
1.56075384380194	0.182989632397184	1.20209416430346	1.91941352330042	1.6749889434518	0.165669856126729	1.35027602544341	1.99970186146019	1.6749889434518	0.182989632397184	1.32948417967883	2.05411665710408	1.67759958014283	0.171236194911532	1.34177793291213	2.01342122737352
2.10713133419423	0.169549615597001	1.77481408762411	2.43944858076435	2.15954775255037	0.156941395558664	1.85194261725539	2.46715288784535	2.15954775255037	0.169549615597001	1.82693874774603	2.4970659731111	2.16119231613289	0.152100881822908	1.86295481513991	2.45942981712586
2.1165925821491	0.180776778523259	1.76227009624351	2.47091506805469	2.10470578362565	0.172303534804176	1.76699085540946	2.44242071184183	2.10470578362565	0.180776778523259	1.75057928835739	2.44806662778351	2.10239005621029	0.159094364221672	1.79041725847359	2.414362853947
1.9422822710783	0.163400913006888	1.6220164815848	2.2625480605718	1.89406474192545	0.153664861911359	1.59288161257919	2.19524787127171	1.89406474192545	0.163400913006888	1.56750113483439	2.19252579993331	1.89252639325353	0.146136462569306	1.60598878049363	2.17906400601343
1.93449858854459	0.219963006540051	1.50337109572609	2.3656260813631	1.82810335743522	0.198569700855614	1.43890674375821	2.21729997111222	1.82810335743522	0.219963006540051	1.39965114537453	2.25162756240027	1.82760666702578	0.202808930861969	1.42984710624911	2.22536622780244
1.91582954727914	0.186171193750505	1.55093400752815	2.28072508703013	1.98046330258719	0.168404702186155	1.65039008630233	2.31053651887206	1.98046330258719	0.186171193750505	1.63098484461092	2.34615409655783	1.97886966648196	0.171387963272727	1.64277837815894	2.31496095480498
2.15917087265849	0.15980151675926	1.84595989981034	2.47238184550664	2.13878407585603	0.152747208620369	1.8393995469601	2.43816860475195	2.13878407585603	0.15980151675926	1.81827219839989	2.45792054966983	2.13817877575655	0.146570465985983	1.85080373176397	2.42555381974914
1.94085492598049	0.181259027693977	1.58558723170029	2.29612262026068	1.97065642583502	0.1694130443995	1.638606858812	2.30270599285804	1.97065642583502	0.181259027693977	1.62065692450645	2.3301058832785	1.96800961335323	0.164115856388264	1.64620531465834	2.28981391204812
1.80318507547176	0.190962554865315	1.42889846793574	2.17747168300777	1.79179986598802	0.166969453227509	1.46453973766211	2.11905999431394	1.79179986598802	0.190962554865315	1.42046142626057	2.16409665573925	1.78707976096885	0.184451615669143	1.42536150760461	2.14879801433309
1.66963066429842	0.21441962924968	1.24936819096904	2.08989313762779	1.64813417211607	0.186979561136385	1.28165423228876	2.01461411194339	1.64813417211607	0.21441962924968	1.20800194965928	2.05523302786819	1.64246733985957	0.191899350605847	1.26612538921036	2.01880929050879
2.19583040133242	0.205273757173582	1.7934938372722	2.59816696539264	1.98922893159932	0.184637855713912	1.62733873440006	2.35111912879859	1.98922893159932	0.205273757173582	1.55952981540456	2.35813207059493	1.98662914339126	0.194781331520262	1.60460526051776	2.36865302626476
2.00981622520452	0.193913313918969	1.62974612992334	2.3898863204857	2.06730719691906	0.176811329090828	1.72075699190104	2.41385740193708	2.06730719691906	0.193913313918969	1.66589896269342	2.40890896775961	2.06479638665229	0.181324088827147	1.70920061661838	2.4203921566862
1.98638102497801	0.17130714617617	1.65061901847272	2.3221430314833	1.87350669093864	0.16187719799018	1.55622738287789	2.19078599899939	1.87350669093864	0.17130714617617	1.51564650327988	2.18351901068972	1.87210812702749	0.157339278747982	1.56357721363983	2.18063904041514
2.04521613031164	0.170998471512443	1.71005912614725	2.38037313447603	2.08347268367556	0.157772976330254	1.77423765006826	2.39270771728286	2.08347268367556	0.170998471512443	1.73252560775478	2.4152762171739	2.07773167738951	0.157465446639948	1.76897483818192	2.3864885165971
2.3009882462969	0.200532074164428	1.90794538093462	2.69403111165918	2.26173833175423	0.184564488711803	1.8999919338791	2.62348472962937	2.26173833175423	0.200532074164428	1.87724782580587	2.655627610227	2.2620112933614	0.191221845043536	1.88700377769486	2.63701880902794
1.8250863181589	0.183107579508371	1.46619546232249	2.1839771739953	1.88710530513037	0.174816159693686	1.54446563213075	2.22974497813	1.88710530513037	0.183107579508371	1.52137793596619	2.24719986363923	1.89036571704026	0.16613515551064	1.56459779527504	2.21613363880548
2.18174965380814	0.163617572527056	1.86105921165511	2.50244009596116	2.03368438306437	0.157492169559502	1.72499973072774	2.34236903540099	2.03368438306437	0.163617572527056	1.7222482049613	2.3433189634703	2.02876352877273	0.14835592697785	1.73787757599017	2.31964948155529
1.95432861967106	0.185582603360005	1.59058671708545	2.31807052225667	1.84887111535481	0.161948712667354	1.5314516385268	2.16629059218283	1.84887111535481	0.185582603360005	1.50201011606598	2.187817459032	1.85041982006212	0.167367212043499	1.52222537104347	2.17861426908078
1.72754872462756	0.163557964142514	1.40697511490823	2.04812233434689	1.72214016317746	0.141812076596481	1.44418849304835	2.00009183330656	1.72214016317746	0.163557964142514	1.4084687437418	2.01676965193009	1.72268093234421	0.156402251518031	1.41601790913476	2.02934395555366
2.17561877720992	0.20302856140383	1.77768279685841	2.57355475756143	2.13856526222833	0.188214212522963	1.76966540568332	2.50746511877334	2.13856526222833	0.20302856140383	1.73365549340706	2.54538354686739	2.13718012274493	0.190798272139938	1.76299740325074	2.51136284223912
1.81650913788909	0.183546093884416	1.45675879387564	2.17625948190255	1.85853535071771	0.171691199576556	1.52202059954767	2.19505010188776	1.85853535071771	0.183546093884416	1.5064888350956	2.1971860411264	1.85962763419043	0.166880169426131	1.53239277916206	2.18686248921881
2.25447048994038	0.162526461988462	1.93591862444299	2.57302235543776	2.24502674177027	0.159601086496678	1.93220861223678	2.55784487130375	2.24502674177027	0.162526461988462	1.92204276106213	2.5580185046165	2.24558883386969	0.150273901174832	1.95095003591224	2.54022763182714
1.77954218015716	0.175778472696726	1.43501637367158	2.12406798664274	1.81335516735982	0.15521157446467	1.50914048140907	2.11756985331057	1.81335516735982	0.175778472696726	1.42414572392702	2.12373428096035	1.81343871827671	0.157060419474055	1.5054526777981	2.12142475875532
NA	NA	NA	NA	NA	NA	NA	NA	NA	NA	NA	NA	NA	NA	NA	NA
NA	NA	NA	NA	NA	NA	NA	NA	NA	NA	NA	NA	NA	NA	NA	NA
NA	NA	NA	NA	NA	NA	NA	NA	NA	NA	NA	NA	NA	NA	NA	NA
NA	NA	NA	NA	NA	NA	NA	NA	NA	NA	NA	NA	NA	NA	NA	NA
NA	NA	NA	NA	NA	NA	NA	NA	NA	NA	NA	NA	NA	NA	NA	NA
NA	NA	NA	NA	NA	NA	NA	NA	NA	NA	NA	NA	NA	NA	NA	NA
NA	NA	NA	NA	NA	NA	NA	NA	NA	NA	NA	NA	NA	NA	NA	NA
NA	NA	NA	NA	NA	NA	NA	NA	NA	NA	NA	NA	NA	NA	NA	NA
NA	NA	NA	NA	NA	NA	NA	NA	NA	NA	NA	NA	NA	NA	NA	NA
NA	NA	NA	NA	NA	NA	NA	NA	NA	NA	NA	NA	NA	NA	NA	NA
NA	NA	NA	NA	NA	NA	NA	NA	NA	NA	NA	NA	NA	NA	NA	NA
NA	NA	NA	NA	NA	NA	NA	NA	NA	NA	NA	NA	NA	NA	NA	NA
NA	NA	NA	NA	NA	NA	NA	NA	NA	NA	NA	NA	NA	NA	NA	NA
NA	NA	NA	NA	NA	NA	NA	NA	NA	NA	NA	NA	NA	NA	NA	NA
NA	NA	NA	NA	NA	NA	NA	NA	NA	NA	NA	NA	NA	NA	NA	NA
NA	NA	NA	NA	NA	NA	NA	NA	NA	NA	NA	NA	NA	NA	NA	NA
NA	NA	NA	NA	NA	NA	NA	NA	NA	NA	NA	NA	NA	NA	NA	NA
NA	NA	NA	NA	NA	NA	NA	NA	NA	NA	NA	NA	NA	NA	NA	NA
NA	NA	NA	NA	NA	NA	NA	NA	NA	NA	NA	NA	NA	NA	NA	NA
NA	NA	NA	NA	NA	NA	NA	NA	NA	NA	NA	NA	NA	NA	NA	NA
NA	NA	NA	NA	NA	NA	NA	NA	NA	NA	NA	NA	NA	NA	NA	NA
NA	NA	NA	NA	NA	NA	NA	NA	NA	NA	NA	NA	NA	NA	NA	NA
NA	NA	NA	NA	NA	NA	NA	NA	NA	NA	NA	NA	NA	NA	NA	NA
NA	NA	NA	NA	NA	NA	NA	NA	NA	NA	NA	NA	NA	NA	NA	NA
NA	NA	NA	NA	NA	NA	NA	NA	NA	NA	NA	NA	NA	NA	NA	NA
NA	NA	NA	NA	NA	NA	NA	NA	NA	NA	NA	NA	NA	NA	NA	NA
NA	NA	NA	NA	NA	NA	NA	NA	NA	NA	NA	NA	NA	NA	NA	NA
NA	NA	NA	NA	NA	NA	NA	NA	NA	NA	NA	NA	NA	NA	NA	NA
NA	NA	NA	NA	NA	NA	NA	NA	NA	NA	NA	NA	NA	NA	NA	NA
NA	NA	NA	NA	NA	NA	NA	NA	NA	NA	NA	NA	NA	NA	NA	NA
NA	NA	NA	NA	NA	NA	NA	NA	NA	NA	NA	NA	NA	NA	NA	NA
NA	NA	NA	NA	NA	NA	NA	NA	NA	NA	NA	NA	NA	NA	NA	NA
NA	NA	NA	NA	NA	NA	NA	NA	NA	NA	NA	NA	NA	NA	NA	NA
NA	NA	NA	NA	NA	NA	NA	NA	NA	NA	NA	NA	NA	NA	NA	NA
NA	NA	NA	NA	NA	NA	NA	NA	NA	NA	NA	NA	NA	NA	NA	NA
NA	NA	NA	NA	NA	NA	NA	NA	NA	NA	NA	NA	NA	NA	NA	NA
NA	NA	NA	NA	NA	NA	NA	NA	NA	NA	NA	NA	NA	NA	NA	NA
NA	NA	NA	NA	NA	NA	NA	NA	NA	NA	NA	NA	NA	NA	NA	NA
NA	NA	NA	NA	NA	NA	NA	NA	NA	NA	NA	NA	NA	NA	NA	NA
NA	NA	NA	NA	NA	NA	NA	NA	NA	NA	NA	NA	NA	NA	NA	NA
NA	NA	NA	NA	NA	NA	NA	NA	NA	NA	NA	NA	NA	NA	NA	NA
NA	NA	NA	NA	NA	NA	NA	NA	NA	NA	NA	NA	NA	NA	NA	NA
NA	NA	NA	NA	NA	NA	NA	NA	NA	NA	NA	NA	NA	NA	NA	NA
NA	NA	NA	NA	NA	NA	NA	NA	NA	NA	NA	NA	NA	NA	NA	NA
NA	NA	NA	NA	NA	NA	NA	NA	NA	NA	NA	NA	NA	NA	NA	NA
NA	NA	NA	NA	NA	NA	NA	NA	NA	NA	NA	NA	NA	NA	NA	NA
NA	NA	NA	NA	NA	NA	NA	NA	NA	NA	NA	NA	NA	NA	NA	NA
NA	NA	NA	NA	NA	NA	NA	NA	NA	NA	NA	NA	NA	NA	NA	NA
NA	NA	NA	NA	NA	NA	NA	NA	NA	NA	NA	NA	NA	NA	NA	NA
NA	NA	NA	NA	NA	NA	NA	NA	NA	NA	NA	NA	NA	NA	NA	NA
NA	NA	NA	NA	NA	NA	NA	NA	NA	NA	NA	NA	NA	NA	NA	NA
NA	NA	NA	NA	NA	NA	NA	NA	NA	NA	NA	NA	NA	NA	NA	NA
NA	NA	NA	NA	NA	NA	NA	NA	NA	NA	NA	NA	NA	NA	NA	NA
NA	NA	NA	NA	NA	NA	NA	NA	NA	NA	NA	NA	NA	NA	NA	NA
NA	NA	NA	NA	NA	NA	NA	NA	NA	NA	NA	NA	NA	NA	NA	NA
NA	NA	NA	NA	NA	NA	NA	NA	NA	NA	NA	NA	NA	NA	NA	NA
NA	NA	NA	NA	NA	NA	NA	NA	NA	NA	NA	NA	NA	NA	NA	NA
NA	NA	NA	NA	NA	NA	NA	NA	NA	NA	NA	NA	NA	NA	NA	NA
NA	NA	NA	NA	NA	NA	NA	NA	NA	NA	NA	NA	NA	NA	NA	NA
NA	NA	NA	NA	NA	NA	NA	NA	NA	NA	NA	NA	NA	NA	NA	NA
NA	NA	NA	NA	NA	NA	NA	NA	NA	NA	NA	NA	NA	NA	NA	NA
NA	NA	NA	NA	NA	NA	NA	NA	NA	NA	NA	NA	NA	NA	NA	NA
NA	NA	NA	NA	NA	NA	NA	NA	NA	NA	NA	NA	NA	NA	NA	NA
NA	NA	NA	NA	NA	NA	NA	NA	NA	NA	NA	NA	NA	NA	NA	NA
NA	NA	NA	NA	NA	NA	NA	NA	NA	NA	NA	NA	NA	NA	NA	NA
NA	NA	NA	NA	NA	NA	NA	NA	NA	NA	NA	NA	NA	NA	NA	NA
NA	NA	NA	NA	NA	NA	NA	NA	NA	NA	NA	NA	NA	NA	NA	NA
NA	NA	NA	NA	NA	NA	NA	NA	NA	NA	NA	NA	NA	NA	NA	NA
NA	NA	NA	NA	NA	NA	NA	NA	NA	NA	NA	NA	NA	NA	NA	NA
NA	NA	NA	NA	NA	NA	NA	NA	NA	NA	NA	NA	NA	NA	NA	NA
NA	NA	NA	NA	NA	NA	NA	NA	NA	NA	NA	NA	NA	NA	NA	NA
NA	NA	NA	NA	NA	NA	NA	NA	NA	NA	NA	NA	NA	NA	NA	NA
NA	NA	NA	NA	NA	NA	NA	NA	NA	NA	NA	NA	NA	NA	NA	NA
NA	NA	NA	NA	NA	NA	NA	NA	NA	NA	NA	NA	NA	NA	NA	NA
NA	NA	NA	NA	NA	NA	NA	NA	NA	NA	NA	NA	NA	NA	NA	NA
NA	NA	NA	NA	NA	NA	NA	NA	NA	NA	NA	NA	NA	NA	NA	NA
NA	NA	NA	NA	NA	NA	NA	NA	NA	NA	NA	NA	NA	NA	NA	NA
NA	NA	NA	NA	NA	NA	NA	NA	NA	NA	NA	NA	NA	NA	NA	NA
NA	NA	NA	NA	NA	NA	NA	NA	NA	NA	NA	NA	NA	NA	NA	NA
NA	NA	NA	NA	NA	NA	NA	NA	NA	NA	NA	NA	NA	NA	NA	NA
NA	NA	NA	NA	NA	NA	NA	NA	NA	NA	NA	NA	NA	NA	NA	NA
NA	NA	NA	NA	NA	NA	NA	NA	NA	NA	NA	NA	NA	NA	NA	NA
NA	NA	NA	NA	NA	NA	NA	NA	NA	NA	NA	NA	NA	NA	NA	NA
NA	NA	NA	NA	NA	NA	NA	NA	NA	NA	NA	NA	NA	NA	NA	NA
NA	NA	NA	NA	NA	NA	NA	NA	NA	NA	NA	NA	NA	NA	NA	NA
NA	NA	NA	NA	NA	NA	NA	NA	NA	NA	NA	NA	NA	NA	NA	NA
NA	NA	NA	NA	NA	NA	NA	NA	NA	NA	NA	NA	NA	NA	NA	NA
NA	NA	NA	NA	NA	NA	NA	NA	NA	NA	NA	NA	NA	NA	NA	NA
NA	NA	NA	NA	NA	NA	NA	NA	NA	NA	NA	NA	NA	NA	NA	NA
NA	NA	NA	NA	NA	NA	NA	NA	NA	NA	NA	NA	NA	NA	NA	NA
NA	NA	NA	NA	NA	NA	NA	NA	NA	NA	NA	NA	NA	NA	NA	NA
NA	NA	NA	NA	NA	NA	NA	NA	NA	NA	NA	NA	NA	NA	NA	NA
NA	NA	NA	NA	NA	NA	NA	NA	NA	NA	NA	NA	NA	NA	NA	NA
NA	NA	NA	NA	NA	NA	NA	NA	NA	NA	NA	NA	NA	NA	NA	NA
NA	NA	NA	NA	NA	NA	NA	NA	NA	NA	NA	NA	NA	NA	NA	NA
NA	NA	NA	NA	NA	NA	NA	NA	NA	NA	NA	NA	NA	NA	NA	NA
NA	NA	NA	NA	NA	NA	NA	NA	NA	NA	NA	NA	NA	NA	NA	NA
NA	NA	NA	NA	NA	NA	NA	NA	NA	NA	NA	NA	NA	NA	NA	NA
NA	NA	NA	NA	NA	NA	NA	NA	NA	NA	NA	NA	NA	NA	NA	NA
NA	NA	NA	NA	NA	NA	NA	NA	NA	NA	NA	NA	NA	NA	NA	NA
NA	NA	NA	NA	NA	NA	NA	NA	NA	NA	NA	NA	NA	NA	NA	NA
NA	NA	NA	NA	NA	NA	NA	NA	NA	NA	NA	NA	NA	NA	NA	NA
NA	NA	NA	NA	NA	NA	NA	NA	NA	NA	NA	NA	NA	NA	NA	NA
NA	NA	NA	NA	NA	NA	NA	NA	NA	NA	NA	NA	NA	NA	NA	NA
NA	NA	NA	NA	NA	NA	NA	NA	NA	NA	NA	NA	NA	NA	NA	NA
NA	NA	NA	NA	NA	NA	NA	NA	NA	NA	NA	NA	NA	NA	NA	NA
NA	NA	NA	NA	NA	NA	NA	NA	NA	NA	NA	NA	NA	NA	NA	NA
NA	NA	NA	NA	NA	NA	NA	NA	NA	NA	NA	NA	NA	NA	NA	NA
NA	NA	NA	NA	NA	NA	NA	NA	NA	NA	NA	NA	NA	NA	NA	NA
NA	NA	NA	NA	NA	NA	NA	NA	NA	NA	NA	NA	NA	NA	NA	NA
NA	NA	NA	NA	NA	NA	NA	NA	NA	NA	NA	NA	NA	NA	NA	NA
NA	NA	NA	NA	NA	NA	NA	NA	NA	NA	NA	NA	NA	NA	NA	NA
NA	NA	NA	NA	NA	NA	NA	NA	NA	NA	NA	NA	NA	NA	NA	NA
NA	NA	NA	NA	NA	NA	NA	NA	NA	NA	NA	NA	NA	NA	NA	NA
NA	NA	NA	NA	NA	NA	NA	NA	NA	NA	NA	NA	NA	NA	NA	NA
NA	NA	NA	NA	NA	NA	NA	NA	NA	NA	NA	NA	NA	NA	NA	NA
NA	NA	NA	NA	NA	NA	NA	NA	NA	NA	NA	NA	NA	NA	NA	NA
NA	NA	NA	NA	NA	NA	NA	NA	NA	NA	NA	NA	NA	NA	NA	NA
NA	NA	NA	NA	NA	NA	NA	NA	NA	NA	NA	NA	NA	NA	NA	NA
NA	NA	NA	NA	NA	NA	NA	NA	NA	NA	NA	NA	NA	NA	NA	NA
NA	NA	NA	NA	NA	NA	NA	NA	NA	NA	NA	NA	NA	NA	NA	NA
NA	NA	NA	NA	NA	NA	NA	NA	NA	NA	NA	NA	NA	NA	NA	NA
NA	NA	NA	NA	NA	NA	NA	NA	NA	NA	NA	NA	NA	NA	NA	NA
NA	NA	NA	NA	NA	NA	NA	NA	NA	NA	NA	NA	NA	NA	NA	NA
NA	NA	NA	NA	NA	NA	NA	NA	NA	NA	NA	NA	NA	NA	NA	NA
NA	NA	NA	NA	NA	NA	NA	NA	NA	NA	NA	NA	NA	NA	NA	NA
NA	NA	NA	NA	NA	NA	NA	NA	NA	NA	NA	NA	NA	NA	NA	NA
NA	NA	NA	NA	NA	NA	NA	NA	NA	NA	NA	NA	NA	NA	NA	NA
NA	NA	NA	NA	NA	NA	NA	NA	NA	NA	NA	NA	NA	NA	NA	NA
NA	NA	NA	NA	NA	NA	NA	NA	NA	NA	NA	NA	NA	NA	NA	NA
NA	NA	NA	NA	NA	NA	NA	NA	NA	NA	NA	NA	NA	NA	NA	NA
NA	NA	NA	NA	NA	NA	NA	NA	NA	NA	NA	NA	NA	NA	NA	NA
NA	NA	NA	NA	NA	NA	NA	NA	NA	NA	NA	NA	NA	NA	NA	NA
NA	NA	NA	NA	NA	NA	NA	NA	NA	NA	NA	NA	NA	NA	NA	NA
NA	NA	NA	NA	NA	NA	NA	NA	NA	NA	NA	NA	NA	NA	NA	NA
NA	NA	NA	NA	NA	NA	NA	NA	NA	NA	NA	NA	NA	NA	NA	NA
NA	NA	NA	NA	NA	NA	NA	NA	NA	NA	NA	NA	NA	NA	NA	NA
NA	NA	NA	NA	NA	NA	NA	NA	NA	NA	NA	NA	NA	NA	NA	NA
NA	NA	NA	NA	NA	NA	NA	NA	NA	NA	NA	NA	NA	NA	NA	NA
NA	NA	NA	NA	NA	NA	NA	NA	NA	NA	NA	NA	NA	NA	NA	NA
NA	NA	NA	NA	NA	NA	NA	NA	NA	NA	NA	NA	NA	NA	NA	NA
NA	NA	NA	NA	NA	NA	NA	NA	NA	NA	NA	NA	NA	NA	NA	NA
NA	NA	NA	NA	NA	NA	NA	NA	NA	NA	NA	NA	NA	NA	NA	NA
NA	NA	NA	NA	NA	NA	NA	NA	NA	NA	NA	NA	NA	NA	NA	NA
NA	NA	NA	NA	NA	NA	NA	NA	NA	NA	NA	NA	NA	NA	NA	NA
NA	NA	NA	NA	NA	NA	NA	NA	NA	NA	NA	NA	NA	NA	NA	NA
NA	NA	NA	NA	NA	NA	NA	NA	NA	NA	NA	NA	NA	NA	NA	NA
NA	NA	NA	NA	NA	NA	NA	NA	NA	NA	NA	NA	NA	NA	NA	NA
NA	NA	NA	NA	NA	NA	NA	NA	NA	NA	NA	NA	NA	NA	NA	NA
NA	NA	NA	NA	NA	NA	NA	NA	NA	NA	NA	NA	NA	NA	NA	NA
NA	NA	NA	NA	NA	NA	NA	NA	NA	NA	NA	NA	NA	NA	NA	NA
NA	NA	NA	NA	NA	NA	NA	NA	NA	NA	NA	NA	NA	NA	NA	NA
NA	NA	NA	NA	NA	NA	NA	NA	NA	NA	NA	NA	NA	NA	NA	NA
NA	NA	NA	NA	NA	NA	NA	NA	NA	NA	NA	NA	NA	NA	NA	NA
NA	NA	NA	NA	NA	NA	NA	NA	NA	NA	NA	NA	NA	NA	NA	NA
NA	NA	NA	NA	NA	NA	NA	NA	NA	NA	NA	NA	NA	NA	NA	NA
NA	NA	NA	NA	NA	NA	NA	NA	NA	NA	NA	NA	NA	NA	NA	NA
NA	NA	NA	NA	NA	NA	NA	NA	NA	NA	NA	NA	NA	NA	NA	NA
NA	NA	NA	NA	NA	NA	NA	NA	NA	NA	NA	NA	NA	NA	NA	NA
NA	NA	NA	NA	NA	NA	NA	NA	NA	NA	NA	NA	NA	NA	NA	NA
NA	NA	NA	NA	NA	NA	NA	NA	NA	NA	NA	NA	NA	NA	NA	NA
NA	NA	NA	NA	NA	NA	NA	NA	NA	NA	NA	NA	NA	NA	NA	NA
NA	NA	NA	NA	NA	NA	NA	NA	NA	NA	NA	NA	NA	NA	NA	NA
NA	NA	NA	NA	NA	NA	NA	NA	NA	NA	NA	NA	NA	NA	NA	NA
NA	NA	NA	NA	NA	NA	NA	NA	NA	NA	NA	NA	NA	NA	NA	NA
NA	NA	NA	NA	NA	NA	NA	NA	NA	NA	NA	NA	NA	NA	NA	NA
NA	NA	NA	NA	NA	NA	NA	NA	NA	NA	NA	NA	NA	NA	NA	NA
NA	NA	NA	NA	NA	NA	NA	NA	NA	NA	NA	NA	NA	NA	NA	NA
NA	NA	NA	NA	NA	NA	NA	NA	NA	NA	NA	NA	NA	NA	NA	NA
NA	NA	NA	NA	NA	NA	NA	NA	NA	NA	NA	NA	NA	NA	NA	NA
NA	NA	NA	NA	NA	NA	NA	NA	NA	NA	NA	NA	NA	NA	NA	NA
NA	NA	NA	NA	NA	NA	NA	NA	NA	NA	NA	NA	NA	NA	NA	NA
NA	NA	NA	NA	NA	NA	NA	NA	NA	NA	NA	NA	NA	NA	NA	NA
NA	NA	NA	NA	NA	NA	NA	NA	NA	NA	NA	NA	NA	NA	NA	NA
NA	NA	NA	NA	NA	NA	NA	NA	NA	NA	NA	NA	NA	NA	NA	NA
NA	NA	NA	NA	NA	NA	NA	NA	NA	NA	NA	NA	NA	NA	NA	NA
NA	NA	NA	NA	NA	NA	NA	NA	NA	NA	NA	NA	NA	NA	NA	NA
NA	NA	NA	NA	NA	NA	NA	NA	NA	NA	NA	NA	NA	NA	NA	NA
NA	NA	NA	NA	NA	NA	NA	NA	NA	NA	NA	NA	NA	NA	NA	NA
NA	NA	NA	NA	NA	NA	NA	NA	NA	NA	NA	NA	NA	NA	NA	NA
NA	NA	NA	NA	NA	NA	NA	NA	NA	NA	NA	NA	NA	NA	NA	NA
NA	NA	NA	NA	NA	NA	NA	NA	NA	NA	NA	NA	NA	NA	NA	NA
NA	NA	NA	NA	NA	NA	NA	NA	NA	NA	NA	NA	NA	NA	NA	NA
NA	NA	NA	NA	NA	NA	NA	NA	NA	NA	NA	NA	NA	NA	NA	NA
NA	NA	NA	NA	NA	NA	NA	NA	NA	NA	NA	NA	NA	NA	NA	NA
NA	NA	NA	NA	NA	NA	NA	NA	NA	NA	NA	NA	NA	NA	NA	NA
NA	NA	NA	NA	NA	NA	NA	NA	NA	NA	NA	NA	NA	NA	NA	NA
NA	NA	NA	NA	NA	NA	NA	NA	NA	NA	NA	NA	NA	NA	NA	NA
NA	NA	NA	NA	NA	NA	NA	NA	NA	NA	NA	NA	NA	NA	NA	NA
NA	NA	NA	NA	NA	NA	NA	NA	NA	NA	NA	NA	NA	NA	NA	NA
NA	NA	NA	NA	NA	NA	NA	NA	NA	NA	NA	NA	NA	NA	NA	NA
NA	NA	NA	NA	NA	NA	NA	NA	NA	NA	NA	NA	NA	NA	NA	NA
NA	NA	NA	NA	NA	NA	NA	NA	NA	NA	NA	NA	NA	NA	NA	NA
NA	NA	NA	NA	NA	NA	NA	NA	NA	NA	NA	NA	NA	NA	NA	NA
NA	NA	NA	NA	NA	NA	NA	NA	NA	NA	NA	NA	NA	NA	NA	NA
NA	NA	NA	NA	NA	NA	NA	NA	NA	NA	NA	NA	NA	NA	NA	NA
NA	NA	NA	NA	NA	NA	NA	NA	NA	NA	NA	NA	NA	NA	NA	NA
NA	NA	NA	NA	NA	NA	NA	NA	NA	NA	NA	NA	NA	NA	NA	NA
NA	NA	NA	NA	NA	NA	NA	NA	NA	NA	NA	NA	NA	NA	NA	NA
NA	NA	NA	NA	NA	NA	NA	NA	NA	NA	NA	NA	NA	NA	NA	NA
