X1	X2	X3	X4	X1.1	X2.1	X3.1	X4.1	X1.2	X2.2	X3.2	X4.2	X1.3	X2.3	X3.3	X4.3
NA	NA	NA	NA	NA	NA	NA	NA	NA	NA	NA	NA	NA	NA	NA	NA
NA	NA	NA	NA	NA	NA	NA	NA	NA	NA	NA	NA	NA	NA	NA	NA
NA	NA	NA	NA	NA	NA	NA	NA	NA	NA	NA	NA	NA	NA	NA	NA
NA	NA	NA	NA	NA	NA	NA	NA	NA	NA	NA	NA	NA	NA	NA	NA
NA	NA	NA	NA	NA	NA	NA	NA	NA	NA	NA	NA	NA	NA	NA	NA
NA	NA	NA	NA	NA	NA	NA	NA	NA	NA	NA	NA	NA	NA	NA	NA
NA	NA	NA	NA	NA	NA	NA	NA	NA	NA	NA	NA	NA	NA	NA	NA
NA	NA	NA	NA	NA	NA	NA	NA	NA	NA	NA	NA	NA	NA	NA	NA
NA	NA	NA	NA	NA	NA	NA	NA	NA	NA	NA	NA	NA	NA	NA	NA
NA	NA	NA	NA	NA	NA	NA	NA	NA	NA	NA	NA	NA	NA	NA	NA
NA	NA	NA	NA	NA	NA	NA	NA	NA	NA	NA	NA	NA	NA	NA	NA
NA	NA	NA	NA	NA	NA	NA	NA	NA	NA	NA	NA	NA	NA	NA	NA
NA	NA	NA	NA	NA	NA	NA	NA	NA	NA	NA	NA	NA	NA	NA	NA
NA	NA	NA	NA	NA	NA	NA	NA	NA	NA	NA	NA	NA	NA	NA	NA
NA	NA	NA	NA	NA	NA	NA	NA	NA	NA	NA	NA	NA	NA	NA	NA
NA	NA	NA	NA	NA	NA	NA	NA	NA	NA	NA	NA	NA	NA	NA	NA
NA	NA	NA	NA	NA	NA	NA	NA	NA	NA	NA	NA	NA	NA	NA	NA
NA	NA	NA	NA	NA	NA	NA	NA	NA	NA	NA	NA	NA	NA	NA	NA
NA	NA	NA	NA	NA	NA	NA	NA	NA	NA	NA	NA	NA	NA	NA	NA
NA	NA	NA	NA	NA	NA	NA	NA	NA	NA	NA	NA	NA	NA	NA	NA
NA	NA	NA	NA	NA	NA	NA	NA	NA	NA	NA	NA	NA	NA	NA	NA
NA	NA	NA	NA	NA	NA	NA	NA	NA	NA	NA	NA	NA	NA	NA	NA
NA	NA	NA	NA	NA	NA	NA	NA	NA	NA	NA	NA	NA	NA	NA	NA
NA	NA	NA	NA	NA	NA	NA	NA	NA	NA	NA	NA	NA	NA	NA	NA
NA	NA	NA	NA	NA	NA	NA	NA	NA	NA	NA	NA	NA	NA	NA	NA
NA	NA	NA	NA	NA	NA	NA	NA	NA	NA	NA	NA	NA	NA	NA	NA
NA	NA	NA	NA	NA	NA	NA	NA	NA	NA	NA	NA	NA	NA	NA	NA
NA	NA	NA	NA	NA	NA	NA	NA	NA	NA	NA	NA	NA	NA	NA	NA
NA	NA	NA	NA	NA	NA	NA	NA	NA	NA	NA	NA	NA	NA	NA	NA
NA	NA	NA	NA	NA	NA	NA	NA	NA	NA	NA	NA	NA	NA	NA	NA
NA	NA	NA	NA	NA	NA	NA	NA	NA	NA	NA	NA	NA	NA	NA	NA
NA	NA	NA	NA	NA	NA	NA	NA	NA	NA	NA	NA	NA	NA	NA	NA
NA	NA	NA	NA	NA	NA	NA	NA	NA	NA	NA	NA	NA	NA	NA	NA
NA	NA	NA	NA	NA	NA	NA	NA	NA	NA	NA	NA	NA	NA	NA	NA
NA	NA	NA	NA	NA	NA	NA	NA	NA	NA	NA	NA	NA	NA	NA	NA
NA	NA	NA	NA	NA	NA	NA	NA	NA	NA	NA	NA	NA	NA	NA	NA
NA	NA	NA	NA	NA	NA	NA	NA	NA	NA	NA	NA	NA	NA	NA	NA
NA	NA	NA	NA	NA	NA	NA	NA	NA	NA	NA	NA	NA	NA	NA	NA
NA	NA	NA	NA	NA	NA	NA	NA	NA	NA	NA	NA	NA	NA	NA	NA
NA	NA	NA	NA	NA	NA	NA	NA	NA	NA	NA	NA	NA	NA	NA	NA
NA	NA	NA	NA	NA	NA	NA	NA	NA	NA	NA	NA	NA	NA	NA	NA
NA	NA	NA	NA	NA	NA	NA	NA	NA	NA	NA	NA	NA	NA	NA	NA
NA	NA	NA	NA	NA	NA	NA	NA	NA	NA	NA	NA	NA	NA	NA	NA
NA	NA	NA	NA	NA	NA	NA	NA	NA	NA	NA	NA	NA	NA	NA	NA
NA	NA	NA	NA	NA	NA	NA	NA	NA	NA	NA	NA	NA	NA	NA	NA
NA	NA	NA	NA	NA	NA	NA	NA	NA	NA	NA	NA	NA	NA	NA	NA
NA	NA	NA	NA	NA	NA	NA	NA	NA	NA	NA	NA	NA	NA	NA	NA
NA	NA	NA	NA	NA	NA	NA	NA	NA	NA	NA	NA	NA	NA	NA	NA
NA	NA	NA	NA	NA	NA	NA	NA	NA	NA	NA	NA	NA	NA	NA	NA
NA	NA	NA	NA	NA	NA	NA	NA	NA	NA	NA	NA	NA	NA	NA	NA
NA	NA	NA	NA	NA	NA	NA	NA	NA	NA	NA	NA	NA	NA	NA	NA
NA	NA	NA	NA	NA	NA	NA	NA	NA	NA	NA	NA	NA	NA	NA	NA
NA	NA	NA	NA	NA	NA	NA	NA	NA	NA	NA	NA	NA	NA	NA	NA
NA	NA	NA	NA	NA	NA	NA	NA	NA	NA	NA	NA	NA	NA	NA	NA
NA	NA	NA	NA	NA	NA	NA	NA	NA	NA	NA	NA	NA	NA	NA	NA
NA	NA	NA	NA	NA	NA	NA	NA	NA	NA	NA	NA	NA	NA	NA	NA
NA	NA	NA	NA	NA	NA	NA	NA	NA	NA	NA	NA	NA	NA	NA	NA
NA	NA	NA	NA	NA	NA	NA	NA	NA	NA	NA	NA	NA	NA	NA	NA
NA	NA	NA	NA	NA	NA	NA	NA	NA	NA	NA	NA	NA	NA	NA	NA
NA	NA	NA	NA	NA	NA	NA	NA	NA	NA	NA	NA	NA	NA	NA	NA
NA	NA	NA	NA	NA	NA	NA	NA	NA	NA	NA	NA	NA	NA	NA	NA
NA	NA	NA	NA	NA	NA	NA	NA	NA	NA	NA	NA	NA	NA	NA	NA
NA	NA	NA	NA	NA	NA	NA	NA	NA	NA	NA	NA	NA	NA	NA	NA
NA	NA	NA	NA	NA	NA	NA	NA	NA	NA	NA	NA	NA	NA	NA	NA
NA	NA	NA	NA	NA	NA	NA	NA	NA	NA	NA	NA	NA	NA	NA	NA
NA	NA	NA	NA	NA	NA	NA	NA	NA	NA	NA	NA	NA	NA	NA	NA
NA	NA	NA	NA	NA	NA	NA	NA	NA	NA	NA	NA	NA	NA	NA	NA
NA	NA	NA	NA	NA	NA	NA	NA	NA	NA	NA	NA	NA	NA	NA	NA
NA	NA	NA	NA	NA	NA	NA	NA	NA	NA	NA	NA	NA	NA	NA	NA
NA	NA	NA	NA	NA	NA	NA	NA	NA	NA	NA	NA	NA	NA	NA	NA
NA	NA	NA	NA	NA	NA	NA	NA	NA	NA	NA	NA	NA	NA	NA	NA
NA	NA	NA	NA	NA	NA	NA	NA	NA	NA	NA	NA	NA	NA	NA	NA
NA	NA	NA	NA	NA	NA	NA	NA	NA	NA	NA	NA	NA	NA	NA	NA
NA	NA	NA	NA	NA	NA	NA	NA	NA	NA	NA	NA	NA	NA	NA	NA
NA	NA	NA	NA	NA	NA	NA	NA	NA	NA	NA	NA	NA	NA	NA	NA
NA	NA	NA	NA	NA	NA	NA	NA	NA	NA	NA	NA	NA	NA	NA	NA
NA	NA	NA	NA	NA	NA	NA	NA	NA	NA	NA	NA	NA	NA	NA	NA
NA	NA	NA	NA	NA	NA	NA	NA	NA	NA	NA	NA	NA	NA	NA	NA
NA	NA	NA	NA	NA	NA	NA	NA	NA	NA	NA	NA	NA	NA	NA	NA
NA	NA	NA	NA	NA	NA	NA	NA	NA	NA	NA	NA	NA	NA	NA	NA
NA	NA	NA	NA	NA	NA	NA	NA	NA	NA	NA	NA	NA	NA	NA	NA
NA	NA	NA	NA	NA	NA	NA	NA	NA	NA	NA	NA	NA	NA	NA	NA
NA	NA	NA	NA	NA	NA	NA	NA	NA	NA	NA	NA	NA	NA	NA	NA
NA	NA	NA	NA	NA	NA	NA	NA	NA	NA	NA	NA	NA	NA	NA	NA
NA	NA	NA	NA	NA	NA	NA	NA	NA	NA	NA	NA	NA	NA	NA	NA
NA	NA	NA	NA	NA	NA	NA	NA	NA	NA	NA	NA	NA	NA	NA	NA
NA	NA	NA	NA	NA	NA	NA	NA	NA	NA	NA	NA	NA	NA	NA	NA
NA	NA	NA	NA	NA	NA	NA	NA	NA	NA	NA	NA	NA	NA	NA	NA
NA	NA	NA	NA	NA	NA	NA	NA	NA	NA	NA	NA	NA	NA	NA	NA
NA	NA	NA	NA	NA	NA	NA	NA	NA	NA	NA	NA	NA	NA	NA	NA
NA	NA	NA	NA	NA	NA	NA	NA	NA	NA	NA	NA	NA	NA	NA	NA
NA	NA	NA	NA	NA	NA	NA	NA	NA	NA	NA	NA	NA	NA	NA	NA
NA	NA	NA	NA	NA	NA	NA	NA	NA	NA	NA	NA	NA	NA	NA	NA
NA	NA	NA	NA	NA	NA	NA	NA	NA	NA	NA	NA	NA	NA	NA	NA
NA	NA	NA	NA	NA	NA	NA	NA	NA	NA	NA	NA	NA	NA	NA	NA
NA	NA	NA	NA	NA	NA	NA	NA	NA	NA	NA	NA	NA	NA	NA	NA
NA	NA	NA	NA	NA	NA	NA	NA	NA	NA	NA	NA	NA	NA	NA	NA
NA	NA	NA	NA	NA	NA	NA	NA	NA	NA	NA	NA	NA	NA	NA	NA
NA	NA	NA	NA	NA	NA	NA	NA	NA	NA	NA	NA	NA	NA	NA	NA
NA	NA	NA	NA	NA	NA	NA	NA	NA	NA	NA	NA	NA	NA	NA	NA
2.40090760324147	0.189151774696539	2.03017012483625	2.77164508164669	2.26848052690946	0.164817419206873	1.94543838526399	2.59152266855493	2.26848052690946	0.189151774696539	1.87399840229638	2.61330124767266	2.27245375134296	0.183155149651536	1.91325992183222	2.63164758085371
2.11354482477295	0.163743722874301	1.79260712793932	2.43448252160658	2.07191513184731	0.153897819202025	1.77027540621134	2.37355485748328	2.07191513184731	0.163743722874301	1.75671640355996	2.37758774708943	2.06815369344337	0.150178067455355	1.77370113408771	2.36260625279902
2.14348012346496	0.17420375051153	1.80204077246236	2.48491947446756	1.97873928679889	0.161265783998842	1.66265835016116	2.29482022343662	1.97873928679889	0.17420375051153	1.62618950242704	2.30816739817127	1.98022352201433	0.160214122753209	1.6660507949616	2.29439624906706
1.72572342140881	0.188962453536218	1.35535701247782	2.0960898303398	1.71883357347359	0.161540627681967	1.40221394321694	2.03545320373025	1.71883357347359	0.188962453536218	1.36402126708671	2.07091938506485	1.72041582989632	0.17123757437748	1.3846345918542	2.05619706793843
1.88587574196651	0.156187120858362	1.57974898508412	2.1920024988489	1.89808845626009	0.13985221955708	1.62397810592821	2.17219880659196	1.89808845626009	0.156187120858362	1.58356899215777	2.1755718924099	1.89874776189202	0.148375401584543	1.60780965645937	2.18968586732467
1.83271717858047	0.189808829168739	1.46069187340974	2.2047424837512	1.92809298280563	0.168828311203659	1.59718949284645	2.2589964727648	1.92809298280563	0.189808829168739	1.52623967268059	2.29047288130856	1.92723420451687	0.166788268020544	1.6001906335218	2.25427777551194
2.15400366960352	0.177048187407423	1.80698922228498	2.50101811692207	2.15913587254502	0.167691202959477	1.83046111474444	2.48781063034559	2.15913587254502	0.177048187407423	1.82595928251409	2.51657441078103	2.15795934156811	0.161273704583013	1.84175001578147	2.47416866735475
2.01524177307908	0.22105397694165	1.58197597827344	2.44850756788471	1.87923004790015	0.189041616564766	1.50870847943321	2.24975161636709	1.87923004790015	0.22105397694165	1.40547590296646	2.26599088747464	1.88678526545967	0.210877831739297	1.47319053483488	2.30037999608447
1.96234096534376	0.186687694300622	1.59643308451454	2.32824884617298	1.97797828084667	0.164252510495264	1.65604336027596	2.29991320141739	1.97797828084667	0.186687694300622	1.61666451855179	2.32306559813203	1.97811109886227	0.176981190176251	1.63104944552595	2.32517275219859
2.03282817081377	0.183724257555671	1.67272862600466	2.39292771562289	2.05687290468576	0.17302880767999	1.71773644163298	2.39600936773854	2.05687290468576	0.183724257555671	1.70632388803133	2.39978075765467	2.05424603247712	0.170728245002455	1.71944905650123	2.38904300845301
2.16350452915185	0.183300299124	1.80423594286881	2.52277311543489	2.07588478496708	0.168576788902358	1.74547427871846	2.4062952912157	2.07588478496708	0.183300299124	1.72086806518333	2.44927266218389	2.07435963672919	0.173085216704116	1.73493690957929	2.4137823638791
1.76925909188154	0.187865846171486	1.40104203338543	2.13747615037765	1.76669026438357	0.171089186657493	1.43135545853488	2.10202507023225	1.76669026438357	0.187865846171486	1.37879354549489	2.11912574356353	1.77079148356717	0.176086073392221	1.42549835806445	2.11608460906988
2.07993564755032	0.163753578130657	1.75897863441423	2.40089266068641	2.13001919418866	0.162510261420416	1.81149908180464	2.44853930657267	2.13001919418866	0.163753578130657	1.8228238766185	2.46925363458578	2.13241449724333	0.14876136341645	1.84073515596667	2.42409383851998
1.98691878952298	0.165513585453868	1.6625121620334	2.31132541701256	2.00412000372865	0.149975603165733	1.71016782152381	2.29807218593349	2.00412000372865	0.165513585453868	1.6898206086369	2.34082329539746	2.00158916750257	0.150252850767572	1.70697810360679	2.29620023139834
2.04295031984355	0.183840284150634	1.68262336290831	2.4032772767788	2.10223891632082	0.173822302778968	1.76154720287404	2.44293062976759	2.10223891632082	0.183840284150634	1.72360148278472	2.45177634607826	2.10595575308769	0.166475148053527	1.77952092845533	2.43239057772005
2.0971564592255	0.177632531292371	1.74899669789245	2.44531622055855	2.04179673610738	0.156266002774707	1.73551537066896	2.34807810154581	2.04179673610738	0.177632531292371	1.71134066105035	2.37783177937183	2.04219090164905	0.165130126806557	1.71835828979869	2.36602351349941
1.79455734741418	0.169714875163509	1.4619161920937	2.12719850273466	1.79314504512524	0.15306190885246	1.49314370377442	2.09314638647606	1.79314504512524	0.169714875163509	1.49599764240815	2.10738216022863	1.7911197756125	0.154410677568687	1.4883322537371	2.0939072974879
2.11845153340485	0.204629652660001	1.71737741419125	2.51952565261845	2.0145481551643	0.189226112212351	1.64366497522809	2.38543133510051	2.0145481551643	0.204629652660001	1.61942791070934	2.41550043135156	2.01255265268098	0.183017454784249	1.65367613256054	2.37142917280142
1.9394859866987	0.17662619805955	1.59329863850198	2.28567333489541	1.9425196792324	0.156660238030576	1.63546561269247	2.24957374577233	1.9425196792324	0.17662619805955	1.61351906627036	2.32308880118687	1.93885117844032	0.163592148463063	1.61804304730406	2.25965930957657
1.69341689568453	0.185026412079081	1.33076512800953	2.05606866335953	1.82080287775774	0.178034529544809	1.47185519984992	2.16975055566557	1.82080287775774	0.185026412079081	1.49558461479861	2.17902544140855	1.81622369099928	0.170941304935364	1.48102868829024	2.15141869370833
2.20691880856981	0.148941688561727	1.91499309898883	2.4988445181508	2.23403483323063	0.147373148594395	1.94518346198561	2.52288620447564	2.23403483323063	0.148941688561727	1.95155649345425	2.52386354913514	2.23437044528837	0.13840720029901	1.96299847615868	2.50574241441805
1.99265482375195	0.158983811813198	1.68104655259809	2.30426309490582	1.85750584659728	0.135273054329167	1.59237066011211	2.12264103308244	1.85750584659728	0.158983811813198	1.52555020832913	2.15780081473796	1.86614140149222	0.152862263856105	1.56643007221669	2.16585273076774
2.01489468531615	0.172146104726716	1.67748832005178	2.35230105058051	2.03893419435488	0.158360622680566	1.72854737390097	2.34932101480879	2.03893419435488	0.172146104726716	1.70451091846546	2.38871629837053	2.0339675652976	0.152922435014036	1.7340984300553	2.33383670053991
1.81239923680161	0.168396086540238	1.48234290718275	2.14245556642048	1.76403965995528	0.158561251531641	1.45325960695327	2.0748197129573	1.76403965995528	0.168396086540238	1.44513778824901	2.0942389015765	1.76361785955709	0.152586620932934	1.46444312561038	2.0627925935038
2.00257431474995	0.191693186908656	1.62685566840899	2.37829296109092	1.98561362183018	0.183077290431614	1.62678213258421	2.34444511107614	1.98561362183018	0.191693186908656	1.61155662902243	2.40585613131938	1.98715072884954	0.175730126863247	1.64255799226729	2.3317434654318
1.9320085884189	0.189304112503302	1.56097252791243	2.30304464892538	1.92621005165395	0.175740068432035	1.58175951752716	2.27066058578074	1.92621005165395	0.189304112503302	1.56505739799403	2.2891226623994	1.93089953952688	0.16824561156163	1.60098460714113	2.26081447191263
1.99624910395563	0.195590696978401	1.61289133787796	2.3796068700333	1.94660935580455	0.172398472534099	1.60870834963771	2.28451036197138	1.94660935580455	0.195590696978401	1.58807894789838	2.31538385986693	1.94817608158183	0.182542298511366	1.59017263917858	2.30617952398509
1.83446697306817	0.192309591561632	1.45754017360737	2.21139377252897	1.84229309196574	0.177856018224314	1.49369529624609	2.1908908876854	1.84229309196574	0.192309591561632	1.4480151428222	2.19628370716979	1.84223089544618	0.173752668101521	1.50150511879415	2.18295667209822
2.02209305209945	0.16779567573655	1.69321352765582	2.35097257654309	2.06550240899595	0.163036373077703	1.74595111776366	2.38505370022825	2.06550240899595	0.16779567573655	1.74913891939095	2.39059096010875	2.06411987989479	0.155633634742092	1.75896359327651	2.36927616651306
2.07292670601541	0.20934533979365	1.66260984001985	2.48324357201096	2.12083275584322	0.175941931935248	1.77598656925014	2.46567894243631	2.12083275584322	0.20934533979365	1.68137103843211	2.48431662080417	2.1183810223514	0.196509687240682	1.73298386897494	2.50377817572786
2.15959141267288	0.175143948787345	1.81630927304968	2.50287355229608	2.11252427113049	0.157769527930124	1.80329599638744	2.42175254587353	2.11252427113049	0.175143948787345	1.79001778625738	2.44690282468762	2.11203730016462	0.159662020439412	1.79897353761817	2.42510106271106
2.28488678582344	0.171282734056332	1.94917262707303	2.62060094457385	2.21464143650262	0.160946940439409	1.89918543324138	2.53009743976386	2.21464143650262	0.171282734056332	1.88111277448792	2.53622531591952	2.21323420325058	0.158678080923403	1.90210095739796	2.5243674491032
2.08903830009793	0.166591096715691	1.76251975053518	2.41555684966068	1.99371887905504	0.149030197664526	1.70161969163257	2.28581806647752	1.99371887905504	0.166591096715691	1.66464259213761	2.33593182444032	1.99108213148485	0.150155522760425	1.696679279922	2.2854849830477
2.25545894649705	0.149114523429354	1.96319448057552	2.54772341241858	2.15409655297985	0.125901348580413	1.90732990976224	2.40086319619746	2.15409655297985	0.149114523429354	1.84563520329806	2.42776621374143	2.15531281284732	0.146553665517835	1.86794654416846	2.44267908152618
1.81954859544878	0.171452040036996	1.48350259697626	2.15559459392129	1.9360996787753	0.154085117088374	1.63409284928208	2.23810650826851	1.9360996787753	0.171452040036996	1.59613778748356	2.28004869765511	1.93613189845908	0.155806719372425	1.63062491880995	2.24163887810821
2.03735743267703	0.184190130776093	1.67634477635588	2.39837008899817	2.02577606958789	0.164183611765476	1.70397619052756	2.34757594864822	2.02577606958789	0.184190130776093	1.66628269709972	2.40051717083085	2.02100352176061	0.171090335474385	1.68552663887717	2.35648040464404
2.00727476297602	0.169991519361568	1.67409138502735	2.34045814092469	2.07985506011404	0.154726210220417	1.77659168808202	2.38311843214606	2.07985506011404	0.169991519361568	1.74977182280862	2.40118980695965	2.07634087796138	0.15726731041645	1.76798322605984	2.38469852986292
2.05239698672811	0.23427648426398	1.59321507757071	2.51157889588551	2.07431442608015	0.210452536315285	1.66182745490219	2.48680139725811	2.07431442608015	0.23427648426398	1.60802917188637	2.54980830219442	2.07230272884516	0.220362714342677	1.64011067434953	2.50449478334078
2.04026018806607	0.161358733120943	1.72399707114902	2.35652330498312	1.98788592416436	0.153986085600474	1.68607319638743	2.28969865194129	1.98788592416436	0.161358733120943	1.64716391295045	2.28726006192768	1.98939216221181	0.15482687872468	1.68580337240366	2.29298095201995
1.8982145202034	0.169987665164365	1.56503869648125	2.23139034392556	2.02759146325561	0.156120426937687	1.72159542645774	2.33358750005347	2.02759146325561	0.169987665164365	1.6912940511618	2.35953486204241	2.02430727889524	0.160990001794617	1.70865029331734	2.33996426447313
2.16161247478718	0.188505361956926	1.7921419653516	2.53108298422275	2.14549548657434	0.15985843334003	1.83217295722788	2.4588180159208	2.14549548657434	0.188505361956926	1.77965168877673	2.50151617341219	2.14128121138966	0.176118859630591	1.79590852536065	2.48665389741868
1.82915388219452	0.159084538817695	1.51734818611184	2.1409595782772	1.83190924214205	0.138132602546844	1.56116934115024	2.10264914313387	1.83190924214205	0.159084538817695	1.53726262367869	2.16047435536202	1.83702949877561	0.147291947674689	1.54820366920318	2.12585532834803
2.1032436862439	0.171152305433288	1.76778516759466	2.43870220489314	2.11257030507364	0.150559869400916	1.81747296104785	2.40766764909944	2.11257030507364	0.171152305433288	1.7545470898235	2.44682028748505	2.11263454976487	0.162407717779468	1.79417007735484	2.4310990221749
2.0825950505959	0.191345068782184	1.70755871578282	2.45763138540898	2.15862403259015	0.180384557725557	1.80507029944806	2.51217776573224	2.15862403259015	0.191345068782184	1.79220860623579	2.52672796796251	2.15465037999388	0.172114317935725	1.81715691870549	2.49214384128228
2.0026864654165	0.164629559863223	1.68001252808459	2.32536040274842	1.94679356740066	0.153983508437324	1.64498589086351	2.24860124393782	1.94679356740066	0.164629559863223	1.62506390583266	2.27574445602032	1.94234183932004	0.153483116570657	1.64139112512827	2.24329255351181
2.08258782760033	0.250962079604363	1.59070215157578	2.57447350362488	1.7322066095109	0.217918623514119	1.30508610742323	2.15932711159858	1.7322066095109	0.250962079604363	1.19770948352056	2.19774614068953	1.73371685336243	0.23417204608716	1.27440553150408	2.19302817522078
2.21902703067018	0.231794402543736	1.76471000168445	2.6733440596559	1.98534116303598	0.213310577630712	1.56725243087979	2.40342989519218	1.98534116303598	0.231794402543736	1.52232033986766	2.46916817566469	1.98496023469725	0.218057552927081	1.5572713809804	2.41264908841409
1.68440779881468	0.163601042691089	1.36374975514014	2.00506584248921	1.73681658176375	0.153939636952472	1.4350948933369	2.03853827019059	1.73681658176375	0.163601042691089	1.42494163574285	2.04847351006612	1.73057617358655	0.148277735440796	1.43985116428976	2.02130118288333
2.28199258144498	0.184786906853326	1.91981024401246	2.6441749188775	2.27478241963595	0.170154258398324	1.94128007317524	2.60828476609667	2.27478241963595	0.184786906853326	1.91671976751499	2.63935058509951	2.27790677746602	0.170071744935092	1.94439800068582	2.61141555424623
2.14515411243616	0.162179244588427	1.82728279304285	2.46302543182948	2.03601424974566	0.148501511737829	1.74495128673951	2.3270772127518	2.03601424974566	0.162179244588427	1.69466957400224	2.34071254878573	2.03388513088884	0.151749558243775	1.73633979562517	2.3314304661525
1.90309103268997	0.193578762213062	1.52367665875237	2.28250540662757	1.83664457921932	0.160853395567391	1.52137192390723	2.15191723453141	1.83664457921932	0.193578762213062	1.47994597145398	2.22670499870915	1.82582829835523	0.186062008166246	1.46097285283955	2.19068374387091
1.82461255502334	0.16121959786077	1.50862214321624	2.14060296683045	1.83348126616893	0.144006182537421	1.55122914839559	2.11573338394228	1.83348126616893	0.16121959786077	1.51977305078591	2.14061870605371	1.83530567393175	0.151601560527797	1.53805958048295	2.13255176738056
1.68806299898012	0.219798152083381	1.25725862089669	2.11886737706355	1.79155408199522	0.185277831150279	1.42840953294067	2.15469863104976	1.79155408199522	0.219798152083381	1.39890612191359	2.20336861072348	1.7930082668774	0.214985625447774	1.37131215022765	2.21470438352716
1.94132783294093	0.208071762553749	1.53350717833559	2.34914848754628	2.05078098485105	0.17834950576357	1.70121595355446	2.40034601614765	2.05078098485105	0.208071762553749	1.70205022901166	2.51144584795169	2.05088500591654	0.197308523862105	1.66390815398909	2.43786185784399
2.2103785328278	0.173368479947684	1.87057631213034	2.55018075352526	2.18234369524096	0.16058314846634	1.86760072424694	2.49708666623499	2.18234369524096	0.173368479947684	1.84751418352328	2.513636581417	2.18509273908628	0.158043961059712	1.87519633031223	2.49498914786032
2.02943432317142	0.18409192640415	1.66861414741929	2.39025449892356	2.03803724388123	0.173683377825057	1.69761782334411	2.37845666441834	2.03803724388123	0.18409192640415	1.69539374795233	2.41241103064351	2.03815527079708	0.165887366386261	1.71286610529151	2.36344443630265
1.91613459651648	0.154025309617443	1.61424498966629	2.21802420336667	1.87406962222291	0.147398746081003	1.58516807990415	2.16297116454168	1.87406962222291	0.154025309617443	1.57061300771309	2.16317191247386	1.87485374399673	0.144132060854178	1.59226615733141	2.15744133066206
2.1246572838507	0.188760372917062	1.75468695293326	2.49462761476814	2.08086527915442	0.17640408821726	1.73511326624859	2.42661729206025	2.08086527915442	0.188760372917062	1.68590804434891	2.44806711477454	2.07807228525827	0.16713732895993	1.75034343652172	2.40580113399483
1.73487323721168	0.177362252448524	1.38724322241258	2.08250325201079	1.7379733664546	0.168778342323736	1.40716781550008	2.06877891740912	1.7379733664546	0.177362252448524	1.39870425386561	2.08365517356283	1.73589014533957	0.162195151707871	1.41787099747419	2.05390929320495
2.07401818260874	0.175540474773175	1.72995885205331	2.41807751316416	2.10015612953564	0.164125179679889	1.77847077736306	2.42184148170822	2.10015612953564	0.175540474773175	1.75285607468872	2.42716488643014	2.09688846330825	0.161447645504725	1.78032952283951	2.41344740377699
2.04141299492514	0.183139747580077	1.68245908966819	2.4003669001821	2.13003590381081	0.157707634920585	1.82092893936646	2.43914286825515	2.13003590381081	0.183139747580077	1.77054993603662	2.49730794519775	2.13406868714675	0.172673806375686	1.7954481971823	2.4726891771112
2.02734725915061	0.176386481821121	1.68162975478122	2.37306476352001	2.03800953481729	0.150125827303842	1.74376291330176	2.33225615633282	2.03800953481729	0.176386481821121	1.71979093118431	2.39982887116065	2.03892562618027	0.167259867896041	1.71093097814588	2.36692027421466
1.87958899005581	0.209523167057803	1.46892358262252	2.2902543974891	1.93681733305813	0.192646231543761	1.55923071923236	2.3144039468839	1.93681733305813	0.209523167057803	1.52459169795818	2.34629528729123	1.93635266935077	0.188973301911208	1.5657683756531	2.30693696304845
2.14473186179008	0.199463724376046	1.75378296201303	2.53568076156713	2.15110021158114	0.171410833416203	1.81513497808539	2.4870654450769	2.15110021158114	0.199463724376046	1.80393082337401	2.62453421445891	2.15341434786466	0.193972681362652	1.77298896227112	2.5338397334582
1.70066937916222	0.168789945033324	1.3698410868969	2.03149767142753	1.66858073914058	0.153387795634298	1.36794065969735	1.9692208185838	1.66858073914058	0.168789945033324	1.33449336655625	1.99854586390629	1.66792968969488	0.161013206753323	1.35220905228173	1.98365032710802
1.8266675295193	0.179261414498995	1.47531515710127	2.17801990193733	1.92591994619857	0.157910441251262	1.61641548134609	2.23542441105104	1.92591994619857	0.179261414498995	1.55165740794016	2.26472883062278	1.92512694322738	0.162667506461927	1.60615811211951	2.24409577433526
1.85528003941425	0.173030695656436	1.51613987592763	2.19442020290086	1.86429274818639	0.162229441330107	1.54632304317938	2.1822624531934	1.86429274818639	0.173030695656436	1.52973179423312	2.207907220069	1.86446411801612	0.154270305512236	1.56195900983317	2.16696922619907
2.09708608483466	0.191546939044789	1.72165408430688	2.47251808536245	2.17884879347969	0.182280242904981	1.82157951738592	2.53611806957345	2.17884879347969	0.191546939044789	1.78342221909853	2.53989351072637	2.18025003129911	0.170050489908009	1.84679261894461	2.51370744365361
1.64869608915505	0.174698963245023	1.30628612119481	1.9911060571153	1.70078101042366	0.165727705889603	1.37595470688004	2.02560731396728	1.70078101042366	0.174698963245023	1.36779433520025	2.05229869453216	1.70374478539814	0.162406928228701	1.38531264850671	2.02217692228956
1.95891760018342	0.168006450282072	1.62962495763056	2.28821024273628	1.98480112530559	0.160968568473447	1.66930273109764	2.30029951951355	1.98480112530559	0.168006450282072	1.65185107204606	2.30308255791588	1.98185664392633	0.14547405399362	1.69662279999791	2.26709048785475
1.8770764797831	0.195082901520123	1.49471399280366	2.25943896676254	1.8448381056766	0.178137656805344	1.49568829833812	2.19398791301507	1.8448381056766	0.195082901520123	1.4920212322861	2.23664465124045	1.84960657149764	0.178927754381109	1.49872786564021	2.20048527735507
2.20805854384082	0.201600849402427	1.81292087901206	2.60319620866958	2.05740732164547	0.179146702872264	1.70627978401583	2.40853485927511	2.05740732164547	0.201600849402427	1.65044157852128	2.41704927570957	2.06147178851704	0.178226702915975	1.71196110815943	2.41098246887465
2.19606192380582	0.159610199567879	1.88322593265278	2.50889791495886	2.24133188041958	0.151254627455031	1.94487281060772	2.53779095023144	2.24133188041958	0.159610199567879	1.93299417544802	2.53635699689583	2.23948614992448	0.141944332305222	1.96118088629337	2.51779141355558
1.97565575232239	0.168444303472862	1.64550491751558	2.3058065871292	2.01030491518918	0.171600667393018	1.67396760709886	2.34664222327949	2.01030491518918	0.168444303472862	1.68943663605846	2.33381492405477	2.01019246261781	0.150787765150634	1.71454038444643	2.30584454078919
1.65107543386216	0.176199092139926	1.30572521326791	1.99642565445642	1.59404952462998	0.168391222537233	1.264002728457	1.92409632080296	1.59404952462998	0.176199092139926	1.23893059163218	1.93464307818186	1.58841139372556	0.16432041165479	1.26621126523898	1.91061152221214
1.98098169417187	0.187012584176773	1.6144370291854	2.34752635915835	1.97079053133319	0.17872468519473	1.62049014835152	2.32109091431486	1.97079053133319	0.187012584176773	1.60894876831228	2.35352033309151	1.97297253858416	0.172676882051121	1.63436146371936	2.31158361344897
1.86939317665659	0.175176337968279	1.52604755423876	2.21273879907442	1.84515942780284	0.157809242948053	1.53585331162466	2.15446554398102	1.84515942780284	0.175176337968279	1.49117870407116	2.20411276971034	1.84905525802134	0.162286390310226	1.53083611047792	2.16727440556477
2.16269043725285	0.201361845484895	1.76802122010245	2.55735965440324	2.03502595073984	0.192598314701146	1.65753325392559	2.41251864755408	2.03502595073984	0.201361845484895	1.643620282812	2.44992490645156	2.0394037677513	0.184412447830002	1.6777392996514	2.40106823585121
1.57109686796584	0.20001578872445	1.17906592206592	1.96312781386576	1.67304154299696	0.188486220669743	1.30360855048426	2.04247453550966	1.67304154299696	0.20001578872445	1.30333603694342	2.06894750985096	1.67278058164087	0.180534832606097	1.31875065497845	2.02681050830328
2.00777752927122	0.16506400557498	1.68425207834425	2.33130298019818	2.01331887526378	0.159900514958221	1.69991386594566	2.32672388458189	2.01331887526378	0.16506400557498	1.68019190468585	2.33520400212746	2.01057954484402	0.150752773598551	1.71499545007304	2.306163639615
1.83393660566833	0.186114425616811	1.46915233145938	2.19872087987728	1.93501496821443	0.176915281529528	1.58826101641656	2.28176892001231	1.93501496821443	0.186114425616811	1.57648355366751	2.30151874425003	1.93133970710496	0.166839806225462	1.60418211849102	2.25849729571889
2.11913889739371	0.18826314568048	1.75014313185997	2.48813466292745	2.07641889983483	0.181494796944366	1.72068909782387	2.43214870184579	2.07641889983483	0.18826314568048	1.70169139995852	2.43752091521486	2.07513097702629	0.161406789704385	1.75865864723683	2.39160330681575
2.16598632726812	0.152347146452747	1.86738592022073	2.4645867343155	2.1511870132645	0.144955019454126	1.86707517513442	2.43529885139459	2.1511870132645	0.152347146452747	1.84041276803869	2.44589050568362	2.15339716567254	0.146887112564973	1.86540544207601	2.44138888926906
1.89966658885952	0.189568987319998	1.52811137371233	2.27122180400672	1.84206876445394	0.174437667131611	1.50017093687598	2.1839665920319	1.84206876445394	0.189568987319998	1.45101613957155	2.20388557658786	1.84244955960403	0.171063400077591	1.50700773280231	2.17789138640576
2.31422917511548	0.158336757684076	2.00388913005469	2.62456922017627	2.26685498679094	0.145008909946179	1.98263752329643	2.55107245028545	2.26685498679094	0.158336757684076	1.98023788840378	2.60213879875046	2.27464799292768	0.142815327856635	1.99462326776533	2.55467271809003
2.10625484890877	0.202209984966053	1.70992327837531	2.50258641944223	2.09386523261486	0.18206372274174	1.73702033604105	2.45071012918867	2.09386523261486	0.202209984966053	1.69594201542449	2.5015838549242	2.09702390799609	0.186158721207304	1.73196664702136	2.46208116897082
1.87040765144834	0.199600254319509	1.4791911529821	2.26162414991458	1.82837093723017	0.191813530128521	1.45241641817827	2.20432545628208	1.82837093723017	0.199600254319509	1.44214865124816	2.19025090737711	1.82373075597736	0.17838773316795	1.47391839871911	2.17354311323561
1.95290495253508	0.1805720178455	1.5989837975579	2.30682610751226	1.82443204253034	0.165720835242661	1.49961920545473	2.14924487960596	1.82443204253034	0.1805720178455	1.45993216175286	2.18281797477198	1.83134159009789	0.164170511144301	1.50943776977548	2.15324541042029
1.97869768679428	0.163079903731345	1.65906107548084	2.29833429810771	1.84166283421366	0.152515536885565	1.54273238191795	2.14059328650937	1.84166283421366	0.163079903731345	1.51574404467203	2.14799010078087	1.83961977484566	0.152102015607492	1.54140100898286	2.13783854070846
2.17840896428002	0.174802250539187	1.83579655322321	2.52102137533682	2.08746156358485	0.157687914091579	1.77839325196535	2.39652987520434	2.08746156358485	0.174802250539187	1.74886023927348	2.42703547270668	2.09079470945417	0.160724839661741	1.77564336753157	2.40594605137676
2.06687099751027	0.166027762211693	1.74145658357535	2.39228541144519	1.97699474443541	0.144213608631827	1.69433607151703	2.25965341735379	1.97699474443541	0.166027762211693	1.64270942237096	2.29949245679594	1.97888656966103	0.153187500605797	1.67851044068391	2.27926269863815
2.05406930539279	0.152697858120087	1.75478150347742	2.35335710730816	1.97289704416307	0.140595331725132	1.69733019398181	2.24846389434433	1.97289704416307	0.152697858120087	1.66636613000325	2.27481929360272	1.97761053093745	0.144559524208811	1.6941802459708	2.2610408159041
2.25304766790114	0.171460037759425	1.91698599389267	2.58910934190961	2.11215820846464	0.153584258815211	1.81113306118682	2.41318335574245	2.11215820846464	0.171460037759425	1.78597698488895	2.44776695134398	2.11219549792913	0.16035729623625	1.79776093060534	2.42663006525291
2.2232629925856	0.196088243337782	1.83893003564355	2.60759594952766	2.12937749966821	0.166978806658776	1.80209903861701	2.45665596071942	2.12937749966821	0.196088243337782	1.72973698032268	2.49945530522763	2.12638550823394	0.187368812960485	1.75895326641592	2.49381775005197
1.7918189084272	0.178977913294592	1.4410221983698	2.1426156184846	1.87931330343614	0.159935694969205	1.5658393412965	2.19278726557578	1.87931330343614	0.178977913294592	1.54476589772422	2.27099327521133	1.87283315444521	0.164049389629706	1.55116000821658	2.19450630067383
1.98536931795424	0.188510615265781	1.61588851203331	2.35485012387518	2.11836262773409	0.165136577258643	1.79469493630715	2.44203031916103	2.11836262773409	0.188510615265781	1.75647252183473	2.48323676843021	2.10961321361594	0.179251601129399	1.75809262561252	2.46113380161935
2.15346700285726	0.171591446370859	1.81714776797037	2.48978623774414	2.12324430802024	0.170524531108975	1.78901622704665	2.45747238899383	2.12324430802024	0.171591446370859	1.79709397838989	2.45454844377726	2.12218498910058	0.147828024717085	1.83233408528963	2.41203589291154
2.42286143452439	0.187105747000785	2.05613417040286	2.78958869864593	2.31079035210663	0.167424422893477	1.98263848323542	2.63894222097785	2.31079035210663	0.187105747000785	1.94311502231712	2.64436370795241	2.31092530946198	0.180254225967975	1.9574265489999	2.66442406992405
1.85334442558396	0.225048184769215	1.4122499834363	2.29443886773162	1.82263355733963	0.205628737145124	1.41960123253518	2.22566588214407	1.82263355733963	0.225048184769215	1.37194079503537	2.24794165435904	1.81930937220277	0.215961472876522	1.39572423849167	2.24289450591387
2.14802179136655	0.168214856134115	1.81832067334368	2.47772290938941	2.03547869569899	0.160346648144707	1.72119926533536	2.34975812606261	2.03547869569899	0.168214856134115	1.69479243339577	2.34974763158351	2.03378867428362	0.15233031528429	1.73511600964652	2.33246133892072
NA	NA	NA	NA	NA	NA	NA	NA	NA	NA	NA	NA	NA	NA	NA	NA
NA	NA	NA	NA	NA	NA	NA	NA	NA	NA	NA	NA	NA	NA	NA	NA
NA	NA	NA	NA	NA	NA	NA	NA	NA	NA	NA	NA	NA	NA	NA	NA
NA	NA	NA	NA	NA	NA	NA	NA	NA	NA	NA	NA	NA	NA	NA	NA
NA	NA	NA	NA	NA	NA	NA	NA	NA	NA	NA	NA	NA	NA	NA	NA
NA	NA	NA	NA	NA	NA	NA	NA	NA	NA	NA	NA	NA	NA	NA	NA
NA	NA	NA	NA	NA	NA	NA	NA	NA	NA	NA	NA	NA	NA	NA	NA
NA	NA	NA	NA	NA	NA	NA	NA	NA	NA	NA	NA	NA	NA	NA	NA
NA	NA	NA	NA	NA	NA	NA	NA	NA	NA	NA	NA	NA	NA	NA	NA
NA	NA	NA	NA	NA	NA	NA	NA	NA	NA	NA	NA	NA	NA	NA	NA
NA	NA	NA	NA	NA	NA	NA	NA	NA	NA	NA	NA	NA	NA	NA	NA
NA	NA	NA	NA	NA	NA	NA	NA	NA	NA	NA	NA	NA	NA	NA	NA
NA	NA	NA	NA	NA	NA	NA	NA	NA	NA	NA	NA	NA	NA	NA	NA
NA	NA	NA	NA	NA	NA	NA	NA	NA	NA	NA	NA	NA	NA	NA	NA
NA	NA	NA	NA	NA	NA	NA	NA	NA	NA	NA	NA	NA	NA	NA	NA
NA	NA	NA	NA	NA	NA	NA	NA	NA	NA	NA	NA	NA	NA	NA	NA
NA	NA	NA	NA	NA	NA	NA	NA	NA	NA	NA	NA	NA	NA	NA	NA
NA	NA	NA	NA	NA	NA	NA	NA	NA	NA	NA	NA	NA	NA	NA	NA
NA	NA	NA	NA	NA	NA	NA	NA	NA	NA	NA	NA	NA	NA	NA	NA
NA	NA	NA	NA	NA	NA	NA	NA	NA	NA	NA	NA	NA	NA	NA	NA
NA	NA	NA	NA	NA	NA	NA	NA	NA	NA	NA	NA	NA	NA	NA	NA
NA	NA	NA	NA	NA	NA	NA	NA	NA	NA	NA	NA	NA	NA	NA	NA
NA	NA	NA	NA	NA	NA	NA	NA	NA	NA	NA	NA	NA	NA	NA	NA
NA	NA	NA	NA	NA	NA	NA	NA	NA	NA	NA	NA	NA	NA	NA	NA
NA	NA	NA	NA	NA	NA	NA	NA	NA	NA	NA	NA	NA	NA	NA	NA
NA	NA	NA	NA	NA	NA	NA	NA	NA	NA	NA	NA	NA	NA	NA	NA
NA	NA	NA	NA	NA	NA	NA	NA	NA	NA	NA	NA	NA	NA	NA	NA
NA	NA	NA	NA	NA	NA	NA	NA	NA	NA	NA	NA	NA	NA	NA	NA
NA	NA	NA	NA	NA	NA	NA	NA	NA	NA	NA	NA	NA	NA	NA	NA
NA	NA	NA	NA	NA	NA	NA	NA	NA	NA	NA	NA	NA	NA	NA	NA
NA	NA	NA	NA	NA	NA	NA	NA	NA	NA	NA	NA	NA	NA	NA	NA
NA	NA	NA	NA	NA	NA	NA	NA	NA	NA	NA	NA	NA	NA	NA	NA
NA	NA	NA	NA	NA	NA	NA	NA	NA	NA	NA	NA	NA	NA	NA	NA
NA	NA	NA	NA	NA	NA	NA	NA	NA	NA	NA	NA	NA	NA	NA	NA
NA	NA	NA	NA	NA	NA	NA	NA	NA	NA	NA	NA	NA	NA	NA	NA
NA	NA	NA	NA	NA	NA	NA	NA	NA	NA	NA	NA	NA	NA	NA	NA
NA	NA	NA	NA	NA	NA	NA	NA	NA	NA	NA	NA	NA	NA	NA	NA
NA	NA	NA	NA	NA	NA	NA	NA	NA	NA	NA	NA	NA	NA	NA	NA
NA	NA	NA	NA	NA	NA	NA	NA	NA	NA	NA	NA	NA	NA	NA	NA
NA	NA	NA	NA	NA	NA	NA	NA	NA	NA	NA	NA	NA	NA	NA	NA
NA	NA	NA	NA	NA	NA	NA	NA	NA	NA	NA	NA	NA	NA	NA	NA
NA	NA	NA	NA	NA	NA	NA	NA	NA	NA	NA	NA	NA	NA	NA	NA
NA	NA	NA	NA	NA	NA	NA	NA	NA	NA	NA	NA	NA	NA	NA	NA
NA	NA	NA	NA	NA	NA	NA	NA	NA	NA	NA	NA	NA	NA	NA	NA
NA	NA	NA	NA	NA	NA	NA	NA	NA	NA	NA	NA	NA	NA	NA	NA
NA	NA	NA	NA	NA	NA	NA	NA	NA	NA	NA	NA	NA	NA	NA	NA
NA	NA	NA	NA	NA	NA	NA	NA	NA	NA	NA	NA	NA	NA	NA	NA
NA	NA	NA	NA	NA	NA	NA	NA	NA	NA	NA	NA	NA	NA	NA	NA
NA	NA	NA	NA	NA	NA	NA	NA	NA	NA	NA	NA	NA	NA	NA	NA
NA	NA	NA	NA	NA	NA	NA	NA	NA	NA	NA	NA	NA	NA	NA	NA
NA	NA	NA	NA	NA	NA	NA	NA	NA	NA	NA	NA	NA	NA	NA	NA
NA	NA	NA	NA	NA	NA	NA	NA	NA	NA	NA	NA	NA	NA	NA	NA
NA	NA	NA	NA	NA	NA	NA	NA	NA	NA	NA	NA	NA	NA	NA	NA
NA	NA	NA	NA	NA	NA	NA	NA	NA	NA	NA	NA	NA	NA	NA	NA
NA	NA	NA	NA	NA	NA	NA	NA	NA	NA	NA	NA	NA	NA	NA	NA
NA	NA	NA	NA	NA	NA	NA	NA	NA	NA	NA	NA	NA	NA	NA	NA
NA	NA	NA	NA	NA	NA	NA	NA	NA	NA	NA	NA	NA	NA	NA	NA
NA	NA	NA	NA	NA	NA	NA	NA	NA	NA	NA	NA	NA	NA	NA	NA
NA	NA	NA	NA	NA	NA	NA	NA	NA	NA	NA	NA	NA	NA	NA	NA
NA	NA	NA	NA	NA	NA	NA	NA	NA	NA	NA	NA	NA	NA	NA	NA
NA	NA	NA	NA	NA	NA	NA	NA	NA	NA	NA	NA	NA	NA	NA	NA
NA	NA	NA	NA	NA	NA	NA	NA	NA	NA	NA	NA	NA	NA	NA	NA
NA	NA	NA	NA	NA	NA	NA	NA	NA	NA	NA	NA	NA	NA	NA	NA
NA	NA	NA	NA	NA	NA	NA	NA	NA	NA	NA	NA	NA	NA	NA	NA
NA	NA	NA	NA	NA	NA	NA	NA	NA	NA	NA	NA	NA	NA	NA	NA
NA	NA	NA	NA	NA	NA	NA	NA	NA	NA	NA	NA	NA	NA	NA	NA
NA	NA	NA	NA	NA	NA	NA	NA	NA	NA	NA	NA	NA	NA	NA	NA
NA	NA	NA	NA	NA	NA	NA	NA	NA	NA	NA	NA	NA	NA	NA	NA
NA	NA	NA	NA	NA	NA	NA	NA	NA	NA	NA	NA	NA	NA	NA	NA
NA	NA	NA	NA	NA	NA	NA	NA	NA	NA	NA	NA	NA	NA	NA	NA
NA	NA	NA	NA	NA	NA	NA	NA	NA	NA	NA	NA	NA	NA	NA	NA
NA	NA	NA	NA	NA	NA	NA	NA	NA	NA	NA	NA	NA	NA	NA	NA
NA	NA	NA	NA	NA	NA	NA	NA	NA	NA	NA	NA	NA	NA	NA	NA
NA	NA	NA	NA	NA	NA	NA	NA	NA	NA	NA	NA	NA	NA	NA	NA
NA	NA	NA	NA	NA	NA	NA	NA	NA	NA	NA	NA	NA	NA	NA	NA
NA	NA	NA	NA	NA	NA	NA	NA	NA	NA	NA	NA	NA	NA	NA	NA
NA	NA	NA	NA	NA	NA	NA	NA	NA	NA	NA	NA	NA	NA	NA	NA
NA	NA	NA	NA	NA	NA	NA	NA	NA	NA	NA	NA	NA	NA	NA	NA
NA	NA	NA	NA	NA	NA	NA	NA	NA	NA	NA	NA	NA	NA	NA	NA
NA	NA	NA	NA	NA	NA	NA	NA	NA	NA	NA	NA	NA	NA	NA	NA
NA	NA	NA	NA	NA	NA	NA	NA	NA	NA	NA	NA	NA	NA	NA	NA
NA	NA	NA	NA	NA	NA	NA	NA	NA	NA	NA	NA	NA	NA	NA	NA
NA	NA	NA	NA	NA	NA	NA	NA	NA	NA	NA	NA	NA	NA	NA	NA
NA	NA	NA	NA	NA	NA	NA	NA	NA	NA	NA	NA	NA	NA	NA	NA
NA	NA	NA	NA	NA	NA	NA	NA	NA	NA	NA	NA	NA	NA	NA	NA
NA	NA	NA	NA	NA	NA	NA	NA	NA	NA	NA	NA	NA	NA	NA	NA
NA	NA	NA	NA	NA	NA	NA	NA	NA	NA	NA	NA	NA	NA	NA	NA
NA	NA	NA	NA	NA	NA	NA	NA	NA	NA	NA	NA	NA	NA	NA	NA
NA	NA	NA	NA	NA	NA	NA	NA	NA	NA	NA	NA	NA	NA	NA	NA
NA	NA	NA	NA	NA	NA	NA	NA	NA	NA	NA	NA	NA	NA	NA	NA
NA	NA	NA	NA	NA	NA	NA	NA	NA	NA	NA	NA	NA	NA	NA	NA
NA	NA	NA	NA	NA	NA	NA	NA	NA	NA	NA	NA	NA	NA	NA	NA
NA	NA	NA	NA	NA	NA	NA	NA	NA	NA	NA	NA	NA	NA	NA	NA
NA	NA	NA	NA	NA	NA	NA	NA	NA	NA	NA	NA	NA	NA	NA	NA
NA	NA	NA	NA	NA	NA	NA	NA	NA	NA	NA	NA	NA	NA	NA	NA
NA	NA	NA	NA	NA	NA	NA	NA	NA	NA	NA	NA	NA	NA	NA	NA
NA	NA	NA	NA	NA	NA	NA	NA	NA	NA	NA	NA	NA	NA	NA	NA
NA	NA	NA	NA	NA	NA	NA	NA	NA	NA	NA	NA	NA	NA	NA	NA
NA	NA	NA	NA	NA	NA	NA	NA	NA	NA	NA	NA	NA	NA	NA	NA
NA	NA	NA	NA	NA	NA	NA	NA	NA	NA	NA	NA	NA	NA	NA	NA
NA	NA	NA	NA	NA	NA	NA	NA	NA	NA	NA	NA	NA	NA	NA	NA
NA	NA	NA	NA	NA	NA	NA	NA	NA	NA	NA	NA	NA	NA	NA	NA
NA	NA	NA	NA	NA	NA	NA	NA	NA	NA	NA	NA	NA	NA	NA	NA
NA	NA	NA	NA	NA	NA	NA	NA	NA	NA	NA	NA	NA	NA	NA	NA
NA	NA	NA	NA	NA	NA	NA	NA	NA	NA	NA	NA	NA	NA	NA	NA
NA	NA	NA	NA	NA	NA	NA	NA	NA	NA	NA	NA	NA	NA	NA	NA
NA	NA	NA	NA	NA	NA	NA	NA	NA	NA	NA	NA	NA	NA	NA	NA
NA	NA	NA	NA	NA	NA	NA	NA	NA	NA	NA	NA	NA	NA	NA	NA
NA	NA	NA	NA	NA	NA	NA	NA	NA	NA	NA	NA	NA	NA	NA	NA
NA	NA	NA	NA	NA	NA	NA	NA	NA	NA	NA	NA	NA	NA	NA	NA
NA	NA	NA	NA	NA	NA	NA	NA	NA	NA	NA	NA	NA	NA	NA	NA
NA	NA	NA	NA	NA	NA	NA	NA	NA	NA	NA	NA	NA	NA	NA	NA
NA	NA	NA	NA	NA	NA	NA	NA	NA	NA	NA	NA	NA	NA	NA	NA
NA	NA	NA	NA	NA	NA	NA	NA	NA	NA	NA	NA	NA	NA	NA	NA
NA	NA	NA	NA	NA	NA	NA	NA	NA	NA	NA	NA	NA	NA	NA	NA
NA	NA	NA	NA	NA	NA	NA	NA	NA	NA	NA	NA	NA	NA	NA	NA
NA	NA	NA	NA	NA	NA	NA	NA	NA	NA	NA	NA	NA	NA	NA	NA
NA	NA	NA	NA	NA	NA	NA	NA	NA	NA	NA	NA	NA	NA	NA	NA
NA	NA	NA	NA	NA	NA	NA	NA	NA	NA	NA	NA	NA	NA	NA	NA
NA	NA	NA	NA	NA	NA	NA	NA	NA	NA	NA	NA	NA	NA	NA	NA
NA	NA	NA	NA	NA	NA	NA	NA	NA	NA	NA	NA	NA	NA	NA	NA
NA	NA	NA	NA	NA	NA	NA	NA	NA	NA	NA	NA	NA	NA	NA	NA
NA	NA	NA	NA	NA	NA	NA	NA	NA	NA	NA	NA	NA	NA	NA	NA
NA	NA	NA	NA	NA	NA	NA	NA	NA	NA	NA	NA	NA	NA	NA	NA
NA	NA	NA	NA	NA	NA	NA	NA	NA	NA	NA	NA	NA	NA	NA	NA
NA	NA	NA	NA	NA	NA	NA	NA	NA	NA	NA	NA	NA	NA	NA	NA
NA	NA	NA	NA	NA	NA	NA	NA	NA	NA	NA	NA	NA	NA	NA	NA
NA	NA	NA	NA	NA	NA	NA	NA	NA	NA	NA	NA	NA	NA	NA	NA
NA	NA	NA	NA	NA	NA	NA	NA	NA	NA	NA	NA	NA	NA	NA	NA
NA	NA	NA	NA	NA	NA	NA	NA	NA	NA	NA	NA	NA	NA	NA	NA
NA	NA	NA	NA	NA	NA	NA	NA	NA	NA	NA	NA	NA	NA	NA	NA
NA	NA	NA	NA	NA	NA	NA	NA	NA	NA	NA	NA	NA	NA	NA	NA
NA	NA	NA	NA	NA	NA	NA	NA	NA	NA	NA	NA	NA	NA	NA	NA
NA	NA	NA	NA	NA	NA	NA	NA	NA	NA	NA	NA	NA	NA	NA	NA
NA	NA	NA	NA	NA	NA	NA	NA	NA	NA	NA	NA	NA	NA	NA	NA
NA	NA	NA	NA	NA	NA	NA	NA	NA	NA	NA	NA	NA	NA	NA	NA
NA	NA	NA	NA	NA	NA	NA	NA	NA	NA	NA	NA	NA	NA	NA	NA
NA	NA	NA	NA	NA	NA	NA	NA	NA	NA	NA	NA	NA	NA	NA	NA
NA	NA	NA	NA	NA	NA	NA	NA	NA	NA	NA	NA	NA	NA	NA	NA
NA	NA	NA	NA	NA	NA	NA	NA	NA	NA	NA	NA	NA	NA	NA	NA
NA	NA	NA	NA	NA	NA	NA	NA	NA	NA	NA	NA	NA	NA	NA	NA
NA	NA	NA	NA	NA	NA	NA	NA	NA	NA	NA	NA	NA	NA	NA	NA
NA	NA	NA	NA	NA	NA	NA	NA	NA	NA	NA	NA	NA	NA	NA	NA
NA	NA	NA	NA	NA	NA	NA	NA	NA	NA	NA	NA	NA	NA	NA	NA
NA	NA	NA	NA	NA	NA	NA	NA	NA	NA	NA	NA	NA	NA	NA	NA
NA	NA	NA	NA	NA	NA	NA	NA	NA	NA	NA	NA	NA	NA	NA	NA
NA	NA	NA	NA	NA	NA	NA	NA	NA	NA	NA	NA	NA	NA	NA	NA
NA	NA	NA	NA	NA	NA	NA	NA	NA	NA	NA	NA	NA	NA	NA	NA
NA	NA	NA	NA	NA	NA	NA	NA	NA	NA	NA	NA	NA	NA	NA	NA
NA	NA	NA	NA	NA	NA	NA	NA	NA	NA	NA	NA	NA	NA	NA	NA
NA	NA	NA	NA	NA	NA	NA	NA	NA	NA	NA	NA	NA	NA	NA	NA
NA	NA	NA	NA	NA	NA	NA	NA	NA	NA	NA	NA	NA	NA	NA	NA
NA	NA	NA	NA	NA	NA	NA	NA	NA	NA	NA	NA	NA	NA	NA	NA
NA	NA	NA	NA	NA	NA	NA	NA	NA	NA	NA	NA	NA	NA	NA	NA
NA	NA	NA	NA	NA	NA	NA	NA	NA	NA	NA	NA	NA	NA	NA	NA
NA	NA	NA	NA	NA	NA	NA	NA	NA	NA	NA	NA	NA	NA	NA	NA
NA	NA	NA	NA	NA	NA	NA	NA	NA	NA	NA	NA	NA	NA	NA	NA
NA	NA	NA	NA	NA	NA	NA	NA	NA	NA	NA	NA	NA	NA	NA	NA
NA	NA	NA	NA	NA	NA	NA	NA	NA	NA	NA	NA	NA	NA	NA	NA
NA	NA	NA	NA	NA	NA	NA	NA	NA	NA	NA	NA	NA	NA	NA	NA
NA	NA	NA	NA	NA	NA	NA	NA	NA	NA	NA	NA	NA	NA	NA	NA
NA	NA	NA	NA	NA	NA	NA	NA	NA	NA	NA	NA	NA	NA	NA	NA
NA	NA	NA	NA	NA	NA	NA	NA	NA	NA	NA	NA	NA	NA	NA	NA
NA	NA	NA	NA	NA	NA	NA	NA	NA	NA	NA	NA	NA	NA	NA	NA
NA	NA	NA	NA	NA	NA	NA	NA	NA	NA	NA	NA	NA	NA	NA	NA
NA	NA	NA	NA	NA	NA	NA	NA	NA	NA	NA	NA	NA	NA	NA	NA
NA	NA	NA	NA	NA	NA	NA	NA	NA	NA	NA	NA	NA	NA	NA	NA
NA	NA	NA	NA	NA	NA	NA	NA	NA	NA	NA	NA	NA	NA	NA	NA
NA	NA	NA	NA	NA	NA	NA	NA	NA	NA	NA	NA	NA	NA	NA	NA
NA	NA	NA	NA	NA	NA	NA	NA	NA	NA	NA	NA	NA	NA	NA	NA
NA	NA	NA	NA	NA	NA	NA	NA	NA	NA	NA	NA	NA	NA	NA	NA
NA	NA	NA	NA	NA	NA	NA	NA	NA	NA	NA	NA	NA	NA	NA	NA
NA	NA	NA	NA	NA	NA	NA	NA	NA	NA	NA	NA	NA	NA	NA	NA
NA	NA	NA	NA	NA	NA	NA	NA	NA	NA	NA	NA	NA	NA	NA	NA
NA	NA	NA	NA	NA	NA	NA	NA	NA	NA	NA	NA	NA	NA	NA	NA
NA	NA	NA	NA	NA	NA	NA	NA	NA	NA	NA	NA	NA	NA	NA	NA
NA	NA	NA	NA	NA	NA	NA	NA	NA	NA	NA	NA	NA	NA	NA	NA
NA	NA	NA	NA	NA	NA	NA	NA	NA	NA	NA	NA	NA	NA	NA	NA
NA	NA	NA	NA	NA	NA	NA	NA	NA	NA	NA	NA	NA	NA	NA	NA
NA	NA	NA	NA	NA	NA	NA	NA	NA	NA	NA	NA	NA	NA	NA	NA
NA	NA	NA	NA	NA	NA	NA	NA	NA	NA	NA	NA	NA	NA	NA	NA
NA	NA	NA	NA	NA	NA	NA	NA	NA	NA	NA	NA	NA	NA	NA	NA
NA	NA	NA	NA	NA	NA	NA	NA	NA	NA	NA	NA	NA	NA	NA	NA
NA	NA	NA	NA	NA	NA	NA	NA	NA	NA	NA	NA	NA	NA	NA	NA
NA	NA	NA	NA	NA	NA	NA	NA	NA	NA	NA	NA	NA	NA	NA	NA
NA	NA	NA	NA	NA	NA	NA	NA	NA	NA	NA	NA	NA	NA	NA	NA
NA	NA	NA	NA	NA	NA	NA	NA	NA	NA	NA	NA	NA	NA	NA	NA
NA	NA	NA	NA	NA	NA	NA	NA	NA	NA	NA	NA	NA	NA	NA	NA
NA	NA	NA	NA	NA	NA	NA	NA	NA	NA	NA	NA	NA	NA	NA	NA
NA	NA	NA	NA	NA	NA	NA	NA	NA	NA	NA	NA	NA	NA	NA	NA
NA	NA	NA	NA	NA	NA	NA	NA	NA	NA	NA	NA	NA	NA	NA	NA
NA	NA	NA	NA	NA	NA	NA	NA	NA	NA	NA	NA	NA	NA	NA	NA
NA	NA	NA	NA	NA	NA	NA	NA	NA	NA	NA	NA	NA	NA	NA	NA
NA	NA	NA	NA	NA	NA	NA	NA	NA	NA	NA	NA	NA	NA	NA	NA
NA	NA	NA	NA	NA	NA	NA	NA	NA	NA	NA	NA	NA	NA	NA	NA
NA	NA	NA	NA	NA	NA	NA	NA	NA	NA	NA	NA	NA	NA	NA	NA
NA	NA	NA	NA	NA	NA	NA	NA	NA	NA	NA	NA	NA	NA	NA	NA
NA	NA	NA	NA	NA	NA	NA	NA	NA	NA	NA	NA	NA	NA	NA	NA
NA	NA	NA	NA	NA	NA	NA	NA	NA	NA	NA	NA	NA	NA	NA	NA
NA	NA	NA	NA	NA	NA	NA	NA	NA	NA	NA	NA	NA	NA	NA	NA
NA	NA	NA	NA	NA	NA	NA	NA	NA	NA	NA	NA	NA	NA	NA	NA
NA	NA	NA	NA	NA	NA	NA	NA	NA	NA	NA	NA	NA	NA	NA	NA
NA	NA	NA	NA	NA	NA	NA	NA	NA	NA	NA	NA	NA	NA	NA	NA
NA	NA	NA	NA	NA	NA	NA	NA	NA	NA	NA	NA	NA	NA	NA	NA
NA	NA	NA	NA	NA	NA	NA	NA	NA	NA	NA	NA	NA	NA	NA	NA
NA	NA	NA	NA	NA	NA	NA	NA	NA	NA	NA	NA	NA	NA	NA	NA
NA	NA	NA	NA	NA	NA	NA	NA	NA	NA	NA	NA	NA	NA	NA	NA
NA	NA	NA	NA	NA	NA	NA	NA	NA	NA	NA	NA	NA	NA	NA	NA
NA	NA	NA	NA	NA	NA	NA	NA	NA	NA	NA	NA	NA	NA	NA	NA
NA	NA	NA	NA	NA	NA	NA	NA	NA	NA	NA	NA	NA	NA	NA	NA
NA	NA	NA	NA	NA	NA	NA	NA	NA	NA	NA	NA	NA	NA	NA	NA
NA	NA	NA	NA	NA	NA	NA	NA	NA	NA	NA	NA	NA	NA	NA	NA
NA	NA	NA	NA	NA	NA	NA	NA	NA	NA	NA	NA	NA	NA	NA	NA
NA	NA	NA	NA	NA	NA	NA	NA	NA	NA	NA	NA	NA	NA	NA	NA
NA	NA	NA	NA	NA	NA	NA	NA	NA	NA	NA	NA	NA	NA	NA	NA
NA	NA	NA	NA	NA	NA	NA	NA	NA	NA	NA	NA	NA	NA	NA	NA
NA	NA	NA	NA	NA	NA	NA	NA	NA	NA	NA	NA	NA	NA	NA	NA
NA	NA	NA	NA	NA	NA	NA	NA	NA	NA	NA	NA	NA	NA	NA	NA
NA	NA	NA	NA	NA	NA	NA	NA	NA	NA	NA	NA	NA	NA	NA	NA
NA	NA	NA	NA	NA	NA	NA	NA	NA	NA	NA	NA	NA	NA	NA	NA
NA	NA	NA	NA	NA	NA	NA	NA	NA	NA	NA	NA	NA	NA	NA	NA
NA	NA	NA	NA	NA	NA	NA	NA	NA	NA	NA	NA	NA	NA	NA	NA
NA	NA	NA	NA	NA	NA	NA	NA	NA	NA	NA	NA	NA	NA	NA	NA
NA	NA	NA	NA	NA	NA	NA	NA	NA	NA	NA	NA	NA	NA	NA	NA
NA	NA	NA	NA	NA	NA	NA	NA	NA	NA	NA	NA	NA	NA	NA	NA
NA	NA	NA	NA	NA	NA	NA	NA	NA	NA	NA	NA	NA	NA	NA	NA
NA	NA	NA	NA	NA	NA	NA	NA	NA	NA	NA	NA	NA	NA	NA	NA
NA	NA	NA	NA	NA	NA	NA	NA	NA	NA	NA	NA	NA	NA	NA	NA
NA	NA	NA	NA	NA	NA	NA	NA	NA	NA	NA	NA	NA	NA	NA	NA
NA	NA	NA	NA	NA	NA	NA	NA	NA	NA	NA	NA	NA	NA	NA	NA
NA	NA	NA	NA	NA	NA	NA	NA	NA	NA	NA	NA	NA	NA	NA	NA
NA	NA	NA	NA	NA	NA	NA	NA	NA	NA	NA	NA	NA	NA	NA	NA
NA	NA	NA	NA	NA	NA	NA	NA	NA	NA	NA	NA	NA	NA	NA	NA
NA	NA	NA	NA	NA	NA	NA	NA	NA	NA	NA	NA	NA	NA	NA	NA
NA	NA	NA	NA	NA	NA	NA	NA	NA	NA	NA	NA	NA	NA	NA	NA
NA	NA	NA	NA	NA	NA	NA	NA	NA	NA	NA	NA	NA	NA	NA	NA
NA	NA	NA	NA	NA	NA	NA	NA	NA	NA	NA	NA	NA	NA	NA	NA
NA	NA	NA	NA	NA	NA	NA	NA	NA	NA	NA	NA	NA	NA	NA	NA
NA	NA	NA	NA	NA	NA	NA	NA	NA	NA	NA	NA	NA	NA	NA	NA
NA	NA	NA	NA	NA	NA	NA	NA	NA	NA	NA	NA	NA	NA	NA	NA
NA	NA	NA	NA	NA	NA	NA	NA	NA	NA	NA	NA	NA	NA	NA	NA
NA	NA	NA	NA	NA	NA	NA	NA	NA	NA	NA	NA	NA	NA	NA	NA
NA	NA	NA	NA	NA	NA	NA	NA	NA	NA	NA	NA	NA	NA	NA	NA
NA	NA	NA	NA	NA	NA	NA	NA	NA	NA	NA	NA	NA	NA	NA	NA
NA	NA	NA	NA	NA	NA	NA	NA	NA	NA	NA	NA	NA	NA	NA	NA
NA	NA	NA	NA	NA	NA	NA	NA	NA	NA	NA	NA	NA	NA	NA	NA
NA	NA	NA	NA	NA	NA	NA	NA	NA	NA	NA	NA	NA	NA	NA	NA
NA	NA	NA	NA	NA	NA	NA	NA	NA	NA	NA	NA	NA	NA	NA	NA
NA	NA	NA	NA	NA	NA	NA	NA	NA	NA	NA	NA	NA	NA	NA	NA
NA	NA	NA	NA	NA	NA	NA	NA	NA	NA	NA	NA	NA	NA	NA	NA
NA	NA	NA	NA	NA	NA	NA	NA	NA	NA	NA	NA	NA	NA	NA	NA
NA	NA	NA	NA	NA	NA	NA	NA	NA	NA	NA	NA	NA	NA	NA	NA
NA	NA	NA	NA	NA	NA	NA	NA	NA	NA	NA	NA	NA	NA	NA	NA
NA	NA	NA	NA	NA	NA	NA	NA	NA	NA	NA	NA	NA	NA	NA	NA
NA	NA	NA	NA	NA	NA	NA	NA	NA	NA	NA	NA	NA	NA	NA	NA
NA	NA	NA	NA	NA	NA	NA	NA	NA	NA	NA	NA	NA	NA	NA	NA
NA	NA	NA	NA	NA	NA	NA	NA	NA	NA	NA	NA	NA	NA	NA	NA
NA	NA	NA	NA	NA	NA	NA	NA	NA	NA	NA	NA	NA	NA	NA	NA
NA	NA	NA	NA	NA	NA	NA	NA	NA	NA	NA	NA	NA	NA	NA	NA
NA	NA	NA	NA	NA	NA	NA	NA	NA	NA	NA	NA	NA	NA	NA	NA
NA	NA	NA	NA	NA	NA	NA	NA	NA	NA	NA	NA	NA	NA	NA	NA
NA	NA	NA	NA	NA	NA	NA	NA	NA	NA	NA	NA	NA	NA	NA	NA
NA	NA	NA	NA	NA	NA	NA	NA	NA	NA	NA	NA	NA	NA	NA	NA
NA	NA	NA	NA	NA	NA	NA	NA	NA	NA	NA	NA	NA	NA	NA	NA
NA	NA	NA	NA	NA	NA	NA	NA	NA	NA	NA	NA	NA	NA	NA	NA
NA	NA	NA	NA	NA	NA	NA	NA	NA	NA	NA	NA	NA	NA	NA	NA
NA	NA	NA	NA	NA	NA	NA	NA	NA	NA	NA	NA	NA	NA	NA	NA
NA	NA	NA	NA	NA	NA	NA	NA	NA	NA	NA	NA	NA	NA	NA	NA
NA	NA	NA	NA	NA	NA	NA	NA	NA	NA	NA	NA	NA	NA	NA	NA
NA	NA	NA	NA	NA	NA	NA	NA	NA	NA	NA	NA	NA	NA	NA	NA
NA	NA	NA	NA	NA	NA	NA	NA	NA	NA	NA	NA	NA	NA	NA	NA
NA	NA	NA	NA	NA	NA	NA	NA	NA	NA	NA	NA	NA	NA	NA	NA
NA	NA	NA	NA	NA	NA	NA	NA	NA	NA	NA	NA	NA	NA	NA	NA
NA	NA	NA	NA	NA	NA	NA	NA	NA	NA	NA	NA	NA	NA	NA	NA
NA	NA	NA	NA	NA	NA	NA	NA	NA	NA	NA	NA	NA	NA	NA	NA
NA	NA	NA	NA	NA	NA	NA	NA	NA	NA	NA	NA	NA	NA	NA	NA
NA	NA	NA	NA	NA	NA	NA	NA	NA	NA	NA	NA	NA	NA	NA	NA
NA	NA	NA	NA	NA	NA	NA	NA	NA	NA	NA	NA	NA	NA	NA	NA
NA	NA	NA	NA	NA	NA	NA	NA	NA	NA	NA	NA	NA	NA	NA	NA
NA	NA	NA	NA	NA	NA	NA	NA	NA	NA	NA	NA	NA	NA	NA	NA
NA	NA	NA	NA	NA	NA	NA	NA	NA	NA	NA	NA	NA	NA	NA	NA
NA	NA	NA	NA	NA	NA	NA	NA	NA	NA	NA	NA	NA	NA	NA	NA
NA	NA	NA	NA	NA	NA	NA	NA	NA	NA	NA	NA	NA	NA	NA	NA
NA	NA	NA	NA	NA	NA	NA	NA	NA	NA	NA	NA	NA	NA	NA	NA
NA	NA	NA	NA	NA	NA	NA	NA	NA	NA	NA	NA	NA	NA	NA	NA
NA	NA	NA	NA	NA	NA	NA	NA	NA	NA	NA	NA	NA	NA	NA	NA
NA	NA	NA	NA	NA	NA	NA	NA	NA	NA	NA	NA	NA	NA	NA	NA
NA	NA	NA	NA	NA	NA	NA	NA	NA	NA	NA	NA	NA	NA	NA	NA
NA	NA	NA	NA	NA	NA	NA	NA	NA	NA	NA	NA	NA	NA	NA	NA
NA	NA	NA	NA	NA	NA	NA	NA	NA	NA	NA	NA	NA	NA	NA	NA
NA	NA	NA	NA	NA	NA	NA	NA	NA	NA	NA	NA	NA	NA	NA	NA
NA	NA	NA	NA	NA	NA	NA	NA	NA	NA	NA	NA	NA	NA	NA	NA
NA	NA	NA	NA	NA	NA	NA	NA	NA	NA	NA	NA	NA	NA	NA	NA
NA	NA	NA	NA	NA	NA	NA	NA	NA	NA	NA	NA	NA	NA	NA	NA
NA	NA	NA	NA	NA	NA	NA	NA	NA	NA	NA	NA	NA	NA	NA	NA
NA	NA	NA	NA	NA	NA	NA	NA	NA	NA	NA	NA	NA	NA	NA	NA
NA	NA	NA	NA	NA	NA	NA	NA	NA	NA	NA	NA	NA	NA	NA	NA
NA	NA	NA	NA	NA	NA	NA	NA	NA	NA	NA	NA	NA	NA	NA	NA
NA	NA	NA	NA	NA	NA	NA	NA	NA	NA	NA	NA	NA	NA	NA	NA
NA	NA	NA	NA	NA	NA	NA	NA	NA	NA	NA	NA	NA	NA	NA	NA
