X1	X2	X3	X4	X1.1	X2.1	X3.1	X4.1	X1.2	X2.2	X3.2	X4.2	X1.3	X2.3	X3.3	X4.3
NA	NA	NA	NA	NA	NA	NA	NA	NA	NA	NA	NA	NA	NA	NA	NA
NA	NA	NA	NA	NA	NA	NA	NA	NA	NA	NA	NA	NA	NA	NA	NA
NA	NA	NA	NA	NA	NA	NA	NA	NA	NA	NA	NA	NA	NA	NA	NA
NA	NA	NA	NA	NA	NA	NA	NA	NA	NA	NA	NA	NA	NA	NA	NA
NA	NA	NA	NA	NA	NA	NA	NA	NA	NA	NA	NA	NA	NA	NA	NA
NA	NA	NA	NA	NA	NA	NA	NA	NA	NA	NA	NA	NA	NA	NA	NA
NA	NA	NA	NA	NA	NA	NA	NA	NA	NA	NA	NA	NA	NA	NA	NA
NA	NA	NA	NA	NA	NA	NA	NA	NA	NA	NA	NA	NA	NA	NA	NA
NA	NA	NA	NA	NA	NA	NA	NA	NA	NA	NA	NA	NA	NA	NA	NA
NA	NA	NA	NA	NA	NA	NA	NA	NA	NA	NA	NA	NA	NA	NA	NA
NA	NA	NA	NA	NA	NA	NA	NA	NA	NA	NA	NA	NA	NA	NA	NA
NA	NA	NA	NA	NA	NA	NA	NA	NA	NA	NA	NA	NA	NA	NA	NA
NA	NA	NA	NA	NA	NA	NA	NA	NA	NA	NA	NA	NA	NA	NA	NA
NA	NA	NA	NA	NA	NA	NA	NA	NA	NA	NA	NA	NA	NA	NA	NA
NA	NA	NA	NA	NA	NA	NA	NA	NA	NA	NA	NA	NA	NA	NA	NA
NA	NA	NA	NA	NA	NA	NA	NA	NA	NA	NA	NA	NA	NA	NA	NA
NA	NA	NA	NA	NA	NA	NA	NA	NA	NA	NA	NA	NA	NA	NA	NA
NA	NA	NA	NA	NA	NA	NA	NA	NA	NA	NA	NA	NA	NA	NA	NA
NA	NA	NA	NA	NA	NA	NA	NA	NA	NA	NA	NA	NA	NA	NA	NA
NA	NA	NA	NA	NA	NA	NA	NA	NA	NA	NA	NA	NA	NA	NA	NA
NA	NA	NA	NA	NA	NA	NA	NA	NA	NA	NA	NA	NA	NA	NA	NA
NA	NA	NA	NA	NA	NA	NA	NA	NA	NA	NA	NA	NA	NA	NA	NA
NA	NA	NA	NA	NA	NA	NA	NA	NA	NA	NA	NA	NA	NA	NA	NA
NA	NA	NA	NA	NA	NA	NA	NA	NA	NA	NA	NA	NA	NA	NA	NA
NA	NA	NA	NA	NA	NA	NA	NA	NA	NA	NA	NA	NA	NA	NA	NA
NA	NA	NA	NA	NA	NA	NA	NA	NA	NA	NA	NA	NA	NA	NA	NA
NA	NA	NA	NA	NA	NA	NA	NA	NA	NA	NA	NA	NA	NA	NA	NA
NA	NA	NA	NA	NA	NA	NA	NA	NA	NA	NA	NA	NA	NA	NA	NA
NA	NA	NA	NA	NA	NA	NA	NA	NA	NA	NA	NA	NA	NA	NA	NA
NA	NA	NA	NA	NA	NA	NA	NA	NA	NA	NA	NA	NA	NA	NA	NA
NA	NA	NA	NA	NA	NA	NA	NA	NA	NA	NA	NA	NA	NA	NA	NA
NA	NA	NA	NA	NA	NA	NA	NA	NA	NA	NA	NA	NA	NA	NA	NA
NA	NA	NA	NA	NA	NA	NA	NA	NA	NA	NA	NA	NA	NA	NA	NA
NA	NA	NA	NA	NA	NA	NA	NA	NA	NA	NA	NA	NA	NA	NA	NA
NA	NA	NA	NA	NA	NA	NA	NA	NA	NA	NA	NA	NA	NA	NA	NA
NA	NA	NA	NA	NA	NA	NA	NA	NA	NA	NA	NA	NA	NA	NA	NA
NA	NA	NA	NA	NA	NA	NA	NA	NA	NA	NA	NA	NA	NA	NA	NA
NA	NA	NA	NA	NA	NA	NA	NA	NA	NA	NA	NA	NA	NA	NA	NA
NA	NA	NA	NA	NA	NA	NA	NA	NA	NA	NA	NA	NA	NA	NA	NA
NA	NA	NA	NA	NA	NA	NA	NA	NA	NA	NA	NA	NA	NA	NA	NA
NA	NA	NA	NA	NA	NA	NA	NA	NA	NA	NA	NA	NA	NA	NA	NA
NA	NA	NA	NA	NA	NA	NA	NA	NA	NA	NA	NA	NA	NA	NA	NA
NA	NA	NA	NA	NA	NA	NA	NA	NA	NA	NA	NA	NA	NA	NA	NA
NA	NA	NA	NA	NA	NA	NA	NA	NA	NA	NA	NA	NA	NA	NA	NA
NA	NA	NA	NA	NA	NA	NA	NA	NA	NA	NA	NA	NA	NA	NA	NA
NA	NA	NA	NA	NA	NA	NA	NA	NA	NA	NA	NA	NA	NA	NA	NA
NA	NA	NA	NA	NA	NA	NA	NA	NA	NA	NA	NA	NA	NA	NA	NA
NA	NA	NA	NA	NA	NA	NA	NA	NA	NA	NA	NA	NA	NA	NA	NA
NA	NA	NA	NA	NA	NA	NA	NA	NA	NA	NA	NA	NA	NA	NA	NA
NA	NA	NA	NA	NA	NA	NA	NA	NA	NA	NA	NA	NA	NA	NA	NA
NA	NA	NA	NA	NA	NA	NA	NA	NA	NA	NA	NA	NA	NA	NA	NA
NA	NA	NA	NA	NA	NA	NA	NA	NA	NA	NA	NA	NA	NA	NA	NA
NA	NA	NA	NA	NA	NA	NA	NA	NA	NA	NA	NA	NA	NA	NA	NA
NA	NA	NA	NA	NA	NA	NA	NA	NA	NA	NA	NA	NA	NA	NA	NA
NA	NA	NA	NA	NA	NA	NA	NA	NA	NA	NA	NA	NA	NA	NA	NA
NA	NA	NA	NA	NA	NA	NA	NA	NA	NA	NA	NA	NA	NA	NA	NA
NA	NA	NA	NA	NA	NA	NA	NA	NA	NA	NA	NA	NA	NA	NA	NA
NA	NA	NA	NA	NA	NA	NA	NA	NA	NA	NA	NA	NA	NA	NA	NA
NA	NA	NA	NA	NA	NA	NA	NA	NA	NA	NA	NA	NA	NA	NA	NA
NA	NA	NA	NA	NA	NA	NA	NA	NA	NA	NA	NA	NA	NA	NA	NA
NA	NA	NA	NA	NA	NA	NA	NA	NA	NA	NA	NA	NA	NA	NA	NA
NA	NA	NA	NA	NA	NA	NA	NA	NA	NA	NA	NA	NA	NA	NA	NA
NA	NA	NA	NA	NA	NA	NA	NA	NA	NA	NA	NA	NA	NA	NA	NA
NA	NA	NA	NA	NA	NA	NA	NA	NA	NA	NA	NA	NA	NA	NA	NA
NA	NA	NA	NA	NA	NA	NA	NA	NA	NA	NA	NA	NA	NA	NA	NA
NA	NA	NA	NA	NA	NA	NA	NA	NA	NA	NA	NA	NA	NA	NA	NA
NA	NA	NA	NA	NA	NA	NA	NA	NA	NA	NA	NA	NA	NA	NA	NA
NA	NA	NA	NA	NA	NA	NA	NA	NA	NA	NA	NA	NA	NA	NA	NA
NA	NA	NA	NA	NA	NA	NA	NA	NA	NA	NA	NA	NA	NA	NA	NA
NA	NA	NA	NA	NA	NA	NA	NA	NA	NA	NA	NA	NA	NA	NA	NA
NA	NA	NA	NA	NA	NA	NA	NA	NA	NA	NA	NA	NA	NA	NA	NA
NA	NA	NA	NA	NA	NA	NA	NA	NA	NA	NA	NA	NA	NA	NA	NA
NA	NA	NA	NA	NA	NA	NA	NA	NA	NA	NA	NA	NA	NA	NA	NA
NA	NA	NA	NA	NA	NA	NA	NA	NA	NA	NA	NA	NA	NA	NA	NA
NA	NA	NA	NA	NA	NA	NA	NA	NA	NA	NA	NA	NA	NA	NA	NA
NA	NA	NA	NA	NA	NA	NA	NA	NA	NA	NA	NA	NA	NA	NA	NA
NA	NA	NA	NA	NA	NA	NA	NA	NA	NA	NA	NA	NA	NA	NA	NA
NA	NA	NA	NA	NA	NA	NA	NA	NA	NA	NA	NA	NA	NA	NA	NA
NA	NA	NA	NA	NA	NA	NA	NA	NA	NA	NA	NA	NA	NA	NA	NA
NA	NA	NA	NA	NA	NA	NA	NA	NA	NA	NA	NA	NA	NA	NA	NA
NA	NA	NA	NA	NA	NA	NA	NA	NA	NA	NA	NA	NA	NA	NA	NA
NA	NA	NA	NA	NA	NA	NA	NA	NA	NA	NA	NA	NA	NA	NA	NA
NA	NA	NA	NA	NA	NA	NA	NA	NA	NA	NA	NA	NA	NA	NA	NA
NA	NA	NA	NA	NA	NA	NA	NA	NA	NA	NA	NA	NA	NA	NA	NA
NA	NA	NA	NA	NA	NA	NA	NA	NA	NA	NA	NA	NA	NA	NA	NA
NA	NA	NA	NA	NA	NA	NA	NA	NA	NA	NA	NA	NA	NA	NA	NA
NA	NA	NA	NA	NA	NA	NA	NA	NA	NA	NA	NA	NA	NA	NA	NA
NA	NA	NA	NA	NA	NA	NA	NA	NA	NA	NA	NA	NA	NA	NA	NA
NA	NA	NA	NA	NA	NA	NA	NA	NA	NA	NA	NA	NA	NA	NA	NA
NA	NA	NA	NA	NA	NA	NA	NA	NA	NA	NA	NA	NA	NA	NA	NA
NA	NA	NA	NA	NA	NA	NA	NA	NA	NA	NA	NA	NA	NA	NA	NA
NA	NA	NA	NA	NA	NA	NA	NA	NA	NA	NA	NA	NA	NA	NA	NA
NA	NA	NA	NA	NA	NA	NA	NA	NA	NA	NA	NA	NA	NA	NA	NA
NA	NA	NA	NA	NA	NA	NA	NA	NA	NA	NA	NA	NA	NA	NA	NA
NA	NA	NA	NA	NA	NA	NA	NA	NA	NA	NA	NA	NA	NA	NA	NA
NA	NA	NA	NA	NA	NA	NA	NA	NA	NA	NA	NA	NA	NA	NA	NA
NA	NA	NA	NA	NA	NA	NA	NA	NA	NA	NA	NA	NA	NA	NA	NA
NA	NA	NA	NA	NA	NA	NA	NA	NA	NA	NA	NA	NA	NA	NA	NA
NA	NA	NA	NA	NA	NA	NA	NA	NA	NA	NA	NA	NA	NA	NA	NA
NA	NA	NA	NA	NA	NA	NA	NA	NA	NA	NA	NA	NA	NA	NA	NA
NA	NA	NA	NA	NA	NA	NA	NA	NA	NA	NA	NA	NA	NA	NA	NA
NA	NA	NA	NA	NA	NA	NA	NA	NA	NA	NA	NA	NA	NA	NA	NA
NA	NA	NA	NA	NA	NA	NA	NA	NA	NA	NA	NA	NA	NA	NA	NA
NA	NA	NA	NA	NA	NA	NA	NA	NA	NA	NA	NA	NA	NA	NA	NA
NA	NA	NA	NA	NA	NA	NA	NA	NA	NA	NA	NA	NA	NA	NA	NA
NA	NA	NA	NA	NA	NA	NA	NA	NA	NA	NA	NA	NA	NA	NA	NA
NA	NA	NA	NA	NA	NA	NA	NA	NA	NA	NA	NA	NA	NA	NA	NA
NA	NA	NA	NA	NA	NA	NA	NA	NA	NA	NA	NA	NA	NA	NA	NA
NA	NA	NA	NA	NA	NA	NA	NA	NA	NA	NA	NA	NA	NA	NA	NA
NA	NA	NA	NA	NA	NA	NA	NA	NA	NA	NA	NA	NA	NA	NA	NA
NA	NA	NA	NA	NA	NA	NA	NA	NA	NA	NA	NA	NA	NA	NA	NA
NA	NA	NA	NA	NA	NA	NA	NA	NA	NA	NA	NA	NA	NA	NA	NA
NA	NA	NA	NA	NA	NA	NA	NA	NA	NA	NA	NA	NA	NA	NA	NA
NA	NA	NA	NA	NA	NA	NA	NA	NA	NA	NA	NA	NA	NA	NA	NA
NA	NA	NA	NA	NA	NA	NA	NA	NA	NA	NA	NA	NA	NA	NA	NA
NA	NA	NA	NA	NA	NA	NA	NA	NA	NA	NA	NA	NA	NA	NA	NA
NA	NA	NA	NA	NA	NA	NA	NA	NA	NA	NA	NA	NA	NA	NA	NA
NA	NA	NA	NA	NA	NA	NA	NA	NA	NA	NA	NA	NA	NA	NA	NA
NA	NA	NA	NA	NA	NA	NA	NA	NA	NA	NA	NA	NA	NA	NA	NA
NA	NA	NA	NA	NA	NA	NA	NA	NA	NA	NA	NA	NA	NA	NA	NA
NA	NA	NA	NA	NA	NA	NA	NA	NA	NA	NA	NA	NA	NA	NA	NA
NA	NA	NA	NA	NA	NA	NA	NA	NA	NA	NA	NA	NA	NA	NA	NA
NA	NA	NA	NA	NA	NA	NA	NA	NA	NA	NA	NA	NA	NA	NA	NA
NA	NA	NA	NA	NA	NA	NA	NA	NA	NA	NA	NA	NA	NA	NA	NA
NA	NA	NA	NA	NA	NA	NA	NA	NA	NA	NA	NA	NA	NA	NA	NA
NA	NA	NA	NA	NA	NA	NA	NA	NA	NA	NA	NA	NA	NA	NA	NA
NA	NA	NA	NA	NA	NA	NA	NA	NA	NA	NA	NA	NA	NA	NA	NA
NA	NA	NA	NA	NA	NA	NA	NA	NA	NA	NA	NA	NA	NA	NA	NA
NA	NA	NA	NA	NA	NA	NA	NA	NA	NA	NA	NA	NA	NA	NA	NA
NA	NA	NA	NA	NA	NA	NA	NA	NA	NA	NA	NA	NA	NA	NA	NA
NA	NA	NA	NA	NA	NA	NA	NA	NA	NA	NA	NA	NA	NA	NA	NA
NA	NA	NA	NA	NA	NA	NA	NA	NA	NA	NA	NA	NA	NA	NA	NA
NA	NA	NA	NA	NA	NA	NA	NA	NA	NA	NA	NA	NA	NA	NA	NA
NA	NA	NA	NA	NA	NA	NA	NA	NA	NA	NA	NA	NA	NA	NA	NA
NA	NA	NA	NA	NA	NA	NA	NA	NA	NA	NA	NA	NA	NA	NA	NA
NA	NA	NA	NA	NA	NA	NA	NA	NA	NA	NA	NA	NA	NA	NA	NA
NA	NA	NA	NA	NA	NA	NA	NA	NA	NA	NA	NA	NA	NA	NA	NA
NA	NA	NA	NA	NA	NA	NA	NA	NA	NA	NA	NA	NA	NA	NA	NA
NA	NA	NA	NA	NA	NA	NA	NA	NA	NA	NA	NA	NA	NA	NA	NA
NA	NA	NA	NA	NA	NA	NA	NA	NA	NA	NA	NA	NA	NA	NA	NA
NA	NA	NA	NA	NA	NA	NA	NA	NA	NA	NA	NA	NA	NA	NA	NA
NA	NA	NA	NA	NA	NA	NA	NA	NA	NA	NA	NA	NA	NA	NA	NA
NA	NA	NA	NA	NA	NA	NA	NA	NA	NA	NA	NA	NA	NA	NA	NA
NA	NA	NA	NA	NA	NA	NA	NA	NA	NA	NA	NA	NA	NA	NA	NA
NA	NA	NA	NA	NA	NA	NA	NA	NA	NA	NA	NA	NA	NA	NA	NA
NA	NA	NA	NA	NA	NA	NA	NA	NA	NA	NA	NA	NA	NA	NA	NA
NA	NA	NA	NA	NA	NA	NA	NA	NA	NA	NA	NA	NA	NA	NA	NA
NA	NA	NA	NA	NA	NA	NA	NA	NA	NA	NA	NA	NA	NA	NA	NA
NA	NA	NA	NA	NA	NA	NA	NA	NA	NA	NA	NA	NA	NA	NA	NA
NA	NA	NA	NA	NA	NA	NA	NA	NA	NA	NA	NA	NA	NA	NA	NA
NA	NA	NA	NA	NA	NA	NA	NA	NA	NA	NA	NA	NA	NA	NA	NA
NA	NA	NA	NA	NA	NA	NA	NA	NA	NA	NA	NA	NA	NA	NA	NA
NA	NA	NA	NA	NA	NA	NA	NA	NA	NA	NA	NA	NA	NA	NA	NA
NA	NA	NA	NA	NA	NA	NA	NA	NA	NA	NA	NA	NA	NA	NA	NA
NA	NA	NA	NA	NA	NA	NA	NA	NA	NA	NA	NA	NA	NA	NA	NA
NA	NA	NA	NA	NA	NA	NA	NA	NA	NA	NA	NA	NA	NA	NA	NA
NA	NA	NA	NA	NA	NA	NA	NA	NA	NA	NA	NA	NA	NA	NA	NA
NA	NA	NA	NA	NA	NA	NA	NA	NA	NA	NA	NA	NA	NA	NA	NA
NA	NA	NA	NA	NA	NA	NA	NA	NA	NA	NA	NA	NA	NA	NA	NA
NA	NA	NA	NA	NA	NA	NA	NA	NA	NA	NA	NA	NA	NA	NA	NA
NA	NA	NA	NA	NA	NA	NA	NA	NA	NA	NA	NA	NA	NA	NA	NA
NA	NA	NA	NA	NA	NA	NA	NA	NA	NA	NA	NA	NA	NA	NA	NA
NA	NA	NA	NA	NA	NA	NA	NA	NA	NA	NA	NA	NA	NA	NA	NA
NA	NA	NA	NA	NA	NA	NA	NA	NA	NA	NA	NA	NA	NA	NA	NA
NA	NA	NA	NA	NA	NA	NA	NA	NA	NA	NA	NA	NA	NA	NA	NA
NA	NA	NA	NA	NA	NA	NA	NA	NA	NA	NA	NA	NA	NA	NA	NA
NA	NA	NA	NA	NA	NA	NA	NA	NA	NA	NA	NA	NA	NA	NA	NA
NA	NA	NA	NA	NA	NA	NA	NA	NA	NA	NA	NA	NA	NA	NA	NA
NA	NA	NA	NA	NA	NA	NA	NA	NA	NA	NA	NA	NA	NA	NA	NA
NA	NA	NA	NA	NA	NA	NA	NA	NA	NA	NA	NA	NA	NA	NA	NA
NA	NA	NA	NA	NA	NA	NA	NA	NA	NA	NA	NA	NA	NA	NA	NA
NA	NA	NA	NA	NA	NA	NA	NA	NA	NA	NA	NA	NA	NA	NA	NA
NA	NA	NA	NA	NA	NA	NA	NA	NA	NA	NA	NA	NA	NA	NA	NA
NA	NA	NA	NA	NA	NA	NA	NA	NA	NA	NA	NA	NA	NA	NA	NA
NA	NA	NA	NA	NA	NA	NA	NA	NA	NA	NA	NA	NA	NA	NA	NA
NA	NA	NA	NA	NA	NA	NA	NA	NA	NA	NA	NA	NA	NA	NA	NA
NA	NA	NA	NA	NA	NA	NA	NA	NA	NA	NA	NA	NA	NA	NA	NA
NA	NA	NA	NA	NA	NA	NA	NA	NA	NA	NA	NA	NA	NA	NA	NA
NA	NA	NA	NA	NA	NA	NA	NA	NA	NA	NA	NA	NA	NA	NA	NA
NA	NA	NA	NA	NA	NA	NA	NA	NA	NA	NA	NA	NA	NA	NA	NA
NA	NA	NA	NA	NA	NA	NA	NA	NA	NA	NA	NA	NA	NA	NA	NA
NA	NA	NA	NA	NA	NA	NA	NA	NA	NA	NA	NA	NA	NA	NA	NA
NA	NA	NA	NA	NA	NA	NA	NA	NA	NA	NA	NA	NA	NA	NA	NA
NA	NA	NA	NA	NA	NA	NA	NA	NA	NA	NA	NA	NA	NA	NA	NA
NA	NA	NA	NA	NA	NA	NA	NA	NA	NA	NA	NA	NA	NA	NA	NA
NA	NA	NA	NA	NA	NA	NA	NA	NA	NA	NA	NA	NA	NA	NA	NA
NA	NA	NA	NA	NA	NA	NA	NA	NA	NA	NA	NA	NA	NA	NA	NA
NA	NA	NA	NA	NA	NA	NA	NA	NA	NA	NA	NA	NA	NA	NA	NA
NA	NA	NA	NA	NA	NA	NA	NA	NA	NA	NA	NA	NA	NA	NA	NA
NA	NA	NA	NA	NA	NA	NA	NA	NA	NA	NA	NA	NA	NA	NA	NA
NA	NA	NA	NA	NA	NA	NA	NA	NA	NA	NA	NA	NA	NA	NA	NA
NA	NA	NA	NA	NA	NA	NA	NA	NA	NA	NA	NA	NA	NA	NA	NA
NA	NA	NA	NA	NA	NA	NA	NA	NA	NA	NA	NA	NA	NA	NA	NA
NA	NA	NA	NA	NA	NA	NA	NA	NA	NA	NA	NA	NA	NA	NA	NA
NA	NA	NA	NA	NA	NA	NA	NA	NA	NA	NA	NA	NA	NA	NA	NA
NA	NA	NA	NA	NA	NA	NA	NA	NA	NA	NA	NA	NA	NA	NA	NA
NA	NA	NA	NA	NA	NA	NA	NA	NA	NA	NA	NA	NA	NA	NA	NA
NA	NA	NA	NA	NA	NA	NA	NA	NA	NA	NA	NA	NA	NA	NA	NA
NA	NA	NA	NA	NA	NA	NA	NA	NA	NA	NA	NA	NA	NA	NA	NA
NA	NA	NA	NA	NA	NA	NA	NA	NA	NA	NA	NA	NA	NA	NA	NA
2.07728676965475	0.54821524236878	1.00278489461194	3.15178864469756	1.97705699442708	0.296866505945556	1.39519864277379	2.55891534608037	1.97705699442708	0.54821524236878	1.50570527482613	2.56800066855109	1.97376760887762	0.512321401072109	0.968505016218836	2.9790302015364
1.56863397163346	0.391777904188649	0.800749279423711	2.33651866384322	1.3534866323526	0.310080629452089	0.745728598626508	1.9612446660787	1.3534866323526	0.391777904188649	0.538858689898418	2.12940691449177	1.36408136976418	0.371189213211611	0.635851807291473	2.0923109322369
2.05460350225071	0.341897856242396	1.38448370401561	2.7247233004858	2.17234217055829	0.25107476898319	1.68023562335124	2.66444871776534	2.17234217055829	0.341897856242396	1.57703625268916	2.96705628402832	2.16792875091181	0.324978947034843	1.53037813188253	2.80547936994109
2.01258178648252	0.319645902399281	1.38607581777993	2.63908775518511	2.07058665825004	0.226904224621898	1.62585437799112	2.51531893850896	2.07058665825004	0.319645902399281	1.43470088066739	2.65655721361889	2.07250778296362	0.301590628288884	1.48084422030388	2.66417134562337
1.84123331582288	0.291875737972826	1.26915686939614	2.41330976224962	1.73661473474579	0.218904779284084	1.30756136734899	2.1656681021426	1.73661473474579	0.291875737972826	1.12400233639559	2.25892038702032	1.74828275646266	0.280058327175082	1.19890499588904	2.29766051703627
1.94446217068995	1.02701026980428	-0.0684779581264296	3.95740229950633	1.88491866410179	0.4609954650351	0.98136755263299	2.78846977557058	1.88491866410179	1.02701026980428	1.08943150691165	2.61998496858012	1.89233530176147	0.902960472903322	0.120488629142878	3.66418197438006
1.92454240142745	0.420852173903177	1.09967214057722	2.74941266227768	1.905055007408	0.326913783746573	1.26430399126472	2.54580602355128	1.905055007408	0.420852173903177	1.06208866612298	2.74409345044032	1.90381949318579	0.399308483924655	1.12040138386112	2.68723760251045
2.00224833528453	0.309858420476756	1.39492583115009	2.60957083941898	2.14626585649863	0.245646760586178	1.66479820574972	2.62773350724753	2.14626585649863	0.309858420476756	1.63234220480002	2.87326461129956	2.14803162188434	0.293253008109011	1.57276111982021	2.72330212394846
1.57604301674073	0.507172295984604	0.581985316610909	2.57010071687056	1.62080613192487	0.333917265794437	0.966328290967772	2.27528397288196	1.62080613192487	0.507172295984604	0.836807100718791	2.79714126141699	1.63162970350438	0.493940467563619	0.662480142676596	2.60077926433216
1.64290499649341	0.357324143933069	0.942549674384592	2.34326031860222	1.98649182847785	0.23464538306446	1.52658687767151	2.44639677928419	1.98649182847785	0.357324143933069	1.30459235282147	2.69369662228689	1.98533952222555	0.347393267424525	1.30381067515051	2.66686836930059
1.97439231270867	0.335090320311515	1.3176152848981	2.63116934051924	1.95880099718463	0.267181229930322	1.4351257865212	2.48247620784807	1.95880099718463	0.335090320311515	1.29675224638092	2.5675307171551	1.97536107083643	0.321752407161323	1.34416909454395	2.6065530471289
2.26334626983993	0.346365238801393	1.5844704017892	2.94222213789066	2.35478931517848	0.261871395864194	1.84152137928466	2.8680572510723	2.35478931517848	0.346365238801393	1.80780461843523	3.11911950336534	2.35957584264167	0.332601141954955	1.70706362826686	3.01208805701648
2.10586140612308	0.262794072247346	1.59078502451828	2.62093778772787	2.06088565501	0.193612358972415	1.68140543142407	2.44036587859594	2.06088565501	0.262794072247346	1.61370051452133	2.6061090251086	2.05359607293537	0.253955673110993	1.55542188090214	2.5517702649686
1.87405293883361	0.2506267518541	1.38282450519957	2.36528137246765	1.8135387529187	0.193533092567509	1.43421389148638	2.19286361435102	1.8135387529187	0.2506267518541	1.38683524510967	2.31111150813669	1.81384696735819	0.230284236651192	1.36215918830476	2.26553474641162
2.01977121880943	0.365266277114281	1.30384931566544	2.73569312195342	2.09841284533835	0.259520546248709	1.58975257469088	2.60707311598582	2.09841284533835	0.365266277114281	1.42555431588623	2.85344183249675	2.0971024866375	0.345945955912906	1.41839679839283	2.77580817488216
1.97938616960364	0.285158722192951	1.42047507410546	2.53829726510182	2.11118682576096	0.192071853917472	1.73472599208271	2.4876476594392	2.11118682576096	0.285158722192951	1.60677787604028	2.73444968653403	2.10314659812128	0.274101954252104	1.56545508896933	2.64083810727324
1.92988916743566	0.295898415858507	1.34992827235299	2.50985006251833	2.06041861407423	0.201820081540392	1.66485125425506	2.4559859738934	2.06041861407423	0.295898415858507	1.48336201705347	2.68586871656884	2.0654237395548	0.288853747725943	1.49874800021222	2.63209947889738
1.88656757419309	0.274681205457882	1.34819241149564	2.42494273689053	1.93443232034465	0.206878278191247	1.52895089508981	2.3399137455995	1.93443232034465	0.274681205457882	1.41487772656563	2.46451154387775	1.94459466060809	0.261642446786101	1.43133571292238	2.4578536082938
2.04836264103893	0.435219366874414	1.19533268196507	2.90139260011278	2.01318691449209	0.307051964867511	1.41136506335177	2.61500876563241	2.01318691449209	0.435219366874414	1.09011575689471	2.79666866389454	2.01625261611167	0.412193250542778	1.20752843682296	2.82497679540038
1.7075825484875	0.384372865984237	0.954211731158398	2.46095336581661	1.62108171401249	0.281829819855474	1.06869526709576	2.17346816092922	1.62108171401249	0.384372865984237	0.829009205155148	2.37502545420362	1.62597938178217	0.369272319854701	0.901502859803208	2.35045590376113
2.02712228657647	0.409112485835852	1.2252618143382	2.82898275881474	2.09205621160163	0.261892185760626	1.57874752751081	2.60536489569246	2.09205621160163	0.409112485835852	1.33719109235068	2.8453606700597	2.09607455111561	0.387273120672876	1.336252649159	2.85589645307222
2.14512878741283	0.241799814658396	1.67120115068238	2.61905642414329	2.17737607934005	0.180076140940815	1.82442684309605	2.53032531558405	2.17737607934005	0.241799814658396	1.76826153407637	2.71234180172871	2.16927262261245	0.232250875821304	1.71370623028956	2.62483901493533
2.07856010097941	0.246452984255296	1.59551225183903	2.56160795011979	2.12545550013787	0.170898421985332	1.79049459304662	2.46041640722912	2.12545550013787	0.246452984255296	1.64923445790607	2.61954495840747	2.12758836095955	0.242333491707849	1.65223887725342	2.60293784466569
1.58065151621056	0.323019323098286	0.947533642937924	2.21376938948321	1.79513063515568	0.213718236033478	1.37624289253006	2.2140183777813	1.79513063515568	0.323019323098286	1.13780768811872	2.36142266323541	1.80090810709332	0.316039051059262	1.180901032696	2.42091518149065
1.78166562269283	0.28634205615424	1.22043519263052	2.34289605275514	1.7777934509201	0.215193830084642	1.3560135439542	2.199573357886	1.7777934509201	0.28634205615424	1.17125432797554	2.31934613521903	1.78243282007312	0.269621687770366	1.25353828941621	2.31132735073004
2.01463575840169	0.389072289061888	1.25205407184039	2.77721744496299	1.97368252224972	0.28046412891688	1.42397282957263	2.5233922149268	1.97368252224972	0.389072289061888	1.08834658449681	2.50518148142002	1.97905797451519	0.365431387044049	1.26210552641275	2.69601042261763
2.03271737474837	0.359410175677193	1.32827343042107	2.73716131907566	2.21338281309063	0.251529411810327	1.72038516594239	2.70638046023887	2.21338281309063	0.359410175677193	1.5865201244606	2.9758354645098	2.20960319092787	0.348522596249189	1.52587036719341	2.89333601466233
1.99328925207957	0.308094294998718	1.38942443388208	2.59715407027706	2.014532964712	0.205924075118748	1.61092177747925	2.41814415194474	2.014532964712	0.308094294998718	1.41590870066399	2.64085903944297	2.00967842416901	0.296872896790797	1.4272663348263	2.59209051351173
2.00900857349109	0.286675380657036	1.4471248274033	2.57089231957888	1.95130639938441	0.21054536251758	1.53863748884995	2.36397530991886	1.95130639938441	0.286675380657036	1.43513869980345	2.44156404502862	1.95676086172521	0.280006199567925	1.40746852155804	2.50605320189238
2.10607714411399	0.312080255536652	1.49439984326215	2.71775444496583	2.06600701332173	0.224630613677779	1.62573101051328	2.50628301613018	2.06600701332173	0.312080255536652	1.44461553482892	2.6139528588447	2.07151438007817	0.28789569296256	1.50672807491885	2.63630068523748
1.65853501494598	0.308382959518157	1.0541044142904	2.26296561560157	1.92226683631782	0.237075577436249	1.45759870454277	2.38693496809287	1.92226683631782	0.308382959518157	1.35351171418661	2.5493501085203	1.9236008263575	0.297582140492688	1.33981807628113	2.50738357643387
2.29272698158426	0.346299664347399	1.61397963946336	2.97147432370516	2.21923816759333	0.260483780882601	1.70868995706343	2.72978637812323	2.21923816759333	0.346299664347399	1.50450376992957	2.83357772591298	2.21302089984913	0.327930161089738	1.56967450697005	2.85636729272822
1.69400548439869	0.410086404303547	0.890236131963741	2.49777483683364	1.63204312721646	0.290396878160988	1.06286524602092	2.201221008412	1.63204312721646	0.410086404303547	0.857381200161632	2.4328381611325	1.63608537401279	0.396343016452909	0.858472246059483	2.41369850196609
1.96920267529183	0.221724082068857	1.53462347443687	2.40378187614679	2.06698903313774	0.178956167149938	1.71623494552386	2.41774312075162	2.06698903313774	0.221724082068857	1.64031724555512	2.50654768358331	2.0660625721973	0.205092687305814	1.66381648052421	2.4683086638704
2.42967091053134	0.425194560804025	1.59628957135545	3.26305224970723	2.39336274918735	0.314442077053858	1.77705627816179	3.00966922021292	2.39336274918735	0.425194560804025	1.4678119704443	3.13858767256091	2.40147407492932	0.408595754750634	1.5998446167041	3.20310353315453
2.10927584906994	0.365597280112173	1.39270518005009	2.8258465180898	2.17463406228708	0.258788750883989	1.66740811055446	2.6818600140197	2.17463406228708	0.365597280112173	1.53878705737811	2.96262889670678	2.1678914789991	0.350271625024739	1.48068090083669	2.8551020571615
1.95669787408135	0.281846290360361	1.40427914497504	2.50911660318765	2.04511851755439	0.199937344908001	1.65324132153471	2.43699571357408	2.04511851755439	0.281846290360361	1.50429306041589	2.58777670594568	2.04198620126557	0.27408302310971	1.50432497962184	2.57964742290929
2.37446803511415	0.250164251597001	1.88414610198403	2.86478996824427	2.43746395458988	0.19165632710919	2.06181755345587	2.81311035572389	2.43746395458988	0.250164251597001	1.92486328603348	2.93929975108095	2.44018965492179	0.238087438272308	1.97315987375318	2.90721943609041
2.14179497286028	0.234080335006449	1.68299751624763	2.60059242947292	2.18274282440552	0.181449671345307	1.82710146856871	2.53838418024232	2.18274282440552	0.234080335006449	1.75098126695944	2.65859897961079	2.18170782264415	0.227579314078903	1.73531322668617	2.62810241860213
2.02204492208482	0.342339413718308	1.35105967119693	2.6930301729727	2.02032033856607	0.230091082648629	1.56934181657476	2.47129886055739	2.02032033856607	0.342339413718308	1.4410256215638	2.72106034919724	2.02348508532022	0.323931096953557	1.3880130351797	2.65895713546073
2.08846489456424	0.673625680988668	0.768158559826453	3.40877122930203	1.91072265593563	0.360045119348794	1.20503422201199	2.61641108985926	1.91072265593563	0.673625680988668	1.04199599887221	2.58715915095379	1.92171504575994	0.63197885601078	0.681677353392848	3.16175273812703
1.81898851227878	0.318997553434287	1.19375330754758	2.44422371700998	2.02414681864603	0.236807615287072	1.56000389268337	2.48828974460869	2.02414681864603	0.318997553434287	1.47367116663467	2.65392857721669	2.02947822822679	0.31755771658294	1.40647919346234	2.65247726299123
2.17115034887493	0.498960444348204	1.19318787795245	3.14911281979741	2.29485637101278	0.354336426977591	1.6003569741367	2.98935576788885	2.29485637101278	0.498960444348204	1.36529144022943	3.39334698980764	2.28539278633987	0.480348860832917	1.34292052249968	3.22786505018006
2.11141264721173	0.419810566646322	1.28858393658494	2.93424135783852	2.01686352021496	0.272971544592204	1.48183929281424	2.55188774761568	2.01686352021496	0.419810566646322	1.18683880525011	2.88757954798378	2.00721781224987	0.399080231273975	1.22424783711363	2.79018778738611
1.92637262117772	0.408637881009697	1.12544237439872	2.72730286795673	1.98445216880328	0.294004411876802	1.40820352152474	2.56070081608181	1.98445216880328	0.408637881009697	1.24416989097424	2.74692069408183	1.99328346928948	0.397594692489528	1.21322819785144	2.77333874072753
1.85891697363689	0.295028363642217	1.28066138089815	2.43717256637564	2.02782190728206	0.191181858595744	1.6531054644344	2.40253835012972	2.02782190728206	0.295028363642217	1.46482898644829	2.64270487184162	2.02273642050711	0.29100764978618	1.45185474743581	2.59361809357841
2.09804261239754	0.305111417999593	1.50002423311834	2.69606099167674	2.028764912517	0.212960611152335	1.61136211465842	2.44616771037557	2.028764912517	0.305111417999593	1.52538086496765	2.70626394964384	2.04269735482508	0.306316372215209	1.44174263958115	2.64365207006901
1.9258487374642	0.275845721999725	1.38519112234474	2.46650635258366	1.89038152997723	0.211846675439045	1.4751620461167	2.30560101383776	1.89038152997723	0.275845721999725	1.28790138876089	2.38204486911993	1.90174529665568	0.260113714635334	1.3914907397163	2.41199985359506
1.91169190359153	0.281603665197466	1.3597487198045	2.46363508737856	1.86748219466987	0.186929325044211	1.50110071758322	2.23386367175652	1.86748219466987	0.281603665197466	1.36587731524091	2.41591407953265	1.87026926322667	0.275046372534564	1.33074063663813	2.40979788981522
1.97559710288673	0.32989620569946	1.32900053971579	2.62219366605767	1.90240962183675	0.20858384738453	1.49358528096307	2.31123396271043	1.90240962183675	0.32989620569946	1.18367303398643	2.43805144325623	1.89849723840215	0.318645885832388	1.27336346470781	2.5236310120965
1.8863959597163	0.286417095863372	1.32501845182409	2.44777346760851	1.82418079576972	0.197643228977969	1.4368000669729	2.21156152456654	1.82418079576972	0.286417095863372	1.3343298460264	2.35043969366369	1.82709827503876	0.282528763934676	1.27286942588786	2.38132712418967
2.24144581015947	0.273413080826684	1.70555617173917	2.77733544857977	2.21631458689543	0.210603780348083	1.80353117741319	2.62909799637768	2.21631458689543	0.273413080826684	1.6361165795895	2.71482981181552	2.22228018731783	0.257423452015784	1.71731582011862	2.72724455451704
1.84737205430294	0.352704200448095	1.15607182142467	2.5386722871812	1.98762321302808	0.260412340083181	1.47721502646504	2.49803139959111	1.98762321302808	0.352704200448095	1.40165188056415	2.73321379061486	1.98929388860597	0.343771199203848	1.31485009571428	2.66373768149766
2.36854812689244	0.325555517165254	1.73045931324855	3.00663694053634	2.26553964481798	0.224892051312531	1.82475122424542	2.70632806539054	2.26553964481798	0.325555517165254	1.53354098817682	2.80929363430909	2.27332988575354	0.320611431293153	1.64433362861639	2.90232614289069
1.75290486131704	0.268911328250829	1.22583865794542	2.27997106468867	1.88615047130993	0.216631117621657	1.46155348077149	2.31074746184838	1.88615047130993	0.268911328250829	1.39328615160685	2.41457695969265	1.88416437259704	0.254457010428203	1.38504811008828	2.3832806351058
1.79902709506836	0.278892927943911	1.25239695629829	2.34565723383842	1.84973301619376	0.207793703931986	1.44245735648707	2.25700867590045	1.84973301619376	0.278892927943911	1.2534903158006	2.35675088396055	1.85287720351533	0.267061917767484	1.32898044821292	2.37677395881775
1.88826235575732	0.259207804012807	1.38021505989221	2.39630965162242	1.97498154678594	0.199642940122367	1.5836813841461	2.36628170942578	1.97498154678594	0.259207804012807	1.49094566170532	2.49402458889308	1.97124208044645	0.257940361941183	1.46527037694072	2.47721378395218
1.9586221874235	0.276562593830152	1.4165595035164	2.50068487133059	1.98255941968617	0.191684240145453	1.60685830900108	2.35826053037126	1.98255941968617	0.276562593830152	1.50105247299864	2.52627736642637	1.989298737359	0.276630369142152	1.44662784613886	2.53196962857913
1.88469966372516	0.415251600073533	1.07080652758103	2.69859279986928	1.86848297631039	0.270727741442971	1.33785660308216	2.39910934953861	1.86848297631039	0.415251600073533	1.16349432659152	2.62351320488812	1.87021794897664	0.388660358379678	1.10769308532318	2.63274281263009
1.90806348322873	0.280590911371545	1.3581052969405	2.45802166951696	1.76758990908255	0.208458633437738	1.35901098754458	2.17616883062052	1.76758990908255	0.280590911371545	1.26139308492239	2.28966894039719	1.77898603257515	0.2622791805966	1.26450275891867	2.29346930623163
2.23173353306277	0.353450120527506	1.53897129682886	2.92449576929668	2.19996102841439	0.222666756524042	1.76353418562727	2.63638787120151	2.19996102841439	0.353450120527506	1.50263423235428	2.81375441573765	2.19845422815318	0.34338841667395	1.52475291981257	2.87215553649378
2.2528085299476	0.523219913762863	1.22729749897238	3.27831956092281	2.35368798061094	0.345407413485074	1.67668945018019	3.03068651104168	2.35368798061094	0.523219913762863	1.28456772357517	3.46120494418165	2.34919650239456	0.510925610244084	1.34671606592706	3.35167693886206
2.27606725241987	0.447915853817133	1.39815217893829	3.15398232590145	2.17238261688583	0.297130206723581	1.59000741170761	2.75475782206405	2.17238261688583	0.447915853817133	1.28861529012003	3.07075962272132	2.18629435960801	0.431898451898537	1.33891644818727	3.03367227102876
1.81525227505389	0.277908528155339	1.27055155986942	2.35995299023835	1.76445506492645	0.209088615344115	1.35464137885199	2.17426875100092	1.76445506492645	0.277908528155339	1.20217635031345	2.26843246293248	1.7824806167413	0.272007437886417	1.24889588476452	2.31606534871808
1.81929676531479	0.279058951683558	1.27234122001502	2.36625231061457	1.83748593936253	0.21924598425833	1.40776381021621	2.26720806850886	1.83748593936253	0.279058951683558	1.29827499598395	2.37368147527942	1.84361617702323	0.259517846867066	1.33454053952104	2.35269181452542
1.84188959564128	0.230787978799695	1.38954515719388	2.29423403408869	1.81876365966394	0.166811008422694	1.49181408315546	2.14571323617242	1.81876365966394	0.230787978799695	1.34331393020009	2.22740523872485	1.82859892213084	0.223304303607995	1.39057007822682	2.26662776603487
2.31635489304425	0.325804493824873	1.6777780851475	2.954931700941	2.35862132252592	0.247146096186579	1.87421497400022	2.84302767105161	2.35862132252592	0.325804493824873	1.63848867773057	2.93428008745242	2.35766726327842	0.313060958487268	1.74351888610899	2.97181564044784
2.1893321863541	0.308822977153675	1.5840391511329	2.79462522157531	2.09601879317555	0.236439113978237	1.6325981297782	2.55943945657289	2.09601879317555	0.308822977153675	1.52990229614721	2.66548952717369	2.09122463277627	0.296129220278142	1.51029604844527	2.67215321710726
2.3326458854267	0.251936819456683	1.8388497192916	2.8264420515618	2.18215368481593	0.192793823253739	1.8042777912386	2.56002957839326	2.18215368481593	0.251936819456683	1.70566540777267	2.66881154848547	2.19542575834669	0.238153833288053	1.72828283550862	2.66256868118477
1.7461002925967	0.223953856950468	1.30715073297379	2.18504985221962	1.79560981829378	0.167925042818763	1.466476734369	2.12474290221855	1.79560981829378	0.223953856950468	1.3514925307996	2.22868452822815	1.79801290960752	0.214847322411429	1.37660865337207	2.21941716584297
1.73708348348285	0.379981388393424	0.992319962231743	2.48184700473396	1.60676236177895	0.252297140577104	1.11225996624783	2.10126475731007	1.60676236177895	0.379981388393424	0.855542988109161	2.29618760720276	1.60343720183501	0.375844306161478	0.866066902968333	2.34080750070169
1.99466378632161	0.316344847343756	1.37462788552785	2.61469968711538	1.90812669525464	0.272377552114639	1.37426669310995	2.44198669739933	1.90812669525464	0.316344847343756	1.36477434181803	2.5883360378133	1.91174337323802	0.293181407135444	1.33660046812592	2.48688627835012
2.19812845858983	0.275672239037136	1.65781087007704	2.73844604710262	2.17381181173043	0.197859785271257	1.78600663259877	2.56161699086209	2.17381181173043	0.275672239037136	1.62983000411486	2.68622358025371	2.17849633499422	0.272188005944421	1.64454025266667	2.71245241732177
2.17298911227402	0.412513705207519	1.36446225006729	2.98151597448076	2.041879024501	0.280237042810712	1.492614420592	2.59114362840999	2.041879024501	0.412513705207519	1.09890816213112	2.80795468942686	2.04463262591677	0.407085236030921	1.24593168420335	2.84333356763019
1.98256390922092	0.285932670927355	1.4221358742033	2.54299194423853	1.94514826630957	0.220990827166323	1.51200624506357	2.37829028755556	1.94514826630957	0.285932670927355	1.38780596931975	2.53551962570156	1.94312681394155	0.272329686879444	1.4088906854171	2.47736294246599
2.44309112290167	0.531924208157394	1.40051967491318	3.48566257089016	2.5253234593379	0.371273622235783	1.79762715975576	3.25301975892003	2.5253234593379	0.531924208157394	1.66118724181944	3.69988459286335	2.51694832747574	0.507180235719667	1.52184251683172	3.51205413811976
2.19814627740122	0.465780494873576	1.28521650744901	3.11107604735343	2.096223942932	0.317394454651031	1.47413081181598	2.71831707404802	2.096223942932	0.465780494873576	1.11485177704103	2.86770192642693	2.10465946673025	0.443709174751319	1.23409649906047	2.97522243440003
1.74671948803491	0.336040488682088	1.08808013021802	2.40535884585181	1.56066075218571	0.264429627136604	1.04237868299796	2.07894282137345	1.56066075218571	0.336040488682088	0.891349303624	2.16656501637156	1.56954817096396	0.312857983179777	0.955761083543538	2.18333525838438
2.08305844436697	0.26950033727372	1.55483778331047	2.61127910542346	2.05217230759782	0.192834086425409	1.67421749820401	2.43012711699162	2.05217230759782	0.26950033727372	1.47874293270266	2.5488515931947	2.0580260192045	0.259222106644115	1.54952706805268	2.56652497035632
1.89182585730547	0.348913270786401	1.20795584656413	2.57569586804682	2.10960263690644	0.233361325408912	1.65221443910497	2.56699083470791	2.10960263690644	0.348913270786401	1.43723881515983	2.80050192858557	2.11365251951837	0.335680647800842	1.45508601266855	2.77221902636819
1.9298695136952	0.312915276825893	1.31655557111645	2.54318345627395	1.91592045369564	0.224338917516838	1.47621617536264	2.35562473202864	1.91592045369564	0.312915276825893	1.32444269852171	2.50570573734675	1.91840949345061	0.297983850554099	1.33382350900925	2.50299547789196
2.40196928893107	0.414005626931948	1.59051826014445	3.21342031771769	2.28380634285979	0.268555740297857	1.75743709187599	2.81017559384359	2.28380634285979	0.414005626931948	1.51264339083219	2.95972611313348	2.28546618525334	0.387974415336897	1.52428071799403	3.04665165251266
1.9319352239043	0.318549885017126	1.30757744927073	2.55629299853787	1.90672169784678	0.217417265395937	1.48058385767074	2.33285953802281	1.90672169784678	0.318549885017126	1.25982562178843	2.55980734624666	1.91274239408026	0.298360280308252	1.32742382947715	2.49806095868338
2.04956842803681	0.220122107625259	1.6181290970913	2.48100775898232	2.01977589740989	0.176441845746071	1.67394987974759	2.36560191507219	2.01977589740989	0.220122107625259	1.59682066905126	2.43376961586833	2.03497015323807	0.20537396580576	1.63217790515756	2.43776240131857
1.83242912831244	0.577841605245887	0.699859582030506	2.96499867459438	1.73483024377471	0.41036890198933	0.930507195875626	2.5391532916738	1.73483024377471	0.577841605245887	0.567627823820306	2.76496518271335	1.7391020064302	0.555579370572589	0.648991170681873	2.82921284217853
1.6668370091681	0.404513089400667	0.873991353942796	2.45968266439341	1.59145168358151	0.276981889934758	1.04856717930938	2.13433618785364	1.59145168358151	0.404513089400667	0.752671773788101	2.35941339241419	1.59644144319927	0.403004073808594	0.805760630421971	2.38712225597656
1.97176703893606	0.28591181111137	1.41137988915778	2.53215418871435	1.8135314373896	0.245637770904661	1.33208140641646	2.29498146836273	1.8135314373896	0.28591181111137	1.26297188936996	2.3633896314094	1.81589464072876	0.269705112179253	1.28684159349385	2.34494768796367
1.70846591164871	0.325680980706939	1.07013118946311	2.34680063383431	1.73425165493555	0.23906914965037	1.26567612162082	2.20282718825028	1.73425165493555	0.325680980706939	1.05146764322697	2.3210809133195	1.73360876127875	0.316109112764331	1.11345081863815	2.35376670391935
1.90738272035031	0.474721242055795	0.976929085920951	2.83783635477967	1.99834660172719	0.320023608538794	1.37110032899115	2.62559287446322	1.99834660172719	0.474721242055795	1.22019330916403	3.11788732779179	1.9922699517662	0.459067004612317	1.09156662370485	2.89297327982755
1.88479737245675	0.278757590537519	1.33843249500321	2.43116224991028	1.77065521604869	0.223661608897701	1.33227846260919	2.20903196948818	1.77065521604869	0.278757590537519	1.21202396751375	2.30594412673833	1.77298982925018	0.263959130591742	1.25518556631208	2.29079409218827
2.37755320471954	0.248369217212341	1.89074953898336	2.86435687045573	2.37545745743364	0.178662212173125	2.02527952157432	2.72563539329297	2.37545745743364	0.248369217212341	1.90741543080274	2.85375972529654	2.38047077917815	0.245453450257583	1.89900791537532	2.86193364298098
2.19433452682882	0.302628792357474	1.60118209380817	2.78748695984947	2.15970712462078	0.233943070729552	1.70117870599086	2.6182355432507	2.15970712462078	0.302628792357474	1.5673961209158	2.69920282541909	2.16377342598071	0.280322883693547	1.61388268519545	2.71366416676598
2.07420511003166	0.36612304210197	1.3566039475118	2.79180627255152	2.1111028124897	0.261692528913925	1.59818545581841	2.62402016916099	2.1111028124897	0.36612304210197	1.29429277957828	2.78061452815614	2.11592396693275	0.35378067104344	1.42184119580705	2.81000673805845
2.0436525857169	0.328348173504907	1.40009016564728	2.68721500578652	1.94686113998571	0.229510277545065	1.49702099599739	2.39670128397404	1.94686113998571	0.328348173504907	1.23155775693198	2.52111092541472	1.94666008223728	0.31964780122777	1.31956642912649	2.57375373534807
2.08699533296733	0.316139409507581	1.46736209033247	2.70662857560219	2.18829924423835	0.211218594787419	1.77431079845501	2.60228769002169	2.18829924423835	0.316139409507581	1.62052899025683	2.76624302104134	2.18744592013298	0.302467906186999	1.59407358434557	2.78081825592038
1.85985576530304	0.279521744186006	1.31199314669847	2.40771838390761	1.76495661882738	0.20786234421601	1.357546424164	2.17236681349076	1.76495661882738	0.279521744186006	1.27171950822882	2.29003662050597	1.76315746295339	0.264477290641046	1.24435439255182	2.28196053335497
2.1487179455552	0.322979223939089	1.51567866663459	2.78175722447582	2.10356823802515	0.236589103201247	1.63985359575071	2.5672828802996	2.10356823802515	0.322979223939089	1.55454006861599	2.70334929900853	2.10383346898923	0.311747306720002	1.49225997991201	2.71540695806645
2.13394582234824	0.266890920716028	1.61083961774483	2.65705202695166	2.06686113053516	0.200513159531706	1.67385533785302	2.4598669232173	2.06686113053516	0.266890920716028	1.57825855772613	2.6527864235139	2.06526422646841	0.248179946398351	1.57844904029179	2.55207941264502
1.72418143410622	0.330436245733264	1.07652639246902	2.37183647574342	1.79316826513971	0.196796570030045	1.40744698788082	2.1788895423986	1.79316826513971	0.330436245733264	1.18250184814923	2.29975254042396	1.7934527921523	0.332825835581474	1.1405000334478	2.4464055508568
1.58126786163845	0.371248963757092	0.853619892674554	2.30891583060235	1.54137256717656	0.298848081975534	0.955630326504509	2.1271148078486	1.54137256717656	0.371248963757092	0.90164673314717	2.32439886237393	1.5481849267917	0.351144376302238	0.859277816564171	2.23709203701923
NA	NA	NA	NA	NA	NA	NA	NA	NA	NA	NA	NA	NA	NA	NA	NA
NA	NA	NA	NA	NA	NA	NA	NA	NA	NA	NA	NA	NA	NA	NA	NA
NA	NA	NA	NA	NA	NA	NA	NA	NA	NA	NA	NA	NA	NA	NA	NA
NA	NA	NA	NA	NA	NA	NA	NA	NA	NA	NA	NA	NA	NA	NA	NA
NA	NA	NA	NA	NA	NA	NA	NA	NA	NA	NA	NA	NA	NA	NA	NA
NA	NA	NA	NA	NA	NA	NA	NA	NA	NA	NA	NA	NA	NA	NA	NA
NA	NA	NA	NA	NA	NA	NA	NA	NA	NA	NA	NA	NA	NA	NA	NA
NA	NA	NA	NA	NA	NA	NA	NA	NA	NA	NA	NA	NA	NA	NA	NA
NA	NA	NA	NA	NA	NA	NA	NA	NA	NA	NA	NA	NA	NA	NA	NA
NA	NA	NA	NA	NA	NA	NA	NA	NA	NA	NA	NA	NA	NA	NA	NA
NA	NA	NA	NA	NA	NA	NA	NA	NA	NA	NA	NA	NA	NA	NA	NA
NA	NA	NA	NA	NA	NA	NA	NA	NA	NA	NA	NA	NA	NA	NA	NA
NA	NA	NA	NA	NA	NA	NA	NA	NA	NA	NA	NA	NA	NA	NA	NA
NA	NA	NA	NA	NA	NA	NA	NA	NA	NA	NA	NA	NA	NA	NA	NA
NA	NA	NA	NA	NA	NA	NA	NA	NA	NA	NA	NA	NA	NA	NA	NA
NA	NA	NA	NA	NA	NA	NA	NA	NA	NA	NA	NA	NA	NA	NA	NA
NA	NA	NA	NA	NA	NA	NA	NA	NA	NA	NA	NA	NA	NA	NA	NA
NA	NA	NA	NA	NA	NA	NA	NA	NA	NA	NA	NA	NA	NA	NA	NA
NA	NA	NA	NA	NA	NA	NA	NA	NA	NA	NA	NA	NA	NA	NA	NA
NA	NA	NA	NA	NA	NA	NA	NA	NA	NA	NA	NA	NA	NA	NA	NA
NA	NA	NA	NA	NA	NA	NA	NA	NA	NA	NA	NA	NA	NA	NA	NA
NA	NA	NA	NA	NA	NA	NA	NA	NA	NA	NA	NA	NA	NA	NA	NA
NA	NA	NA	NA	NA	NA	NA	NA	NA	NA	NA	NA	NA	NA	NA	NA
NA	NA	NA	NA	NA	NA	NA	NA	NA	NA	NA	NA	NA	NA	NA	NA
NA	NA	NA	NA	NA	NA	NA	NA	NA	NA	NA	NA	NA	NA	NA	NA
NA	NA	NA	NA	NA	NA	NA	NA	NA	NA	NA	NA	NA	NA	NA	NA
NA	NA	NA	NA	NA	NA	NA	NA	NA	NA	NA	NA	NA	NA	NA	NA
NA	NA	NA	NA	NA	NA	NA	NA	NA	NA	NA	NA	NA	NA	NA	NA
NA	NA	NA	NA	NA	NA	NA	NA	NA	NA	NA	NA	NA	NA	NA	NA
NA	NA	NA	NA	NA	NA	NA	NA	NA	NA	NA	NA	NA	NA	NA	NA
NA	NA	NA	NA	NA	NA	NA	NA	NA	NA	NA	NA	NA	NA	NA	NA
NA	NA	NA	NA	NA	NA	NA	NA	NA	NA	NA	NA	NA	NA	NA	NA
NA	NA	NA	NA	NA	NA	NA	NA	NA	NA	NA	NA	NA	NA	NA	NA
NA	NA	NA	NA	NA	NA	NA	NA	NA	NA	NA	NA	NA	NA	NA	NA
NA	NA	NA	NA	NA	NA	NA	NA	NA	NA	NA	NA	NA	NA	NA	NA
NA	NA	NA	NA	NA	NA	NA	NA	NA	NA	NA	NA	NA	NA	NA	NA
NA	NA	NA	NA	NA	NA	NA	NA	NA	NA	NA	NA	NA	NA	NA	NA
NA	NA	NA	NA	NA	NA	NA	NA	NA	NA	NA	NA	NA	NA	NA	NA
NA	NA	NA	NA	NA	NA	NA	NA	NA	NA	NA	NA	NA	NA	NA	NA
NA	NA	NA	NA	NA	NA	NA	NA	NA	NA	NA	NA	NA	NA	NA	NA
NA	NA	NA	NA	NA	NA	NA	NA	NA	NA	NA	NA	NA	NA	NA	NA
NA	NA	NA	NA	NA	NA	NA	NA	NA	NA	NA	NA	NA	NA	NA	NA
NA	NA	NA	NA	NA	NA	NA	NA	NA	NA	NA	NA	NA	NA	NA	NA
NA	NA	NA	NA	NA	NA	NA	NA	NA	NA	NA	NA	NA	NA	NA	NA
NA	NA	NA	NA	NA	NA	NA	NA	NA	NA	NA	NA	NA	NA	NA	NA
NA	NA	NA	NA	NA	NA	NA	NA	NA	NA	NA	NA	NA	NA	NA	NA
NA	NA	NA	NA	NA	NA	NA	NA	NA	NA	NA	NA	NA	NA	NA	NA
NA	NA	NA	NA	NA	NA	NA	NA	NA	NA	NA	NA	NA	NA	NA	NA
NA	NA	NA	NA	NA	NA	NA	NA	NA	NA	NA	NA	NA	NA	NA	NA
NA	NA	NA	NA	NA	NA	NA	NA	NA	NA	NA	NA	NA	NA	NA	NA
NA	NA	NA	NA	NA	NA	NA	NA	NA	NA	NA	NA	NA	NA	NA	NA
NA	NA	NA	NA	NA	NA	NA	NA	NA	NA	NA	NA	NA	NA	NA	NA
NA	NA	NA	NA	NA	NA	NA	NA	NA	NA	NA	NA	NA	NA	NA	NA
NA	NA	NA	NA	NA	NA	NA	NA	NA	NA	NA	NA	NA	NA	NA	NA
NA	NA	NA	NA	NA	NA	NA	NA	NA	NA	NA	NA	NA	NA	NA	NA
NA	NA	NA	NA	NA	NA	NA	NA	NA	NA	NA	NA	NA	NA	NA	NA
NA	NA	NA	NA	NA	NA	NA	NA	NA	NA	NA	NA	NA	NA	NA	NA
NA	NA	NA	NA	NA	NA	NA	NA	NA	NA	NA	NA	NA	NA	NA	NA
NA	NA	NA	NA	NA	NA	NA	NA	NA	NA	NA	NA	NA	NA	NA	NA
NA	NA	NA	NA	NA	NA	NA	NA	NA	NA	NA	NA	NA	NA	NA	NA
NA	NA	NA	NA	NA	NA	NA	NA	NA	NA	NA	NA	NA	NA	NA	NA
NA	NA	NA	NA	NA	NA	NA	NA	NA	NA	NA	NA	NA	NA	NA	NA
NA	NA	NA	NA	NA	NA	NA	NA	NA	NA	NA	NA	NA	NA	NA	NA
NA	NA	NA	NA	NA	NA	NA	NA	NA	NA	NA	NA	NA	NA	NA	NA
NA	NA	NA	NA	NA	NA	NA	NA	NA	NA	NA	NA	NA	NA	NA	NA
NA	NA	NA	NA	NA	NA	NA	NA	NA	NA	NA	NA	NA	NA	NA	NA
NA	NA	NA	NA	NA	NA	NA	NA	NA	NA	NA	NA	NA	NA	NA	NA
NA	NA	NA	NA	NA	NA	NA	NA	NA	NA	NA	NA	NA	NA	NA	NA
NA	NA	NA	NA	NA	NA	NA	NA	NA	NA	NA	NA	NA	NA	NA	NA
NA	NA	NA	NA	NA	NA	NA	NA	NA	NA	NA	NA	NA	NA	NA	NA
NA	NA	NA	NA	NA	NA	NA	NA	NA	NA	NA	NA	NA	NA	NA	NA
NA	NA	NA	NA	NA	NA	NA	NA	NA	NA	NA	NA	NA	NA	NA	NA
NA	NA	NA	NA	NA	NA	NA	NA	NA	NA	NA	NA	NA	NA	NA	NA
NA	NA	NA	NA	NA	NA	NA	NA	NA	NA	NA	NA	NA	NA	NA	NA
NA	NA	NA	NA	NA	NA	NA	NA	NA	NA	NA	NA	NA	NA	NA	NA
NA	NA	NA	NA	NA	NA	NA	NA	NA	NA	NA	NA	NA	NA	NA	NA
NA	NA	NA	NA	NA	NA	NA	NA	NA	NA	NA	NA	NA	NA	NA	NA
NA	NA	NA	NA	NA	NA	NA	NA	NA	NA	NA	NA	NA	NA	NA	NA
NA	NA	NA	NA	NA	NA	NA	NA	NA	NA	NA	NA	NA	NA	NA	NA
NA	NA	NA	NA	NA	NA	NA	NA	NA	NA	NA	NA	NA	NA	NA	NA
NA	NA	NA	NA	NA	NA	NA	NA	NA	NA	NA	NA	NA	NA	NA	NA
NA	NA	NA	NA	NA	NA	NA	NA	NA	NA	NA	NA	NA	NA	NA	NA
NA	NA	NA	NA	NA	NA	NA	NA	NA	NA	NA	NA	NA	NA	NA	NA
NA	NA	NA	NA	NA	NA	NA	NA	NA	NA	NA	NA	NA	NA	NA	NA
NA	NA	NA	NA	NA	NA	NA	NA	NA	NA	NA	NA	NA	NA	NA	NA
NA	NA	NA	NA	NA	NA	NA	NA	NA	NA	NA	NA	NA	NA	NA	NA
NA	NA	NA	NA	NA	NA	NA	NA	NA	NA	NA	NA	NA	NA	NA	NA
NA	NA	NA	NA	NA	NA	NA	NA	NA	NA	NA	NA	NA	NA	NA	NA
NA	NA	NA	NA	NA	NA	NA	NA	NA	NA	NA	NA	NA	NA	NA	NA
NA	NA	NA	NA	NA	NA	NA	NA	NA	NA	NA	NA	NA	NA	NA	NA
NA	NA	NA	NA	NA	NA	NA	NA	NA	NA	NA	NA	NA	NA	NA	NA
NA	NA	NA	NA	NA	NA	NA	NA	NA	NA	NA	NA	NA	NA	NA	NA
NA	NA	NA	NA	NA	NA	NA	NA	NA	NA	NA	NA	NA	NA	NA	NA
NA	NA	NA	NA	NA	NA	NA	NA	NA	NA	NA	NA	NA	NA	NA	NA
NA	NA	NA	NA	NA	NA	NA	NA	NA	NA	NA	NA	NA	NA	NA	NA
NA	NA	NA	NA	NA	NA	NA	NA	NA	NA	NA	NA	NA	NA	NA	NA
NA	NA	NA	NA	NA	NA	NA	NA	NA	NA	NA	NA	NA	NA	NA	NA
NA	NA	NA	NA	NA	NA	NA	NA	NA	NA	NA	NA	NA	NA	NA	NA
NA	NA	NA	NA	NA	NA	NA	NA	NA	NA	NA	NA	NA	NA	NA	NA
NA	NA	NA	NA	NA	NA	NA	NA	NA	NA	NA	NA	NA	NA	NA	NA
NA	NA	NA	NA	NA	NA	NA	NA	NA	NA	NA	NA	NA	NA	NA	NA
NA	NA	NA	NA	NA	NA	NA	NA	NA	NA	NA	NA	NA	NA	NA	NA
NA	NA	NA	NA	NA	NA	NA	NA	NA	NA	NA	NA	NA	NA	NA	NA
NA	NA	NA	NA	NA	NA	NA	NA	NA	NA	NA	NA	NA	NA	NA	NA
NA	NA	NA	NA	NA	NA	NA	NA	NA	NA	NA	NA	NA	NA	NA	NA
NA	NA	NA	NA	NA	NA	NA	NA	NA	NA	NA	NA	NA	NA	NA	NA
NA	NA	NA	NA	NA	NA	NA	NA	NA	NA	NA	NA	NA	NA	NA	NA
NA	NA	NA	NA	NA	NA	NA	NA	NA	NA	NA	NA	NA	NA	NA	NA
NA	NA	NA	NA	NA	NA	NA	NA	NA	NA	NA	NA	NA	NA	NA	NA
NA	NA	NA	NA	NA	NA	NA	NA	NA	NA	NA	NA	NA	NA	NA	NA
NA	NA	NA	NA	NA	NA	NA	NA	NA	NA	NA	NA	NA	NA	NA	NA
NA	NA	NA	NA	NA	NA	NA	NA	NA	NA	NA	NA	NA	NA	NA	NA
NA	NA	NA	NA	NA	NA	NA	NA	NA	NA	NA	NA	NA	NA	NA	NA
NA	NA	NA	NA	NA	NA	NA	NA	NA	NA	NA	NA	NA	NA	NA	NA
NA	NA	NA	NA	NA	NA	NA	NA	NA	NA	NA	NA	NA	NA	NA	NA
NA	NA	NA	NA	NA	NA	NA	NA	NA	NA	NA	NA	NA	NA	NA	NA
NA	NA	NA	NA	NA	NA	NA	NA	NA	NA	NA	NA	NA	NA	NA	NA
NA	NA	NA	NA	NA	NA	NA	NA	NA	NA	NA	NA	NA	NA	NA	NA
NA	NA	NA	NA	NA	NA	NA	NA	NA	NA	NA	NA	NA	NA	NA	NA
NA	NA	NA	NA	NA	NA	NA	NA	NA	NA	NA	NA	NA	NA	NA	NA
NA	NA	NA	NA	NA	NA	NA	NA	NA	NA	NA	NA	NA	NA	NA	NA
NA	NA	NA	NA	NA	NA	NA	NA	NA	NA	NA	NA	NA	NA	NA	NA
NA	NA	NA	NA	NA	NA	NA	NA	NA	NA	NA	NA	NA	NA	NA	NA
NA	NA	NA	NA	NA	NA	NA	NA	NA	NA	NA	NA	NA	NA	NA	NA
NA	NA	NA	NA	NA	NA	NA	NA	NA	NA	NA	NA	NA	NA	NA	NA
NA	NA	NA	NA	NA	NA	NA	NA	NA	NA	NA	NA	NA	NA	NA	NA
NA	NA	NA	NA	NA	NA	NA	NA	NA	NA	NA	NA	NA	NA	NA	NA
NA	NA	NA	NA	NA	NA	NA	NA	NA	NA	NA	NA	NA	NA	NA	NA
NA	NA	NA	NA	NA	NA	NA	NA	NA	NA	NA	NA	NA	NA	NA	NA
NA	NA	NA	NA	NA	NA	NA	NA	NA	NA	NA	NA	NA	NA	NA	NA
NA	NA	NA	NA	NA	NA	NA	NA	NA	NA	NA	NA	NA	NA	NA	NA
NA	NA	NA	NA	NA	NA	NA	NA	NA	NA	NA	NA	NA	NA	NA	NA
NA	NA	NA	NA	NA	NA	NA	NA	NA	NA	NA	NA	NA	NA	NA	NA
NA	NA	NA	NA	NA	NA	NA	NA	NA	NA	NA	NA	NA	NA	NA	NA
NA	NA	NA	NA	NA	NA	NA	NA	NA	NA	NA	NA	NA	NA	NA	NA
NA	NA	NA	NA	NA	NA	NA	NA	NA	NA	NA	NA	NA	NA	NA	NA
NA	NA	NA	NA	NA	NA	NA	NA	NA	NA	NA	NA	NA	NA	NA	NA
NA	NA	NA	NA	NA	NA	NA	NA	NA	NA	NA	NA	NA	NA	NA	NA
NA	NA	NA	NA	NA	NA	NA	NA	NA	NA	NA	NA	NA	NA	NA	NA
NA	NA	NA	NA	NA	NA	NA	NA	NA	NA	NA	NA	NA	NA	NA	NA
NA	NA	NA	NA	NA	NA	NA	NA	NA	NA	NA	NA	NA	NA	NA	NA
NA	NA	NA	NA	NA	NA	NA	NA	NA	NA	NA	NA	NA	NA	NA	NA
NA	NA	NA	NA	NA	NA	NA	NA	NA	NA	NA	NA	NA	NA	NA	NA
NA	NA	NA	NA	NA	NA	NA	NA	NA	NA	NA	NA	NA	NA	NA	NA
NA	NA	NA	NA	NA	NA	NA	NA	NA	NA	NA	NA	NA	NA	NA	NA
NA	NA	NA	NA	NA	NA	NA	NA	NA	NA	NA	NA	NA	NA	NA	NA
NA	NA	NA	NA	NA	NA	NA	NA	NA	NA	NA	NA	NA	NA	NA	NA
NA	NA	NA	NA	NA	NA	NA	NA	NA	NA	NA	NA	NA	NA	NA	NA
NA	NA	NA	NA	NA	NA	NA	NA	NA	NA	NA	NA	NA	NA	NA	NA
NA	NA	NA	NA	NA	NA	NA	NA	NA	NA	NA	NA	NA	NA	NA	NA
NA	NA	NA	NA	NA	NA	NA	NA	NA	NA	NA	NA	NA	NA	NA	NA
NA	NA	NA	NA	NA	NA	NA	NA	NA	NA	NA	NA	NA	NA	NA	NA
NA	NA	NA	NA	NA	NA	NA	NA	NA	NA	NA	NA	NA	NA	NA	NA
NA	NA	NA	NA	NA	NA	NA	NA	NA	NA	NA	NA	NA	NA	NA	NA
NA	NA	NA	NA	NA	NA	NA	NA	NA	NA	NA	NA	NA	NA	NA	NA
NA	NA	NA	NA	NA	NA	NA	NA	NA	NA	NA	NA	NA	NA	NA	NA
NA	NA	NA	NA	NA	NA	NA	NA	NA	NA	NA	NA	NA	NA	NA	NA
NA	NA	NA	NA	NA	NA	NA	NA	NA	NA	NA	NA	NA	NA	NA	NA
NA	NA	NA	NA	NA	NA	NA	NA	NA	NA	NA	NA	NA	NA	NA	NA
NA	NA	NA	NA	NA	NA	NA	NA	NA	NA	NA	NA	NA	NA	NA	NA
NA	NA	NA	NA	NA	NA	NA	NA	NA	NA	NA	NA	NA	NA	NA	NA
NA	NA	NA	NA	NA	NA	NA	NA	NA	NA	NA	NA	NA	NA	NA	NA
NA	NA	NA	NA	NA	NA	NA	NA	NA	NA	NA	NA	NA	NA	NA	NA
NA	NA	NA	NA	NA	NA	NA	NA	NA	NA	NA	NA	NA	NA	NA	NA
NA	NA	NA	NA	NA	NA	NA	NA	NA	NA	NA	NA	NA	NA	NA	NA
NA	NA	NA	NA	NA	NA	NA	NA	NA	NA	NA	NA	NA	NA	NA	NA
NA	NA	NA	NA	NA	NA	NA	NA	NA	NA	NA	NA	NA	NA	NA	NA
NA	NA	NA	NA	NA	NA	NA	NA	NA	NA	NA	NA	NA	NA	NA	NA
NA	NA	NA	NA	NA	NA	NA	NA	NA	NA	NA	NA	NA	NA	NA	NA
NA	NA	NA	NA	NA	NA	NA	NA	NA	NA	NA	NA	NA	NA	NA	NA
NA	NA	NA	NA	NA	NA	NA	NA	NA	NA	NA	NA	NA	NA	NA	NA
NA	NA	NA	NA	NA	NA	NA	NA	NA	NA	NA	NA	NA	NA	NA	NA
NA	NA	NA	NA	NA	NA	NA	NA	NA	NA	NA	NA	NA	NA	NA	NA
NA	NA	NA	NA	NA	NA	NA	NA	NA	NA	NA	NA	NA	NA	NA	NA
NA	NA	NA	NA	NA	NA	NA	NA	NA	NA	NA	NA	NA	NA	NA	NA
NA	NA	NA	NA	NA	NA	NA	NA	NA	NA	NA	NA	NA	NA	NA	NA
NA	NA	NA	NA	NA	NA	NA	NA	NA	NA	NA	NA	NA	NA	NA	NA
NA	NA	NA	NA	NA	NA	NA	NA	NA	NA	NA	NA	NA	NA	NA	NA
NA	NA	NA	NA	NA	NA	NA	NA	NA	NA	NA	NA	NA	NA	NA	NA
NA	NA	NA	NA	NA	NA	NA	NA	NA	NA	NA	NA	NA	NA	NA	NA
NA	NA	NA	NA	NA	NA	NA	NA	NA	NA	NA	NA	NA	NA	NA	NA
NA	NA	NA	NA	NA	NA	NA	NA	NA	NA	NA	NA	NA	NA	NA	NA
NA	NA	NA	NA	NA	NA	NA	NA	NA	NA	NA	NA	NA	NA	NA	NA
NA	NA	NA	NA	NA	NA	NA	NA	NA	NA	NA	NA	NA	NA	NA	NA
NA	NA	NA	NA	NA	NA	NA	NA	NA	NA	NA	NA	NA	NA	NA	NA
NA	NA	NA	NA	NA	NA	NA	NA	NA	NA	NA	NA	NA	NA	NA	NA
NA	NA	NA	NA	NA	NA	NA	NA	NA	NA	NA	NA	NA	NA	NA	NA
NA	NA	NA	NA	NA	NA	NA	NA	NA	NA	NA	NA	NA	NA	NA	NA
NA	NA	NA	NA	NA	NA	NA	NA	NA	NA	NA	NA	NA	NA	NA	NA
NA	NA	NA	NA	NA	NA	NA	NA	NA	NA	NA	NA	NA	NA	NA	NA
NA	NA	NA	NA	NA	NA	NA	NA	NA	NA	NA	NA	NA	NA	NA	NA
NA	NA	NA	NA	NA	NA	NA	NA	NA	NA	NA	NA	NA	NA	NA	NA
NA	NA	NA	NA	NA	NA	NA	NA	NA	NA	NA	NA	NA	NA	NA	NA
NA	NA	NA	NA	NA	NA	NA	NA	NA	NA	NA	NA	NA	NA	NA	NA
NA	NA	NA	NA	NA	NA	NA	NA	NA	NA	NA	NA	NA	NA	NA	NA
NA	NA	NA	NA	NA	NA	NA	NA	NA	NA	NA	NA	NA	NA	NA	NA
NA	NA	NA	NA	NA	NA	NA	NA	NA	NA	NA	NA	NA	NA	NA	NA
NA	NA	NA	NA	NA	NA	NA	NA	NA	NA	NA	NA	NA	NA	NA	NA
NA	NA	NA	NA	NA	NA	NA	NA	NA	NA	NA	NA	NA	NA	NA	NA
NA	NA	NA	NA	NA	NA	NA	NA	NA	NA	NA	NA	NA	NA	NA	NA
