X1	X2	X3	X4	X1.1	X2.1	X3.1	X4.1	X1.2	X2.2	X3.2	X4.2	X1.3	X2.3	X3.3	X4.3
NA	NA	NA	NA	NA	NA	NA	NA	NA	NA	NA	NA	NA	NA	NA	NA
NA	NA	NA	NA	NA	NA	NA	NA	NA	NA	NA	NA	NA	NA	NA	NA
NA	NA	NA	NA	NA	NA	NA	NA	NA	NA	NA	NA	NA	NA	NA	NA
NA	NA	NA	NA	NA	NA	NA	NA	NA	NA	NA	NA	NA	NA	NA	NA
NA	NA	NA	NA	NA	NA	NA	NA	NA	NA	NA	NA	NA	NA	NA	NA
NA	NA	NA	NA	NA	NA	NA	NA	NA	NA	NA	NA	NA	NA	NA	NA
NA	NA	NA	NA	NA	NA	NA	NA	NA	NA	NA	NA	NA	NA	NA	NA
NA	NA	NA	NA	NA	NA	NA	NA	NA	NA	NA	NA	NA	NA	NA	NA
NA	NA	NA	NA	NA	NA	NA	NA	NA	NA	NA	NA	NA	NA	NA	NA
NA	NA	NA	NA	NA	NA	NA	NA	NA	NA	NA	NA	NA	NA	NA	NA
NA	NA	NA	NA	NA	NA	NA	NA	NA	NA	NA	NA	NA	NA	NA	NA
NA	NA	NA	NA	NA	NA	NA	NA	NA	NA	NA	NA	NA	NA	NA	NA
NA	NA	NA	NA	NA	NA	NA	NA	NA	NA	NA	NA	NA	NA	NA	NA
NA	NA	NA	NA	NA	NA	NA	NA	NA	NA	NA	NA	NA	NA	NA	NA
NA	NA	NA	NA	NA	NA	NA	NA	NA	NA	NA	NA	NA	NA	NA	NA
NA	NA	NA	NA	NA	NA	NA	NA	NA	NA	NA	NA	NA	NA	NA	NA
NA	NA	NA	NA	NA	NA	NA	NA	NA	NA	NA	NA	NA	NA	NA	NA
NA	NA	NA	NA	NA	NA	NA	NA	NA	NA	NA	NA	NA	NA	NA	NA
NA	NA	NA	NA	NA	NA	NA	NA	NA	NA	NA	NA	NA	NA	NA	NA
NA	NA	NA	NA	NA	NA	NA	NA	NA	NA	NA	NA	NA	NA	NA	NA
NA	NA	NA	NA	NA	NA	NA	NA	NA	NA	NA	NA	NA	NA	NA	NA
NA	NA	NA	NA	NA	NA	NA	NA	NA	NA	NA	NA	NA	NA	NA	NA
NA	NA	NA	NA	NA	NA	NA	NA	NA	NA	NA	NA	NA	NA	NA	NA
NA	NA	NA	NA	NA	NA	NA	NA	NA	NA	NA	NA	NA	NA	NA	NA
NA	NA	NA	NA	NA	NA	NA	NA	NA	NA	NA	NA	NA	NA	NA	NA
NA	NA	NA	NA	NA	NA	NA	NA	NA	NA	NA	NA	NA	NA	NA	NA
NA	NA	NA	NA	NA	NA	NA	NA	NA	NA	NA	NA	NA	NA	NA	NA
NA	NA	NA	NA	NA	NA	NA	NA	NA	NA	NA	NA	NA	NA	NA	NA
NA	NA	NA	NA	NA	NA	NA	NA	NA	NA	NA	NA	NA	NA	NA	NA
NA	NA	NA	NA	NA	NA	NA	NA	NA	NA	NA	NA	NA	NA	NA	NA
NA	NA	NA	NA	NA	NA	NA	NA	NA	NA	NA	NA	NA	NA	NA	NA
NA	NA	NA	NA	NA	NA	NA	NA	NA	NA	NA	NA	NA	NA	NA	NA
NA	NA	NA	NA	NA	NA	NA	NA	NA	NA	NA	NA	NA	NA	NA	NA
NA	NA	NA	NA	NA	NA	NA	NA	NA	NA	NA	NA	NA	NA	NA	NA
NA	NA	NA	NA	NA	NA	NA	NA	NA	NA	NA	NA	NA	NA	NA	NA
NA	NA	NA	NA	NA	NA	NA	NA	NA	NA	NA	NA	NA	NA	NA	NA
NA	NA	NA	NA	NA	NA	NA	NA	NA	NA	NA	NA	NA	NA	NA	NA
NA	NA	NA	NA	NA	NA	NA	NA	NA	NA	NA	NA	NA	NA	NA	NA
NA	NA	NA	NA	NA	NA	NA	NA	NA	NA	NA	NA	NA	NA	NA	NA
NA	NA	NA	NA	NA	NA	NA	NA	NA	NA	NA	NA	NA	NA	NA	NA
NA	NA	NA	NA	NA	NA	NA	NA	NA	NA	NA	NA	NA	NA	NA	NA
NA	NA	NA	NA	NA	NA	NA	NA	NA	NA	NA	NA	NA	NA	NA	NA
NA	NA	NA	NA	NA	NA	NA	NA	NA	NA	NA	NA	NA	NA	NA	NA
NA	NA	NA	NA	NA	NA	NA	NA	NA	NA	NA	NA	NA	NA	NA	NA
NA	NA	NA	NA	NA	NA	NA	NA	NA	NA	NA	NA	NA	NA	NA	NA
NA	NA	NA	NA	NA	NA	NA	NA	NA	NA	NA	NA	NA	NA	NA	NA
NA	NA	NA	NA	NA	NA	NA	NA	NA	NA	NA	NA	NA	NA	NA	NA
NA	NA	NA	NA	NA	NA	NA	NA	NA	NA	NA	NA	NA	NA	NA	NA
NA	NA	NA	NA	NA	NA	NA	NA	NA	NA	NA	NA	NA	NA	NA	NA
NA	NA	NA	NA	NA	NA	NA	NA	NA	NA	NA	NA	NA	NA	NA	NA
NA	NA	NA	NA	NA	NA	NA	NA	NA	NA	NA	NA	NA	NA	NA	NA
NA	NA	NA	NA	NA	NA	NA	NA	NA	NA	NA	NA	NA	NA	NA	NA
NA	NA	NA	NA	NA	NA	NA	NA	NA	NA	NA	NA	NA	NA	NA	NA
NA	NA	NA	NA	NA	NA	NA	NA	NA	NA	NA	NA	NA	NA	NA	NA
NA	NA	NA	NA	NA	NA	NA	NA	NA	NA	NA	NA	NA	NA	NA	NA
NA	NA	NA	NA	NA	NA	NA	NA	NA	NA	NA	NA	NA	NA	NA	NA
NA	NA	NA	NA	NA	NA	NA	NA	NA	NA	NA	NA	NA	NA	NA	NA
NA	NA	NA	NA	NA	NA	NA	NA	NA	NA	NA	NA	NA	NA	NA	NA
NA	NA	NA	NA	NA	NA	NA	NA	NA	NA	NA	NA	NA	NA	NA	NA
NA	NA	NA	NA	NA	NA	NA	NA	NA	NA	NA	NA	NA	NA	NA	NA
NA	NA	NA	NA	NA	NA	NA	NA	NA	NA	NA	NA	NA	NA	NA	NA
NA	NA	NA	NA	NA	NA	NA	NA	NA	NA	NA	NA	NA	NA	NA	NA
NA	NA	NA	NA	NA	NA	NA	NA	NA	NA	NA	NA	NA	NA	NA	NA
NA	NA	NA	NA	NA	NA	NA	NA	NA	NA	NA	NA	NA	NA	NA	NA
NA	NA	NA	NA	NA	NA	NA	NA	NA	NA	NA	NA	NA	NA	NA	NA
NA	NA	NA	NA	NA	NA	NA	NA	NA	NA	NA	NA	NA	NA	NA	NA
NA	NA	NA	NA	NA	NA	NA	NA	NA	NA	NA	NA	NA	NA	NA	NA
NA	NA	NA	NA	NA	NA	NA	NA	NA	NA	NA	NA	NA	NA	NA	NA
NA	NA	NA	NA	NA	NA	NA	NA	NA	NA	NA	NA	NA	NA	NA	NA
NA	NA	NA	NA	NA	NA	NA	NA	NA	NA	NA	NA	NA	NA	NA	NA
NA	NA	NA	NA	NA	NA	NA	NA	NA	NA	NA	NA	NA	NA	NA	NA
NA	NA	NA	NA	NA	NA	NA	NA	NA	NA	NA	NA	NA	NA	NA	NA
NA	NA	NA	NA	NA	NA	NA	NA	NA	NA	NA	NA	NA	NA	NA	NA
NA	NA	NA	NA	NA	NA	NA	NA	NA	NA	NA	NA	NA	NA	NA	NA
NA	NA	NA	NA	NA	NA	NA	NA	NA	NA	NA	NA	NA	NA	NA	NA
NA	NA	NA	NA	NA	NA	NA	NA	NA	NA	NA	NA	NA	NA	NA	NA
NA	NA	NA	NA	NA	NA	NA	NA	NA	NA	NA	NA	NA	NA	NA	NA
NA	NA	NA	NA	NA	NA	NA	NA	NA	NA	NA	NA	NA	NA	NA	NA
NA	NA	NA	NA	NA	NA	NA	NA	NA	NA	NA	NA	NA	NA	NA	NA
NA	NA	NA	NA	NA	NA	NA	NA	NA	NA	NA	NA	NA	NA	NA	NA
NA	NA	NA	NA	NA	NA	NA	NA	NA	NA	NA	NA	NA	NA	NA	NA
NA	NA	NA	NA	NA	NA	NA	NA	NA	NA	NA	NA	NA	NA	NA	NA
NA	NA	NA	NA	NA	NA	NA	NA	NA	NA	NA	NA	NA	NA	NA	NA
NA	NA	NA	NA	NA	NA	NA	NA	NA	NA	NA	NA	NA	NA	NA	NA
NA	NA	NA	NA	NA	NA	NA	NA	NA	NA	NA	NA	NA	NA	NA	NA
NA	NA	NA	NA	NA	NA	NA	NA	NA	NA	NA	NA	NA	NA	NA	NA
NA	NA	NA	NA	NA	NA	NA	NA	NA	NA	NA	NA	NA	NA	NA	NA
NA	NA	NA	NA	NA	NA	NA	NA	NA	NA	NA	NA	NA	NA	NA	NA
NA	NA	NA	NA	NA	NA	NA	NA	NA	NA	NA	NA	NA	NA	NA	NA
NA	NA	NA	NA	NA	NA	NA	NA	NA	NA	NA	NA	NA	NA	NA	NA
NA	NA	NA	NA	NA	NA	NA	NA	NA	NA	NA	NA	NA	NA	NA	NA
NA	NA	NA	NA	NA	NA	NA	NA	NA	NA	NA	NA	NA	NA	NA	NA
NA	NA	NA	NA	NA	NA	NA	NA	NA	NA	NA	NA	NA	NA	NA	NA
NA	NA	NA	NA	NA	NA	NA	NA	NA	NA	NA	NA	NA	NA	NA	NA
NA	NA	NA	NA	NA	NA	NA	NA	NA	NA	NA	NA	NA	NA	NA	NA
NA	NA	NA	NA	NA	NA	NA	NA	NA	NA	NA	NA	NA	NA	NA	NA
NA	NA	NA	NA	NA	NA	NA	NA	NA	NA	NA	NA	NA	NA	NA	NA
NA	NA	NA	NA	NA	NA	NA	NA	NA	NA	NA	NA	NA	NA	NA	NA
NA	NA	NA	NA	NA	NA	NA	NA	NA	NA	NA	NA	NA	NA	NA	NA
NA	NA	NA	NA	NA	NA	NA	NA	NA	NA	NA	NA	NA	NA	NA	NA
2.31387429547735	0.202631336954277	1.91671687504697	2.71103171590773	2.24973009457082	0.172114056611486	1.91238654361231	2.58707364552933	2.24973009457082	0.202631336954277	1.82782636458	2.65602987495945	2.25711197714242	0.188466060867179	1.88749568757845	2.62672826670639
2.10443782310803	0.186786905799109	1.73833548774178	2.47054015847429	2.07200124981183	0.176018342041182	1.72700529941112	2.41699720021255	2.07200124981183	0.186786905799109	1.70320886068101	2.43695785772774	2.07176455789317	0.167863013611867	1.74259680769128	2.40093230809506
1.80355644061918	0.188943188238957	1.43322779167082	2.17388508956753	1.90249995660348	0.167718323969257	1.57377204162374	2.23122787158322	1.90249995660348	0.188943188238957	1.52982410637804	2.25440552057243	1.91075565967593	0.1789335025631	1.55983791323285	2.26167340611902
1.81472756494468	0.217638459404161	1.38815618451252	2.24129894537683	1.73663378631681	0.185896068532836	1.37227749199245	2.10099008064116	1.73663378631681	0.217638459404161	1.29878854771519	2.18762885480159	1.74019624133686	0.202004281093993	1.3440226373865	2.13636984528721
1.88475922186592	0.191597944496952	1.50922725065189	2.26029119307994	1.89220930892878	0.159651554606681	1.57929226189968	2.20512635595787	1.89220930892878	0.191597944496952	1.51898826179206	2.2833843279453	1.89988972218904	0.181663455366909	1.54360763579511	2.25617180858296
1.87873946847766	0.198094328057195	1.49047458548556	2.26700435146976	1.89160265980888	0.178504543742818	1.54173375407296	2.24147156554481	1.89160265980888	0.198094328057195	1.48985475703857	2.28791300116415	1.89433749887134	0.181534265799611	1.53834783394794	2.25032716379474
2.12088658572317	0.201225669829897	1.72648427285657	2.51528889858977	2.15849172043296	0.176648944600625	1.81225978901573	2.50472365185018	2.15849172043296	0.201225669829897	1.76977256077078	2.55105724442975	2.16106897473473	0.185307609353293	1.79768313947595	2.52445480999352
1.68812063940932	0.261466139743221	1.17564700551261	2.20059427330603	1.72312204823466	0.219810922923454	1.29229263930469	2.15395145716463	1.72312204823466	0.261466139743221	1.1925991432378	2.18487638288684	1.73905030356751	0.244939499988317	1.25859731098308	2.21950329615194
1.92329431820817	0.220163063458963	1.4917747138286	2.35481392258774	1.94690735298234	0.179795464083475	1.59450824337873	2.29930646258595	1.94690735298234	0.220163063458963	1.54109018048255	2.36417379240757	1.944632500987	0.206717499328751	1.53920226291517	2.35006273905884
2.11350049334032	0.233398353735882	1.65603972001799	2.57096126666265	2.00742447130634	0.198828868547186	1.61771988895385	2.39712905365882	2.00742447130634	0.233398353735882	1.54017103256474	2.42907304059518	2.01303582930282	0.214272557647907	1.59276637099332	2.43330528761232
2.12563628917574	0.232949777637773	1.66905472500571	2.58221785334578	2.12875294689981	0.207786920222726	1.72149058326326	2.53601531053635	2.12875294689981	0.232949777637773	1.72245916716093	2.65674459807429	2.12520516722191	0.21411102859233	1.70524681283714	2.54516352160668
1.56509706726143	0.215382733214814	1.1429469101604	1.98724722436247	1.6766408766548	0.200295714380724	1.28406127646858	2.06922047684102	1.6766408766548	0.215382733214814	1.24613046600696	2.0869874875781	1.68476120210504	0.200766910538554	1.29102365002003	2.07849875419004
2.06838266729738	0.17314644013759	1.7290156446277	2.40774968996705	2.10062943470392	0.163525693472378	1.78011907549806	2.42113979390978	2.10062943470392	0.17314644013759	1.7529291925765	2.43535241512609	2.1073591898001	0.162043118300677	1.78960665134551	2.42511172825469
1.92730668843662	0.189635885915937	1.55562035204138	2.29899302483185	1.9514305555874	0.16306182406211	1.63182938042567	2.27103173074914	1.9514305555874	0.189635885915937	1.58529570533535	2.31721532177269	1.95471635404071	0.178486677423877	1.60468667716456	2.30474603091686
2.03773244649892	0.224079738149116	1.59853615972665	2.47692873327119	2.08129169178385	0.195602891542714	1.69791002436013	2.46467335920756	2.08129169178385	0.224079738149116	1.62142954474399	2.49026851773387	2.08392138398297	0.208238588835755	1.67550692075193	2.49233584721401
2.06483778522533	0.218632839026802	1.63631742073279	2.49335814971786	2.04841581908146	0.170572867709284	1.71409299837126	2.38273863979166	2.04841581908146	0.218632839026802	1.64989832609417	2.53506078259631	2.04899524763676	0.212286847009064	1.63259587117033	2.46539462410319
1.94871442672167	0.187946637464898	1.58033901729047	2.31708983615287	1.80350397138669	0.162593695056326	1.48482032907629	2.12218761369708	1.80350397138669	0.187946637464898	1.47405045487356	2.21946567364706	1.80325274980108	0.17192447771399	1.46608688133147	2.1404186182707
1.92066396828787	0.20513306970937	1.5186031516575	2.32272478491823	2.05327712267012	0.180165620480307	1.70015250652872	2.40640173881152	2.05327712267012	0.20513306970937	1.67884392038465	2.44305425161699	2.04674917852367	0.186151728616188	1.6817227075433	2.41177564950404
2.00193699011203	0.201275612105008	1.60743679038621	2.39643718983784	1.98893831931003	0.169513933318789	1.6566910100052	2.32118562861485	1.98893831931003	0.201275612105008	1.60728086345288	2.39473455291904	1.99103735523006	0.185079383345859	1.62805089174449	2.35402381871562
1.91132239602106	0.195592265063994	1.52796155649563	2.29468323554649	1.85543989205029	0.175692566903339	1.51108246091975	2.19979732318084	1.85543989205029	0.195592265063994	1.46323044359827	2.23519069681249	1.85424750286141	0.181285413520687	1.49874621525525	2.20974879046757
2.19698737754966	0.173811713157056	1.85631641976183	2.53765833533749	2.24649659465969	0.151676805203454	1.94921005646092	2.54378313285846	2.24649659465969	0.173811713157056	1.92524089732849	2.5713840172297	2.24679453126277	0.15913466608871	1.93473687690273	2.55885218562281
1.75330901985827	0.168541792650336	1.42296710626362	2.08365093345293	1.85151482743196	0.1383405845039	1.58036728180432	2.12266237305961	1.85151482743196	0.168541792650336	1.52498792495687	2.18887381152515	1.86004569595996	0.166997830637063	1.53258888813502	2.18750250378489
1.97009842215325	0.181355694104008	1.6146412617094	2.32555558259711	2.07935071936247	0.153422467243437	1.77864268356533	2.3800587551596	2.07935071936247	0.181355694104008	1.73457840521253	2.42736023101818	2.07508404394061	0.167962294796471	1.74569052702259	2.40447756085864
1.78543759508944	0.177103923087217	1.4383139058385	2.13256128434039	1.76018795777092	0.151695725379815	1.46286433602648	2.05751157951536	1.76018795777092	0.177103923087217	1.43368097783442	2.10355200673441	1.76036523343333	0.170145820983717	1.42672513364487	2.09400533322179
2.04673922979508	0.214240703914896	1.62682745012188	2.46665100946828	2.04771753373259	0.19139430402499	1.67258469784361	2.42285036962158	2.04771753373259	0.214240703914896	1.63421205653923	2.50274600636614	2.05005984533111	0.199579990710602	1.65865415343865	2.44146553722357
1.98586687672969	0.219570948158166	1.55550781833969	2.4162259351197	1.93983818761921	0.190608506903971	1.56624551408743	2.31343086115099	1.93983818761921	0.219570948158166	1.53326954153467	2.37144584064081	1.94319699519745	0.199631776576823	1.55167505120452	2.33471893919037
1.93802964364366	0.201002311306752	1.54406511348242	2.33199417380489	1.94429029749102	0.176358323386992	1.59862798365251	2.28995261132952	1.94429029749102	0.201002311306752	1.55148531790032	2.33513012492307	1.94637434219972	0.192463743078433	1.56889600813633	2.32385267626311
1.82592025144229	0.224091350994337	1.38670120349339	2.26513929939119	1.86013662699152	0.186699135073951	1.49420632224658	2.22606693173647	1.86013662699152	0.224091350994337	1.42462116856273	2.27328887892416	1.86868944858452	0.212800869699401	1.45131281703777	2.28606608013126
2.14687526666387	0.18759946794928	1.77918030948328	2.51457022384446	2.08527532272925	0.173870277199865	1.74448957941752	2.42606106604099	2.08527532272925	0.18759946794928	1.72236383187621	2.4378652913968	2.08377969024771	0.171571843722226	1.74733822318392	2.42022115731149
2.09577922916392	0.228623299805074	1.64767756154597	2.54388089678186	2.12312944313637	0.185160769977661	1.76021433398015	2.48604455229258	2.12312944313637	0.228623299805074	1.64670306087116	2.51943800625576	2.12264802480115	0.217478102169805	1.69609533251683	2.54920071708548
2.00403166302396	0.204547238024786	1.60311907649538	2.40494424955254	2.12329127335303	0.175398666570225	1.77950988687539	2.46707265983067	2.12329127335303	0.204547238024786	1.73389427428967	2.52901792855045	2.1251147440027	0.187244680486799	1.75790639333092	2.49232309467448
2.23732604290365	0.214402239593111	1.81709765330115	2.65755443250615	2.23882124874034	0.175469362064664	1.89490129909359	2.58274119838708	2.23882124874034	0.214402239593111	1.83737204291474	2.65847799631196	2.2371929492883	0.198347549163756	1.84819319213163	2.62619270644496
1.98040485371158	0.194859729469668	1.59847978395103	2.36232992347213	1.95563923953617	0.16727419604747	1.62778181528313	2.28349666378921	1.95563923953617	0.194859729469668	1.59342283941977	2.33128203195824	1.95856388806138	0.180992915428912	1.60362777926535	2.3134999968574
2.15130542403021	0.173452561941451	1.81133840262497	2.49127244543546	2.08519178230443	0.136174491660798	1.81828977864926	2.35209378595959	2.08519178230443	0.173452561941451	1.76483044235816	2.42252869368436	2.0880881222621	0.169568370472033	1.75554554002336	2.42063070450085
2.07438214534445	0.218337598345251	1.64644045258775	2.50232383810114	2.03646158455007	0.181235225151367	1.6812405432534	2.39168262584675	2.03646158455007	0.218337598345251	1.641575442556	2.51364338622353	2.03396344240125	0.205346933906158	1.63120666969288	2.43672021510962
1.95964117699439	0.235630414340109	1.49780556488778	2.42147678910101	2.07037030757065	0.211975242247298	1.65489883276594	2.48584178237535	2.07037030757065	0.235630414340109	1.64238888922802	2.56111032256374	2.06823805281351	0.212486746739749	1.65149947797054	2.48497662765648
2.11127742787933	0.199441314520038	1.72037245142006	2.50218240433861	2.10323632271291	0.174776513373848	1.76067435650016	2.44579828892565	2.10323632271291	0.199441314520038	1.71254200318914	2.47247047387141	2.09576864499969	0.18512420433198	1.7327290829044	2.45880820709497
2.22212814728633	0.245764366042704	1.74042998984263	2.70382630473003	2.09620282388397	0.216035403745122	1.67277343254353	2.51963221522441	2.09620282388397	0.245764366042704	1.61649932471809	2.56205366091878	2.09907902881298	0.233081412008808	1.64192292069925	2.55623513692671
1.94904395676642	0.193397857578144	1.56998415591326	2.32810375761958	1.9577578869083	0.179979981012304	1.60499712412418	2.31051864969241	1.9577578869083	0.193397857578144	1.56808985019616	2.32624614753014	1.96472784620782	0.178151330428509	1.61535405325405	2.31410163916159
1.98436837796026	0.197572249414657	1.59712676910754	2.37160998681299	2.02602389026544	0.170732745458527	1.69138770916673	2.36066007136415	2.02602389026544	0.197572249414657	1.64945292880713	2.40162002938554	2.02185693547013	0.186401064468144	1.65631852266894	2.38739534827131
1.99338747518962	0.194363101153748	1.61243579692828	2.37433915345097	2.19081545929719	0.162377661599471	1.87255524256222	2.50907567603215	2.19081545929719	0.194363101153748	1.81736849298608	2.57458787293141	2.18475426471098	0.182661886902419	1.82653781807002	2.54297071135195
1.87094151618859	0.178662299097839	1.52076340995682	2.22111962242035	1.92777519098667	0.154891842866465	1.6241871789684	2.23136320300494	1.92777519098667	0.178662299097839	1.58846482335782	2.2970959459239	1.92750031768865	0.177654495760236	1.57907197603183	2.27592865934546
1.95942654155363	0.188789951842957	1.58939823594143	2.32945484716583	2.07954000673913	0.160212034993989	1.76552441815091	2.39355559532735	2.07954000673913	0.188789951842957	1.73428814367616	2.45954453438171	2.08468050372332	0.18036712715721	1.73096363753719	2.43839736990945
2.21235757449268	0.229071886465545	1.76337667702021	2.66133847196514	2.19521313056735	0.201068551652335	1.80111876932877	2.58930749180592	2.19521313056735	0.229071886465545	1.75799594411714	2.65200160285245	2.19087377306005	0.208032135530965	1.78287433738125	2.59887320873886
2.05194915704777	0.197092389121393	1.66564807436984	2.4382502397257	1.9574796259289	0.17571241339871	1.61308329566743	2.30187595619037	1.9574796259289	0.197092389121393	1.57872243192263	2.32324900891352	1.95229293210983	0.187346602941642	1.58487170939594	2.31971415482371
1.58059449263002	0.332357380275102	0.929174027290816	2.23201495796922	1.64654491926065	0.260469153572714	1.13602537825813	2.15706446026317	1.64654491926065	0.332357380275102	1.04092350052412	2.26718535537135	1.65711190120942	0.298287543429429	1.0719591541549	2.24226464826394
2.05962263814157	0.246614363594361	1.57625848549662	2.54298679078652	1.99474917316453	0.215900741068187	1.57158372067088	2.41791462565818	1.99474917316453	0.246614363594361	1.50963967086214	2.49608138259059	1.99674148917946	0.232886370374645	1.53995141046616	2.45353156789275
1.79280756308229	0.197421352875449	1.40586171144641	2.17975341471817	1.74108928513231	0.181915905041661	1.38453411125066	2.09764445901397	1.74108928513231	0.197421352875449	1.37149721653422	2.17092876980383	1.73655316718283	0.18086351911719	1.38186373318706	2.09124260117859
2.28800079177125	0.21408500545575	1.86839418107798	2.70760740246452	2.29871823523663	0.195631132832858	1.91528121488423	2.68215525558903	2.29871823523663	0.21408500545575	1.89399651190517	2.73898601663111	2.30085590531293	0.198225742893394	1.91208132248159	2.68963048814427
2.00489867152419	0.17586862981529	1.66019615708622	2.34960118596215	2.02381305801754	0.155887419462209	1.71827371587161	2.32935240016347	2.02381305801754	0.17586862981529	1.68592268486864	2.36321079629533	2.02018980578678	0.165579900321544	1.69549756530766	2.3448820462659
1.64183580792941	0.237893264990644	1.17556500854775	2.10810660731108	1.8461789339479	0.177872241598546	1.49754934041475	2.19480852748105	1.8461789339479	0.237893264990644	1.41390613874089	2.33362974884499	1.83675862064049	0.234482552645663	1.37685254147137	2.2966646998096
1.90162722855256	0.18103186470242	1.54680477373582	2.25644968336931	1.82683475221681	0.157164877930559	1.51879159147291	2.1348779129607	1.82683475221681	0.18103186470242	1.46883522608423	2.17925793277856	1.83054820785341	0.166651707013833	1.50375969336736	2.15733672233947
1.67374643834923	0.230584970972787	1.22179989524257	2.12569298145589	1.79384349633674	0.190004914280591	1.42143386434678	2.1662531283267	1.79384349633674	0.230584970972787	1.37283482878409	2.2381169229834	1.79878710492317	0.227724445772694	1.35208979683847	2.24548441300788
2.11984134466825	0.290292860063091	1.55086733894459	2.6888153503919	2.20906000130247	0.240765309482964	1.73715999471586	2.68096000788908	2.20906000130247	0.290292860063091	1.75566465887888	2.88441295604822	2.20288955328785	0.279218720662487	1.65514042406923	2.75063868250647
2.28326076036823	0.183885467193913	1.92284524466816	2.6436762760683	2.09814801497198	0.162932905959436	1.77879951929148	2.41749651065247	2.09814801497198	0.183885467193913	1.743704398986	2.43413392520945	2.10688356148539	0.174216520606363	1.76524095139672	2.44852617157406
2.09616913621599	0.20863249264715	1.68724945062758	2.50508882180441	2.09972610748392	0.186899488820671	1.7334031093954	2.46604910557243	2.09972610748392	0.20863249264715	1.71707827918098	2.52671521650232	2.09635031573725	0.191765862659455	1.72026465621768	2.47243597525681
1.83712259337296	0.175481819879259	1.49317822640961	2.18106696033631	1.87570711239046	0.16105377086356	1.56004172149789	2.19137250328304	1.87570711239046	0.175481819879259	1.54352301071413	2.21555358048487	1.87951060134729	0.160494958578136	1.56480406270319	2.19421713999139
2.11753753217791	0.195351028080841	1.73464951713946	2.50042554721636	2.05188557348273	0.172043449856311	1.71468041176436	2.3890907352011	2.05188557348273	0.195351028080841	1.64561953358487	2.42321104239298	2.05622599847062	0.182179044278814	1.69897109010519	2.41348090683604
1.71384994421241	0.196427745855015	1.32885156233658	2.09884832608824	1.70921769098085	0.179129541546474	1.35812378954976	2.06031159241193	1.70921769098085	0.196427745855015	1.32400735727232	2.07546737476674	1.7109865487615	0.181440835968909	1.35518761622431	2.06678548129869
2.07953487639363	0.196343057105046	1.69470248446774	2.46436726831952	2.05752212073799	0.172423718394477	1.71957163268482	2.39547260879117	2.05752212073799	0.196343057105046	1.66749194155951	2.42653482745847	2.06412936055332	0.182613240848509	1.7060235801935	2.42223514091314
2.04547378416719	0.209595926399802	1.63466576842358	2.45628179991081	2.12735214186322	0.179716217196878	1.77510835615734	2.47959592756911	2.12735214186322	0.209595926399802	1.71445624702869	2.54737437751304	2.13313689881825	0.192643309764797	1.75531833308077	2.51095546455574
2.07867334007279	0.182100128873372	1.72175708748098	2.43558959266459	2.09679916233337	0.151133055435693	1.80057837367942	2.39301995098733	2.09679916233337	0.182100128873372	1.75985663739331	2.46740373544583	2.09640179174141	0.178341498160543	1.74665321205746	2.44615037142535
2.03025045061816	0.261293535063296	1.5181151218941	2.54238577934222	1.97868574260461	0.221080717561934	1.54536753618322	2.412003949026	1.97868574260461	0.261293535063296	1.49880173244284	2.45865764843636	1.97472156363407	0.239273270564808	1.50540251758438	2.44404060968377
2.37909472246614	0.265642398357933	1.85843562168459	2.89975382324769	2.3119185403335	0.223932158268706	1.87301151012684	2.75082557054017	2.3119185403335	0.265642398357933	1.84405404842736	2.84965674816358	2.31494701687273	0.252523396044323	1.81959334499919	2.81030068874626
1.49740645943952	0.188400135294968	1.12814219426138	1.86667072461766	1.62992291714727	0.166118745019684	1.30433017690869	1.95551565738586	1.62992291714727	0.188400135294968	1.28453150173086	1.99778460552362	1.62939575178219	0.17995226630249	1.27649873214214	1.98229277142223
1.77845015093536	0.214609583343604	1.3578153675819	2.19908493428883	1.93230465088606	0.1838563235352	1.57194625675706	2.29266304501505	1.93230465088606	0.214609583343604	1.51774015476207	2.36297527051251	1.93465803905426	0.201092377524749	1.54026505919065	2.32905101891787
2.03441310551952	0.17226404927101	1.69677556894834	2.3720506420907	1.8908799289873	0.161377137599925	1.57458073929145	2.20717911868316	1.8908799289873	0.17226404927101	1.55884451135467	2.21972504042625	1.88825157477397	0.163058815507954	1.56849418731906	2.20800896222888
2.20461560017216	0.213597650842088	1.78596420452166	2.62326699582265	2.19437428152222	0.188602158738852	1.82471405039407	2.56403451265037	2.19437428152222	0.213597650842088	1.7877911672529	2.60077703161589	2.1953483215684	0.189152824873	1.82439388719765	2.56630275593915
1.72171246831338	0.206007962081952	1.31793686263275	2.125488073994	1.70170579812326	0.188465764621692	1.33231289946474	2.07109869678177	1.70170579812326	0.206007962081952	1.29325507045724	2.08501254203738	1.70774034981075	0.184442861141856	1.34605589688037	2.06942480274114
2.11062220406185	0.181863579435641	1.754169588368	2.46707481975571	1.98723695548918	0.167348004385983	1.65923486689266	2.31523904408571	1.98723695548918	0.181863579435641	1.63456935398353	2.33440400985232	1.98554317308014	0.168079904405798	1.65593344857068	2.3151528975896
1.74711176941776	0.239522736149214	1.2776472065653	2.21657633227022	1.90310157396877	0.199517274471466	1.5120477160047	2.29415543193284	1.90310157396877	0.239522736149214	1.47538033078759	2.39297872475824	1.90770725161569	0.22375072386215	1.46884418928882	2.34657031394255
2.12537488437372	0.281820329440324	1.57300703867069	2.67774273007676	1.99880044564907	0.221453075159334	1.56475241833678	2.43284847296137	1.99880044564907	0.281820329440324	1.41910002163473	2.51831662415759	2.00553713426546	0.264331156486438	1.48701376241237	2.52406050611855
2.27396536097577	0.180466188336986	1.92025163183527	2.62767909011626	2.24948722555733	0.167306681998156	1.92156612884094	2.57740832227371	2.24948722555733	0.180466188336986	1.88319421482862	2.57179205015106	2.24774926722958	0.165477936005368	1.92324835855978	2.57225017589937
2.05879974140192	0.205406345737537	1.65620330375635	2.46139617904749	1.99009793062747	0.193707128247134	1.61043195926309	2.36976390199185	1.99009793062747	0.205406345737537	1.59593938979309	2.37543591463761	1.99028363506974	0.184096454246573	1.62924936445423	2.35131790568526
1.50815992537434	0.218951244938963	1.07901548529397	1.9373043654547	1.60600280535748	0.181713612149508	1.24984412554444	1.96216148517052	1.60600280535748	0.218951244938963	1.20705824208059	2.00465075980565	1.60444606389407	0.194499800691157	1.22300770134244	1.9858844264457
2.02126387799016	0.222984128384316	1.5842149863569	2.45831276962343	2.10923811628344	0.204487408563246	1.70844279549948	2.5100334370674	2.10923811628344	0.222984128384316	1.71457194493345	2.56771335279899	2.1024494800845	0.206762016213973	1.69692985963215	2.50796910053685
1.76339940655389	0.206266197369685	1.35911765970931	2.16768115339847	1.80753190421746	0.181346277153928	1.45209320099577	2.16297060743916	1.80753190421746	0.206266197369685	1.41118697409261	2.21548428622729	1.81355449979727	0.190203631672946	1.4405342322818	2.18657476731274
2.06278137291192	0.209289560366198	1.65257383459417	2.47298891122966	2.00295213629233	0.191364834551343	1.6278770605717	2.37802721201296	2.00295213629233	0.209289560366198	1.58215405867438	2.38889102246409	2.00701321228185	0.193247458208259	1.62800611796611	2.38602030659759
1.61380738176626	0.213651631757151	1.19505018352224	2.03256458001027	1.69105229523044	0.1967382557566	1.30544531394751	2.07665927651338	1.69105229523044	0.213651631757151	1.30656229894393	2.1348060192306	1.69297474957855	0.200013763899145	1.30070613834009	2.08524336081702
1.91804948334412	0.180646694501017	1.56398196212213	2.27211700456612	2.05536945579483	0.169155833561851	1.7238240220136	2.38691488957606	2.05536945579483	0.180646694501017	1.70004639246178	2.44715498986528	2.05636818481954	0.172109116746614	1.71885957779805	2.39387679184103
1.81308860981501	0.211268131618627	1.3990030718425	2.22717414778752	1.99933153646289	0.196974297591464	1.61326191318362	2.38540115974216	1.99933153646289	0.211268131618627	1.59860853723991	2.41183727373211	1.99793609733742	0.192408772422097	1.62058780321485	2.37528439145999
1.97669179574816	0.209058557732838	1.56693702259179	2.38644656890452	2.08422704648258	0.190406006785583	1.71103127318283	2.45742281978232	2.08422704648258	0.209058557732838	1.67559621498521	2.49955144698489	2.08374926241347	0.186654692028787	1.71771788600936	2.44978063881759
2.06954664299487	0.166851324752508	1.74251804647995	2.39657523950979	2.12815072340758	0.15279357141415	1.82867532343585	2.42762612337932	2.12815072340758	0.166851324752508	1.80703849372043	2.46393517335844	2.13219862000003	0.160654976333924	1.81718204125076	2.44721519874931
1.76241719404783	0.199643461042213	1.37111601040509	2.15371837769057	1.80672678973663	0.184529535307623	1.44504890053369	2.16840467893957	1.80672678973663	0.199643461042213	1.42850758035014	2.20695599508398	1.81101022742784	0.18644573877666	1.44536878939034	2.17665166546533
2.27781227917385	0.1919981487839	1.90149590755741	2.6541286507903	2.26405662783322	0.163710380781179	1.94318428150211	2.58492897416433	2.26405662783322	0.1919981487839	1.90445149662589	2.62935083050446	2.2727077787663	0.172794055129015	1.93383524054753	2.61158031698506
2.21329395816314	0.201735379418008	1.81789261450385	2.60869530182244	2.19324172344525	0.177693283540785	1.84496288770531	2.54152055918519	2.19324172344525	0.201735379418008	1.78703914751513	2.59378730315252	2.19823609429216	0.191984843432365	1.82173967803598	2.57473251054834
1.85028758029154	0.244715226510366	1.37064573633122	2.32992942425186	1.81903584837621	0.218092297231714	1.39157494580205	2.24649675095037	1.81903584837621	0.244715226510366	1.33285191301041	2.25206738125808	1.81859342464095	0.216353916493258	1.39425632928254	2.24293051999937
1.8161657546021	0.193099634581356	1.43769047082264	2.19464103838156	1.79671489203768	0.170733629625439	1.46207697797182	2.13135280610354	1.79671489203768	0.193099634581356	1.40647585913197	2.1566431733735	1.80693194319608	0.181164916810117	1.45166934696013	2.16219453943203
1.80850262906133	0.174408930768857	1.46666112475437	2.15034413336829	1.84810539093194	0.162135532435088	1.53031974735916	2.16589103450471	1.84810539093194	0.174408930768857	1.50483664491525	2.19205432185885	1.84810033729976	0.162702155103907	1.52907516775239	2.16712550684713
1.95555449861352	0.193520529964098	1.57625425988389	2.33485473734315	2.04272538622101	0.168245270301593	1.71296465642988	2.37248611601213	2.04272538622101	0.193520529964098	1.6717693523705	2.41015452376304	2.05261239171485	0.182588132933151	1.69454307739863	2.41068170603106
2.00320383811203	0.172717372606014	1.66467778780424	2.34172988841981	2.02012780691845	0.144936590237184	1.73605209005357	2.30420352378333	2.02012780691845	0.172717372606014	1.67841124073293	2.35849106237113	2.01435764459888	0.169002569488787	1.68293611774173	2.34577917145604
1.93232527152336	0.190167805548561	1.55959637264818	2.30505417039854	2.01431128676316	0.165567011625658	1.68979994397688	2.33882262954945	2.01431128676316	0.190167805548561	1.67519364762194	2.45548080249997	2.01572359671845	0.180372646139573	1.66199335469268	2.36945383874422
2.15646206565924	0.208826387140061	1.74716234686472	2.56576178445376	2.16032380493035	0.178278708719136	1.81089753584084	2.50975007401986	2.16032380493035	0.208826387140061	1.77348152185275	2.57330333334287	2.16016716312366	0.192761416478286	1.78212222263449	2.53821210361284
2.07363481858945	0.273169938788524	1.53822173856395	2.60904789861496	2.1198741761063	0.200462205263027	1.72696825379076	2.51278009842183	2.1198741761063	0.273169938788524	1.64363346897354	2.66292740700525	2.11742501809163	0.268571032857087	1.59060174879332	2.64424828738993
1.87709168332937	0.226456851740062	1.43323625391885	2.32094711273989	1.95024770241479	0.196147309117624	1.56579897654425	2.33469642828534	1.95024770241479	0.226456851740062	1.54337752960236	2.40870508443919	1.94621820759265	0.211785779407812	1.53083702092296	2.36159939426233
2.35124331333063	0.194040385811541	1.97092415714001	2.73156246952125	2.13888284377288	0.164550880887764	1.81636311723286	2.46140257031289	2.13888284377288	0.194040385811541	1.76497963249813	2.49498519716363	2.13437365815202	0.186350716956199	1.76891848989225	2.49982882641179
2.18708997452733	0.193500011027726	1.80782995291299	2.56634999614168	2.09911017096005	0.181732865455014	1.74291375466822	2.45530658725188	2.09911017096005	0.193500011027726	1.74172721645913	2.47972181931104	2.09920050457274	0.172626100590182	1.76067282590924	2.43772818323623
2.34819023292592	0.202306524343253	1.95166944521315	2.7447110206387	2.35094986119753	0.173436360166796	2.01101459527061	2.69088512712444	2.35094986119753	0.202306524343253	1.9514518042972	2.74181647573409	2.3507348090599	0.196782795939244	1.96479571265681	2.73667390546298
1.74119394404985	0.245521861940479	1.25997109464651	2.22241679345319	1.80177334074763	0.216651323840394	1.37713674602045	2.2264099354748	1.80177334074763	0.245521861940479	1.33579974529204	2.32436725857546	1.80145958076041	0.231628729515698	1.34712485790568	2.25579430361513
2.0984264035434	0.200814476635161	1.70483002933849	2.49202277774832	2.02380939466798	0.169305113837832	1.69197137154583	2.35564741779013	2.02380939466798	0.200814476635161	1.64707641657803	2.39914875565823	2.02746655277605	0.183739552546001	1.66714095421512	2.38779215133698
NA	NA	NA	NA	NA	NA	NA	NA	NA	NA	NA	NA	NA	NA	NA	NA
NA	NA	NA	NA	NA	NA	NA	NA	NA	NA	NA	NA	NA	NA	NA	NA
NA	NA	NA	NA	NA	NA	NA	NA	NA	NA	NA	NA	NA	NA	NA	NA
NA	NA	NA	NA	NA	NA	NA	NA	NA	NA	NA	NA	NA	NA	NA	NA
NA	NA	NA	NA	NA	NA	NA	NA	NA	NA	NA	NA	NA	NA	NA	NA
NA	NA	NA	NA	NA	NA	NA	NA	NA	NA	NA	NA	NA	NA	NA	NA
NA	NA	NA	NA	NA	NA	NA	NA	NA	NA	NA	NA	NA	NA	NA	NA
NA	NA	NA	NA	NA	NA	NA	NA	NA	NA	NA	NA	NA	NA	NA	NA
NA	NA	NA	NA	NA	NA	NA	NA	NA	NA	NA	NA	NA	NA	NA	NA
NA	NA	NA	NA	NA	NA	NA	NA	NA	NA	NA	NA	NA	NA	NA	NA
NA	NA	NA	NA	NA	NA	NA	NA	NA	NA	NA	NA	NA	NA	NA	NA
NA	NA	NA	NA	NA	NA	NA	NA	NA	NA	NA	NA	NA	NA	NA	NA
NA	NA	NA	NA	NA	NA	NA	NA	NA	NA	NA	NA	NA	NA	NA	NA
NA	NA	NA	NA	NA	NA	NA	NA	NA	NA	NA	NA	NA	NA	NA	NA
NA	NA	NA	NA	NA	NA	NA	NA	NA	NA	NA	NA	NA	NA	NA	NA
NA	NA	NA	NA	NA	NA	NA	NA	NA	NA	NA	NA	NA	NA	NA	NA
NA	NA	NA	NA	NA	NA	NA	NA	NA	NA	NA	NA	NA	NA	NA	NA
NA	NA	NA	NA	NA	NA	NA	NA	NA	NA	NA	NA	NA	NA	NA	NA
NA	NA	NA	NA	NA	NA	NA	NA	NA	NA	NA	NA	NA	NA	NA	NA
NA	NA	NA	NA	NA	NA	NA	NA	NA	NA	NA	NA	NA	NA	NA	NA
NA	NA	NA	NA	NA	NA	NA	NA	NA	NA	NA	NA	NA	NA	NA	NA
NA	NA	NA	NA	NA	NA	NA	NA	NA	NA	NA	NA	NA	NA	NA	NA
NA	NA	NA	NA	NA	NA	NA	NA	NA	NA	NA	NA	NA	NA	NA	NA
NA	NA	NA	NA	NA	NA	NA	NA	NA	NA	NA	NA	NA	NA	NA	NA
NA	NA	NA	NA	NA	NA	NA	NA	NA	NA	NA	NA	NA	NA	NA	NA
NA	NA	NA	NA	NA	NA	NA	NA	NA	NA	NA	NA	NA	NA	NA	NA
NA	NA	NA	NA	NA	NA	NA	NA	NA	NA	NA	NA	NA	NA	NA	NA
NA	NA	NA	NA	NA	NA	NA	NA	NA	NA	NA	NA	NA	NA	NA	NA
NA	NA	NA	NA	NA	NA	NA	NA	NA	NA	NA	NA	NA	NA	NA	NA
NA	NA	NA	NA	NA	NA	NA	NA	NA	NA	NA	NA	NA	NA	NA	NA
NA	NA	NA	NA	NA	NA	NA	NA	NA	NA	NA	NA	NA	NA	NA	NA
NA	NA	NA	NA	NA	NA	NA	NA	NA	NA	NA	NA	NA	NA	NA	NA
NA	NA	NA	NA	NA	NA	NA	NA	NA	NA	NA	NA	NA	NA	NA	NA
NA	NA	NA	NA	NA	NA	NA	NA	NA	NA	NA	NA	NA	NA	NA	NA
NA	NA	NA	NA	NA	NA	NA	NA	NA	NA	NA	NA	NA	NA	NA	NA
NA	NA	NA	NA	NA	NA	NA	NA	NA	NA	NA	NA	NA	NA	NA	NA
NA	NA	NA	NA	NA	NA	NA	NA	NA	NA	NA	NA	NA	NA	NA	NA
NA	NA	NA	NA	NA	NA	NA	NA	NA	NA	NA	NA	NA	NA	NA	NA
NA	NA	NA	NA	NA	NA	NA	NA	NA	NA	NA	NA	NA	NA	NA	NA
NA	NA	NA	NA	NA	NA	NA	NA	NA	NA	NA	NA	NA	NA	NA	NA
NA	NA	NA	NA	NA	NA	NA	NA	NA	NA	NA	NA	NA	NA	NA	NA
NA	NA	NA	NA	NA	NA	NA	NA	NA	NA	NA	NA	NA	NA	NA	NA
NA	NA	NA	NA	NA	NA	NA	NA	NA	NA	NA	NA	NA	NA	NA	NA
NA	NA	NA	NA	NA	NA	NA	NA	NA	NA	NA	NA	NA	NA	NA	NA
NA	NA	NA	NA	NA	NA	NA	NA	NA	NA	NA	NA	NA	NA	NA	NA
NA	NA	NA	NA	NA	NA	NA	NA	NA	NA	NA	NA	NA	NA	NA	NA
NA	NA	NA	NA	NA	NA	NA	NA	NA	NA	NA	NA	NA	NA	NA	NA
NA	NA	NA	NA	NA	NA	NA	NA	NA	NA	NA	NA	NA	NA	NA	NA
NA	NA	NA	NA	NA	NA	NA	NA	NA	NA	NA	NA	NA	NA	NA	NA
NA	NA	NA	NA	NA	NA	NA	NA	NA	NA	NA	NA	NA	NA	NA	NA
NA	NA	NA	NA	NA	NA	NA	NA	NA	NA	NA	NA	NA	NA	NA	NA
NA	NA	NA	NA	NA	NA	NA	NA	NA	NA	NA	NA	NA	NA	NA	NA
NA	NA	NA	NA	NA	NA	NA	NA	NA	NA	NA	NA	NA	NA	NA	NA
NA	NA	NA	NA	NA	NA	NA	NA	NA	NA	NA	NA	NA	NA	NA	NA
NA	NA	NA	NA	NA	NA	NA	NA	NA	NA	NA	NA	NA	NA	NA	NA
NA	NA	NA	NA	NA	NA	NA	NA	NA	NA	NA	NA	NA	NA	NA	NA
NA	NA	NA	NA	NA	NA	NA	NA	NA	NA	NA	NA	NA	NA	NA	NA
NA	NA	NA	NA	NA	NA	NA	NA	NA	NA	NA	NA	NA	NA	NA	NA
NA	NA	NA	NA	NA	NA	NA	NA	NA	NA	NA	NA	NA	NA	NA	NA
NA	NA	NA	NA	NA	NA	NA	NA	NA	NA	NA	NA	NA	NA	NA	NA
NA	NA	NA	NA	NA	NA	NA	NA	NA	NA	NA	NA	NA	NA	NA	NA
NA	NA	NA	NA	NA	NA	NA	NA	NA	NA	NA	NA	NA	NA	NA	NA
NA	NA	NA	NA	NA	NA	NA	NA	NA	NA	NA	NA	NA	NA	NA	NA
NA	NA	NA	NA	NA	NA	NA	NA	NA	NA	NA	NA	NA	NA	NA	NA
NA	NA	NA	NA	NA	NA	NA	NA	NA	NA	NA	NA	NA	NA	NA	NA
NA	NA	NA	NA	NA	NA	NA	NA	NA	NA	NA	NA	NA	NA	NA	NA
NA	NA	NA	NA	NA	NA	NA	NA	NA	NA	NA	NA	NA	NA	NA	NA
NA	NA	NA	NA	NA	NA	NA	NA	NA	NA	NA	NA	NA	NA	NA	NA
NA	NA	NA	NA	NA	NA	NA	NA	NA	NA	NA	NA	NA	NA	NA	NA
NA	NA	NA	NA	NA	NA	NA	NA	NA	NA	NA	NA	NA	NA	NA	NA
NA	NA	NA	NA	NA	NA	NA	NA	NA	NA	NA	NA	NA	NA	NA	NA
NA	NA	NA	NA	NA	NA	NA	NA	NA	NA	NA	NA	NA	NA	NA	NA
NA	NA	NA	NA	NA	NA	NA	NA	NA	NA	NA	NA	NA	NA	NA	NA
NA	NA	NA	NA	NA	NA	NA	NA	NA	NA	NA	NA	NA	NA	NA	NA
NA	NA	NA	NA	NA	NA	NA	NA	NA	NA	NA	NA	NA	NA	NA	NA
NA	NA	NA	NA	NA	NA	NA	NA	NA	NA	NA	NA	NA	NA	NA	NA
NA	NA	NA	NA	NA	NA	NA	NA	NA	NA	NA	NA	NA	NA	NA	NA
NA	NA	NA	NA	NA	NA	NA	NA	NA	NA	NA	NA	NA	NA	NA	NA
NA	NA	NA	NA	NA	NA	NA	NA	NA	NA	NA	NA	NA	NA	NA	NA
NA	NA	NA	NA	NA	NA	NA	NA	NA	NA	NA	NA	NA	NA	NA	NA
NA	NA	NA	NA	NA	NA	NA	NA	NA	NA	NA	NA	NA	NA	NA	NA
NA	NA	NA	NA	NA	NA	NA	NA	NA	NA	NA	NA	NA	NA	NA	NA
NA	NA	NA	NA	NA	NA	NA	NA	NA	NA	NA	NA	NA	NA	NA	NA
NA	NA	NA	NA	NA	NA	NA	NA	NA	NA	NA	NA	NA	NA	NA	NA
NA	NA	NA	NA	NA	NA	NA	NA	NA	NA	NA	NA	NA	NA	NA	NA
NA	NA	NA	NA	NA	NA	NA	NA	NA	NA	NA	NA	NA	NA	NA	NA
NA	NA	NA	NA	NA	NA	NA	NA	NA	NA	NA	NA	NA	NA	NA	NA
NA	NA	NA	NA	NA	NA	NA	NA	NA	NA	NA	NA	NA	NA	NA	NA
NA	NA	NA	NA	NA	NA	NA	NA	NA	NA	NA	NA	NA	NA	NA	NA
NA	NA	NA	NA	NA	NA	NA	NA	NA	NA	NA	NA	NA	NA	NA	NA
NA	NA	NA	NA	NA	NA	NA	NA	NA	NA	NA	NA	NA	NA	NA	NA
NA	NA	NA	NA	NA	NA	NA	NA	NA	NA	NA	NA	NA	NA	NA	NA
NA	NA	NA	NA	NA	NA	NA	NA	NA	NA	NA	NA	NA	NA	NA	NA
NA	NA	NA	NA	NA	NA	NA	NA	NA	NA	NA	NA	NA	NA	NA	NA
NA	NA	NA	NA	NA	NA	NA	NA	NA	NA	NA	NA	NA	NA	NA	NA
NA	NA	NA	NA	NA	NA	NA	NA	NA	NA	NA	NA	NA	NA	NA	NA
NA	NA	NA	NA	NA	NA	NA	NA	NA	NA	NA	NA	NA	NA	NA	NA
NA	NA	NA	NA	NA	NA	NA	NA	NA	NA	NA	NA	NA	NA	NA	NA
NA	NA	NA	NA	NA	NA	NA	NA	NA	NA	NA	NA	NA	NA	NA	NA
NA	NA	NA	NA	NA	NA	NA	NA	NA	NA	NA	NA	NA	NA	NA	NA
NA	NA	NA	NA	NA	NA	NA	NA	NA	NA	NA	NA	NA	NA	NA	NA
NA	NA	NA	NA	NA	NA	NA	NA	NA	NA	NA	NA	NA	NA	NA	NA
NA	NA	NA	NA	NA	NA	NA	NA	NA	NA	NA	NA	NA	NA	NA	NA
NA	NA	NA	NA	NA	NA	NA	NA	NA	NA	NA	NA	NA	NA	NA	NA
NA	NA	NA	NA	NA	NA	NA	NA	NA	NA	NA	NA	NA	NA	NA	NA
NA	NA	NA	NA	NA	NA	NA	NA	NA	NA	NA	NA	NA	NA	NA	NA
NA	NA	NA	NA	NA	NA	NA	NA	NA	NA	NA	NA	NA	NA	NA	NA
NA	NA	NA	NA	NA	NA	NA	NA	NA	NA	NA	NA	NA	NA	NA	NA
NA	NA	NA	NA	NA	NA	NA	NA	NA	NA	NA	NA	NA	NA	NA	NA
NA	NA	NA	NA	NA	NA	NA	NA	NA	NA	NA	NA	NA	NA	NA	NA
NA	NA	NA	NA	NA	NA	NA	NA	NA	NA	NA	NA	NA	NA	NA	NA
NA	NA	NA	NA	NA	NA	NA	NA	NA	NA	NA	NA	NA	NA	NA	NA
NA	NA	NA	NA	NA	NA	NA	NA	NA	NA	NA	NA	NA	NA	NA	NA
NA	NA	NA	NA	NA	NA	NA	NA	NA	NA	NA	NA	NA	NA	NA	NA
NA	NA	NA	NA	NA	NA	NA	NA	NA	NA	NA	NA	NA	NA	NA	NA
NA	NA	NA	NA	NA	NA	NA	NA	NA	NA	NA	NA	NA	NA	NA	NA
NA	NA	NA	NA	NA	NA	NA	NA	NA	NA	NA	NA	NA	NA	NA	NA
NA	NA	NA	NA	NA	NA	NA	NA	NA	NA	NA	NA	NA	NA	NA	NA
NA	NA	NA	NA	NA	NA	NA	NA	NA	NA	NA	NA	NA	NA	NA	NA
NA	NA	NA	NA	NA	NA	NA	NA	NA	NA	NA	NA	NA	NA	NA	NA
NA	NA	NA	NA	NA	NA	NA	NA	NA	NA	NA	NA	NA	NA	NA	NA
NA	NA	NA	NA	NA	NA	NA	NA	NA	NA	NA	NA	NA	NA	NA	NA
NA	NA	NA	NA	NA	NA	NA	NA	NA	NA	NA	NA	NA	NA	NA	NA
NA	NA	NA	NA	NA	NA	NA	NA	NA	NA	NA	NA	NA	NA	NA	NA
NA	NA	NA	NA	NA	NA	NA	NA	NA	NA	NA	NA	NA	NA	NA	NA
NA	NA	NA	NA	NA	NA	NA	NA	NA	NA	NA	NA	NA	NA	NA	NA
NA	NA	NA	NA	NA	NA	NA	NA	NA	NA	NA	NA	NA	NA	NA	NA
NA	NA	NA	NA	NA	NA	NA	NA	NA	NA	NA	NA	NA	NA	NA	NA
NA	NA	NA	NA	NA	NA	NA	NA	NA	NA	NA	NA	NA	NA	NA	NA
NA	NA	NA	NA	NA	NA	NA	NA	NA	NA	NA	NA	NA	NA	NA	NA
NA	NA	NA	NA	NA	NA	NA	NA	NA	NA	NA	NA	NA	NA	NA	NA
NA	NA	NA	NA	NA	NA	NA	NA	NA	NA	NA	NA	NA	NA	NA	NA
NA	NA	NA	NA	NA	NA	NA	NA	NA	NA	NA	NA	NA	NA	NA	NA
NA	NA	NA	NA	NA	NA	NA	NA	NA	NA	NA	NA	NA	NA	NA	NA
NA	NA	NA	NA	NA	NA	NA	NA	NA	NA	NA	NA	NA	NA	NA	NA
NA	NA	NA	NA	NA	NA	NA	NA	NA	NA	NA	NA	NA	NA	NA	NA
NA	NA	NA	NA	NA	NA	NA	NA	NA	NA	NA	NA	NA	NA	NA	NA
NA	NA	NA	NA	NA	NA	NA	NA	NA	NA	NA	NA	NA	NA	NA	NA
NA	NA	NA	NA	NA	NA	NA	NA	NA	NA	NA	NA	NA	NA	NA	NA
NA	NA	NA	NA	NA	NA	NA	NA	NA	NA	NA	NA	NA	NA	NA	NA
NA	NA	NA	NA	NA	NA	NA	NA	NA	NA	NA	NA	NA	NA	NA	NA
NA	NA	NA	NA	NA	NA	NA	NA	NA	NA	NA	NA	NA	NA	NA	NA
NA	NA	NA	NA	NA	NA	NA	NA	NA	NA	NA	NA	NA	NA	NA	NA
NA	NA	NA	NA	NA	NA	NA	NA	NA	NA	NA	NA	NA	NA	NA	NA
NA	NA	NA	NA	NA	NA	NA	NA	NA	NA	NA	NA	NA	NA	NA	NA
NA	NA	NA	NA	NA	NA	NA	NA	NA	NA	NA	NA	NA	NA	NA	NA
NA	NA	NA	NA	NA	NA	NA	NA	NA	NA	NA	NA	NA	NA	NA	NA
NA	NA	NA	NA	NA	NA	NA	NA	NA	NA	NA	NA	NA	NA	NA	NA
NA	NA	NA	NA	NA	NA	NA	NA	NA	NA	NA	NA	NA	NA	NA	NA
NA	NA	NA	NA	NA	NA	NA	NA	NA	NA	NA	NA	NA	NA	NA	NA
NA	NA	NA	NA	NA	NA	NA	NA	NA	NA	NA	NA	NA	NA	NA	NA
NA	NA	NA	NA	NA	NA	NA	NA	NA	NA	NA	NA	NA	NA	NA	NA
NA	NA	NA	NA	NA	NA	NA	NA	NA	NA	NA	NA	NA	NA	NA	NA
NA	NA	NA	NA	NA	NA	NA	NA	NA	NA	NA	NA	NA	NA	NA	NA
NA	NA	NA	NA	NA	NA	NA	NA	NA	NA	NA	NA	NA	NA	NA	NA
NA	NA	NA	NA	NA	NA	NA	NA	NA	NA	NA	NA	NA	NA	NA	NA
NA	NA	NA	NA	NA	NA	NA	NA	NA	NA	NA	NA	NA	NA	NA	NA
NA	NA	NA	NA	NA	NA	NA	NA	NA	NA	NA	NA	NA	NA	NA	NA
NA	NA	NA	NA	NA	NA	NA	NA	NA	NA	NA	NA	NA	NA	NA	NA
NA	NA	NA	NA	NA	NA	NA	NA	NA	NA	NA	NA	NA	NA	NA	NA
NA	NA	NA	NA	NA	NA	NA	NA	NA	NA	NA	NA	NA	NA	NA	NA
NA	NA	NA	NA	NA	NA	NA	NA	NA	NA	NA	NA	NA	NA	NA	NA
NA	NA	NA	NA	NA	NA	NA	NA	NA	NA	NA	NA	NA	NA	NA	NA
NA	NA	NA	NA	NA	NA	NA	NA	NA	NA	NA	NA	NA	NA	NA	NA
NA	NA	NA	NA	NA	NA	NA	NA	NA	NA	NA	NA	NA	NA	NA	NA
NA	NA	NA	NA	NA	NA	NA	NA	NA	NA	NA	NA	NA	NA	NA	NA
NA	NA	NA	NA	NA	NA	NA	NA	NA	NA	NA	NA	NA	NA	NA	NA
NA	NA	NA	NA	NA	NA	NA	NA	NA	NA	NA	NA	NA	NA	NA	NA
NA	NA	NA	NA	NA	NA	NA	NA	NA	NA	NA	NA	NA	NA	NA	NA
NA	NA	NA	NA	NA	NA	NA	NA	NA	NA	NA	NA	NA	NA	NA	NA
NA	NA	NA	NA	NA	NA	NA	NA	NA	NA	NA	NA	NA	NA	NA	NA
NA	NA	NA	NA	NA	NA	NA	NA	NA	NA	NA	NA	NA	NA	NA	NA
NA	NA	NA	NA	NA	NA	NA	NA	NA	NA	NA	NA	NA	NA	NA	NA
NA	NA	NA	NA	NA	NA	NA	NA	NA	NA	NA	NA	NA	NA	NA	NA
NA	NA	NA	NA	NA	NA	NA	NA	NA	NA	NA	NA	NA	NA	NA	NA
NA	NA	NA	NA	NA	NA	NA	NA	NA	NA	NA	NA	NA	NA	NA	NA
NA	NA	NA	NA	NA	NA	NA	NA	NA	NA	NA	NA	NA	NA	NA	NA
NA	NA	NA	NA	NA	NA	NA	NA	NA	NA	NA	NA	NA	NA	NA	NA
NA	NA	NA	NA	NA	NA	NA	NA	NA	NA	NA	NA	NA	NA	NA	NA
NA	NA	NA	NA	NA	NA	NA	NA	NA	NA	NA	NA	NA	NA	NA	NA
NA	NA	NA	NA	NA	NA	NA	NA	NA	NA	NA	NA	NA	NA	NA	NA
NA	NA	NA	NA	NA	NA	NA	NA	NA	NA	NA	NA	NA	NA	NA	NA
NA	NA	NA	NA	NA	NA	NA	NA	NA	NA	NA	NA	NA	NA	NA	NA
NA	NA	NA	NA	NA	NA	NA	NA	NA	NA	NA	NA	NA	NA	NA	NA
NA	NA	NA	NA	NA	NA	NA	NA	NA	NA	NA	NA	NA	NA	NA	NA
NA	NA	NA	NA	NA	NA	NA	NA	NA	NA	NA	NA	NA	NA	NA	NA
NA	NA	NA	NA	NA	NA	NA	NA	NA	NA	NA	NA	NA	NA	NA	NA
NA	NA	NA	NA	NA	NA	NA	NA	NA	NA	NA	NA	NA	NA	NA	NA
NA	NA	NA	NA	NA	NA	NA	NA	NA	NA	NA	NA	NA	NA	NA	NA
NA	NA	NA	NA	NA	NA	NA	NA	NA	NA	NA	NA	NA	NA	NA	NA
NA	NA	NA	NA	NA	NA	NA	NA	NA	NA	NA	NA	NA	NA	NA	NA
NA	NA	NA	NA	NA	NA	NA	NA	NA	NA	NA	NA	NA	NA	NA	NA
NA	NA	NA	NA	NA	NA	NA	NA	NA	NA	NA	NA	NA	NA	NA	NA
NA	NA	NA	NA	NA	NA	NA	NA	NA	NA	NA	NA	NA	NA	NA	NA
NA	NA	NA	NA	NA	NA	NA	NA	NA	NA	NA	NA	NA	NA	NA	NA
NA	NA	NA	NA	NA	NA	NA	NA	NA	NA	NA	NA	NA	NA	NA	NA
NA	NA	NA	NA	NA	NA	NA	NA	NA	NA	NA	NA	NA	NA	NA	NA
NA	NA	NA	NA	NA	NA	NA	NA	NA	NA	NA	NA	NA	NA	NA	NA
NA	NA	NA	NA	NA	NA	NA	NA	NA	NA	NA	NA	NA	NA	NA	NA
NA	NA	NA	NA	NA	NA	NA	NA	NA	NA	NA	NA	NA	NA	NA	NA
NA	NA	NA	NA	NA	NA	NA	NA	NA	NA	NA	NA	NA	NA	NA	NA
NA	NA	NA	NA	NA	NA	NA	NA	NA	NA	NA	NA	NA	NA	NA	NA
NA	NA	NA	NA	NA	NA	NA	NA	NA	NA	NA	NA	NA	NA	NA	NA
NA	NA	NA	NA	NA	NA	NA	NA	NA	NA	NA	NA	NA	NA	NA	NA
NA	NA	NA	NA	NA	NA	NA	NA	NA	NA	NA	NA	NA	NA	NA	NA
NA	NA	NA	NA	NA	NA	NA	NA	NA	NA	NA	NA	NA	NA	NA	NA
NA	NA	NA	NA	NA	NA	NA	NA	NA	NA	NA	NA	NA	NA	NA	NA
NA	NA	NA	NA	NA	NA	NA	NA	NA	NA	NA	NA	NA	NA	NA	NA
NA	NA	NA	NA	NA	NA	NA	NA	NA	NA	NA	NA	NA	NA	NA	NA
NA	NA	NA	NA	NA	NA	NA	NA	NA	NA	NA	NA	NA	NA	NA	NA
NA	NA	NA	NA	NA	NA	NA	NA	NA	NA	NA	NA	NA	NA	NA	NA
NA	NA	NA	NA	NA	NA	NA	NA	NA	NA	NA	NA	NA	NA	NA	NA
NA	NA	NA	NA	NA	NA	NA	NA	NA	NA	NA	NA	NA	NA	NA	NA
NA	NA	NA	NA	NA	NA	NA	NA	NA	NA	NA	NA	NA	NA	NA	NA
NA	NA	NA	NA	NA	NA	NA	NA	NA	NA	NA	NA	NA	NA	NA	NA
NA	NA	NA	NA	NA	NA	NA	NA	NA	NA	NA	NA	NA	NA	NA	NA
NA	NA	NA	NA	NA	NA	NA	NA	NA	NA	NA	NA	NA	NA	NA	NA
NA	NA	NA	NA	NA	NA	NA	NA	NA	NA	NA	NA	NA	NA	NA	NA
NA	NA	NA	NA	NA	NA	NA	NA	NA	NA	NA	NA	NA	NA	NA	NA
NA	NA	NA	NA	NA	NA	NA	NA	NA	NA	NA	NA	NA	NA	NA	NA
NA	NA	NA	NA	NA	NA	NA	NA	NA	NA	NA	NA	NA	NA	NA	NA
NA	NA	NA	NA	NA	NA	NA	NA	NA	NA	NA	NA	NA	NA	NA	NA
NA	NA	NA	NA	NA	NA	NA	NA	NA	NA	NA	NA	NA	NA	NA	NA
NA	NA	NA	NA	NA	NA	NA	NA	NA	NA	NA	NA	NA	NA	NA	NA
NA	NA	NA	NA	NA	NA	NA	NA	NA	NA	NA	NA	NA	NA	NA	NA
NA	NA	NA	NA	NA	NA	NA	NA	NA	NA	NA	NA	NA	NA	NA	NA
NA	NA	NA	NA	NA	NA	NA	NA	NA	NA	NA	NA	NA	NA	NA	NA
NA	NA	NA	NA	NA	NA	NA	NA	NA	NA	NA	NA	NA	NA	NA	NA
NA	NA	NA	NA	NA	NA	NA	NA	NA	NA	NA	NA	NA	NA	NA	NA
NA	NA	NA	NA	NA	NA	NA	NA	NA	NA	NA	NA	NA	NA	NA	NA
NA	NA	NA	NA	NA	NA	NA	NA	NA	NA	NA	NA	NA	NA	NA	NA
NA	NA	NA	NA	NA	NA	NA	NA	NA	NA	NA	NA	NA	NA	NA	NA
NA	NA	NA	NA	NA	NA	NA	NA	NA	NA	NA	NA	NA	NA	NA	NA
NA	NA	NA	NA	NA	NA	NA	NA	NA	NA	NA	NA	NA	NA	NA	NA
NA	NA	NA	NA	NA	NA	NA	NA	NA	NA	NA	NA	NA	NA	NA	NA
NA	NA	NA	NA	NA	NA	NA	NA	NA	NA	NA	NA	NA	NA	NA	NA
NA	NA	NA	NA	NA	NA	NA	NA	NA	NA	NA	NA	NA	NA	NA	NA
NA	NA	NA	NA	NA	NA	NA	NA	NA	NA	NA	NA	NA	NA	NA	NA
NA	NA	NA	NA	NA	NA	NA	NA	NA	NA	NA	NA	NA	NA	NA	NA
NA	NA	NA	NA	NA	NA	NA	NA	NA	NA	NA	NA	NA	NA	NA	NA
NA	NA	NA	NA	NA	NA	NA	NA	NA	NA	NA	NA	NA	NA	NA	NA
NA	NA	NA	NA	NA	NA	NA	NA	NA	NA	NA	NA	NA	NA	NA	NA
NA	NA	NA	NA	NA	NA	NA	NA	NA	NA	NA	NA	NA	NA	NA	NA
NA	NA	NA	NA	NA	NA	NA	NA	NA	NA	NA	NA	NA	NA	NA	NA
NA	NA	NA	NA	NA	NA	NA	NA	NA	NA	NA	NA	NA	NA	NA	NA
NA	NA	NA	NA	NA	NA	NA	NA	NA	NA	NA	NA	NA	NA	NA	NA
NA	NA	NA	NA	NA	NA	NA	NA	NA	NA	NA	NA	NA	NA	NA	NA
NA	NA	NA	NA	NA	NA	NA	NA	NA	NA	NA	NA	NA	NA	NA	NA
NA	NA	NA	NA	NA	NA	NA	NA	NA	NA	NA	NA	NA	NA	NA	NA
NA	NA	NA	NA	NA	NA	NA	NA	NA	NA	NA	NA	NA	NA	NA	NA
NA	NA	NA	NA	NA	NA	NA	NA	NA	NA	NA	NA	NA	NA	NA	NA
NA	NA	NA	NA	NA	NA	NA	NA	NA	NA	NA	NA	NA	NA	NA	NA
NA	NA	NA	NA	NA	NA	NA	NA	NA	NA	NA	NA	NA	NA	NA	NA
NA	NA	NA	NA	NA	NA	NA	NA	NA	NA	NA	NA	NA	NA	NA	NA
NA	NA	NA	NA	NA	NA	NA	NA	NA	NA	NA	NA	NA	NA	NA	NA
NA	NA	NA	NA	NA	NA	NA	NA	NA	NA	NA	NA	NA	NA	NA	NA
NA	NA	NA	NA	NA	NA	NA	NA	NA	NA	NA	NA	NA	NA	NA	NA
NA	NA	NA	NA	NA	NA	NA	NA	NA	NA	NA	NA	NA	NA	NA	NA
NA	NA	NA	NA	NA	NA	NA	NA	NA	NA	NA	NA	NA	NA	NA	NA
NA	NA	NA	NA	NA	NA	NA	NA	NA	NA	NA	NA	NA	NA	NA	NA
NA	NA	NA	NA	NA	NA	NA	NA	NA	NA	NA	NA	NA	NA	NA	NA
NA	NA	NA	NA	NA	NA	NA	NA	NA	NA	NA	NA	NA	NA	NA	NA
NA	NA	NA	NA	NA	NA	NA	NA	NA	NA	NA	NA	NA	NA	NA	NA
NA	NA	NA	NA	NA	NA	NA	NA	NA	NA	NA	NA	NA	NA	NA	NA
NA	NA	NA	NA	NA	NA	NA	NA	NA	NA	NA	NA	NA	NA	NA	NA
NA	NA	NA	NA	NA	NA	NA	NA	NA	NA	NA	NA	NA	NA	NA	NA
NA	NA	NA	NA	NA	NA	NA	NA	NA	NA	NA	NA	NA	NA	NA	NA
NA	NA	NA	NA	NA	NA	NA	NA	NA	NA	NA	NA	NA	NA	NA	NA
NA	NA	NA	NA	NA	NA	NA	NA	NA	NA	NA	NA	NA	NA	NA	NA
NA	NA	NA	NA	NA	NA	NA	NA	NA	NA	NA	NA	NA	NA	NA	NA
NA	NA	NA	NA	NA	NA	NA	NA	NA	NA	NA	NA	NA	NA	NA	NA
NA	NA	NA	NA	NA	NA	NA	NA	NA	NA	NA	NA	NA	NA	NA	NA
NA	NA	NA	NA	NA	NA	NA	NA	NA	NA	NA	NA	NA	NA	NA	NA
NA	NA	NA	NA	NA	NA	NA	NA	NA	NA	NA	NA	NA	NA	NA	NA
NA	NA	NA	NA	NA	NA	NA	NA	NA	NA	NA	NA	NA	NA	NA	NA
NA	NA	NA	NA	NA	NA	NA	NA	NA	NA	NA	NA	NA	NA	NA	NA
NA	NA	NA	NA	NA	NA	NA	NA	NA	NA	NA	NA	NA	NA	NA	NA
NA	NA	NA	NA	NA	NA	NA	NA	NA	NA	NA	NA	NA	NA	NA	NA
NA	NA	NA	NA	NA	NA	NA	NA	NA	NA	NA	NA	NA	NA	NA	NA
NA	NA	NA	NA	NA	NA	NA	NA	NA	NA	NA	NA	NA	NA	NA	NA
NA	NA	NA	NA	NA	NA	NA	NA	NA	NA	NA	NA	NA	NA	NA	NA
NA	NA	NA	NA	NA	NA	NA	NA	NA	NA	NA	NA	NA	NA	NA	NA
NA	NA	NA	NA	NA	NA	NA	NA	NA	NA	NA	NA	NA	NA	NA	NA
NA	NA	NA	NA	NA	NA	NA	NA	NA	NA	NA	NA	NA	NA	NA	NA
NA	NA	NA	NA	NA	NA	NA	NA	NA	NA	NA	NA	NA	NA	NA	NA
NA	NA	NA	NA	NA	NA	NA	NA	NA	NA	NA	NA	NA	NA	NA	NA
NA	NA	NA	NA	NA	NA	NA	NA	NA	NA	NA	NA	NA	NA	NA	NA
NA	NA	NA	NA	NA	NA	NA	NA	NA	NA	NA	NA	NA	NA	NA	NA
NA	NA	NA	NA	NA	NA	NA	NA	NA	NA	NA	NA	NA	NA	NA	NA
NA	NA	NA	NA	NA	NA	NA	NA	NA	NA	NA	NA	NA	NA	NA	NA
NA	NA	NA	NA	NA	NA	NA	NA	NA	NA	NA	NA	NA	NA	NA	NA
NA	NA	NA	NA	NA	NA	NA	NA	NA	NA	NA	NA	NA	NA	NA	NA
NA	NA	NA	NA	NA	NA	NA	NA	NA	NA	NA	NA	NA	NA	NA	NA
NA	NA	NA	NA	NA	NA	NA	NA	NA	NA	NA	NA	NA	NA	NA	NA
NA	NA	NA	NA	NA	NA	NA	NA	NA	NA	NA	NA	NA	NA	NA	NA
NA	NA	NA	NA	NA	NA	NA	NA	NA	NA	NA	NA	NA	NA	NA	NA
NA	NA	NA	NA	NA	NA	NA	NA	NA	NA	NA	NA	NA	NA	NA	NA
NA	NA	NA	NA	NA	NA	NA	NA	NA	NA	NA	NA	NA	NA	NA	NA
NA	NA	NA	NA	NA	NA	NA	NA	NA	NA	NA	NA	NA	NA	NA	NA
NA	NA	NA	NA	NA	NA	NA	NA	NA	NA	NA	NA	NA	NA	NA	NA
