X1	X2	X3	X4	X1.1	X2.1	X3.1	X4.1	X1.2	X2.2	X3.2	X4.2	X1.3	X2.3	X3.3	X4.3
NA	NA	NA	NA	NA	NA	NA	NA	NA	NA	NA	NA	NA	NA	NA	NA
NA	NA	NA	NA	NA	NA	NA	NA	NA	NA	NA	NA	NA	NA	NA	NA
NA	NA	NA	NA	NA	NA	NA	NA	NA	NA	NA	NA	NA	NA	NA	NA
NA	NA	NA	NA	NA	NA	NA	NA	NA	NA	NA	NA	NA	NA	NA	NA
NA	NA	NA	NA	NA	NA	NA	NA	NA	NA	NA	NA	NA	NA	NA	NA
NA	NA	NA	NA	NA	NA	NA	NA	NA	NA	NA	NA	NA	NA	NA	NA
NA	NA	NA	NA	NA	NA	NA	NA	NA	NA	NA	NA	NA	NA	NA	NA
NA	NA	NA	NA	NA	NA	NA	NA	NA	NA	NA	NA	NA	NA	NA	NA
NA	NA	NA	NA	NA	NA	NA	NA	NA	NA	NA	NA	NA	NA	NA	NA
NA	NA	NA	NA	NA	NA	NA	NA	NA	NA	NA	NA	NA	NA	NA	NA
NA	NA	NA	NA	NA	NA	NA	NA	NA	NA	NA	NA	NA	NA	NA	NA
NA	NA	NA	NA	NA	NA	NA	NA	NA	NA	NA	NA	NA	NA	NA	NA
NA	NA	NA	NA	NA	NA	NA	NA	NA	NA	NA	NA	NA	NA	NA	NA
NA	NA	NA	NA	NA	NA	NA	NA	NA	NA	NA	NA	NA	NA	NA	NA
NA	NA	NA	NA	NA	NA	NA	NA	NA	NA	NA	NA	NA	NA	NA	NA
NA	NA	NA	NA	NA	NA	NA	NA	NA	NA	NA	NA	NA	NA	NA	NA
NA	NA	NA	NA	NA	NA	NA	NA	NA	NA	NA	NA	NA	NA	NA	NA
NA	NA	NA	NA	NA	NA	NA	NA	NA	NA	NA	NA	NA	NA	NA	NA
NA	NA	NA	NA	NA	NA	NA	NA	NA	NA	NA	NA	NA	NA	NA	NA
NA	NA	NA	NA	NA	NA	NA	NA	NA	NA	NA	NA	NA	NA	NA	NA
NA	NA	NA	NA	NA	NA	NA	NA	NA	NA	NA	NA	NA	NA	NA	NA
NA	NA	NA	NA	NA	NA	NA	NA	NA	NA	NA	NA	NA	NA	NA	NA
NA	NA	NA	NA	NA	NA	NA	NA	NA	NA	NA	NA	NA	NA	NA	NA
NA	NA	NA	NA	NA	NA	NA	NA	NA	NA	NA	NA	NA	NA	NA	NA
NA	NA	NA	NA	NA	NA	NA	NA	NA	NA	NA	NA	NA	NA	NA	NA
NA	NA	NA	NA	NA	NA	NA	NA	NA	NA	NA	NA	NA	NA	NA	NA
NA	NA	NA	NA	NA	NA	NA	NA	NA	NA	NA	NA	NA	NA	NA	NA
NA	NA	NA	NA	NA	NA	NA	NA	NA	NA	NA	NA	NA	NA	NA	NA
NA	NA	NA	NA	NA	NA	NA	NA	NA	NA	NA	NA	NA	NA	NA	NA
NA	NA	NA	NA	NA	NA	NA	NA	NA	NA	NA	NA	NA	NA	NA	NA
NA	NA	NA	NA	NA	NA	NA	NA	NA	NA	NA	NA	NA	NA	NA	NA
NA	NA	NA	NA	NA	NA	NA	NA	NA	NA	NA	NA	NA	NA	NA	NA
NA	NA	NA	NA	NA	NA	NA	NA	NA	NA	NA	NA	NA	NA	NA	NA
NA	NA	NA	NA	NA	NA	NA	NA	NA	NA	NA	NA	NA	NA	NA	NA
NA	NA	NA	NA	NA	NA	NA	NA	NA	NA	NA	NA	NA	NA	NA	NA
NA	NA	NA	NA	NA	NA	NA	NA	NA	NA	NA	NA	NA	NA	NA	NA
NA	NA	NA	NA	NA	NA	NA	NA	NA	NA	NA	NA	NA	NA	NA	NA
NA	NA	NA	NA	NA	NA	NA	NA	NA	NA	NA	NA	NA	NA	NA	NA
NA	NA	NA	NA	NA	NA	NA	NA	NA	NA	NA	NA	NA	NA	NA	NA
NA	NA	NA	NA	NA	NA	NA	NA	NA	NA	NA	NA	NA	NA	NA	NA
NA	NA	NA	NA	NA	NA	NA	NA	NA	NA	NA	NA	NA	NA	NA	NA
NA	NA	NA	NA	NA	NA	NA	NA	NA	NA	NA	NA	NA	NA	NA	NA
NA	NA	NA	NA	NA	NA	NA	NA	NA	NA	NA	NA	NA	NA	NA	NA
NA	NA	NA	NA	NA	NA	NA	NA	NA	NA	NA	NA	NA	NA	NA	NA
NA	NA	NA	NA	NA	NA	NA	NA	NA	NA	NA	NA	NA	NA	NA	NA
NA	NA	NA	NA	NA	NA	NA	NA	NA	NA	NA	NA	NA	NA	NA	NA
NA	NA	NA	NA	NA	NA	NA	NA	NA	NA	NA	NA	NA	NA	NA	NA
NA	NA	NA	NA	NA	NA	NA	NA	NA	NA	NA	NA	NA	NA	NA	NA
NA	NA	NA	NA	NA	NA	NA	NA	NA	NA	NA	NA	NA	NA	NA	NA
NA	NA	NA	NA	NA	NA	NA	NA	NA	NA	NA	NA	NA	NA	NA	NA
NA	NA	NA	NA	NA	NA	NA	NA	NA	NA	NA	NA	NA	NA	NA	NA
NA	NA	NA	NA	NA	NA	NA	NA	NA	NA	NA	NA	NA	NA	NA	NA
NA	NA	NA	NA	NA	NA	NA	NA	NA	NA	NA	NA	NA	NA	NA	NA
NA	NA	NA	NA	NA	NA	NA	NA	NA	NA	NA	NA	NA	NA	NA	NA
NA	NA	NA	NA	NA	NA	NA	NA	NA	NA	NA	NA	NA	NA	NA	NA
NA	NA	NA	NA	NA	NA	NA	NA	NA	NA	NA	NA	NA	NA	NA	NA
NA	NA	NA	NA	NA	NA	NA	NA	NA	NA	NA	NA	NA	NA	NA	NA
NA	NA	NA	NA	NA	NA	NA	NA	NA	NA	NA	NA	NA	NA	NA	NA
NA	NA	NA	NA	NA	NA	NA	NA	NA	NA	NA	NA	NA	NA	NA	NA
NA	NA	NA	NA	NA	NA	NA	NA	NA	NA	NA	NA	NA	NA	NA	NA
NA	NA	NA	NA	NA	NA	NA	NA	NA	NA	NA	NA	NA	NA	NA	NA
NA	NA	NA	NA	NA	NA	NA	NA	NA	NA	NA	NA	NA	NA	NA	NA
NA	NA	NA	NA	NA	NA	NA	NA	NA	NA	NA	NA	NA	NA	NA	NA
NA	NA	NA	NA	NA	NA	NA	NA	NA	NA	NA	NA	NA	NA	NA	NA
NA	NA	NA	NA	NA	NA	NA	NA	NA	NA	NA	NA	NA	NA	NA	NA
NA	NA	NA	NA	NA	NA	NA	NA	NA	NA	NA	NA	NA	NA	NA	NA
NA	NA	NA	NA	NA	NA	NA	NA	NA	NA	NA	NA	NA	NA	NA	NA
NA	NA	NA	NA	NA	NA	NA	NA	NA	NA	NA	NA	NA	NA	NA	NA
NA	NA	NA	NA	NA	NA	NA	NA	NA	NA	NA	NA	NA	NA	NA	NA
NA	NA	NA	NA	NA	NA	NA	NA	NA	NA	NA	NA	NA	NA	NA	NA
NA	NA	NA	NA	NA	NA	NA	NA	NA	NA	NA	NA	NA	NA	NA	NA
NA	NA	NA	NA	NA	NA	NA	NA	NA	NA	NA	NA	NA	NA	NA	NA
NA	NA	NA	NA	NA	NA	NA	NA	NA	NA	NA	NA	NA	NA	NA	NA
NA	NA	NA	NA	NA	NA	NA	NA	NA	NA	NA	NA	NA	NA	NA	NA
NA	NA	NA	NA	NA	NA	NA	NA	NA	NA	NA	NA	NA	NA	NA	NA
NA	NA	NA	NA	NA	NA	NA	NA	NA	NA	NA	NA	NA	NA	NA	NA
NA	NA	NA	NA	NA	NA	NA	NA	NA	NA	NA	NA	NA	NA	NA	NA
NA	NA	NA	NA	NA	NA	NA	NA	NA	NA	NA	NA	NA	NA	NA	NA
NA	NA	NA	NA	NA	NA	NA	NA	NA	NA	NA	NA	NA	NA	NA	NA
NA	NA	NA	NA	NA	NA	NA	NA	NA	NA	NA	NA	NA	NA	NA	NA
NA	NA	NA	NA	NA	NA	NA	NA	NA	NA	NA	NA	NA	NA	NA	NA
NA	NA	NA	NA	NA	NA	NA	NA	NA	NA	NA	NA	NA	NA	NA	NA
NA	NA	NA	NA	NA	NA	NA	NA	NA	NA	NA	NA	NA	NA	NA	NA
NA	NA	NA	NA	NA	NA	NA	NA	NA	NA	NA	NA	NA	NA	NA	NA
NA	NA	NA	NA	NA	NA	NA	NA	NA	NA	NA	NA	NA	NA	NA	NA
NA	NA	NA	NA	NA	NA	NA	NA	NA	NA	NA	NA	NA	NA	NA	NA
NA	NA	NA	NA	NA	NA	NA	NA	NA	NA	NA	NA	NA	NA	NA	NA
NA	NA	NA	NA	NA	NA	NA	NA	NA	NA	NA	NA	NA	NA	NA	NA
NA	NA	NA	NA	NA	NA	NA	NA	NA	NA	NA	NA	NA	NA	NA	NA
NA	NA	NA	NA	NA	NA	NA	NA	NA	NA	NA	NA	NA	NA	NA	NA
NA	NA	NA	NA	NA	NA	NA	NA	NA	NA	NA	NA	NA	NA	NA	NA
NA	NA	NA	NA	NA	NA	NA	NA	NA	NA	NA	NA	NA	NA	NA	NA
NA	NA	NA	NA	NA	NA	NA	NA	NA	NA	NA	NA	NA	NA	NA	NA
NA	NA	NA	NA	NA	NA	NA	NA	NA	NA	NA	NA	NA	NA	NA	NA
NA	NA	NA	NA	NA	NA	NA	NA	NA	NA	NA	NA	NA	NA	NA	NA
NA	NA	NA	NA	NA	NA	NA	NA	NA	NA	NA	NA	NA	NA	NA	NA
NA	NA	NA	NA	NA	NA	NA	NA	NA	NA	NA	NA	NA	NA	NA	NA
NA	NA	NA	NA	NA	NA	NA	NA	NA	NA	NA	NA	NA	NA	NA	NA
NA	NA	NA	NA	NA	NA	NA	NA	NA	NA	NA	NA	NA	NA	NA	NA
NA	NA	NA	NA	NA	NA	NA	NA	NA	NA	NA	NA	NA	NA	NA	NA
NA	NA	NA	NA	NA	NA	NA	NA	NA	NA	NA	NA	NA	NA	NA	NA
NA	NA	NA	NA	NA	NA	NA	NA	NA	NA	NA	NA	NA	NA	NA	NA
NA	NA	NA	NA	NA	NA	NA	NA	NA	NA	NA	NA	NA	NA	NA	NA
NA	NA	NA	NA	NA	NA	NA	NA	NA	NA	NA	NA	NA	NA	NA	NA
NA	NA	NA	NA	NA	NA	NA	NA	NA	NA	NA	NA	NA	NA	NA	NA
NA	NA	NA	NA	NA	NA	NA	NA	NA	NA	NA	NA	NA	NA	NA	NA
NA	NA	NA	NA	NA	NA	NA	NA	NA	NA	NA	NA	NA	NA	NA	NA
NA	NA	NA	NA	NA	NA	NA	NA	NA	NA	NA	NA	NA	NA	NA	NA
NA	NA	NA	NA	NA	NA	NA	NA	NA	NA	NA	NA	NA	NA	NA	NA
NA	NA	NA	NA	NA	NA	NA	NA	NA	NA	NA	NA	NA	NA	NA	NA
NA	NA	NA	NA	NA	NA	NA	NA	NA	NA	NA	NA	NA	NA	NA	NA
NA	NA	NA	NA	NA	NA	NA	NA	NA	NA	NA	NA	NA	NA	NA	NA
NA	NA	NA	NA	NA	NA	NA	NA	NA	NA	NA	NA	NA	NA	NA	NA
NA	NA	NA	NA	NA	NA	NA	NA	NA	NA	NA	NA	NA	NA	NA	NA
NA	NA	NA	NA	NA	NA	NA	NA	NA	NA	NA	NA	NA	NA	NA	NA
NA	NA	NA	NA	NA	NA	NA	NA	NA	NA	NA	NA	NA	NA	NA	NA
NA	NA	NA	NA	NA	NA	NA	NA	NA	NA	NA	NA	NA	NA	NA	NA
NA	NA	NA	NA	NA	NA	NA	NA	NA	NA	NA	NA	NA	NA	NA	NA
NA	NA	NA	NA	NA	NA	NA	NA	NA	NA	NA	NA	NA	NA	NA	NA
NA	NA	NA	NA	NA	NA	NA	NA	NA	NA	NA	NA	NA	NA	NA	NA
NA	NA	NA	NA	NA	NA	NA	NA	NA	NA	NA	NA	NA	NA	NA	NA
NA	NA	NA	NA	NA	NA	NA	NA	NA	NA	NA	NA	NA	NA	NA	NA
NA	NA	NA	NA	NA	NA	NA	NA	NA	NA	NA	NA	NA	NA	NA	NA
NA	NA	NA	NA	NA	NA	NA	NA	NA	NA	NA	NA	NA	NA	NA	NA
NA	NA	NA	NA	NA	NA	NA	NA	NA	NA	NA	NA	NA	NA	NA	NA
NA	NA	NA	NA	NA	NA	NA	NA	NA	NA	NA	NA	NA	NA	NA	NA
NA	NA	NA	NA	NA	NA	NA	NA	NA	NA	NA	NA	NA	NA	NA	NA
NA	NA	NA	NA	NA	NA	NA	NA	NA	NA	NA	NA	NA	NA	NA	NA
NA	NA	NA	NA	NA	NA	NA	NA	NA	NA	NA	NA	NA	NA	NA	NA
NA	NA	NA	NA	NA	NA	NA	NA	NA	NA	NA	NA	NA	NA	NA	NA
NA	NA	NA	NA	NA	NA	NA	NA	NA	NA	NA	NA	NA	NA	NA	NA
NA	NA	NA	NA	NA	NA	NA	NA	NA	NA	NA	NA	NA	NA	NA	NA
NA	NA	NA	NA	NA	NA	NA	NA	NA	NA	NA	NA	NA	NA	NA	NA
NA	NA	NA	NA	NA	NA	NA	NA	NA	NA	NA	NA	NA	NA	NA	NA
NA	NA	NA	NA	NA	NA	NA	NA	NA	NA	NA	NA	NA	NA	NA	NA
NA	NA	NA	NA	NA	NA	NA	NA	NA	NA	NA	NA	NA	NA	NA	NA
NA	NA	NA	NA	NA	NA	NA	NA	NA	NA	NA	NA	NA	NA	NA	NA
NA	NA	NA	NA	NA	NA	NA	NA	NA	NA	NA	NA	NA	NA	NA	NA
NA	NA	NA	NA	NA	NA	NA	NA	NA	NA	NA	NA	NA	NA	NA	NA
NA	NA	NA	NA	NA	NA	NA	NA	NA	NA	NA	NA	NA	NA	NA	NA
NA	NA	NA	NA	NA	NA	NA	NA	NA	NA	NA	NA	NA	NA	NA	NA
NA	NA	NA	NA	NA	NA	NA	NA	NA	NA	NA	NA	NA	NA	NA	NA
NA	NA	NA	NA	NA	NA	NA	NA	NA	NA	NA	NA	NA	NA	NA	NA
NA	NA	NA	NA	NA	NA	NA	NA	NA	NA	NA	NA	NA	NA	NA	NA
NA	NA	NA	NA	NA	NA	NA	NA	NA	NA	NA	NA	NA	NA	NA	NA
NA	NA	NA	NA	NA	NA	NA	NA	NA	NA	NA	NA	NA	NA	NA	NA
NA	NA	NA	NA	NA	NA	NA	NA	NA	NA	NA	NA	NA	NA	NA	NA
NA	NA	NA	NA	NA	NA	NA	NA	NA	NA	NA	NA	NA	NA	NA	NA
NA	NA	NA	NA	NA	NA	NA	NA	NA	NA	NA	NA	NA	NA	NA	NA
NA	NA	NA	NA	NA	NA	NA	NA	NA	NA	NA	NA	NA	NA	NA	NA
NA	NA	NA	NA	NA	NA	NA	NA	NA	NA	NA	NA	NA	NA	NA	NA
NA	NA	NA	NA	NA	NA	NA	NA	NA	NA	NA	NA	NA	NA	NA	NA
NA	NA	NA	NA	NA	NA	NA	NA	NA	NA	NA	NA	NA	NA	NA	NA
NA	NA	NA	NA	NA	NA	NA	NA	NA	NA	NA	NA	NA	NA	NA	NA
NA	NA	NA	NA	NA	NA	NA	NA	NA	NA	NA	NA	NA	NA	NA	NA
NA	NA	NA	NA	NA	NA	NA	NA	NA	NA	NA	NA	NA	NA	NA	NA
NA	NA	NA	NA	NA	NA	NA	NA	NA	NA	NA	NA	NA	NA	NA	NA
NA	NA	NA	NA	NA	NA	NA	NA	NA	NA	NA	NA	NA	NA	NA	NA
NA	NA	NA	NA	NA	NA	NA	NA	NA	NA	NA	NA	NA	NA	NA	NA
NA	NA	NA	NA	NA	NA	NA	NA	NA	NA	NA	NA	NA	NA	NA	NA
NA	NA	NA	NA	NA	NA	NA	NA	NA	NA	NA	NA	NA	NA	NA	NA
NA	NA	NA	NA	NA	NA	NA	NA	NA	NA	NA	NA	NA	NA	NA	NA
NA	NA	NA	NA	NA	NA	NA	NA	NA	NA	NA	NA	NA	NA	NA	NA
NA	NA	NA	NA	NA	NA	NA	NA	NA	NA	NA	NA	NA	NA	NA	NA
NA	NA	NA	NA	NA	NA	NA	NA	NA	NA	NA	NA	NA	NA	NA	NA
NA	NA	NA	NA	NA	NA	NA	NA	NA	NA	NA	NA	NA	NA	NA	NA
NA	NA	NA	NA	NA	NA	NA	NA	NA	NA	NA	NA	NA	NA	NA	NA
NA	NA	NA	NA	NA	NA	NA	NA	NA	NA	NA	NA	NA	NA	NA	NA
NA	NA	NA	NA	NA	NA	NA	NA	NA	NA	NA	NA	NA	NA	NA	NA
NA	NA	NA	NA	NA	NA	NA	NA	NA	NA	NA	NA	NA	NA	NA	NA
NA	NA	NA	NA	NA	NA	NA	NA	NA	NA	NA	NA	NA	NA	NA	NA
NA	NA	NA	NA	NA	NA	NA	NA	NA	NA	NA	NA	NA	NA	NA	NA
NA	NA	NA	NA	NA	NA	NA	NA	NA	NA	NA	NA	NA	NA	NA	NA
NA	NA	NA	NA	NA	NA	NA	NA	NA	NA	NA	NA	NA	NA	NA	NA
NA	NA	NA	NA	NA	NA	NA	NA	NA	NA	NA	NA	NA	NA	NA	NA
NA	NA	NA	NA	NA	NA	NA	NA	NA	NA	NA	NA	NA	NA	NA	NA
NA	NA	NA	NA	NA	NA	NA	NA	NA	NA	NA	NA	NA	NA	NA	NA
NA	NA	NA	NA	NA	NA	NA	NA	NA	NA	NA	NA	NA	NA	NA	NA
NA	NA	NA	NA	NA	NA	NA	NA	NA	NA	NA	NA	NA	NA	NA	NA
NA	NA	NA	NA	NA	NA	NA	NA	NA	NA	NA	NA	NA	NA	NA	NA
NA	NA	NA	NA	NA	NA	NA	NA	NA	NA	NA	NA	NA	NA	NA	NA
NA	NA	NA	NA	NA	NA	NA	NA	NA	NA	NA	NA	NA	NA	NA	NA
NA	NA	NA	NA	NA	NA	NA	NA	NA	NA	NA	NA	NA	NA	NA	NA
NA	NA	NA	NA	NA	NA	NA	NA	NA	NA	NA	NA	NA	NA	NA	NA
NA	NA	NA	NA	NA	NA	NA	NA	NA	NA	NA	NA	NA	NA	NA	NA
NA	NA	NA	NA	NA	NA	NA	NA	NA	NA	NA	NA	NA	NA	NA	NA
NA	NA	NA	NA	NA	NA	NA	NA	NA	NA	NA	NA	NA	NA	NA	NA
NA	NA	NA	NA	NA	NA	NA	NA	NA	NA	NA	NA	NA	NA	NA	NA
NA	NA	NA	NA	NA	NA	NA	NA	NA	NA	NA	NA	NA	NA	NA	NA
NA	NA	NA	NA	NA	NA	NA	NA	NA	NA	NA	NA	NA	NA	NA	NA
NA	NA	NA	NA	NA	NA	NA	NA	NA	NA	NA	NA	NA	NA	NA	NA
NA	NA	NA	NA	NA	NA	NA	NA	NA	NA	NA	NA	NA	NA	NA	NA
NA	NA	NA	NA	NA	NA	NA	NA	NA	NA	NA	NA	NA	NA	NA	NA
NA	NA	NA	NA	NA	NA	NA	NA	NA	NA	NA	NA	NA	NA	NA	NA
NA	NA	NA	NA	NA	NA	NA	NA	NA	NA	NA	NA	NA	NA	NA	NA
NA	NA	NA	NA	NA	NA	NA	NA	NA	NA	NA	NA	NA	NA	NA	NA
NA	NA	NA	NA	NA	NA	NA	NA	NA	NA	NA	NA	NA	NA	NA	NA
NA	NA	NA	NA	NA	NA	NA	NA	NA	NA	NA	NA	NA	NA	NA	NA
NA	NA	NA	NA	NA	NA	NA	NA	NA	NA	NA	NA	NA	NA	NA	NA
NA	NA	NA	NA	NA	NA	NA	NA	NA	NA	NA	NA	NA	NA	NA	NA
2.07728676965396	0.548445224514114	1.00233412960629	3.15223940970162	1.97565352656646	0.296578232246126	1.39436019136405	2.55694686176886	1.97565352656646	0.548445224514114	1.48009269680176	2.57168496790219	1.97203732626302	0.512253854984273	0.966907402239076	2.97716725028697
1.56868893519122	0.400154134944707	0.784386830699591	2.35299103968284	1.35754897473911	0.310803470844549	0.74837417188379	1.96672377759442	1.35754897473911	0.400154134944707	0.538858689928034	2.16903786696236	1.36746118047808	0.380581084192411	0.620799731574444	2.11412262938172
2.06161382751269	0.344009091130557	1.3873560088968	2.73587164612859	2.18819386081257	0.246313372085106	1.70541965152576	2.67096807009938	2.18819386081257	0.344009091130557	1.61675171734306	3.08249713027337	2.18206695422966	0.328319810795999	1.53796176599371	2.8261721424656
2.01700002405969	0.319459086104787	1.39086021529431	2.64313983282507	2.06818504116014	0.227158607032483	1.62295417137647	2.5134159109438	2.06818504116014	0.319459086104787	1.40679022963428	2.64349052112408	2.0689953093418	0.301332249538707	1.47784050102144	2.66015011766216
1.84123331577964	0.295820711746035	1.26142472075741	2.42104191080187	1.73697954621877	0.221544833713632	1.30275167214005	2.17120742029749	1.73697954621877	0.295820711746035	1.08774634656022	2.26842650087599	1.74782186279982	0.283307982161469	1.19206590052021	2.30357782507943
1.94446217076949	1.04492388935394	-0.103588652364238	3.99251299390321	1.89006384641131	0.474807116252626	0.959441898556159	2.82068579426645	1.89006384641131	1.04492388935394	1.08950451169352	2.64633267662492	1.89683133979648	0.921176268438937	0.089237991411135	3.70442468818183
1.92454240148119	0.417433008652454	1.10637370452238	2.74271109844	1.90495445946656	0.326325501731099	1.26535647607361	2.54455244285951	1.90495445946656	0.417433008652454	1.06208866568058	2.73080623217784	1.90268585658539	0.394839209389016	1.12803902283354	2.67733269033725
2.00224833528456	0.313691701372452	1.38741260059455	2.61708406997456	2.14521071521232	0.24661358074075	1.66184809696045	2.62857333346419	2.14521071521232	0.313691701372452	1.63234220479168	2.88193661137111	2.14647474135151	0.296086836272587	1.56564316279889	2.72730631990412
1.57604301619014	0.506989944471972	0.582342725025072	2.5697433073552	1.62116518509095	0.333845168710589	0.966828654418196	2.27550171576371	1.62116518509095	0.506989944471972	0.836807100930795	2.79532475021952	1.63189928977435	0.493590279047995	0.663436857261938	2.60036172228677
1.64290499547875	0.36253142831754	0.93234339597637	2.35346659498113	1.98315249723823	0.236437308130562	1.51973537330233	2.44656962117413	1.98315249723823	0.36253142831754	1.28303202896666	2.68538478364709	1.98147249645967	0.352418527193592	1.29008124251833	2.672863750401
1.97439231135126	0.335312930120334	1.3171789683154	2.63160565438711	1.94772287782871	0.262322077660423	1.43357160561428	2.46187415004314	1.94772287782871	0.335312930120334	1.28676492608971	2.546085102093	1.96361847949212	0.323924158249445	1.32816633356973	2.59907062541451
2.26341762886534	0.356673455177738	1.56433765671698	2.96249760101371	2.35531445056056	0.266151933803948	1.83365666030482	2.8769722408163	2.35531445056056	0.356673455177738	1.78918599830204	3.13821992746957	2.35928450553309	0.342819812277672	1.68671969009309	3.03184932097309
2.10586140617409	0.26500815056872	1.5864454310594	2.62527738128878	2.06276260792033	0.196673586382718	1.6772823786102	2.44824283723045	2.06276260792033	0.26500815056872	1.60969812023199	2.6093017266593	2.05514513642394	0.255831577136891	1.55328937483165	2.55700089801623
1.87405293883366	0.24900617669818	1.38600083250522	2.36210504516209	1.8144087116723	0.191909203181815	1.43826667343594	2.19055074990866	1.8144087116723	0.24900617669818	1.39264436205662	2.31345193947588	1.8142238464716	0.229657261596632	1.3637666856475	2.26468100729571
2.0197712188094	0.3810890329689	1.27283671419036	2.76670572342845	2.09911913596576	0.264239705688642	1.58120931281602	2.6170289591155	2.09911913596576	0.3810890329689	1.39719348823125	2.8649498143546	2.09732416523966	0.362224202875138	1.38667111417182	2.8079772163075
1.97938616976268	0.284370821587837	1.42201935945052	2.53675298007484	2.10979929796153	0.192007441514945	1.73346471259224	2.48613388333082	2.10979929796153	0.284370821587837	1.60677787599721	2.7262409597289	2.1016277822174	0.273093771074914	1.56591523185015	2.63734033258465
1.92988916747939	0.296858898593028	1.34804572623706	2.51173260872173	2.06197613248047	0.203048506511735	1.66400105971747	2.45995120524347	2.06197613248047	0.296858898593028	1.47546415303857	2.6857239120956	2.06675811241286	0.290378865051293	1.49708898393616	2.63642724088956
1.88656757427737	0.281325999715373	1.33516861483524	2.4379665337195	1.94417871633242	0.209245855730604	1.53405683910043	2.3543005935644	1.94417871633242	0.281325999715373	1.42197247384805	2.48589450529718	1.95359584350433	0.268563983711762	1.42675268051098	2.48043900649768
2.0483626412211	0.440118999220404	1.18572940274911	2.91099587969309	2.00934262118774	0.305017672172139	1.41150798373034	2.60717725864513	2.00934262118774	0.440118999220404	1.05870842794498	2.8180217668579	2.01192115161856	0.417604688646722	1.19257893327727	2.83126336995986
1.70758254848722	0.391289293038794	0.940655534131181	2.47450956284325	1.61569058009799	0.287578832233839	1.05203606891967	2.17934509127631	1.61569058009799	0.391289293038794	0.762028756709045	2.36763606942938	1.62068384757679	0.374395255778615	0.886154539022773	2.35521315613081
2.04582874312651	0.418243977214544	1.226070547786	2.86558693846701	2.09361020402432	0.270073928284322	1.56426530458705	2.62295510346159	2.09361020402432	0.418243977214544	1.33719109227016	2.88514857987837	2.09708037841995	0.396361901517137	1.31942166067683	2.87473909616306
2.14512878735985	0.240552928225863	1.67364504803716	2.61661252668254	2.17499669463135	0.178713833489854	1.82471758099124	2.52527580827146	2.17499669463135	0.240552928225863	1.76527302743585	2.70239237101933	2.166548004034	0.231189673178376	1.7130645892108	2.62003141885719
2.07856010097255	0.247576233686812	1.5933106829464	2.56380951899871	2.12621053917332	0.171597035998686	1.7898803486159	2.46254072973075	2.12621053917332	0.247576233686812	1.62200443890349	2.61260776290582	2.1279828395388	0.243902449083465	1.64955445615877	2.60641122291884
1.56880817738934	0.340052599939109	0.902305081508683	2.23531127326999	1.79385689837064	0.21872362722971	1.36515858900041	2.22255520774087	1.79385689837064	0.340052599939109	1.13517772361419	2.40670272730404	1.79672445711407	0.327138613838985	1.15493536368075	2.43851355054739
1.78166562258658	0.28895575764784	1.21531233759681	2.34801890757634	1.77820059069526	0.217996583321167	1.35092728738578	2.20547389400475	1.77820059069526	0.28895575764784	1.17014635576499	2.32425872447137	1.78270199691066	0.272637972753027	1.24788720954827	2.31751678427305
2.01463575825259	0.375789916691582	1.27808752153709	2.75118399496809	1.97600196473853	0.272989556867397	1.44094243327843	2.51106149619863	1.97600196473853	0.375789916691582	1.08834658485939	2.50463207771289	1.97978468435166	0.355150744925608	1.28300861659861	2.6765607521047
2.03271737473363	0.359667430472453	1.32776921100762	2.73766553845964	2.21087649377563	0.250670685611224	1.71956194997763	2.70219103757363	2.21087649377563	0.359667430472453	1.5842142866047	2.97063806558865	2.20671469784136	0.350954189551027	1.51820995476386	2.89521944091886
1.99328925238803	0.313793263310122	1.37825445630019	2.60832404847587	2.01449406894688	0.208609131669583	1.60562017087449	2.42336796701926	2.01449406894688	0.313793263310122	1.41590870062891	2.64669537370764	2.00824529504623	0.301608073240487	1.41654069733688	2.59994989275559
2.00900857349097	0.28867702812621	1.4432015983636	2.57481554861835	1.9505162034006	0.212845658465294	1.53333871280862	2.36769369399257	1.9505162034006	0.28867702812621	1.40741321522856	2.45554610821101	1.95452279328429	0.281593117031789	1.40211619195614	2.50692939461244
2.10607714410345	0.31211569474131	1.49433038241049	2.71782390579642	2.06608532584129	0.224598621970076	1.62587202677994	2.50629862490264	2.06608532584129	0.31211569474131	1.44461553480445	2.61395285872101	2.07159400402904	0.287924211931205	1.50675170814494	2.63643629991315
1.66188924857944	0.309730865696266	1.05481675181476	2.26896174534412	1.92267930969664	0.239219815594929	1.45380847113058	2.3915501482627	1.92267930969664	0.309730865696266	1.36522891350911	2.54657834835295	1.92274283713328	0.301308048769847	1.3316479794979	2.51383769476866
2.29272698178545	0.346806278887594	1.61298667516576	2.97246728840513	2.21894654266798	0.261386905014633	1.7066282088393	2.73126487649666	2.21894654266798	0.346806278887594	1.50779533327193	2.83357770227649	2.21212230942682	0.328132675954955	1.5683796631818	2.85586495567184
1.69400548452503	0.409833198550623	0.890732415365812	2.49727855368425	1.63251766408225	0.291497494303156	1.06118257524806	2.20385275291643	1.63251766408225	0.409833198550623	0.857381200932868	2.44511806928866	1.63655240950396	0.396230482391814	0.859160362275955	2.41394445673197
1.96920267526367	0.226042030275066	1.52616029592454	2.4122450546028	2.06695717876046	0.180420545771012	1.71333290904928	2.42058144847165	2.06695717876046	0.226042030275066	1.63693608921083	2.51294764698964	2.0648567411982	0.208733802870676	1.65546432659402	2.47424915580237
2.42712034280025	0.426923668247468	1.59034995303521	3.26389073256528	2.39049838363092	0.313591324325755	1.77585938795244	3.0051373793094	2.39049838363092	0.426923668247468	1.43264004366778	3.16357145180281	2.39795168670751	0.409663079826812	1.59422772710313	3.20167564631188
2.10927584908463	0.363371217088018	1.39706826359212	2.82148343457715	2.17357495000548	0.25655305695571	1.67073095837229	2.67641894163867	2.17357495000548	0.363371217088018	1.5387870575537	2.96710585228471	2.16617551758461	0.348212899349326	1.4830052759753	2.84934575919392
1.95669787413198	0.287583701354601	1.39303381947696	2.520361928787	2.0483802081462	0.203013435729847	1.6504738741157	2.4462865421767	2.0483802081462	0.287583701354601	1.49460625647992	2.59125227277813	2.0443003991326	0.279667900987597	1.495677847593	2.5929229506722
2.37446803523691	0.250657184039117	1.88317995452025	2.86575611595358	2.43892716050202	0.192567768576261	2.06149433409254	2.81635998691149	2.43892716050202	0.250657184039117	1.94300878831216	2.95043970671182	2.44057627726344	0.238885513775528	1.97198076509041	2.90917178943648
2.14499699841777	0.240801878105024	1.67302531733193	2.61696867950362	2.18040850292737	0.185402590572741	1.8170194254048	2.54379758044995	2.18040850292737	0.240801878105024	1.73062819842978	2.68050999760173	2.18015803100244	0.233379897526	1.72237875366425	2.63793730834063
2.01832045654309	0.34157028545379	1.34884269705366	2.68779821603251	2.0215760663514	0.231311733629822	1.56820506843695	2.47494706426585	2.0215760663514	0.34157028545379	1.43402761884764	2.71632555141207	2.02349733821265	0.321487356908164	1.3928226967738	2.6541719796515
2.09460484614181	0.668127599506663	0.785074751108751	3.40413494117487	1.89507772711599	0.367959560937212	1.17387698767906	2.61627846655293	1.89507772711599	0.668127599506663	0.964913350687775	2.60025289607117	1.90558715240714	0.62202779886479	0.685082356865883	3.12609194794839
1.81898851227904	0.321120545359679	1.18959224337407	2.44838478118402	2.02330160569401	0.235473460709453	1.56177362270349	2.48482958868454	2.02330160569401	0.321120545359679	1.47596795690603	2.65358384908766	2.02831510517551	0.320432572789667	1.3996742927727	2.65695591757832
2.17115034887546	0.499926032977726	1.19129532423912	3.1510053735118	2.29393893931842	0.355681367224186	1.59680345955901	2.99107441907782	2.29393893931842	0.499926032977726	1.36041910586059	3.37509559674202	2.28441758526871	0.479459579329961	1.34369104796728	3.22514412257015
2.11141264719828	0.42784464452948	1.2728371439205	2.94998815047606	2.01242046119164	0.274167735129092	1.47505170033862	2.54978922204466	2.01242046119164	0.42784464452948	1.14651116739049	2.88484334800424	2.00135404535693	0.406633737517488	1.20356051937575	2.7991475713381
1.92637262119529	0.413112411247676	1.11667229514985	2.73607294724074	1.98532158028438	0.294819914079161	1.40747454868923	2.56316861187954	1.98532158028438	0.413112411247676	1.22966106399	2.7714958314062	1.99403440818912	0.402774712904581	1.20381394775152	2.78425486862672
1.85891697363906	0.299242989473219	1.27240071427155	2.44543323300657	2.02602758049075	0.191562832105851	1.65056442956329	2.40149073141822	2.02602758049075	0.299242989473219	1.43098756181592	2.6507307500917	2.02093622550568	0.293525665390075	1.44511326609269	2.59675918491867
2.09804261225204	0.318333362160556	1.47410922241735	2.72197600208673	2.02140335548906	0.218345824214199	1.59344554002923	2.44936117094889	2.02140335548906	0.318333362160556	1.50650698166711	2.65100597936627	2.03535438639585	0.316249788386152	1.41490512572813	2.65580364706356
1.92584873833674	0.277530204135168	1.38188953823181	2.46980793844167	1.88932467641946	0.213727850600905	1.47041808924168	2.30823126359723	1.88932467641946	0.277530204135168	1.2879013885263	2.38206466723351	1.90043506775048	0.261747132759962	1.3869745817079	2.41389555379307
1.91169190359236	0.28206978707841	1.35883512091868	2.46454868626605	1.86757098353312	0.186833243296787	1.50137782667141	2.23376414039482	1.86757098353312	0.28206978707841	1.36587731515581	2.42189178652533	1.87023028597194	0.275474562338945	1.32986114120199	2.41059943074188
1.97559710289109	0.331299357923341	1.32625036136134	2.62494384442084	1.8995736836764	0.20960039081061	1.4887569176876	2.31039044966519	1.8995736836764	0.331299357923341	1.17092305267238	2.43687876068564	1.8952440825624	0.320250772702492	1.26696064259174	2.52352752253306
1.88639595971704	0.286179655575088	1.32548383478987	2.44730808464422	1.82433340731673	0.197478038304306	1.43727645224029	2.21139036239317	1.82433340731673	0.286179655575088	1.33432984602851	2.35043969360678	1.82731186850052	0.282297826695351	1.2735363436427	2.38108739335834
2.2414458101592	0.273917298473319	1.7045679051515	2.77832371516691	2.20859833146769	0.206724569800313	1.80341817465907	2.6137784882763	2.20859833146769	0.273917298473319	1.62192793574121	2.6983794388001	2.21466356250772	0.256739495030228	1.71104221711359	2.71828490790185
1.84737205429251	0.355518489498364	1.15055581487572	2.54418829370931	1.98856741088961	0.26207962674331	1.47489134247273	2.5022434793065	1.98856741088961	0.355518489498364	1.39751973161042	2.7390530804905	1.99025384067529	0.345825802597222	1.3117778154581	2.66872986589249
2.34514573118352	0.340291521724057	1.67817434860436	3.01211711376267	2.24199246418885	0.22740158831189	1.79628535109755	2.68769957728015	2.24199246418885	0.340291521724057	1.4852534668038	2.79879869726437	2.25015481475558	0.333207472153061	1.59643997861723	2.90386965089393
1.7616832149536	0.276467924610264	1.21980608271748	2.30356034718972	1.90248344776071	0.220178845383862	1.47093291080834	2.33403398471308	1.90248344776071	0.276467924610264	1.39284213163135	2.45527640690221	1.89698652973262	0.265219690572872	1.37674685982634	2.41722619963891
1.79902709508519	0.278956880472067	1.25227160935994	2.34578258081044	1.84937610376279	0.208033679039021	1.44163009284631	2.25712211467927	1.84937610376279	0.278956880472067	1.25349031572441	2.35675088394438	1.85228573037162	0.267054141393336	1.328404265834	2.37616719490924
1.88826235577446	0.259528232598092	1.3795870198822	2.39693769166672	1.97596262011468	0.200214751273291	1.58354170761903	2.36838353261033	1.97596262011468	0.259528232598092	1.49094566262247	2.49951850225477	1.97209362179277	0.258152259754966	1.46570591131451	2.47848133227103
1.95862218742374	0.27627564635604	1.4171219205659	2.50012245428158	1.98023883038609	0.190982746492718	1.60591264726036	2.35456501351181	1.98023883038609	0.27627564635604	1.50112980455253	2.50682919150289	1.9860319757037	0.276653026005233	1.44331747853735	2.52874647287004
1.88469966365629	0.415423906300248	1.0704688073078	2.69893052000477	1.86933831276821	0.271102362803636	1.33797768167309	2.40069894386334	1.86933831276821	0.415423906300248	1.1634943264854	2.62827983521958	1.87065387353372	0.387808208669409	1.1098013238668	2.63150642320065
1.9080634832163	0.286790909531132	1.34595330053528	2.47017366589732	1.76739140106322	0.210438476156312	1.35493198779685	2.17985081432959	1.76739140106322	0.286790909531132	1.25573005308454	2.2963614163163	1.77781039525103	0.267988474411518	1.25212130016465	2.30349949033742
2.23173353289675	0.353807449724584	1.53827093143657	2.92519613435694	2.20019520634795	0.2227743769569	1.76355742751242	2.63683298518347	2.20019520634795	0.353807449724584	1.50263423042709	2.81375441530509	2.19871874520492	0.343897146943436	1.52401898108968	2.87341850932017
2.24065027220725	0.519330963111834	1.22276158450805	3.25853895990644	2.34654307535574	0.340416420454902	1.67932689126413	3.01375925944735	2.34654307535574	0.519330963111834	1.28542057489465	3.3798095063513	2.33948847673314	0.505843865277581	1.34698275651067	3.3319941969556
2.27606725241989	0.463656879809412	1.36729976799345	3.18483473684634	2.17086020021658	0.307671186843067	1.56782467400417	2.77389572642899	2.17086020021658	0.463656879809412	1.28559493703797	3.08414209150797	2.18337155231507	0.450545299940575	1.29940084607823	3.0673422585519
1.81440181339141	0.278171481108837	1.26918571041809	2.35961791636473	1.76029784825993	0.206816294145205	1.35493791173533	2.16565778478454	1.76029784825993	0.278171481108837	1.19747608739477	2.26206159619963	1.77796034020856	0.271705258860533	1.2449701857784	2.31095049463871
1.81929676536344	0.279568986267159	1.27134155227981	2.36725197844707	1.8348953006059	0.217888181370019	1.40783446512067	2.26195613609114	1.8348953006059	0.279568986267159	1.29827499599269	2.37884185073996	1.84059767311742	0.260061107166152	1.33045586936481	2.35073947687003
1.84188959551	0.231125405871327	1.3888838000022	2.2948953910178	1.8189124155096	0.166816719258654	1.49195164576264	2.14587318525656	1.8189124155096	0.231125405871327	1.34331393018391	2.22740523924556	1.8288668458751	0.223469637174205	1.39051349927153	2.26722019247867
2.34345804347182	0.323904660638211	1.70860490862093	2.97831117832271	2.3933292073908	0.247126007560022	1.90896223257316	2.87769618220845	2.3933292073908	0.323904660638211	1.71133908542932	2.97681343406406	2.38830071819497	0.315035789841366	1.77027920804146	3.00632222834848
2.14126173562672	0.309734983903438	1.53418116717598	2.74834230407746	2.07701695798231	0.241138081675543	1.60438631789824	2.54964759806637	2.07701695798231	0.309734983903438	1.48155920267321	2.66267060438501	2.07293167556064	0.298064363853226	1.48821055443072	2.65765279669057
2.33264588542605	0.252154757194798	1.83842256132425	2.82686920952786	2.18032463512548	0.191357243594967	1.80526443767934	2.55538483257162	2.18032463512548	0.252154757194798	1.71125875170414	2.6934397407309	2.19314350585757	0.23833347473097	1.72564758117313	2.66063943054201
1.74610029258472	0.223699549673782	1.30764917522411	2.18455140994533	1.79552894599021	0.166794881273925	1.46861097869332	2.12244691328711	1.79552894599021	0.223699549673782	1.34211421572587	2.22820723746303	1.79755656408677	0.214941061323321	1.37596875173796	2.21914437643558
1.73708348348297	0.380446677383948	0.991407995810429	2.4827589711555	1.6068474899014	0.253196811511624	1.11058173933862	2.10311324046419	1.6068474899014	0.380446677383948	0.855542990490989	2.29618760710116	1.60343087952543	0.376077697666767	0.865602529481261	2.34125922956959
1.99466378597046	0.314100897042241	1.37902602776767	2.61030154417325	1.90712537602084	0.273552311768325	1.37096284495492	2.44328790708675	1.90712537602084	0.314100897042241	1.36477434185434	2.58923923518949	1.91061657019305	0.291157079942339	1.33944670624189	2.48178643414421
2.19963137034251	0.277697690882011	1.65534389621377	2.74391884447125	2.17708180492435	0.200236452836963	1.7846183573639	2.56954525248479	2.17708180492435	0.277697690882011	1.65495186579704	2.70009096764667	2.18103184631728	0.273980019325495	1.6435600077091	2.71850368492547
2.17231949465586	0.429311554351117	1.33086884812767	3.01377014118405	2.04587078728386	0.28464872386532	1.48795928850783	2.60378228605988	2.04587078728386	0.429311554351117	1.05891709893533	2.825233122044	2.04834155028747	0.427841281807312	1.20890673750785	2.8877763630671
1.98256390923697	0.285941167497632	1.42211922094161	2.54300859753233	1.94511721560594	0.220563401711881	1.51281294825065	2.37742148296122	1.94511721560594	0.285941167497632	1.38780597094982	2.54681281762616	1.94278666149711	0.272428739871489	1.40835618665665	2.47721713633757
2.460514843389	0.534143872167982	1.41359285393976	3.50743683283825	2.53029358945941	0.373508029086696	1.79821785244949	3.26236932646933	2.53029358945941	0.534143872167982	1.67747756583659	3.66940952471087	2.52058558007445	0.510074045159953	1.51980237928344	3.52136878086547
2.1981462773361	0.477672199353713	1.26190876660283	3.13438378806938	2.0930157737739	0.324375410117987	1.45723996994264	2.72879157760515	2.0930157737739	0.477672199353713	1.09439957252011	2.84372376620729	2.10003467955358	0.456786083357118	1.20380939854902	2.99625996055814
1.74671948812886	0.33589799837622	1.08835941131147	2.40507956494625	1.56038032234255	0.264159636428598	1.04262743494249	2.0781332097426	1.56038032234255	0.33589799837622	0.891349305654959	2.16656501575662	1.56923744565539	0.312771163523159	0.955620730384273	2.18285416092651
2.08305844436676	0.269490829046788	1.55485641943506	2.61126046929847	2.05032731536555	0.192703059177963	1.67262931937675	2.42802531135436	2.05032731536555	0.269490829046788	1.47874293268565	2.54663993485854	2.05591421050473	0.25946726878687	1.54693430885492	2.56489411215455
1.89182585728506	0.346953009773095	1.21179795812979	2.57185375644033	2.10989774572833	0.23344559167011	1.65234438605491	2.56745110540174	2.10989774572833	0.346953009773095	1.42784819486023	2.80101372360091	2.11209599950196	0.332533002581432	1.45970725288616	2.76448474611775
1.92986951369369	0.311283737772691	1.31975338765922	2.53998563972817	1.9159585777924	0.222336256495619	1.48017951506098	2.35173764052381	1.9159585777924	0.311283737772691	1.32444269851919	2.49617789922048	1.91802380169119	0.29660208614322	1.33615009321312	2.49989751016927
2.40196928893071	0.416645933348184	1.58534325956826	3.21859531829315	2.28667651637778	0.270698212123736	1.75610802061526	2.81724501214031	2.28667651637778	0.416645933348184	1.43975929955672	2.96171787408075	2.28678745759784	0.391094328769517	1.51947924485335	3.05409567034234
1.93897687815955	0.325511398096614	1.30097453789019	2.57697921842892	1.91181429368873	0.219212907226658	1.48215699552448	2.34147159185297	1.91181429368873	0.325511398096614	1.27857452293883	2.56779996711609	1.91791583534169	0.306377369513281	1.31686404137164	2.51896762931175
2.04956842732324	0.217948197473968	1.62238996027426	2.47674689437222	2.01774376953964	0.175546241987834	1.67367313524349	2.3618144038358	2.01774376953964	0.217948197473968	1.58454157902993	2.42616346644382	2.03196017155686	0.204909232817764	1.63008127153302	2.4338390715807
1.83242912828664	0.597067534439774	0.662176760784679	3.0026814957886	1.73734364023002	0.424855598694313	0.904626666789163	2.57006061367087	1.73734364023002	0.597067534439774	0.487916433572603	2.76699578049492	1.74032085054017	0.570359753393049	0.621205023684682	2.85943667739565
1.67731546869853	0.418046802677665	0.857943735450311	2.49668720194676	1.60486899099082	0.277828380667117	1.06032536488327	2.14941261709837	1.60486899099082	0.418046802677665	0.85425414944664	2.3841054179832	1.61051391864438	0.419531131701981	0.787399675244491	2.43362816204428
1.97176703939568	0.286111481367094	1.41098853591618	2.53254554287519	1.80660077686644	0.245267671738636	1.32587614025872	2.28732541347417	1.80660077686644	0.286111481367094	1.24975006412996	2.36354411134874	1.80849557094695	0.269190605666586	1.28045363852319	2.33653750337071
1.70846591164793	0.328019220992345	1.06554823850293	2.35138358479292	1.73414361979218	0.239860446805804	1.2640171440528	2.20427009553155	1.73414361979218	0.328019220992345	1.03858344717836	2.31880308525814	1.73360974287929	0.31986496234956	1.1060804128348	2.36113907292378
1.9073827201908	0.474860985393979	0.976655188818598	2.838110251563	1.99843369733543	0.320166369144983	1.37090761381126	2.62595978085959	1.99843369733543	0.474860985393979	1.2201933093042	3.11788732805217	1.99226616360807	0.459101095171593	1.09149590732939	2.89303641988674
1.88479737246995	0.276853021693855	1.34216544994999	2.4274292949899	1.77075085238266	0.223825972811364	1.33205194567238	2.20944975909293	1.77075085238266	0.276853021693855	1.20799708369019	2.29323210648777	1.77231730814997	0.261972317240849	1.25841246562176	2.28622215067818
2.38074289444994	0.255440547346309	1.88007942165118	2.88140636724871	2.37427635310819	0.186161402661125	2.00940000389238	2.73915270232399	2.37427635310819	0.255440547346309	1.90428394417987	2.85929568490249	2.37520939177785	0.24983101746128	1.88515649534913	2.86526228820657
2.1943345269496	0.304651377813091	1.59721782643595	2.79145122746326	2.16079081081685	0.23575372198473	1.69871351572678	2.62286810590692	2.16079081081685	0.304651377813091	1.56703106573125	2.69885100257674	2.16370416574724	0.282386178323467	1.60976359718527	2.71764473430922
2.07420511007066	0.363209824417613	1.36231385421214	2.78609636592918	2.1096231070197	0.26076149271364	1.59853058130096	2.62071563273843	2.1096231070197	0.363209824417613	1.29429277928053	2.78061452818975	2.11339962472803	0.350685533361819	1.42539205814184	2.80140719131421
2.04365258567136	0.337337549948091	1.3824709877731	2.70483418356961	1.94356166967015	0.234612772056529	1.48372063643935	2.40340270290094	1.94356166967015	0.337337549948091	1.18959747155631	2.51886510201555	1.94336324403247	0.325586420609841	1.30461604530145	2.58211044276349
2.08709719332757	0.318017100659413	1.46378367603512	2.71041071062002	2.18525386417795	0.209144477058085	1.7753306891441	2.59517703921179	2.18525386417795	0.318017100659413	1.60412279285938	2.79891135063638	2.18298851252624	0.305305329484821	1.58404880858304	2.78192821646944
1.85985576516609	0.271608750645201	1.32750261390149	2.39220891643068	1.76694503133848	0.204701240001725	1.3657306009351	2.16815946174186	1.76694503133848	0.271608750645201	1.27194377821654	2.28372591971141	1.76392879512361	0.254091369535208	1.26551160444586	2.26234598580136
2.14871794550414	0.32342457791875	1.51480577278339	2.78263011822489	2.10343584094047	0.237342885713469	1.63824378494207	2.56862789693887	2.10343584094047	0.32342457791875	1.55454006861632	2.70334929905296	2.10354157722694	0.311261515553772	1.49292148819157	2.71416166626231
2.11305111129507	0.270886930652725	1.58211272721573	2.64398949537441	2.07018356302248	0.200867035487669	1.67648417346665	2.46388295257832	2.07018356302248	0.270886930652725	1.57739035847237	2.66649134535517	2.06712295544547	0.256475064736429	1.5640269313207	2.57021897957024
1.72418143421564	0.325488016440756	1.08622492199176	2.36213794643953	1.79448342799972	0.194143225928186	1.41396270518048	2.17500415081896	1.79448342799972	0.325488016440756	1.18285759864027	2.29975254046322	1.79457437860203	0.327972920707612	1.15114648736542	2.43800226983865
1.58126786164223	0.373165846931858	0.84986280165579	2.31267292162867	1.53866404158143	0.299138829265457	0.95235193622113	2.12497614694172	1.53866404158143	0.373165846931858	0.89192171495401	2.32081935823456	1.54551726825025	0.353165996350184	0.852642882982791	2.23839165351771
NA	NA	NA	NA	NA	NA	NA	NA	NA	NA	NA	NA	NA	NA	NA	NA
NA	NA	NA	NA	NA	NA	NA	NA	NA	NA	NA	NA	NA	NA	NA	NA
NA	NA	NA	NA	NA	NA	NA	NA	NA	NA	NA	NA	NA	NA	NA	NA
NA	NA	NA	NA	NA	NA	NA	NA	NA	NA	NA	NA	NA	NA	NA	NA
NA	NA	NA	NA	NA	NA	NA	NA	NA	NA	NA	NA	NA	NA	NA	NA
NA	NA	NA	NA	NA	NA	NA	NA	NA	NA	NA	NA	NA	NA	NA	NA
NA	NA	NA	NA	NA	NA	NA	NA	NA	NA	NA	NA	NA	NA	NA	NA
NA	NA	NA	NA	NA	NA	NA	NA	NA	NA	NA	NA	NA	NA	NA	NA
NA	NA	NA	NA	NA	NA	NA	NA	NA	NA	NA	NA	NA	NA	NA	NA
NA	NA	NA	NA	NA	NA	NA	NA	NA	NA	NA	NA	NA	NA	NA	NA
NA	NA	NA	NA	NA	NA	NA	NA	NA	NA	NA	NA	NA	NA	NA	NA
NA	NA	NA	NA	NA	NA	NA	NA	NA	NA	NA	NA	NA	NA	NA	NA
NA	NA	NA	NA	NA	NA	NA	NA	NA	NA	NA	NA	NA	NA	NA	NA
NA	NA	NA	NA	NA	NA	NA	NA	NA	NA	NA	NA	NA	NA	NA	NA
NA	NA	NA	NA	NA	NA	NA	NA	NA	NA	NA	NA	NA	NA	NA	NA
NA	NA	NA	NA	NA	NA	NA	NA	NA	NA	NA	NA	NA	NA	NA	NA
NA	NA	NA	NA	NA	NA	NA	NA	NA	NA	NA	NA	NA	NA	NA	NA
NA	NA	NA	NA	NA	NA	NA	NA	NA	NA	NA	NA	NA	NA	NA	NA
NA	NA	NA	NA	NA	NA	NA	NA	NA	NA	NA	NA	NA	NA	NA	NA
NA	NA	NA	NA	NA	NA	NA	NA	NA	NA	NA	NA	NA	NA	NA	NA
NA	NA	NA	NA	NA	NA	NA	NA	NA	NA	NA	NA	NA	NA	NA	NA
NA	NA	NA	NA	NA	NA	NA	NA	NA	NA	NA	NA	NA	NA	NA	NA
NA	NA	NA	NA	NA	NA	NA	NA	NA	NA	NA	NA	NA	NA	NA	NA
NA	NA	NA	NA	NA	NA	NA	NA	NA	NA	NA	NA	NA	NA	NA	NA
NA	NA	NA	NA	NA	NA	NA	NA	NA	NA	NA	NA	NA	NA	NA	NA
NA	NA	NA	NA	NA	NA	NA	NA	NA	NA	NA	NA	NA	NA	NA	NA
NA	NA	NA	NA	NA	NA	NA	NA	NA	NA	NA	NA	NA	NA	NA	NA
NA	NA	NA	NA	NA	NA	NA	NA	NA	NA	NA	NA	NA	NA	NA	NA
NA	NA	NA	NA	NA	NA	NA	NA	NA	NA	NA	NA	NA	NA	NA	NA
NA	NA	NA	NA	NA	NA	NA	NA	NA	NA	NA	NA	NA	NA	NA	NA
NA	NA	NA	NA	NA	NA	NA	NA	NA	NA	NA	NA	NA	NA	NA	NA
NA	NA	NA	NA	NA	NA	NA	NA	NA	NA	NA	NA	NA	NA	NA	NA
NA	NA	NA	NA	NA	NA	NA	NA	NA	NA	NA	NA	NA	NA	NA	NA
NA	NA	NA	NA	NA	NA	NA	NA	NA	NA	NA	NA	NA	NA	NA	NA
NA	NA	NA	NA	NA	NA	NA	NA	NA	NA	NA	NA	NA	NA	NA	NA
NA	NA	NA	NA	NA	NA	NA	NA	NA	NA	NA	NA	NA	NA	NA	NA
NA	NA	NA	NA	NA	NA	NA	NA	NA	NA	NA	NA	NA	NA	NA	NA
NA	NA	NA	NA	NA	NA	NA	NA	NA	NA	NA	NA	NA	NA	NA	NA
NA	NA	NA	NA	NA	NA	NA	NA	NA	NA	NA	NA	NA	NA	NA	NA
NA	NA	NA	NA	NA	NA	NA	NA	NA	NA	NA	NA	NA	NA	NA	NA
NA	NA	NA	NA	NA	NA	NA	NA	NA	NA	NA	NA	NA	NA	NA	NA
NA	NA	NA	NA	NA	NA	NA	NA	NA	NA	NA	NA	NA	NA	NA	NA
NA	NA	NA	NA	NA	NA	NA	NA	NA	NA	NA	NA	NA	NA	NA	NA
NA	NA	NA	NA	NA	NA	NA	NA	NA	NA	NA	NA	NA	NA	NA	NA
NA	NA	NA	NA	NA	NA	NA	NA	NA	NA	NA	NA	NA	NA	NA	NA
NA	NA	NA	NA	NA	NA	NA	NA	NA	NA	NA	NA	NA	NA	NA	NA
NA	NA	NA	NA	NA	NA	NA	NA	NA	NA	NA	NA	NA	NA	NA	NA
NA	NA	NA	NA	NA	NA	NA	NA	NA	NA	NA	NA	NA	NA	NA	NA
NA	NA	NA	NA	NA	NA	NA	NA	NA	NA	NA	NA	NA	NA	NA	NA
NA	NA	NA	NA	NA	NA	NA	NA	NA	NA	NA	NA	NA	NA	NA	NA
NA	NA	NA	NA	NA	NA	NA	NA	NA	NA	NA	NA	NA	NA	NA	NA
NA	NA	NA	NA	NA	NA	NA	NA	NA	NA	NA	NA	NA	NA	NA	NA
NA	NA	NA	NA	NA	NA	NA	NA	NA	NA	NA	NA	NA	NA	NA	NA
NA	NA	NA	NA	NA	NA	NA	NA	NA	NA	NA	NA	NA	NA	NA	NA
NA	NA	NA	NA	NA	NA	NA	NA	NA	NA	NA	NA	NA	NA	NA	NA
NA	NA	NA	NA	NA	NA	NA	NA	NA	NA	NA	NA	NA	NA	NA	NA
NA	NA	NA	NA	NA	NA	NA	NA	NA	NA	NA	NA	NA	NA	NA	NA
NA	NA	NA	NA	NA	NA	NA	NA	NA	NA	NA	NA	NA	NA	NA	NA
NA	NA	NA	NA	NA	NA	NA	NA	NA	NA	NA	NA	NA	NA	NA	NA
NA	NA	NA	NA	NA	NA	NA	NA	NA	NA	NA	NA	NA	NA	NA	NA
NA	NA	NA	NA	NA	NA	NA	NA	NA	NA	NA	NA	NA	NA	NA	NA
NA	NA	NA	NA	NA	NA	NA	NA	NA	NA	NA	NA	NA	NA	NA	NA
NA	NA	NA	NA	NA	NA	NA	NA	NA	NA	NA	NA	NA	NA	NA	NA
NA	NA	NA	NA	NA	NA	NA	NA	NA	NA	NA	NA	NA	NA	NA	NA
NA	NA	NA	NA	NA	NA	NA	NA	NA	NA	NA	NA	NA	NA	NA	NA
NA	NA	NA	NA	NA	NA	NA	NA	NA	NA	NA	NA	NA	NA	NA	NA
NA	NA	NA	NA	NA	NA	NA	NA	NA	NA	NA	NA	NA	NA	NA	NA
NA	NA	NA	NA	NA	NA	NA	NA	NA	NA	NA	NA	NA	NA	NA	NA
NA	NA	NA	NA	NA	NA	NA	NA	NA	NA	NA	NA	NA	NA	NA	NA
NA	NA	NA	NA	NA	NA	NA	NA	NA	NA	NA	NA	NA	NA	NA	NA
NA	NA	NA	NA	NA	NA	NA	NA	NA	NA	NA	NA	NA	NA	NA	NA
NA	NA	NA	NA	NA	NA	NA	NA	NA	NA	NA	NA	NA	NA	NA	NA
NA	NA	NA	NA	NA	NA	NA	NA	NA	NA	NA	NA	NA	NA	NA	NA
NA	NA	NA	NA	NA	NA	NA	NA	NA	NA	NA	NA	NA	NA	NA	NA
NA	NA	NA	NA	NA	NA	NA	NA	NA	NA	NA	NA	NA	NA	NA	NA
NA	NA	NA	NA	NA	NA	NA	NA	NA	NA	NA	NA	NA	NA	NA	NA
NA	NA	NA	NA	NA	NA	NA	NA	NA	NA	NA	NA	NA	NA	NA	NA
NA	NA	NA	NA	NA	NA	NA	NA	NA	NA	NA	NA	NA	NA	NA	NA
NA	NA	NA	NA	NA	NA	NA	NA	NA	NA	NA	NA	NA	NA	NA	NA
NA	NA	NA	NA	NA	NA	NA	NA	NA	NA	NA	NA	NA	NA	NA	NA
NA	NA	NA	NA	NA	NA	NA	NA	NA	NA	NA	NA	NA	NA	NA	NA
NA	NA	NA	NA	NA	NA	NA	NA	NA	NA	NA	NA	NA	NA	NA	NA
NA	NA	NA	NA	NA	NA	NA	NA	NA	NA	NA	NA	NA	NA	NA	NA
NA	NA	NA	NA	NA	NA	NA	NA	NA	NA	NA	NA	NA	NA	NA	NA
NA	NA	NA	NA	NA	NA	NA	NA	NA	NA	NA	NA	NA	NA	NA	NA
NA	NA	NA	NA	NA	NA	NA	NA	NA	NA	NA	NA	NA	NA	NA	NA
NA	NA	NA	NA	NA	NA	NA	NA	NA	NA	NA	NA	NA	NA	NA	NA
NA	NA	NA	NA	NA	NA	NA	NA	NA	NA	NA	NA	NA	NA	NA	NA
NA	NA	NA	NA	NA	NA	NA	NA	NA	NA	NA	NA	NA	NA	NA	NA
NA	NA	NA	NA	NA	NA	NA	NA	NA	NA	NA	NA	NA	NA	NA	NA
NA	NA	NA	NA	NA	NA	NA	NA	NA	NA	NA	NA	NA	NA	NA	NA
NA	NA	NA	NA	NA	NA	NA	NA	NA	NA	NA	NA	NA	NA	NA	NA
NA	NA	NA	NA	NA	NA	NA	NA	NA	NA	NA	NA	NA	NA	NA	NA
NA	NA	NA	NA	NA	NA	NA	NA	NA	NA	NA	NA	NA	NA	NA	NA
NA	NA	NA	NA	NA	NA	NA	NA	NA	NA	NA	NA	NA	NA	NA	NA
NA	NA	NA	NA	NA	NA	NA	NA	NA	NA	NA	NA	NA	NA	NA	NA
NA	NA	NA	NA	NA	NA	NA	NA	NA	NA	NA	NA	NA	NA	NA	NA
NA	NA	NA	NA	NA	NA	NA	NA	NA	NA	NA	NA	NA	NA	NA	NA
NA	NA	NA	NA	NA	NA	NA	NA	NA	NA	NA	NA	NA	NA	NA	NA
NA	NA	NA	NA	NA	NA	NA	NA	NA	NA	NA	NA	NA	NA	NA	NA
NA	NA	NA	NA	NA	NA	NA	NA	NA	NA	NA	NA	NA	NA	NA	NA
NA	NA	NA	NA	NA	NA	NA	NA	NA	NA	NA	NA	NA	NA	NA	NA
NA	NA	NA	NA	NA	NA	NA	NA	NA	NA	NA	NA	NA	NA	NA	NA
NA	NA	NA	NA	NA	NA	NA	NA	NA	NA	NA	NA	NA	NA	NA	NA
NA	NA	NA	NA	NA	NA	NA	NA	NA	NA	NA	NA	NA	NA	NA	NA
NA	NA	NA	NA	NA	NA	NA	NA	NA	NA	NA	NA	NA	NA	NA	NA
NA	NA	NA	NA	NA	NA	NA	NA	NA	NA	NA	NA	NA	NA	NA	NA
NA	NA	NA	NA	NA	NA	NA	NA	NA	NA	NA	NA	NA	NA	NA	NA
NA	NA	NA	NA	NA	NA	NA	NA	NA	NA	NA	NA	NA	NA	NA	NA
NA	NA	NA	NA	NA	NA	NA	NA	NA	NA	NA	NA	NA	NA	NA	NA
NA	NA	NA	NA	NA	NA	NA	NA	NA	NA	NA	NA	NA	NA	NA	NA
NA	NA	NA	NA	NA	NA	NA	NA	NA	NA	NA	NA	NA	NA	NA	NA
NA	NA	NA	NA	NA	NA	NA	NA	NA	NA	NA	NA	NA	NA	NA	NA
NA	NA	NA	NA	NA	NA	NA	NA	NA	NA	NA	NA	NA	NA	NA	NA
NA	NA	NA	NA	NA	NA	NA	NA	NA	NA	NA	NA	NA	NA	NA	NA
NA	NA	NA	NA	NA	NA	NA	NA	NA	NA	NA	NA	NA	NA	NA	NA
NA	NA	NA	NA	NA	NA	NA	NA	NA	NA	NA	NA	NA	NA	NA	NA
NA	NA	NA	NA	NA	NA	NA	NA	NA	NA	NA	NA	NA	NA	NA	NA
NA	NA	NA	NA	NA	NA	NA	NA	NA	NA	NA	NA	NA	NA	NA	NA
NA	NA	NA	NA	NA	NA	NA	NA	NA	NA	NA	NA	NA	NA	NA	NA
NA	NA	NA	NA	NA	NA	NA	NA	NA	NA	NA	NA	NA	NA	NA	NA
NA	NA	NA	NA	NA	NA	NA	NA	NA	NA	NA	NA	NA	NA	NA	NA
NA	NA	NA	NA	NA	NA	NA	NA	NA	NA	NA	NA	NA	NA	NA	NA
NA	NA	NA	NA	NA	NA	NA	NA	NA	NA	NA	NA	NA	NA	NA	NA
NA	NA	NA	NA	NA	NA	NA	NA	NA	NA	NA	NA	NA	NA	NA	NA
NA	NA	NA	NA	NA	NA	NA	NA	NA	NA	NA	NA	NA	NA	NA	NA
NA	NA	NA	NA	NA	NA	NA	NA	NA	NA	NA	NA	NA	NA	NA	NA
NA	NA	NA	NA	NA	NA	NA	NA	NA	NA	NA	NA	NA	NA	NA	NA
NA	NA	NA	NA	NA	NA	NA	NA	NA	NA	NA	NA	NA	NA	NA	NA
NA	NA	NA	NA	NA	NA	NA	NA	NA	NA	NA	NA	NA	NA	NA	NA
NA	NA	NA	NA	NA	NA	NA	NA	NA	NA	NA	NA	NA	NA	NA	NA
NA	NA	NA	NA	NA	NA	NA	NA	NA	NA	NA	NA	NA	NA	NA	NA
NA	NA	NA	NA	NA	NA	NA	NA	NA	NA	NA	NA	NA	NA	NA	NA
NA	NA	NA	NA	NA	NA	NA	NA	NA	NA	NA	NA	NA	NA	NA	NA
NA	NA	NA	NA	NA	NA	NA	NA	NA	NA	NA	NA	NA	NA	NA	NA
NA	NA	NA	NA	NA	NA	NA	NA	NA	NA	NA	NA	NA	NA	NA	NA
NA	NA	NA	NA	NA	NA	NA	NA	NA	NA	NA	NA	NA	NA	NA	NA
NA	NA	NA	NA	NA	NA	NA	NA	NA	NA	NA	NA	NA	NA	NA	NA
NA	NA	NA	NA	NA	NA	NA	NA	NA	NA	NA	NA	NA	NA	NA	NA
NA	NA	NA	NA	NA	NA	NA	NA	NA	NA	NA	NA	NA	NA	NA	NA
NA	NA	NA	NA	NA	NA	NA	NA	NA	NA	NA	NA	NA	NA	NA	NA
NA	NA	NA	NA	NA	NA	NA	NA	NA	NA	NA	NA	NA	NA	NA	NA
NA	NA	NA	NA	NA	NA	NA	NA	NA	NA	NA	NA	NA	NA	NA	NA
NA	NA	NA	NA	NA	NA	NA	NA	NA	NA	NA	NA	NA	NA	NA	NA
NA	NA	NA	NA	NA	NA	NA	NA	NA	NA	NA	NA	NA	NA	NA	NA
NA	NA	NA	NA	NA	NA	NA	NA	NA	NA	NA	NA	NA	NA	NA	NA
NA	NA	NA	NA	NA	NA	NA	NA	NA	NA	NA	NA	NA	NA	NA	NA
NA	NA	NA	NA	NA	NA	NA	NA	NA	NA	NA	NA	NA	NA	NA	NA
NA	NA	NA	NA	NA	NA	NA	NA	NA	NA	NA	NA	NA	NA	NA	NA
NA	NA	NA	NA	NA	NA	NA	NA	NA	NA	NA	NA	NA	NA	NA	NA
NA	NA	NA	NA	NA	NA	NA	NA	NA	NA	NA	NA	NA	NA	NA	NA
NA	NA	NA	NA	NA	NA	NA	NA	NA	NA	NA	NA	NA	NA	NA	NA
NA	NA	NA	NA	NA	NA	NA	NA	NA	NA	NA	NA	NA	NA	NA	NA
NA	NA	NA	NA	NA	NA	NA	NA	NA	NA	NA	NA	NA	NA	NA	NA
NA	NA	NA	NA	NA	NA	NA	NA	NA	NA	NA	NA	NA	NA	NA	NA
NA	NA	NA	NA	NA	NA	NA	NA	NA	NA	NA	NA	NA	NA	NA	NA
NA	NA	NA	NA	NA	NA	NA	NA	NA	NA	NA	NA	NA	NA	NA	NA
NA	NA	NA	NA	NA	NA	NA	NA	NA	NA	NA	NA	NA	NA	NA	NA
NA	NA	NA	NA	NA	NA	NA	NA	NA	NA	NA	NA	NA	NA	NA	NA
NA	NA	NA	NA	NA	NA	NA	NA	NA	NA	NA	NA	NA	NA	NA	NA
NA	NA	NA	NA	NA	NA	NA	NA	NA	NA	NA	NA	NA	NA	NA	NA
NA	NA	NA	NA	NA	NA	NA	NA	NA	NA	NA	NA	NA	NA	NA	NA
NA	NA	NA	NA	NA	NA	NA	NA	NA	NA	NA	NA	NA	NA	NA	NA
NA	NA	NA	NA	NA	NA	NA	NA	NA	NA	NA	NA	NA	NA	NA	NA
NA	NA	NA	NA	NA	NA	NA	NA	NA	NA	NA	NA	NA	NA	NA	NA
NA	NA	NA	NA	NA	NA	NA	NA	NA	NA	NA	NA	NA	NA	NA	NA
NA	NA	NA	NA	NA	NA	NA	NA	NA	NA	NA	NA	NA	NA	NA	NA
NA	NA	NA	NA	NA	NA	NA	NA	NA	NA	NA	NA	NA	NA	NA	NA
NA	NA	NA	NA	NA	NA	NA	NA	NA	NA	NA	NA	NA	NA	NA	NA
NA	NA	NA	NA	NA	NA	NA	NA	NA	NA	NA	NA	NA	NA	NA	NA
NA	NA	NA	NA	NA	NA	NA	NA	NA	NA	NA	NA	NA	NA	NA	NA
NA	NA	NA	NA	NA	NA	NA	NA	NA	NA	NA	NA	NA	NA	NA	NA
NA	NA	NA	NA	NA	NA	NA	NA	NA	NA	NA	NA	NA	NA	NA	NA
NA	NA	NA	NA	NA	NA	NA	NA	NA	NA	NA	NA	NA	NA	NA	NA
NA	NA	NA	NA	NA	NA	NA	NA	NA	NA	NA	NA	NA	NA	NA	NA
NA	NA	NA	NA	NA	NA	NA	NA	NA	NA	NA	NA	NA	NA	NA	NA
NA	NA	NA	NA	NA	NA	NA	NA	NA	NA	NA	NA	NA	NA	NA	NA
NA	NA	NA	NA	NA	NA	NA	NA	NA	NA	NA	NA	NA	NA	NA	NA
NA	NA	NA	NA	NA	NA	NA	NA	NA	NA	NA	NA	NA	NA	NA	NA
NA	NA	NA	NA	NA	NA	NA	NA	NA	NA	NA	NA	NA	NA	NA	NA
NA	NA	NA	NA	NA	NA	NA	NA	NA	NA	NA	NA	NA	NA	NA	NA
NA	NA	NA	NA	NA	NA	NA	NA	NA	NA	NA	NA	NA	NA	NA	NA
NA	NA	NA	NA	NA	NA	NA	NA	NA	NA	NA	NA	NA	NA	NA	NA
NA	NA	NA	NA	NA	NA	NA	NA	NA	NA	NA	NA	NA	NA	NA	NA
NA	NA	NA	NA	NA	NA	NA	NA	NA	NA	NA	NA	NA	NA	NA	NA
NA	NA	NA	NA	NA	NA	NA	NA	NA	NA	NA	NA	NA	NA	NA	NA
NA	NA	NA	NA	NA	NA	NA	NA	NA	NA	NA	NA	NA	NA	NA	NA
NA	NA	NA	NA	NA	NA	NA	NA	NA	NA	NA	NA	NA	NA	NA	NA
NA	NA	NA	NA	NA	NA	NA	NA	NA	NA	NA	NA	NA	NA	NA	NA
NA	NA	NA	NA	NA	NA	NA	NA	NA	NA	NA	NA	NA	NA	NA	NA
NA	NA	NA	NA	NA	NA	NA	NA	NA	NA	NA	NA	NA	NA	NA	NA
NA	NA	NA	NA	NA	NA	NA	NA	NA	NA	NA	NA	NA	NA	NA	NA
NA	NA	NA	NA	NA	NA	NA	NA	NA	NA	NA	NA	NA	NA	NA	NA
NA	NA	NA	NA	NA	NA	NA	NA	NA	NA	NA	NA	NA	NA	NA	NA
NA	NA	NA	NA	NA	NA	NA	NA	NA	NA	NA	NA	NA	NA	NA	NA
NA	NA	NA	NA	NA	NA	NA	NA	NA	NA	NA	NA	NA	NA	NA	NA
NA	NA	NA	NA	NA	NA	NA	NA	NA	NA	NA	NA	NA	NA	NA	NA
NA	NA	NA	NA	NA	NA	NA	NA	NA	NA	NA	NA	NA	NA	NA	NA
NA	NA	NA	NA	NA	NA	NA	NA	NA	NA	NA	NA	NA	NA	NA	NA
NA	NA	NA	NA	NA	NA	NA	NA	NA	NA	NA	NA	NA	NA	NA	NA
