X1	X2	X3	X4	X1.1	X2.1	X3.1	X4.1	X1.2	X2.2	X3.2	X4.2	X1.3	X2.3	X3.3	X4.3
NA	NA	NA	NA	NA	NA	NA	NA	NA	NA	NA	NA	NA	NA	NA	NA
NA	NA	NA	NA	NA	NA	NA	NA	NA	NA	NA	NA	NA	NA	NA	NA
NA	NA	NA	NA	NA	NA	NA	NA	NA	NA	NA	NA	NA	NA	NA	NA
NA	NA	NA	NA	NA	NA	NA	NA	NA	NA	NA	NA	NA	NA	NA	NA
NA	NA	NA	NA	NA	NA	NA	NA	NA	NA	NA	NA	NA	NA	NA	NA
NA	NA	NA	NA	NA	NA	NA	NA	NA	NA	NA	NA	NA	NA	NA	NA
NA	NA	NA	NA	NA	NA	NA	NA	NA	NA	NA	NA	NA	NA	NA	NA
NA	NA	NA	NA	NA	NA	NA	NA	NA	NA	NA	NA	NA	NA	NA	NA
NA	NA	NA	NA	NA	NA	NA	NA	NA	NA	NA	NA	NA	NA	NA	NA
NA	NA	NA	NA	NA	NA	NA	NA	NA	NA	NA	NA	NA	NA	NA	NA
NA	NA	NA	NA	NA	NA	NA	NA	NA	NA	NA	NA	NA	NA	NA	NA
NA	NA	NA	NA	NA	NA	NA	NA	NA	NA	NA	NA	NA	NA	NA	NA
NA	NA	NA	NA	NA	NA	NA	NA	NA	NA	NA	NA	NA	NA	NA	NA
NA	NA	NA	NA	NA	NA	NA	NA	NA	NA	NA	NA	NA	NA	NA	NA
NA	NA	NA	NA	NA	NA	NA	NA	NA	NA	NA	NA	NA	NA	NA	NA
NA	NA	NA	NA	NA	NA	NA	NA	NA	NA	NA	NA	NA	NA	NA	NA
NA	NA	NA	NA	NA	NA	NA	NA	NA	NA	NA	NA	NA	NA	NA	NA
NA	NA	NA	NA	NA	NA	NA	NA	NA	NA	NA	NA	NA	NA	NA	NA
NA	NA	NA	NA	NA	NA	NA	NA	NA	NA	NA	NA	NA	NA	NA	NA
NA	NA	NA	NA	NA	NA	NA	NA	NA	NA	NA	NA	NA	NA	NA	NA
NA	NA	NA	NA	NA	NA	NA	NA	NA	NA	NA	NA	NA	NA	NA	NA
NA	NA	NA	NA	NA	NA	NA	NA	NA	NA	NA	NA	NA	NA	NA	NA
NA	NA	NA	NA	NA	NA	NA	NA	NA	NA	NA	NA	NA	NA	NA	NA
NA	NA	NA	NA	NA	NA	NA	NA	NA	NA	NA	NA	NA	NA	NA	NA
NA	NA	NA	NA	NA	NA	NA	NA	NA	NA	NA	NA	NA	NA	NA	NA
NA	NA	NA	NA	NA	NA	NA	NA	NA	NA	NA	NA	NA	NA	NA	NA
NA	NA	NA	NA	NA	NA	NA	NA	NA	NA	NA	NA	NA	NA	NA	NA
NA	NA	NA	NA	NA	NA	NA	NA	NA	NA	NA	NA	NA	NA	NA	NA
NA	NA	NA	NA	NA	NA	NA	NA	NA	NA	NA	NA	NA	NA	NA	NA
NA	NA	NA	NA	NA	NA	NA	NA	NA	NA	NA	NA	NA	NA	NA	NA
NA	NA	NA	NA	NA	NA	NA	NA	NA	NA	NA	NA	NA	NA	NA	NA
NA	NA	NA	NA	NA	NA	NA	NA	NA	NA	NA	NA	NA	NA	NA	NA
NA	NA	NA	NA	NA	NA	NA	NA	NA	NA	NA	NA	NA	NA	NA	NA
NA	NA	NA	NA	NA	NA	NA	NA	NA	NA	NA	NA	NA	NA	NA	NA
NA	NA	NA	NA	NA	NA	NA	NA	NA	NA	NA	NA	NA	NA	NA	NA
NA	NA	NA	NA	NA	NA	NA	NA	NA	NA	NA	NA	NA	NA	NA	NA
NA	NA	NA	NA	NA	NA	NA	NA	NA	NA	NA	NA	NA	NA	NA	NA
NA	NA	NA	NA	NA	NA	NA	NA	NA	NA	NA	NA	NA	NA	NA	NA
NA	NA	NA	NA	NA	NA	NA	NA	NA	NA	NA	NA	NA	NA	NA	NA
NA	NA	NA	NA	NA	NA	NA	NA	NA	NA	NA	NA	NA	NA	NA	NA
NA	NA	NA	NA	NA	NA	NA	NA	NA	NA	NA	NA	NA	NA	NA	NA
NA	NA	NA	NA	NA	NA	NA	NA	NA	NA	NA	NA	NA	NA	NA	NA
NA	NA	NA	NA	NA	NA	NA	NA	NA	NA	NA	NA	NA	NA	NA	NA
NA	NA	NA	NA	NA	NA	NA	NA	NA	NA	NA	NA	NA	NA	NA	NA
NA	NA	NA	NA	NA	NA	NA	NA	NA	NA	NA	NA	NA	NA	NA	NA
NA	NA	NA	NA	NA	NA	NA	NA	NA	NA	NA	NA	NA	NA	NA	NA
NA	NA	NA	NA	NA	NA	NA	NA	NA	NA	NA	NA	NA	NA	NA	NA
NA	NA	NA	NA	NA	NA	NA	NA	NA	NA	NA	NA	NA	NA	NA	NA
NA	NA	NA	NA	NA	NA	NA	NA	NA	NA	NA	NA	NA	NA	NA	NA
NA	NA	NA	NA	NA	NA	NA	NA	NA	NA	NA	NA	NA	NA	NA	NA
NA	NA	NA	NA	NA	NA	NA	NA	NA	NA	NA	NA	NA	NA	NA	NA
NA	NA	NA	NA	NA	NA	NA	NA	NA	NA	NA	NA	NA	NA	NA	NA
NA	NA	NA	NA	NA	NA	NA	NA	NA	NA	NA	NA	NA	NA	NA	NA
NA	NA	NA	NA	NA	NA	NA	NA	NA	NA	NA	NA	NA	NA	NA	NA
NA	NA	NA	NA	NA	NA	NA	NA	NA	NA	NA	NA	NA	NA	NA	NA
NA	NA	NA	NA	NA	NA	NA	NA	NA	NA	NA	NA	NA	NA	NA	NA
NA	NA	NA	NA	NA	NA	NA	NA	NA	NA	NA	NA	NA	NA	NA	NA
NA	NA	NA	NA	NA	NA	NA	NA	NA	NA	NA	NA	NA	NA	NA	NA
NA	NA	NA	NA	NA	NA	NA	NA	NA	NA	NA	NA	NA	NA	NA	NA
NA	NA	NA	NA	NA	NA	NA	NA	NA	NA	NA	NA	NA	NA	NA	NA
NA	NA	NA	NA	NA	NA	NA	NA	NA	NA	NA	NA	NA	NA	NA	NA
NA	NA	NA	NA	NA	NA	NA	NA	NA	NA	NA	NA	NA	NA	NA	NA
NA	NA	NA	NA	NA	NA	NA	NA	NA	NA	NA	NA	NA	NA	NA	NA
NA	NA	NA	NA	NA	NA	NA	NA	NA	NA	NA	NA	NA	NA	NA	NA
NA	NA	NA	NA	NA	NA	NA	NA	NA	NA	NA	NA	NA	NA	NA	NA
NA	NA	NA	NA	NA	NA	NA	NA	NA	NA	NA	NA	NA	NA	NA	NA
NA	NA	NA	NA	NA	NA	NA	NA	NA	NA	NA	NA	NA	NA	NA	NA
NA	NA	NA	NA	NA	NA	NA	NA	NA	NA	NA	NA	NA	NA	NA	NA
NA	NA	NA	NA	NA	NA	NA	NA	NA	NA	NA	NA	NA	NA	NA	NA
NA	NA	NA	NA	NA	NA	NA	NA	NA	NA	NA	NA	NA	NA	NA	NA
NA	NA	NA	NA	NA	NA	NA	NA	NA	NA	NA	NA	NA	NA	NA	NA
NA	NA	NA	NA	NA	NA	NA	NA	NA	NA	NA	NA	NA	NA	NA	NA
NA	NA	NA	NA	NA	NA	NA	NA	NA	NA	NA	NA	NA	NA	NA	NA
NA	NA	NA	NA	NA	NA	NA	NA	NA	NA	NA	NA	NA	NA	NA	NA
NA	NA	NA	NA	NA	NA	NA	NA	NA	NA	NA	NA	NA	NA	NA	NA
NA	NA	NA	NA	NA	NA	NA	NA	NA	NA	NA	NA	NA	NA	NA	NA
NA	NA	NA	NA	NA	NA	NA	NA	NA	NA	NA	NA	NA	NA	NA	NA
NA	NA	NA	NA	NA	NA	NA	NA	NA	NA	NA	NA	NA	NA	NA	NA
NA	NA	NA	NA	NA	NA	NA	NA	NA	NA	NA	NA	NA	NA	NA	NA
NA	NA	NA	NA	NA	NA	NA	NA	NA	NA	NA	NA	NA	NA	NA	NA
NA	NA	NA	NA	NA	NA	NA	NA	NA	NA	NA	NA	NA	NA	NA	NA
NA	NA	NA	NA	NA	NA	NA	NA	NA	NA	NA	NA	NA	NA	NA	NA
NA	NA	NA	NA	NA	NA	NA	NA	NA	NA	NA	NA	NA	NA	NA	NA
NA	NA	NA	NA	NA	NA	NA	NA	NA	NA	NA	NA	NA	NA	NA	NA
NA	NA	NA	NA	NA	NA	NA	NA	NA	NA	NA	NA	NA	NA	NA	NA
NA	NA	NA	NA	NA	NA	NA	NA	NA	NA	NA	NA	NA	NA	NA	NA
NA	NA	NA	NA	NA	NA	NA	NA	NA	NA	NA	NA	NA	NA	NA	NA
NA	NA	NA	NA	NA	NA	NA	NA	NA	NA	NA	NA	NA	NA	NA	NA
NA	NA	NA	NA	NA	NA	NA	NA	NA	NA	NA	NA	NA	NA	NA	NA
NA	NA	NA	NA	NA	NA	NA	NA	NA	NA	NA	NA	NA	NA	NA	NA
NA	NA	NA	NA	NA	NA	NA	NA	NA	NA	NA	NA	NA	NA	NA	NA
NA	NA	NA	NA	NA	NA	NA	NA	NA	NA	NA	NA	NA	NA	NA	NA
NA	NA	NA	NA	NA	NA	NA	NA	NA	NA	NA	NA	NA	NA	NA	NA
NA	NA	NA	NA	NA	NA	NA	NA	NA	NA	NA	NA	NA	NA	NA	NA
NA	NA	NA	NA	NA	NA	NA	NA	NA	NA	NA	NA	NA	NA	NA	NA
NA	NA	NA	NA	NA	NA	NA	NA	NA	NA	NA	NA	NA	NA	NA	NA
NA	NA	NA	NA	NA	NA	NA	NA	NA	NA	NA	NA	NA	NA	NA	NA
NA	NA	NA	NA	NA	NA	NA	NA	NA	NA	NA	NA	NA	NA	NA	NA
NA	NA	NA	NA	NA	NA	NA	NA	NA	NA	NA	NA	NA	NA	NA	NA
NA	NA	NA	NA	NA	NA	NA	NA	NA	NA	NA	NA	NA	NA	NA	NA
NA	NA	NA	NA	NA	NA	NA	NA	NA	NA	NA	NA	NA	NA	NA	NA
NA	NA	NA	NA	NA	NA	NA	NA	NA	NA	NA	NA	NA	NA	NA	NA
NA	NA	NA	NA	NA	NA	NA	NA	NA	NA	NA	NA	NA	NA	NA	NA
NA	NA	NA	NA	NA	NA	NA	NA	NA	NA	NA	NA	NA	NA	NA	NA
NA	NA	NA	NA	NA	NA	NA	NA	NA	NA	NA	NA	NA	NA	NA	NA
NA	NA	NA	NA	NA	NA	NA	NA	NA	NA	NA	NA	NA	NA	NA	NA
NA	NA	NA	NA	NA	NA	NA	NA	NA	NA	NA	NA	NA	NA	NA	NA
NA	NA	NA	NA	NA	NA	NA	NA	NA	NA	NA	NA	NA	NA	NA	NA
NA	NA	NA	NA	NA	NA	NA	NA	NA	NA	NA	NA	NA	NA	NA	NA
NA	NA	NA	NA	NA	NA	NA	NA	NA	NA	NA	NA	NA	NA	NA	NA
NA	NA	NA	NA	NA	NA	NA	NA	NA	NA	NA	NA	NA	NA	NA	NA
NA	NA	NA	NA	NA	NA	NA	NA	NA	NA	NA	NA	NA	NA	NA	NA
NA	NA	NA	NA	NA	NA	NA	NA	NA	NA	NA	NA	NA	NA	NA	NA
NA	NA	NA	NA	NA	NA	NA	NA	NA	NA	NA	NA	NA	NA	NA	NA
NA	NA	NA	NA	NA	NA	NA	NA	NA	NA	NA	NA	NA	NA	NA	NA
NA	NA	NA	NA	NA	NA	NA	NA	NA	NA	NA	NA	NA	NA	NA	NA
NA	NA	NA	NA	NA	NA	NA	NA	NA	NA	NA	NA	NA	NA	NA	NA
NA	NA	NA	NA	NA	NA	NA	NA	NA	NA	NA	NA	NA	NA	NA	NA
NA	NA	NA	NA	NA	NA	NA	NA	NA	NA	NA	NA	NA	NA	NA	NA
NA	NA	NA	NA	NA	NA	NA	NA	NA	NA	NA	NA	NA	NA	NA	NA
NA	NA	NA	NA	NA	NA	NA	NA	NA	NA	NA	NA	NA	NA	NA	NA
NA	NA	NA	NA	NA	NA	NA	NA	NA	NA	NA	NA	NA	NA	NA	NA
NA	NA	NA	NA	NA	NA	NA	NA	NA	NA	NA	NA	NA	NA	NA	NA
NA	NA	NA	NA	NA	NA	NA	NA	NA	NA	NA	NA	NA	NA	NA	NA
NA	NA	NA	NA	NA	NA	NA	NA	NA	NA	NA	NA	NA	NA	NA	NA
NA	NA	NA	NA	NA	NA	NA	NA	NA	NA	NA	NA	NA	NA	NA	NA
NA	NA	NA	NA	NA	NA	NA	NA	NA	NA	NA	NA	NA	NA	NA	NA
NA	NA	NA	NA	NA	NA	NA	NA	NA	NA	NA	NA	NA	NA	NA	NA
NA	NA	NA	NA	NA	NA	NA	NA	NA	NA	NA	NA	NA	NA	NA	NA
NA	NA	NA	NA	NA	NA	NA	NA	NA	NA	NA	NA	NA	NA	NA	NA
NA	NA	NA	NA	NA	NA	NA	NA	NA	NA	NA	NA	NA	NA	NA	NA
NA	NA	NA	NA	NA	NA	NA	NA	NA	NA	NA	NA	NA	NA	NA	NA
NA	NA	NA	NA	NA	NA	NA	NA	NA	NA	NA	NA	NA	NA	NA	NA
NA	NA	NA	NA	NA	NA	NA	NA	NA	NA	NA	NA	NA	NA	NA	NA
NA	NA	NA	NA	NA	NA	NA	NA	NA	NA	NA	NA	NA	NA	NA	NA
NA	NA	NA	NA	NA	NA	NA	NA	NA	NA	NA	NA	NA	NA	NA	NA
NA	NA	NA	NA	NA	NA	NA	NA	NA	NA	NA	NA	NA	NA	NA	NA
NA	NA	NA	NA	NA	NA	NA	NA	NA	NA	NA	NA	NA	NA	NA	NA
NA	NA	NA	NA	NA	NA	NA	NA	NA	NA	NA	NA	NA	NA	NA	NA
NA	NA	NA	NA	NA	NA	NA	NA	NA	NA	NA	NA	NA	NA	NA	NA
NA	NA	NA	NA	NA	NA	NA	NA	NA	NA	NA	NA	NA	NA	NA	NA
NA	NA	NA	NA	NA	NA	NA	NA	NA	NA	NA	NA	NA	NA	NA	NA
NA	NA	NA	NA	NA	NA	NA	NA	NA	NA	NA	NA	NA	NA	NA	NA
NA	NA	NA	NA	NA	NA	NA	NA	NA	NA	NA	NA	NA	NA	NA	NA
NA	NA	NA	NA	NA	NA	NA	NA	NA	NA	NA	NA	NA	NA	NA	NA
NA	NA	NA	NA	NA	NA	NA	NA	NA	NA	NA	NA	NA	NA	NA	NA
NA	NA	NA	NA	NA	NA	NA	NA	NA	NA	NA	NA	NA	NA	NA	NA
NA	NA	NA	NA	NA	NA	NA	NA	NA	NA	NA	NA	NA	NA	NA	NA
NA	NA	NA	NA	NA	NA	NA	NA	NA	NA	NA	NA	NA	NA	NA	NA
NA	NA	NA	NA	NA	NA	NA	NA	NA	NA	NA	NA	NA	NA	NA	NA
NA	NA	NA	NA	NA	NA	NA	NA	NA	NA	NA	NA	NA	NA	NA	NA
NA	NA	NA	NA	NA	NA	NA	NA	NA	NA	NA	NA	NA	NA	NA	NA
NA	NA	NA	NA	NA	NA	NA	NA	NA	NA	NA	NA	NA	NA	NA	NA
NA	NA	NA	NA	NA	NA	NA	NA	NA	NA	NA	NA	NA	NA	NA	NA
NA	NA	NA	NA	NA	NA	NA	NA	NA	NA	NA	NA	NA	NA	NA	NA
NA	NA	NA	NA	NA	NA	NA	NA	NA	NA	NA	NA	NA	NA	NA	NA
NA	NA	NA	NA	NA	NA	NA	NA	NA	NA	NA	NA	NA	NA	NA	NA
NA	NA	NA	NA	NA	NA	NA	NA	NA	NA	NA	NA	NA	NA	NA	NA
NA	NA	NA	NA	NA	NA	NA	NA	NA	NA	NA	NA	NA	NA	NA	NA
NA	NA	NA	NA	NA	NA	NA	NA	NA	NA	NA	NA	NA	NA	NA	NA
NA	NA	NA	NA	NA	NA	NA	NA	NA	NA	NA	NA	NA	NA	NA	NA
NA	NA	NA	NA	NA	NA	NA	NA	NA	NA	NA	NA	NA	NA	NA	NA
NA	NA	NA	NA	NA	NA	NA	NA	NA	NA	NA	NA	NA	NA	NA	NA
NA	NA	NA	NA	NA	NA	NA	NA	NA	NA	NA	NA	NA	NA	NA	NA
NA	NA	NA	NA	NA	NA	NA	NA	NA	NA	NA	NA	NA	NA	NA	NA
NA	NA	NA	NA	NA	NA	NA	NA	NA	NA	NA	NA	NA	NA	NA	NA
NA	NA	NA	NA	NA	NA	NA	NA	NA	NA	NA	NA	NA	NA	NA	NA
NA	NA	NA	NA	NA	NA	NA	NA	NA	NA	NA	NA	NA	NA	NA	NA
NA	NA	NA	NA	NA	NA	NA	NA	NA	NA	NA	NA	NA	NA	NA	NA
NA	NA	NA	NA	NA	NA	NA	NA	NA	NA	NA	NA	NA	NA	NA	NA
NA	NA	NA	NA	NA	NA	NA	NA	NA	NA	NA	NA	NA	NA	NA	NA
NA	NA	NA	NA	NA	NA	NA	NA	NA	NA	NA	NA	NA	NA	NA	NA
NA	NA	NA	NA	NA	NA	NA	NA	NA	NA	NA	NA	NA	NA	NA	NA
NA	NA	NA	NA	NA	NA	NA	NA	NA	NA	NA	NA	NA	NA	NA	NA
NA	NA	NA	NA	NA	NA	NA	NA	NA	NA	NA	NA	NA	NA	NA	NA
NA	NA	NA	NA	NA	NA	NA	NA	NA	NA	NA	NA	NA	NA	NA	NA
NA	NA	NA	NA	NA	NA	NA	NA	NA	NA	NA	NA	NA	NA	NA	NA
NA	NA	NA	NA	NA	NA	NA	NA	NA	NA	NA	NA	NA	NA	NA	NA
NA	NA	NA	NA	NA	NA	NA	NA	NA	NA	NA	NA	NA	NA	NA	NA
NA	NA	NA	NA	NA	NA	NA	NA	NA	NA	NA	NA	NA	NA	NA	NA
NA	NA	NA	NA	NA	NA	NA	NA	NA	NA	NA	NA	NA	NA	NA	NA
NA	NA	NA	NA	NA	NA	NA	NA	NA	NA	NA	NA	NA	NA	NA	NA
NA	NA	NA	NA	NA	NA	NA	NA	NA	NA	NA	NA	NA	NA	NA	NA
NA	NA	NA	NA	NA	NA	NA	NA	NA	NA	NA	NA	NA	NA	NA	NA
NA	NA	NA	NA	NA	NA	NA	NA	NA	NA	NA	NA	NA	NA	NA	NA
NA	NA	NA	NA	NA	NA	NA	NA	NA	NA	NA	NA	NA	NA	NA	NA
NA	NA	NA	NA	NA	NA	NA	NA	NA	NA	NA	NA	NA	NA	NA	NA
NA	NA	NA	NA	NA	NA	NA	NA	NA	NA	NA	NA	NA	NA	NA	NA
NA	NA	NA	NA	NA	NA	NA	NA	NA	NA	NA	NA	NA	NA	NA	NA
NA	NA	NA	NA	NA	NA	NA	NA	NA	NA	NA	NA	NA	NA	NA	NA
NA	NA	NA	NA	NA	NA	NA	NA	NA	NA	NA	NA	NA	NA	NA	NA
NA	NA	NA	NA	NA	NA	NA	NA	NA	NA	NA	NA	NA	NA	NA	NA
NA	NA	NA	NA	NA	NA	NA	NA	NA	NA	NA	NA	NA	NA	NA	NA
NA	NA	NA	NA	NA	NA	NA	NA	NA	NA	NA	NA	NA	NA	NA	NA
NA	NA	NA	NA	NA	NA	NA	NA	NA	NA	NA	NA	NA	NA	NA	NA
NA	NA	NA	NA	NA	NA	NA	NA	NA	NA	NA	NA	NA	NA	NA	NA
NA	NA	NA	NA	NA	NA	NA	NA	NA	NA	NA	NA	NA	NA	NA	NA
NA	NA	NA	NA	NA	NA	NA	NA	NA	NA	NA	NA	NA	NA	NA	NA
NA	NA	NA	NA	NA	NA	NA	NA	NA	NA	NA	NA	NA	NA	NA	NA
NA	NA	NA	NA	NA	NA	NA	NA	NA	NA	NA	NA	NA	NA	NA	NA
NA	NA	NA	NA	NA	NA	NA	NA	NA	NA	NA	NA	NA	NA	NA	NA
NA	NA	NA	NA	NA	NA	NA	NA	NA	NA	NA	NA	NA	NA	NA	NA
NA	NA	NA	NA	NA	NA	NA	NA	NA	NA	NA	NA	NA	NA	NA	NA
NA	NA	NA	NA	NA	NA	NA	NA	NA	NA	NA	NA	NA	NA	NA	NA
NA	NA	NA	NA	NA	NA	NA	NA	NA	NA	NA	NA	NA	NA	NA	NA
NA	NA	NA	NA	NA	NA	NA	NA	NA	NA	NA	NA	NA	NA	NA	NA
NA	NA	NA	NA	NA	NA	NA	NA	NA	NA	NA	NA	NA	NA	NA	NA
NA	NA	NA	NA	NA	NA	NA	NA	NA	NA	NA	NA	NA	NA	NA	NA
NA	NA	NA	NA	NA	NA	NA	NA	NA	NA	NA	NA	NA	NA	NA	NA
NA	NA	NA	NA	NA	NA	NA	NA	NA	NA	NA	NA	NA	NA	NA	NA
NA	NA	NA	NA	NA	NA	NA	NA	NA	NA	NA	NA	NA	NA	NA	NA
NA	NA	NA	NA	NA	NA	NA	NA	NA	NA	NA	NA	NA	NA	NA	NA
NA	NA	NA	NA	NA	NA	NA	NA	NA	NA	NA	NA	NA	NA	NA	NA
NA	NA	NA	NA	NA	NA	NA	NA	NA	NA	NA	NA	NA	NA	NA	NA
NA	NA	NA	NA	NA	NA	NA	NA	NA	NA	NA	NA	NA	NA	NA	NA
NA	NA	NA	NA	NA	NA	NA	NA	NA	NA	NA	NA	NA	NA	NA	NA
NA	NA	NA	NA	NA	NA	NA	NA	NA	NA	NA	NA	NA	NA	NA	NA
NA	NA	NA	NA	NA	NA	NA	NA	NA	NA	NA	NA	NA	NA	NA	NA
NA	NA	NA	NA	NA	NA	NA	NA	NA	NA	NA	NA	NA	NA	NA	NA
NA	NA	NA	NA	NA	NA	NA	NA	NA	NA	NA	NA	NA	NA	NA	NA
NA	NA	NA	NA	NA	NA	NA	NA	NA	NA	NA	NA	NA	NA	NA	NA
NA	NA	NA	NA	NA	NA	NA	NA	NA	NA	NA	NA	NA	NA	NA	NA
NA	NA	NA	NA	NA	NA	NA	NA	NA	NA	NA	NA	NA	NA	NA	NA
NA	NA	NA	NA	NA	NA	NA	NA	NA	NA	NA	NA	NA	NA	NA	NA
NA	NA	NA	NA	NA	NA	NA	NA	NA	NA	NA	NA	NA	NA	NA	NA
NA	NA	NA	NA	NA	NA	NA	NA	NA	NA	NA	NA	NA	NA	NA	NA
NA	NA	NA	NA	NA	NA	NA	NA	NA	NA	NA	NA	NA	NA	NA	NA
NA	NA	NA	NA	NA	NA	NA	NA	NA	NA	NA	NA	NA	NA	NA	NA
NA	NA	NA	NA	NA	NA	NA	NA	NA	NA	NA	NA	NA	NA	NA	NA
NA	NA	NA	NA	NA	NA	NA	NA	NA	NA	NA	NA	NA	NA	NA	NA
NA	NA	NA	NA	NA	NA	NA	NA	NA	NA	NA	NA	NA	NA	NA	NA
NA	NA	NA	NA	NA	NA	NA	NA	NA	NA	NA	NA	NA	NA	NA	NA
NA	NA	NA	NA	NA	NA	NA	NA	NA	NA	NA	NA	NA	NA	NA	NA
NA	NA	NA	NA	NA	NA	NA	NA	NA	NA	NA	NA	NA	NA	NA	NA
NA	NA	NA	NA	NA	NA	NA	NA	NA	NA	NA	NA	NA	NA	NA	NA
NA	NA	NA	NA	NA	NA	NA	NA	NA	NA	NA	NA	NA	NA	NA	NA
NA	NA	NA	NA	NA	NA	NA	NA	NA	NA	NA	NA	NA	NA	NA	NA
NA	NA	NA	NA	NA	NA	NA	NA	NA	NA	NA	NA	NA	NA	NA	NA
NA	NA	NA	NA	NA	NA	NA	NA	NA	NA	NA	NA	NA	NA	NA	NA
NA	NA	NA	NA	NA	NA	NA	NA	NA	NA	NA	NA	NA	NA	NA	NA
NA	NA	NA	NA	NA	NA	NA	NA	NA	NA	NA	NA	NA	NA	NA	NA
NA	NA	NA	NA	NA	NA	NA	NA	NA	NA	NA	NA	NA	NA	NA	NA
NA	NA	NA	NA	NA	NA	NA	NA	NA	NA	NA	NA	NA	NA	NA	NA
NA	NA	NA	NA	NA	NA	NA	NA	NA	NA	NA	NA	NA	NA	NA	NA
NA	NA	NA	NA	NA	NA	NA	NA	NA	NA	NA	NA	NA	NA	NA	NA
NA	NA	NA	NA	NA	NA	NA	NA	NA	NA	NA	NA	NA	NA	NA	NA
NA	NA	NA	NA	NA	NA	NA	NA	NA	NA	NA	NA	NA	NA	NA	NA
NA	NA	NA	NA	NA	NA	NA	NA	NA	NA	NA	NA	NA	NA	NA	NA
NA	NA	NA	NA	NA	NA	NA	NA	NA	NA	NA	NA	NA	NA	NA	NA
NA	NA	NA	NA	NA	NA	NA	NA	NA	NA	NA	NA	NA	NA	NA	NA
NA	NA	NA	NA	NA	NA	NA	NA	NA	NA	NA	NA	NA	NA	NA	NA
NA	NA	NA	NA	NA	NA	NA	NA	NA	NA	NA	NA	NA	NA	NA	NA
NA	NA	NA	NA	NA	NA	NA	NA	NA	NA	NA	NA	NA	NA	NA	NA
NA	NA	NA	NA	NA	NA	NA	NA	NA	NA	NA	NA	NA	NA	NA	NA
NA	NA	NA	NA	NA	NA	NA	NA	NA	NA	NA	NA	NA	NA	NA	NA
NA	NA	NA	NA	NA	NA	NA	NA	NA	NA	NA	NA	NA	NA	NA	NA
NA	NA	NA	NA	NA	NA	NA	NA	NA	NA	NA	NA	NA	NA	NA	NA
NA	NA	NA	NA	NA	NA	NA	NA	NA	NA	NA	NA	NA	NA	NA	NA
NA	NA	NA	NA	NA	NA	NA	NA	NA	NA	NA	NA	NA	NA	NA	NA
NA	NA	NA	NA	NA	NA	NA	NA	NA	NA	NA	NA	NA	NA	NA	NA
NA	NA	NA	NA	NA	NA	NA	NA	NA	NA	NA	NA	NA	NA	NA	NA
NA	NA	NA	NA	NA	NA	NA	NA	NA	NA	NA	NA	NA	NA	NA	NA
NA	NA	NA	NA	NA	NA	NA	NA	NA	NA	NA	NA	NA	NA	NA	NA
NA	NA	NA	NA	NA	NA	NA	NA	NA	NA	NA	NA	NA	NA	NA	NA
NA	NA	NA	NA	NA	NA	NA	NA	NA	NA	NA	NA	NA	NA	NA	NA
NA	NA	NA	NA	NA	NA	NA	NA	NA	NA	NA	NA	NA	NA	NA	NA
NA	NA	NA	NA	NA	NA	NA	NA	NA	NA	NA	NA	NA	NA	NA	NA
NA	NA	NA	NA	NA	NA	NA	NA	NA	NA	NA	NA	NA	NA	NA	NA
NA	NA	NA	NA	NA	NA	NA	NA	NA	NA	NA	NA	NA	NA	NA	NA
NA	NA	NA	NA	NA	NA	NA	NA	NA	NA	NA	NA	NA	NA	NA	NA
NA	NA	NA	NA	NA	NA	NA	NA	NA	NA	NA	NA	NA	NA	NA	NA
NA	NA	NA	NA	NA	NA	NA	NA	NA	NA	NA	NA	NA	NA	NA	NA
NA	NA	NA	NA	NA	NA	NA	NA	NA	NA	NA	NA	NA	NA	NA	NA
NA	NA	NA	NA	NA	NA	NA	NA	NA	NA	NA	NA	NA	NA	NA	NA
NA	NA	NA	NA	NA	NA	NA	NA	NA	NA	NA	NA	NA	NA	NA	NA
NA	NA	NA	NA	NA	NA	NA	NA	NA	NA	NA	NA	NA	NA	NA	NA
NA	NA	NA	NA	NA	NA	NA	NA	NA	NA	NA	NA	NA	NA	NA	NA
NA	NA	NA	NA	NA	NA	NA	NA	NA	NA	NA	NA	NA	NA	NA	NA
NA	NA	NA	NA	NA	NA	NA	NA	NA	NA	NA	NA	NA	NA	NA	NA
NA	NA	NA	NA	NA	NA	NA	NA	NA	NA	NA	NA	NA	NA	NA	NA
NA	NA	NA	NA	NA	NA	NA	NA	NA	NA	NA	NA	NA	NA	NA	NA
NA	NA	NA	NA	NA	NA	NA	NA	NA	NA	NA	NA	NA	NA	NA	NA
NA	NA	NA	NA	NA	NA	NA	NA	NA	NA	NA	NA	NA	NA	NA	NA
NA	NA	NA	NA	NA	NA	NA	NA	NA	NA	NA	NA	NA	NA	NA	NA
NA	NA	NA	NA	NA	NA	NA	NA	NA	NA	NA	NA	NA	NA	NA	NA
NA	NA	NA	NA	NA	NA	NA	NA	NA	NA	NA	NA	NA	NA	NA	NA
NA	NA	NA	NA	NA	NA	NA	NA	NA	NA	NA	NA	NA	NA	NA	NA
NA	NA	NA	NA	NA	NA	NA	NA	NA	NA	NA	NA	NA	NA	NA	NA
NA	NA	NA	NA	NA	NA	NA	NA	NA	NA	NA	NA	NA	NA	NA	NA
NA	NA	NA	NA	NA	NA	NA	NA	NA	NA	NA	NA	NA	NA	NA	NA
NA	NA	NA	NA	NA	NA	NA	NA	NA	NA	NA	NA	NA	NA	NA	NA
NA	NA	NA	NA	NA	NA	NA	NA	NA	NA	NA	NA	NA	NA	NA	NA
NA	NA	NA	NA	NA	NA	NA	NA	NA	NA	NA	NA	NA	NA	NA	NA
NA	NA	NA	NA	NA	NA	NA	NA	NA	NA	NA	NA	NA	NA	NA	NA
NA	NA	NA	NA	NA	NA	NA	NA	NA	NA	NA	NA	NA	NA	NA	NA
NA	NA	NA	NA	NA	NA	NA	NA	NA	NA	NA	NA	NA	NA	NA	NA
NA	NA	NA	NA	NA	NA	NA	NA	NA	NA	NA	NA	NA	NA	NA	NA
NA	NA	NA	NA	NA	NA	NA	NA	NA	NA	NA	NA	NA	NA	NA	NA
NA	NA	NA	NA	NA	NA	NA	NA	NA	NA	NA	NA	NA	NA	NA	NA
NA	NA	NA	NA	NA	NA	NA	NA	NA	NA	NA	NA	NA	NA	NA	NA
NA	NA	NA	NA	NA	NA	NA	NA	NA	NA	NA	NA	NA	NA	NA	NA
NA	NA	NA	NA	NA	NA	NA	NA	NA	NA	NA	NA	NA	NA	NA	NA
NA	NA	NA	NA	NA	NA	NA	NA	NA	NA	NA	NA	NA	NA	NA	NA
NA	NA	NA	NA	NA	NA	NA	NA	NA	NA	NA	NA	NA	NA	NA	NA
NA	NA	NA	NA	NA	NA	NA	NA	NA	NA	NA	NA	NA	NA	NA	NA
NA	NA	NA	NA	NA	NA	NA	NA	NA	NA	NA	NA	NA	NA	NA	NA
NA	NA	NA	NA	NA	NA	NA	NA	NA	NA	NA	NA	NA	NA	NA	NA
NA	NA	NA	NA	NA	NA	NA	NA	NA	NA	NA	NA	NA	NA	NA	NA
NA	NA	NA	NA	NA	NA	NA	NA	NA	NA	NA	NA	NA	NA	NA	NA
NA	NA	NA	NA	NA	NA	NA	NA	NA	NA	NA	NA	NA	NA	NA	NA
NA	NA	NA	NA	NA	NA	NA	NA	NA	NA	NA	NA	NA	NA	NA	NA
NA	NA	NA	NA	NA	NA	NA	NA	NA	NA	NA	NA	NA	NA	NA	NA
NA	NA	NA	NA	NA	NA	NA	NA	NA	NA	NA	NA	NA	NA	NA	NA
NA	NA	NA	NA	NA	NA	NA	NA	NA	NA	NA	NA	NA	NA	NA	NA
NA	NA	NA	NA	NA	NA	NA	NA	NA	NA	NA	NA	NA	NA	NA	NA
NA	NA	NA	NA	NA	NA	NA	NA	NA	NA	NA	NA	NA	NA	NA	NA
NA	NA	NA	NA	NA	NA	NA	NA	NA	NA	NA	NA	NA	NA	NA	NA
NA	NA	NA	NA	NA	NA	NA	NA	NA	NA	NA	NA	NA	NA	NA	NA
NA	NA	NA	NA	NA	NA	NA	NA	NA	NA	NA	NA	NA	NA	NA	NA
NA	NA	NA	NA	NA	NA	NA	NA	NA	NA	NA	NA	NA	NA	NA	NA
NA	NA	NA	NA	NA	NA	NA	NA	NA	NA	NA	NA	NA	NA	NA	NA
NA	NA	NA	NA	NA	NA	NA	NA	NA	NA	NA	NA	NA	NA	NA	NA
NA	NA	NA	NA	NA	NA	NA	NA	NA	NA	NA	NA	NA	NA	NA	NA
NA	NA	NA	NA	NA	NA	NA	NA	NA	NA	NA	NA	NA	NA	NA	NA
NA	NA	NA	NA	NA	NA	NA	NA	NA	NA	NA	NA	NA	NA	NA	NA
NA	NA	NA	NA	NA	NA	NA	NA	NA	NA	NA	NA	NA	NA	NA	NA
NA	NA	NA	NA	NA	NA	NA	NA	NA	NA	NA	NA	NA	NA	NA	NA
NA	NA	NA	NA	NA	NA	NA	NA	NA	NA	NA	NA	NA	NA	NA	NA
NA	NA	NA	NA	NA	NA	NA	NA	NA	NA	NA	NA	NA	NA	NA	NA
NA	NA	NA	NA	NA	NA	NA	NA	NA	NA	NA	NA	NA	NA	NA	NA
NA	NA	NA	NA	NA	NA	NA	NA	NA	NA	NA	NA	NA	NA	NA	NA
NA	NA	NA	NA	NA	NA	NA	NA	NA	NA	NA	NA	NA	NA	NA	NA
NA	NA	NA	NA	NA	NA	NA	NA	NA	NA	NA	NA	NA	NA	NA	NA
NA	NA	NA	NA	NA	NA	NA	NA	NA	NA	NA	NA	NA	NA	NA	NA
NA	NA	NA	NA	NA	NA	NA	NA	NA	NA	NA	NA	NA	NA	NA	NA
NA	NA	NA	NA	NA	NA	NA	NA	NA	NA	NA	NA	NA	NA	NA	NA
NA	NA	NA	NA	NA	NA	NA	NA	NA	NA	NA	NA	NA	NA	NA	NA
NA	NA	NA	NA	NA	NA	NA	NA	NA	NA	NA	NA	NA	NA	NA	NA
NA	NA	NA	NA	NA	NA	NA	NA	NA	NA	NA	NA	NA	NA	NA	NA
NA	NA	NA	NA	NA	NA	NA	NA	NA	NA	NA	NA	NA	NA	NA	NA
NA	NA	NA	NA	NA	NA	NA	NA	NA	NA	NA	NA	NA	NA	NA	NA
NA	NA	NA	NA	NA	NA	NA	NA	NA	NA	NA	NA	NA	NA	NA	NA
NA	NA	NA	NA	NA	NA	NA	NA	NA	NA	NA	NA	NA	NA	NA	NA
NA	NA	NA	NA	NA	NA	NA	NA	NA	NA	NA	NA	NA	NA	NA	NA
NA	NA	NA	NA	NA	NA	NA	NA	NA	NA	NA	NA	NA	NA	NA	NA
NA	NA	NA	NA	NA	NA	NA	NA	NA	NA	NA	NA	NA	NA	NA	NA
NA	NA	NA	NA	NA	NA	NA	NA	NA	NA	NA	NA	NA	NA	NA	NA
NA	NA	NA	NA	NA	NA	NA	NA	NA	NA	NA	NA	NA	NA	NA	NA
NA	NA	NA	NA	NA	NA	NA	NA	NA	NA	NA	NA	NA	NA	NA	NA
NA	NA	NA	NA	NA	NA	NA	NA	NA	NA	NA	NA	NA	NA	NA	NA
NA	NA	NA	NA	NA	NA	NA	NA	NA	NA	NA	NA	NA	NA	NA	NA
NA	NA	NA	NA	NA	NA	NA	NA	NA	NA	NA	NA	NA	NA	NA	NA
NA	NA	NA	NA	NA	NA	NA	NA	NA	NA	NA	NA	NA	NA	NA	NA
NA	NA	NA	NA	NA	NA	NA	NA	NA	NA	NA	NA	NA	NA	NA	NA
NA	NA	NA	NA	NA	NA	NA	NA	NA	NA	NA	NA	NA	NA	NA	NA
NA	NA	NA	NA	NA	NA	NA	NA	NA	NA	NA	NA	NA	NA	NA	NA
NA	NA	NA	NA	NA	NA	NA	NA	NA	NA	NA	NA	NA	NA	NA	NA
NA	NA	NA	NA	NA	NA	NA	NA	NA	NA	NA	NA	NA	NA	NA	NA
NA	NA	NA	NA	NA	NA	NA	NA	NA	NA	NA	NA	NA	NA	NA	NA
NA	NA	NA	NA	NA	NA	NA	NA	NA	NA	NA	NA	NA	NA	NA	NA
NA	NA	NA	NA	NA	NA	NA	NA	NA	NA	NA	NA	NA	NA	NA	NA
NA	NA	NA	NA	NA	NA	NA	NA	NA	NA	NA	NA	NA	NA	NA	NA
NA	NA	NA	NA	NA	NA	NA	NA	NA	NA	NA	NA	NA	NA	NA	NA
NA	NA	NA	NA	NA	NA	NA	NA	NA	NA	NA	NA	NA	NA	NA	NA
NA	NA	NA	NA	NA	NA	NA	NA	NA	NA	NA	NA	NA	NA	NA	NA
NA	NA	NA	NA	NA	NA	NA	NA	NA	NA	NA	NA	NA	NA	NA	NA
NA	NA	NA	NA	NA	NA	NA	NA	NA	NA	NA	NA	NA	NA	NA	NA
NA	NA	NA	NA	NA	NA	NA	NA	NA	NA	NA	NA	NA	NA	NA	NA
NA	NA	NA	NA	NA	NA	NA	NA	NA	NA	NA	NA	NA	NA	NA	NA
NA	NA	NA	NA	NA	NA	NA	NA	NA	NA	NA	NA	NA	NA	NA	NA
NA	NA	NA	NA	NA	NA	NA	NA	NA	NA	NA	NA	NA	NA	NA	NA
NA	NA	NA	NA	NA	NA	NA	NA	NA	NA	NA	NA	NA	NA	NA	NA
NA	NA	NA	NA	NA	NA	NA	NA	NA	NA	NA	NA	NA	NA	NA	NA
NA	NA	NA	NA	NA	NA	NA	NA	NA	NA	NA	NA	NA	NA	NA	NA
NA	NA	NA	NA	NA	NA	NA	NA	NA	NA	NA	NA	NA	NA	NA	NA
NA	NA	NA	NA	NA	NA	NA	NA	NA	NA	NA	NA	NA	NA	NA	NA
NA	NA	NA	NA	NA	NA	NA	NA	NA	NA	NA	NA	NA	NA	NA	NA
NA	NA	NA	NA	NA	NA	NA	NA	NA	NA	NA	NA	NA	NA	NA	NA
NA	NA	NA	NA	NA	NA	NA	NA	NA	NA	NA	NA	NA	NA	NA	NA
NA	NA	NA	NA	NA	NA	NA	NA	NA	NA	NA	NA	NA	NA	NA	NA
NA	NA	NA	NA	NA	NA	NA	NA	NA	NA	NA	NA	NA	NA	NA	NA
NA	NA	NA	NA	NA	NA	NA	NA	NA	NA	NA	NA	NA	NA	NA	NA
NA	NA	NA	NA	NA	NA	NA	NA	NA	NA	NA	NA	NA	NA	NA	NA
NA	NA	NA	NA	NA	NA	NA	NA	NA	NA	NA	NA	NA	NA	NA	NA
NA	NA	NA	NA	NA	NA	NA	NA	NA	NA	NA	NA	NA	NA	NA	NA
NA	NA	NA	NA	NA	NA	NA	NA	NA	NA	NA	NA	NA	NA	NA	NA
NA	NA	NA	NA	NA	NA	NA	NA	NA	NA	NA	NA	NA	NA	NA	NA
NA	NA	NA	NA	NA	NA	NA	NA	NA	NA	NA	NA	NA	NA	NA	NA
NA	NA	NA	NA	NA	NA	NA	NA	NA	NA	NA	NA	NA	NA	NA	NA
NA	NA	NA	NA	NA	NA	NA	NA	NA	NA	NA	NA	NA	NA	NA	NA
NA	NA	NA	NA	NA	NA	NA	NA	NA	NA	NA	NA	NA	NA	NA	NA
NA	NA	NA	NA	NA	NA	NA	NA	NA	NA	NA	NA	NA	NA	NA	NA
NA	NA	NA	NA	NA	NA	NA	NA	NA	NA	NA	NA	NA	NA	NA	NA
NA	NA	NA	NA	NA	NA	NA	NA	NA	NA	NA	NA	NA	NA	NA	NA
NA	NA	NA	NA	NA	NA	NA	NA	NA	NA	NA	NA	NA	NA	NA	NA
NA	NA	NA	NA	NA	NA	NA	NA	NA	NA	NA	NA	NA	NA	NA	NA
NA	NA	NA	NA	NA	NA	NA	NA	NA	NA	NA	NA	NA	NA	NA	NA
NA	NA	NA	NA	NA	NA	NA	NA	NA	NA	NA	NA	NA	NA	NA	NA
NA	NA	NA	NA	NA	NA	NA	NA	NA	NA	NA	NA	NA	NA	NA	NA
NA	NA	NA	NA	NA	NA	NA	NA	NA	NA	NA	NA	NA	NA	NA	NA
2.18104371827258	0.244540287008423	1.70174475573607	2.66034268080909	2.22601018585023	0.171966924495541	1.88895501383897	2.56306535786149	2.22601018585023	0.244540287008423	1.75925569523874	2.64473759300905	2.21696337919927	0.23656610794658	1.7529181711629	2.68100858723564
1.73864555130216	0.240343336822452	1.26757261113015	2.20971849147416	1.77437091315081	0.202475605713612	1.37751872595213	2.17122310034949	1.77437091315081	0.240343336822452	1.35713297536282	2.24953454238744	1.779482621802	0.228711548559885	1.33087993859276	2.22808530501124
2.04179365279131	0.222611473574532	1.60547516458523	2.4781121409974	2.00775403817331	0.168042566030387	1.67839060875375	2.33711746759287	2.00775403817331	0.222611473574532	1.58262208480513	2.40396321533985	2.00688559324666	0.21415138798918	1.58685179624657	2.42691939024675
1.72737301390985	0.214937483039762	1.30609554715191	2.14865048066778	1.75992802134876	0.167245578008938	1.43212668845125	2.08772935424628	1.75992802134876	0.214937483039762	1.36100949875285	2.18887715260194	1.76130971714556	0.207973411956631	1.35341112813901	2.16920830615212
2.08843085231422	0.245943796674103	1.60638101083298	2.57048069379546	2.12639695205954	0.206784266933137	1.72109978887059	2.53169411524849	2.12639695205954	0.245943796674103	1.6109243871375	2.61711638980261	2.12860242171391	0.22491590148668	1.68745151910511	2.5697533243227
1.71733874327404	0.230912016339651	1.26475119124833	2.16992629529976	1.80827649632603	0.170463640975403	1.47416776001424	2.14238523263782	1.80827649632603	0.230912016339651	1.35591458563677	2.21149588409176	1.80548469675107	0.22522721979556	1.36371679985254	2.24725259364959
2.11503108938714	0.192796977080435	1.73714901430949	2.4929131644648	2.14520475385151	0.159863827186318	1.83187165256632	2.45853785513669	2.14520475385151	0.192796977080435	1.78137907510182	2.54003628389227	2.14497930533697	0.183988021687633	1.7841686196137	2.50578999106024
1.82503075018509	0.259950840322388	1.31552710315321	2.33453439721697	1.79311770814863	0.206726618044478	1.38793353678145	2.19830187951581	1.79311770814863	0.259950840322388	1.28926235437896	2.29307681488323	1.80014059769652	0.239351143186363	1.33065983461501	2.26962136077802
1.94228444419487	0.222278272649962	1.50661902980094	2.37794985858879	2.0753223434117	0.176170570117261	1.73002802598187	2.42061666084153	2.0753223434117	0.222278272649962	1.64178890190611	2.48739661936041	2.0764240006367	0.208258880026061	1.66795746332498	2.48489053794842
2.04766803212704	0.294830616081075	1.46980002460813	2.62553603964594	2.02651987615651	0.244912306309847	1.54649175578921	2.50654799652381	2.02651987615651	0.294830616081075	1.491538744324	2.66782960743894	2.03006424491035	0.269759235264957	1.50090504933587	2.55922344048483
2.02872807460064	0.328029673038151	1.38578991544586	2.67166623375541	2.09369091906147	0.241233833052689	1.62087260627821	2.56650923184475	2.09369091906147	0.328029673038151	1.46902517759918	2.72460139638511	2.08429604184041	0.319738361472556	1.45703184140734	2.71156024227348
2.43749052448689	0.287528273927162	1.87393510758965	3.00104594138413	2.22952612813397	0.231368596041954	1.77604367989174	2.6830085763762	2.22952612813397	0.287528273927162	1.64350926260092	2.77919543724104	2.22867701527455	0.263149227186819	1.71247847868224	2.74487555186685
2.08302994317525	0.2559790445477	1.58131101586176	2.58474887048874	2.01429483863084	0.211842280142603	1.59908396955133	2.42950570771034	2.01429483863084	0.2559790445477	1.50386521956526	2.52624662841686	2.0189677718598	0.238931835227644	1.55029137350655	2.48764417021305
2.09657953566432	0.234842332694171	1.63628856358374	2.55687050774489	2.11255145221986	0.188071439985	1.74393142984926	2.48117147459046	2.11255145221986	0.234842332694171	1.64640715609827	2.57980402624128	2.10676716113022	0.223373504002815	1.66864693001438	2.54488739224606
1.74864685609913	0.277005852201111	1.20571538578496	2.29157832641331	1.73571663592139	0.192906673472218	1.35761955591584	2.11381371592694	1.73571663592139	0.277005852201111	1.1737956863176	2.27134529244684	1.73867892912936	0.268240444138633	1.21246695843555	2.26489089982318
1.98241592624284	0.35843508799324	1.27988315377609	2.68494869870959	2.27102077513622	0.239731205193886	1.8011476129562	2.74089393731623	2.27102077513622	0.35843508799324	1.58444628591744	2.97454128790641	2.26422317950281	0.347084238535987	1.58329197972102	2.94515437928461
2.01501628871579	0.247238377430519	1.53042906895197	2.49960350847961	1.90390358042022	0.172199589676381	1.56639238465451	2.24141477618592	1.90390358042022	0.247238377430519	1.42218637680182	2.32172875821822	1.90801589053719	0.240081964555158	1.43706646022671	2.37896532084766
1.84786101153255	0.31717518954052	1.22619764003313	2.46952438303197	1.85224368799021	0.242180406343328	1.37757009155729	2.32691728442313	1.85224368799021	0.31717518954052	1.18656209360725	2.46295490865993	1.86338875084214	0.30260726781066	1.26975067992483	2.45702682175946
2.14463598128303	0.395446529725504	1.36956078302104	2.91971117954502	2.06740171471833	0.27195155543931	1.53437666605728	2.60042676337938	2.06740171471833	0.395446529725504	1.2260574642179	2.76382948984633	2.06905592270087	0.39261117634391	1.29877817066296	2.83933367473879
1.85152571583094	0.23229462704506	1.39622824682262	2.30682318483926	1.76980480430763	0.198997866576173	1.37976898581833	2.15984062279693	1.76980480430763	0.23229462704506	1.29742714281824	2.21559174163426	1.77229344506663	0.220256970499342	1.34028813550072	2.20429875463254
1.79512325600823	0.306803693203938	1.19378801732851	2.39645849468795	1.82507313050189	0.242107579050893	1.35054227556214	2.29960398544164	1.82507313050189	0.306803693203938	1.24115207760681	2.40488790134291	1.84313890226035	0.287218614114976	1.27971606438725	2.40656174013346
1.85220932364593	0.309895842527058	1.2448134722929	2.45960517499897	1.93159550254009	0.236696247203836	1.46767085802057	2.3955201470596	1.93159550254009	0.309895842527058	1.28625618225284	2.51766843555028	1.94075102533649	0.293857802832688	1.36427614411153	2.51722590656145
1.95403306553162	0.293722625598755	1.37833671935806	2.52972941170518	1.86104236562995	0.221056924198969	1.42777079419997	2.29431393705993	1.86104236562995	0.293722625598755	1.19574380945801	2.38994794674489	1.86532022557906	0.279187353582294	1.31763523283117	2.41300521832695
1.74354167073582	0.268551731287264	1.21718027741278	2.26990306405886	1.714998695982	0.228667309861692	1.26681076865308	2.16318662331091	1.714998695982	0.268551731287264	1.21463209762087	2.21384393298295	1.72167103815016	0.249357190719102	1.23256920910499	2.21077286719533
1.86376657948114	0.261718287969473	1.35079873506098	2.37673442390131	2.05673917723195	0.22434921639875	1.6170147130904	2.4964636413735	2.05673917723195	0.261718287969473	1.56250823917792	2.58339194274111	2.05630105916364	0.238148635361638	1.58919723173788	2.5234048865894
2.13022591159902	0.266524497735051	1.60783789603832	2.65261392715972	2.20113323335824	0.222302662418848	1.76542001501729	2.63684645169918	2.20113323335824	0.266524497735051	1.64869150200175	2.70949452165176	2.18828981331245	0.247362092242656	1.70307252218356	2.67350710444134
1.72356248196727	0.302027051718419	1.13158946059917	2.31553550333537	1.86274357622558	0.223939123604983	1.42382289395981	2.30166425849135	1.86274357622558	0.302027051718419	1.29130057107719	2.48015313280013	1.86337661117531	0.291114854918624	1.29226983367618	2.43448338867444
1.56812724623727	0.195954078424243	1.18405725252575	1.95219723994878	1.60236096610978	0.156126431446943	1.29635316047378	1.90836877174579	1.60236096610978	0.195954078424243	1.23411416507905	2.0204395262521	1.60715874856207	0.185991498397037	1.24240752652599	1.97190997059815
1.80752047454893	0.268615174385048	1.28103473275424	2.33400621634363	1.76877380712143	0.220738459262977	1.336126426966	2.20142118727687	1.76877380712143	0.268615174385048	1.24011997914441	2.26363888468687	1.78835094399705	0.244759202431218	1.3082672507878	2.26843463720631
1.89365758109287	0.482687226049973	0.947590618034921	2.83972454415081	1.98287628275279	0.298223982836634	1.39835727639298	2.56739528911259	1.98287628275279	0.482687226049973	0.901514020350562	2.79175976492785	1.98930740202977	0.478464791855264	1.05052956533258	2.92808523872696
2.13352544058117	0.213819059212215	1.71444008452523	2.55261079663711	2.14427407442494	0.170910055907746	1.80929036484576	2.47925778400413	2.14427407442494	0.213819059212215	1.67943370540013	2.55118294163924	2.14144079931329	0.20284431398868	1.74358733750342	2.53929426112315
2.13660304445943	0.218276166106966	1.70878175888978	2.56442433002909	2.27176581500969	0.187147516892016	1.90495668190134	2.63857494811805	2.27176581500969	0.218276166106966	1.8509834778316	2.69725420245119	2.25886992656578	0.202688684889424	1.8613621478777	2.65637770525387
2.25504053392541	0.497468033998768	1.28000318728782	3.23007788056299	2.28994733203057	0.338085531816685	1.62729968966987	2.95259497439127	2.28994733203057	0.497468033998768	1.43898464001546	3.45466821565672	2.27971332673112	0.475828796546385	1.34611328498696	3.21331336847528
1.64642202377551	0.271389773717201	1.1144980672898	2.17834598026123	1.73892394136261	0.209862875215195	1.32759270594083	2.15025517678439	1.73892394136261	0.271389773717201	1.18124572616691	2.20386376288432	1.74870007082622	0.264686691558722	1.22945928342595	2.26794085822649
2.35688778765579	0.2691673054973	1.82931986888108	2.8844557064305	2.30184289249728	0.19078754251995	1.92789930915818	2.67578647583638	2.30184289249728	0.2691673054973	1.69418393285533	2.80016730980036	2.30127845815638	0.260692366058283	1.78991800748397	2.81263890882879
1.83133277707477	0.28289819781093	1.27685230936535	2.38581324478419	1.82620941032423	0.220855859429776	1.39333192584187	2.25908689480659	1.82620941032423	0.28289819781093	1.17858447461738	2.3198877327799	1.833781225366	0.27411734424954	1.29604302554457	2.37151942518742
2.10520978816943	0.242488988501441	1.62993137070661	2.58048820563225	2.22217651006746	0.191851486972868	1.84614759560064	2.59820542453428	2.22217651006746	0.242488988501441	1.76946160955503	2.69928554566519	2.21609507066162	0.235542947179936	1.7540858464314	2.67810429489183
2.06645936769024	0.227943732924888	1.61968965115746	2.51322908422302	2.16245282662513	0.19115408300296	1.78779082393933	2.53711482931093	2.16245282662513	0.227943732924888	1.68282172027299	2.5769703906637	2.16028610806114	0.210780232851703	1.7468845167973	2.57368769932498
1.91341742016312	0.35194852100065	1.22359831900184	2.60323652132439	1.90944420537615	0.222352228837162	1.47363383685531	2.34525457389699	1.90944420537615	0.35194852100065	1.27359692996378	2.54391201782399	1.91252877731638	0.346995778590156	1.23174977677286	2.5933077778599
2.1065438422605	0.302591835349876	1.51346384497474	2.69962383954625	2.24518753057834	0.223403799874946	1.80731608282344	2.68305897833323	2.24518753057834	0.302591835349876	1.73301426304945	2.91153392181128	2.23866578667171	0.289213223304631	1.67131168590513	2.8060198874383
2.76866752435472	0.289021121254622	2.20218612669566	3.33514892201378	2.62215147667149	0.237018242469534	2.1575957214312	3.08670723191178	2.62215147667149	0.289021121254622	2.0534468084463	3.20615688512077	2.60453500090679	0.270173413037735	2.07454705564617	3.13452294616741
2.06517942694179	0.282692036990318	1.51110303444077	2.61925581944281	2.0380656625537	0.234631249846618	1.57818841285433	2.49794291225307	2.0380656625537	0.282692036990318	1.45100468495079	2.53939159854117	2.03138126729372	0.261005450818545	1.51941358818885	2.54334894639859
1.89830318495066	0.271443348667971	1.36627422156143	2.43033214833988	1.97808692522153	0.200414834478218	1.58527384964422	2.37090000079884	1.97808692522153	0.271443348667971	1.43724735230555	2.51703016617716	1.98609764193269	0.259763954030551	1.47653365795632	2.49566162590906
2.20853715891297	0.268345479855731	1.68258001839574	2.73449429943021	2.30518621230634	0.198426395616895	1.91627047689722	2.69410194771545	2.30518621230634	0.268345479855731	1.81931619429984	2.80906196714173	2.30121374980374	0.261657498874715	1.78795843670942	2.81446906289806
2.07295425878058	0.256427996960719	1.57035538473757	2.57555313282359	2.06819356551001	0.197846504358969	1.68041441696643	2.45597271405359	2.06819356551001	0.256427996960719	1.51159233569655	2.53124444912483	2.06769321736342	0.247969894074475	1.58127292836069	2.55411350636616
1.89343840845079	0.271944661925381	1.36042687107704	2.42644994582454	1.74055359059712	0.214119178374354	1.32088000098339	2.16022718021086	1.74055359059712	0.271944661925381	1.17788918697489	2.25907650981079	1.74804876425233	0.252433464211725	1.25287552687122	2.24322200163344
1.76440339723243	0.248736171407797	1.27688050127315	2.25192629319171	1.82327169523801	0.204208690949275	1.42302266097743	2.22352072949858	1.82327169523801	0.248736171407797	1.32707721516655	2.3066412821754	1.83314762995839	0.229473564120493	1.38304107228804	2.28325418762875
2.03668324178306	0.273563071169072	1.50049962229168	2.57286686127444	2.0359135925871	0.187377303724384	1.66865407728731	2.4031731078869	2.0359135925871	0.273563071169072	1.55129157142719	2.59109513367665	2.03099902482871	0.254460786691787	1.53183735378578	2.53016069587164
1.92722025879929	0.269559085207257	1.39888445179306	2.45555606580551	1.85567066376022	0.224699897459969	1.41525886473868	2.29608246278176	1.85567066376022	0.269559085207257	1.29443763711012	2.38864715896825	1.86353484053097	0.248765254723369	1.37556448257696	2.35150519848497
2.23675027082015	0.276902887061441	1.69402061217973	2.77947992946057	2.1980952156153	0.220830357576871	1.76526771476463	2.63092271646596	2.1980952156153	0.276902887061441	1.6638859041728	2.78536965077285	2.20097394926544	0.258568620568577	1.69376238984099	2.7081855086899
2.22251051159787	0.216601803286997	1.79797097715536	2.64705004604039	2.09251850819113	0.171334572709739	1.75670274568005	2.42833427070222	2.09251850819113	0.216601803286997	1.683463520053	2.53595519668771	2.09421736169352	0.207115644155361	1.68800716193846	2.50042756144857
1.91472581547326	0.211168112501089	1.50083631497112	2.32861531597539	2.11868545315839	0.17561551666368	1.77447904049758	2.46289186581921	2.11868545315839	0.211168112501089	1.73162635517294	2.55798159054339	2.11556060298253	0.203547672893765	1.71633268547286	2.5147885204922
2.08319156573691	0.19026870353566	1.71026490680701	2.4561182246668	2.07788933454011	0.147215777896514	1.78934640986294	2.36643225921727	2.07788933454011	0.19026870353566	1.68196081466323	2.43476473458626	2.08231112673576	0.188902182803169	1.71182832986239	2.45279392360913
2.0286323410823	0.245964843395794	1.54654124802654	2.51072343413805	2.12466170366891	0.191499478723264	1.74932272537131	2.5000006819665	2.12466170366891	0.245964843395794	1.68168381572721	2.6511416654395	2.11494946925472	0.232818390524031	1.6582899318098	2.57160900669964
2.0629107937583	0.247646359720435	1.57752392870625	2.54829765881035	2.17709304175639	0.199263565980899	1.78653645243383	2.56764963107895	2.17709304175639	0.247646359720435	1.70075916537698	2.69010033520583	2.18382070810632	0.227505462545809	1.73759379965927	2.63004761655337
1.78149060560659	0.307978792098683	1.17785217309318	2.38512903812001	1.85843248359086	0.219079853569532	1.42903597059458	2.28782899658715	1.85843248359086	0.307978792098683	1.30743457661004	2.46568984516628	1.86822507372618	0.297149062861963	1.2852828254878	2.45116732196455
1.93321988480042	0.22637285528679	1.48952908843831	2.37691068116253	1.90228063777185	0.166750833326659	1.5754490044516	2.22911227109211	1.90228063777185	0.22637285528679	1.44373304668176	2.33294662632479	1.91240268322618	0.217108920590956	1.4865416368398	2.33826372961257
2.32255249421109	0.276854179422791	1.77991830254242	2.86518668587976	2.3663436637786	0.213493346087997	1.94789670544613	2.78479062211108	2.3663436637786	0.276854179422791	1.87522204335871	2.90991142054398	2.35765181199776	0.2671951546013	1.83351704674868	2.88178657724684
1.79561181204618	0.306928427715711	1.19403209372339	2.39719153036898	1.83119310226783	0.246993979153169	1.34708490312762	2.31530130140804	1.83119310226783	0.306928427715711	1.31784516676888	2.50976457084175	1.82556415077377	0.288748009803961	1.25912341473458	2.39200488681295
1.80221337017155	0.273952354323495	1.2652667556975	2.3391599846456	1.95847014272421	0.206861350776739	1.55302189520181	2.36391839024662	1.95847014272421	0.273952354323495	1.37516059783485	2.45959362585403	1.95406063732665	0.260280286945085	1.44349279494052	2.46462847971277
1.56090391453438	0.26566340453055	1.0402036416545	2.08160418741425	1.55624132544983	0.211275230513352	1.14214187364366	1.970340777256	1.55624132544983	0.26566340453055	1.04453692283623	2.11177132303088	1.58010609170089	0.252211923929558	1.08540171666762	2.07481046673417
1.7156585718312	0.244080096847106	1.23726158201087	2.19405556165152	1.79791939206903	0.206990204039015	1.39221859215256	2.2036201919855	1.79791939206903	0.244080096847106	1.31941378387914	2.2273583821519	1.80921824599854	0.230273908196066	1.35757512975018	2.2608613622469
2.0830179885132	0.258771571280045	1.57582570880431	2.59021026822209	2.01356881738049	0.211959722843656	1.59812776060692	2.42900987415405	2.01356881738049	0.258771571280045	1.54508570197252	2.54354206789593	2.01399206822087	0.233569701591548	1.55584648437663	2.47213765206512
1.98033790521443	0.245761365045941	1.49864562972439	2.46203018070448	2.16801083226981	0.168532092012539	1.83768793192523	2.49833373261439	2.16801083226981	0.245761365045941	1.68705510870641	2.62652558436911	2.15663441707219	0.234811339770371	1.69602189832965	2.61724693581474
2.12593997121053	0.214506633209187	1.70550697012052	2.54637297230053	2.00485555667392	0.165274986240446	1.68091658364264	2.32879452970519	2.00485555667392	0.214506633209187	1.5951783255399	2.42464712398735	2.02220399323369	0.207273316732266	1.61566532600951	2.42874266045786
2.07173571816397	0.259289376531084	1.56352854016305	2.5799428961649	2.12173934670022	0.198004266294097	1.73365098476379	2.50982770863665	2.12173934670022	0.259289376531084	1.64449885505684	2.65639704941547	2.11825202822407	0.248859235797638	1.63010357172851	2.60640048471964
2.31746237772493	0.258185042028738	1.8114196953486	2.82350506010125	2.29136232821381	0.184632902165459	1.92948183996951	2.65324281645811	2.29136232821381	0.258185042028738	1.80736539475694	2.79897525565577	2.29323639241036	0.252350800811077	1.79819972167204	2.78827306314868
1.91321030839893	0.367926517032378	1.19207433501547	2.63434628178239	2.03614133048228	0.282927177596351	1.48160406239343	2.59067859857113	2.03614133048228	0.367926517032378	1.44003419008796	2.74923588290403	2.03538600573839	0.3468249476515	1.35496968160054	2.71580232987625
2.23906029559427	0.434463539541287	1.38751175809335	3.09060883309519	2.15573404577387	0.31064776052496	1.54686443514495	2.76460365640279	2.15573404577387	0.434463539541287	1.28767920161799	3.07364162125734	2.16208307921091	0.420886353134879	1.33634168219851	2.9878244762233
1.91972094584365	0.333972098159858	1.26513563345033	2.57430625823697	1.84485688980582	0.246555339520955	1.36160842434475	2.32810535526689	1.84485688980582	0.333972098159858	1.27647816432307	2.60888099641081	1.85855443341635	0.318490190728766	1.23375629244309	2.4833525743896
2.0302922389092	0.258235406137334	1.52415084288002	2.53643363493837	2.07733032112983	0.200759771731238	1.68384116853661	2.47081947372306	2.07733032112983	0.258235406137334	1.58492765272242	2.59820263124732	2.07661037497572	0.246478154618699	1.59316226300281	2.56005848694863
1.96543961193443	0.25628015033864	1.4631305172707	2.46774870659817	1.91509435220267	0.214567105703426	1.49454282502395	2.33564587938138	1.91509435220267	0.25628015033864	1.40355248928104	2.42212624850165	1.92124129108011	0.246637709168642	1.43746470592016	2.40501787624006
1.9576792876335	0.295761805594288	1.3779861486687	2.5373724265983	2.01554687682279	0.198331716754955	1.62681671198308	2.40427704166251	2.01554687682279	0.295761805594288	1.48100328047702	2.59370978987118	2.00858165405693	0.284935518187277	1.44961382147863	2.56754948663522
1.92551083002689	0.339059211958757	1.26095477458773	2.59006688546606	2.03336136253174	0.250217177427503	1.54293569477384	2.52378703028965	2.03336136253174	0.339059211958757	1.44004075571084	2.80956586366738	2.03887376849152	0.32378014997783	1.40366033662758	2.67408720035545
2.27344563388718	0.236905755208805	1.80911035367792	2.73778091409644	2.27248314867199	0.172965543339041	1.93347068372747	2.61149561361651	2.27248314867199	0.236905755208805	1.86438062531813	2.71158059023806	2.25883575368078	0.229034723145199	1.80956758438068	2.70810392298088
1.75327709146005	0.28865393433576	1.18751538016196	2.31903880275814	1.81123313515906	0.207662463663627	1.40421470637836	2.21825156393977	1.81123313515906	0.28865393433576	1.23473480478789	2.35468575488869	1.8299145058898	0.272670798956919	1.29503032568399	2.36479868609562
1.82566904633297	0.204214180718545	1.42540925212462	2.22592884054132	1.88183462163692	0.1567543523584	1.57459609101445	2.18907315225938	1.88183462163692	0.204214180718545	1.51494086962894	2.2879654523097	1.8830492468655	0.200228333316831	1.49035135096102	2.27574714276998
1.82487372178314	0.259479457743894	1.3162939846051	2.33345345896117	1.79806977243163	0.220135985249926	1.36660324134178	2.22953630352149	1.79806977243163	0.259479457743894	1.25859344764283	2.27677132760721	1.80252440629244	0.244114875815456	1.32370484315242	2.28134396943246
1.59058392675	0.309960472827693	0.983061400007726	2.19810645349228	1.71557428951901	0.223967053441216	1.27659886477423	2.15454971426379	1.71557428951901	0.309960472827693	1.15237388203605	2.30842615299985	1.7159444118183	0.293949735828013	1.13928606698234	2.29260275665426
2.06876869133989	0.242387557907705	1.59368907784078	2.54384830483899	2.06008351120013	0.173572448547878	1.71988151204629	2.40028551035397	2.06008351120013	0.242387557907705	1.59632128296504	2.48289703554815	2.05424170288865	0.232763957921456	1.59765860693755	2.51082479883975
1.83414055451977	0.222395701315229	1.39824497994192	2.27003612909762	1.86062527890661	0.173834197311863	1.51991025217535	2.20134030563786	1.86062527890661	0.222395701315229	1.47257740145973	2.32138355823233	1.85692819357753	0.212365809090517	1.44039420184834	2.27346218530671
1.83408601226388	0.279377659174614	1.28650580028164	2.38166622424613	1.77880930789064	0.219369691212324	1.34884471311448	2.2087739026668	1.77880930789064	0.279377659174614	1.27258695977822	2.29594247146171	1.77205107796828	0.26821895234374	1.24589039249838	2.29821176343817
1.93830679714428	0.286793047994174	1.3761924230757	2.50042117121286	1.99031606058339	0.224629200182397	1.55004282822589	2.43058929294089	1.99031606058339	0.286793047994174	1.37259593984104	2.55507234319557	1.98814439617855	0.270272385567004	1.45796212869993	2.51832666365717
1.83835842900043	0.184569947884853	1.47660133114612	2.20011552685474	1.84034883905383	0.156818996419383	1.53298360607184	2.14771407203582	1.84034883905383	0.184569947884853	1.4955282874442	2.19154199967703	1.83773604964626	0.175237499283056	1.49407733922668	2.18139476006584
2.37528019998272	0.31039549513487	1.76690502951838	2.98365537044707	2.32118645897404	0.264217945935785	1.8033192849399	2.83905363300818	2.32118645897404	0.31039549513487	1.75370018746372	3.01574006931657	2.31438166833264	0.283443714698969	1.75835661880748	2.87040671785781
1.87614426910183	0.250269739632889	1.38561557942137	2.36667295878229	1.84572797740393	0.19361313950531	1.46624622397352	2.22520973083434	1.84572797740393	0.250269739632889	1.35163743754413	2.32355653061393	1.84684146746842	0.239152104941035	1.37775559658086	2.31592733835598
2.14473356487995	0.337485364066893	1.48326225130884	2.80620487845106	2.1955651483124	0.261842027780669	1.68235477386228	2.70877552276251	2.1955651483124	0.337485364066893	1.61557102230632	2.96675079140109	2.18293469712355	0.317647834196553	1.55977549453171	2.80609389971538
2.32845317309606	0.366063757269092	1.61096820884864	3.04593813734348	2.33845031904526	0.263636112034855	1.82172353945695	2.85517709863358	2.33845031904526	0.366063757269092	1.70224497110985	3.21156782832837	2.33686183977393	0.352562024045833	1.64518990844728	3.02853377110058
1.92033428519043	0.258764761833421	1.41315535199692	2.42751321838393	1.8565904269436	0.192149155707275	1.47997808175734	2.23320277212986	1.8565904269436	0.258764761833421	1.34032626758555	2.29871838749796	1.87484849912173	0.248954097017031	1.38651426496802	2.36318273327544
1.65670831419554	0.281568923241423	1.10483322464235	2.20858340374873	1.65123441058309	0.224621435721798	1.21097639656836	2.09149242459781	1.65123441058309	0.281568923241423	1.15782177661348	2.26284350976518	1.66090367516988	0.264676798322036	1.14171611855408	2.18009123178568
2.34654344036506	0.291899534475953	1.77442035279219	2.91866652793793	2.36401233731093	0.2048776625463	1.96245211872018	2.76557255590168	2.36401233731093	0.291899534475953	1.8294993676166	2.9037932078615	2.35494605257324	0.284859906197824	1.79614700693487	2.91374509821161
1.97317342931955	0.285536226279257	1.41352242581221	2.53282443282689	2.16135597070471	0.223173094371541	1.72393670573649	2.59877523567293	2.16135597070471	0.285536226279257	1.62338523677687	2.75136867783354	2.14650219134763	0.271469111537361	1.61399957288105	2.67900480981421
2.21818287812237	0.230691827284885	1.766026896644	2.67033885960074	2.20951143856216	0.192642431692351	1.83193227244516	2.58709060467917	2.20951143856216	0.230691827284885	1.73720966154548	2.63703585996601	2.22360032277176	0.217907314290634	1.79618099348304	2.65101965206048
1.90183388275944	0.399659907868709	1.11850046333677	2.68516730218211	2.1840286643445	0.311619645459461	1.57325415924396	2.79480316944505	2.1840286643445	0.399659907868709	1.52386725179036	3.12818821140905	2.17860633623747	0.379399592560373	1.43426571719228	2.92294695528267
1.82892546051825	0.365028971096614	1.11346867716889	2.54438224386762	1.84595952533209	0.261331835406024	1.33374912793629	2.3581699227279	1.84595952533209	0.365028971096614	1.21125539540543	2.57196222059638	1.85096445970302	0.345722339549827	1.17269784388869	2.52923107551734
2.09399151649003	0.239322668726128	1.62491908578682	2.56306394719324	2.17630953332287	0.203016627930501	1.77839694257908	2.57422212406665	2.17630953332287	0.239322668726128	1.68078951902409	2.65255721405071	2.17211156355336	0.214601218148115	1.75120172880994	2.59302139829677
2.0447793211509	0.182165703328509	1.68773454262702	2.40182409967478	2.03989392331783	0.138576526825639	1.76828393073958	2.31150391589608	2.03989392331783	0.182165703328509	1.67864614089283	2.37127809154185	2.03913065943167	0.179911454065142	1.686261437204	2.39199988165935
1.72318812593448	0.25891626416959	1.21571224816209	2.23066400370688	1.81611904314576	0.206518478736387	1.41134282482244	2.22089526146908	1.81611904314576	0.25891626416959	1.34479254556672	2.35588205224864	1.80055365828769	0.240935751089086	1.32796431221172	2.27314300436365
1.97253153529141	0.238711787004081	1.50465643276341	2.4404066378194	2.16247799825882	0.172079928147058	1.82520133909058	2.49975465742705	2.16247799825882	0.238711787004081	1.75072832931286	2.64006265575123	2.1582665097394	0.236941237579395	1.69350999082474	2.62302302865406
2.26089030668185	0.269382701791705	1.73290021117011	2.78888040219359	2.08819768779695	0.196236918891965	1.70357332676869	2.4728220488252	2.08819768779695	0.269382701791705	1.49064881458346	2.57773299112428	2.09750065648417	0.263644693538966	1.58031199764151	2.61468931532682
