X1	X2	X3	X4	X1.1	X2.1	X3.1	X4.1	X1.2	X2.2	X3.2	X4.2	X1.3	X2.3	X3.3	X4.3
NA	NA	NA	NA	NA	NA	NA	NA	NA	NA	NA	NA	NA	NA	NA	NA
NA	NA	NA	NA	NA	NA	NA	NA	NA	NA	NA	NA	NA	NA	NA	NA
NA	NA	NA	NA	NA	NA	NA	NA	NA	NA	NA	NA	NA	NA	NA	NA
NA	NA	NA	NA	NA	NA	NA	NA	NA	NA	NA	NA	NA	NA	NA	NA
NA	NA	NA	NA	NA	NA	NA	NA	NA	NA	NA	NA	NA	NA	NA	NA
NA	NA	NA	NA	NA	NA	NA	NA	NA	NA	NA	NA	NA	NA	NA	NA
NA	NA	NA	NA	NA	NA	NA	NA	NA	NA	NA	NA	NA	NA	NA	NA
NA	NA	NA	NA	NA	NA	NA	NA	NA	NA	NA	NA	NA	NA	NA	NA
NA	NA	NA	NA	NA	NA	NA	NA	NA	NA	NA	NA	NA	NA	NA	NA
NA	NA	NA	NA	NA	NA	NA	NA	NA	NA	NA	NA	NA	NA	NA	NA
NA	NA	NA	NA	NA	NA	NA	NA	NA	NA	NA	NA	NA	NA	NA	NA
NA	NA	NA	NA	NA	NA	NA	NA	NA	NA	NA	NA	NA	NA	NA	NA
NA	NA	NA	NA	NA	NA	NA	NA	NA	NA	NA	NA	NA	NA	NA	NA
NA	NA	NA	NA	NA	NA	NA	NA	NA	NA	NA	NA	NA	NA	NA	NA
NA	NA	NA	NA	NA	NA	NA	NA	NA	NA	NA	NA	NA	NA	NA	NA
NA	NA	NA	NA	NA	NA	NA	NA	NA	NA	NA	NA	NA	NA	NA	NA
NA	NA	NA	NA	NA	NA	NA	NA	NA	NA	NA	NA	NA	NA	NA	NA
NA	NA	NA	NA	NA	NA	NA	NA	NA	NA	NA	NA	NA	NA	NA	NA
NA	NA	NA	NA	NA	NA	NA	NA	NA	NA	NA	NA	NA	NA	NA	NA
NA	NA	NA	NA	NA	NA	NA	NA	NA	NA	NA	NA	NA	NA	NA	NA
NA	NA	NA	NA	NA	NA	NA	NA	NA	NA	NA	NA	NA	NA	NA	NA
NA	NA	NA	NA	NA	NA	NA	NA	NA	NA	NA	NA	NA	NA	NA	NA
NA	NA	NA	NA	NA	NA	NA	NA	NA	NA	NA	NA	NA	NA	NA	NA
NA	NA	NA	NA	NA	NA	NA	NA	NA	NA	NA	NA	NA	NA	NA	NA
NA	NA	NA	NA	NA	NA	NA	NA	NA	NA	NA	NA	NA	NA	NA	NA
NA	NA	NA	NA	NA	NA	NA	NA	NA	NA	NA	NA	NA	NA	NA	NA
NA	NA	NA	NA	NA	NA	NA	NA	NA	NA	NA	NA	NA	NA	NA	NA
NA	NA	NA	NA	NA	NA	NA	NA	NA	NA	NA	NA	NA	NA	NA	NA
NA	NA	NA	NA	NA	NA	NA	NA	NA	NA	NA	NA	NA	NA	NA	NA
NA	NA	NA	NA	NA	NA	NA	NA	NA	NA	NA	NA	NA	NA	NA	NA
NA	NA	NA	NA	NA	NA	NA	NA	NA	NA	NA	NA	NA	NA	NA	NA
NA	NA	NA	NA	NA	NA	NA	NA	NA	NA	NA	NA	NA	NA	NA	NA
NA	NA	NA	NA	NA	NA	NA	NA	NA	NA	NA	NA	NA	NA	NA	NA
NA	NA	NA	NA	NA	NA	NA	NA	NA	NA	NA	NA	NA	NA	NA	NA
NA	NA	NA	NA	NA	NA	NA	NA	NA	NA	NA	NA	NA	NA	NA	NA
NA	NA	NA	NA	NA	NA	NA	NA	NA	NA	NA	NA	NA	NA	NA	NA
NA	NA	NA	NA	NA	NA	NA	NA	NA	NA	NA	NA	NA	NA	NA	NA
NA	NA	NA	NA	NA	NA	NA	NA	NA	NA	NA	NA	NA	NA	NA	NA
NA	NA	NA	NA	NA	NA	NA	NA	NA	NA	NA	NA	NA	NA	NA	NA
NA	NA	NA	NA	NA	NA	NA	NA	NA	NA	NA	NA	NA	NA	NA	NA
NA	NA	NA	NA	NA	NA	NA	NA	NA	NA	NA	NA	NA	NA	NA	NA
NA	NA	NA	NA	NA	NA	NA	NA	NA	NA	NA	NA	NA	NA	NA	NA
NA	NA	NA	NA	NA	NA	NA	NA	NA	NA	NA	NA	NA	NA	NA	NA
NA	NA	NA	NA	NA	NA	NA	NA	NA	NA	NA	NA	NA	NA	NA	NA
NA	NA	NA	NA	NA	NA	NA	NA	NA	NA	NA	NA	NA	NA	NA	NA
NA	NA	NA	NA	NA	NA	NA	NA	NA	NA	NA	NA	NA	NA	NA	NA
NA	NA	NA	NA	NA	NA	NA	NA	NA	NA	NA	NA	NA	NA	NA	NA
NA	NA	NA	NA	NA	NA	NA	NA	NA	NA	NA	NA	NA	NA	NA	NA
NA	NA	NA	NA	NA	NA	NA	NA	NA	NA	NA	NA	NA	NA	NA	NA
NA	NA	NA	NA	NA	NA	NA	NA	NA	NA	NA	NA	NA	NA	NA	NA
NA	NA	NA	NA	NA	NA	NA	NA	NA	NA	NA	NA	NA	NA	NA	NA
NA	NA	NA	NA	NA	NA	NA	NA	NA	NA	NA	NA	NA	NA	NA	NA
NA	NA	NA	NA	NA	NA	NA	NA	NA	NA	NA	NA	NA	NA	NA	NA
NA	NA	NA	NA	NA	NA	NA	NA	NA	NA	NA	NA	NA	NA	NA	NA
NA	NA	NA	NA	NA	NA	NA	NA	NA	NA	NA	NA	NA	NA	NA	NA
NA	NA	NA	NA	NA	NA	NA	NA	NA	NA	NA	NA	NA	NA	NA	NA
NA	NA	NA	NA	NA	NA	NA	NA	NA	NA	NA	NA	NA	NA	NA	NA
NA	NA	NA	NA	NA	NA	NA	NA	NA	NA	NA	NA	NA	NA	NA	NA
NA	NA	NA	NA	NA	NA	NA	NA	NA	NA	NA	NA	NA	NA	NA	NA
NA	NA	NA	NA	NA	NA	NA	NA	NA	NA	NA	NA	NA	NA	NA	NA
NA	NA	NA	NA	NA	NA	NA	NA	NA	NA	NA	NA	NA	NA	NA	NA
NA	NA	NA	NA	NA	NA	NA	NA	NA	NA	NA	NA	NA	NA	NA	NA
NA	NA	NA	NA	NA	NA	NA	NA	NA	NA	NA	NA	NA	NA	NA	NA
NA	NA	NA	NA	NA	NA	NA	NA	NA	NA	NA	NA	NA	NA	NA	NA
NA	NA	NA	NA	NA	NA	NA	NA	NA	NA	NA	NA	NA	NA	NA	NA
NA	NA	NA	NA	NA	NA	NA	NA	NA	NA	NA	NA	NA	NA	NA	NA
NA	NA	NA	NA	NA	NA	NA	NA	NA	NA	NA	NA	NA	NA	NA	NA
NA	NA	NA	NA	NA	NA	NA	NA	NA	NA	NA	NA	NA	NA	NA	NA
NA	NA	NA	NA	NA	NA	NA	NA	NA	NA	NA	NA	NA	NA	NA	NA
NA	NA	NA	NA	NA	NA	NA	NA	NA	NA	NA	NA	NA	NA	NA	NA
NA	NA	NA	NA	NA	NA	NA	NA	NA	NA	NA	NA	NA	NA	NA	NA
NA	NA	NA	NA	NA	NA	NA	NA	NA	NA	NA	NA	NA	NA	NA	NA
NA	NA	NA	NA	NA	NA	NA	NA	NA	NA	NA	NA	NA	NA	NA	NA
NA	NA	NA	NA	NA	NA	NA	NA	NA	NA	NA	NA	NA	NA	NA	NA
NA	NA	NA	NA	NA	NA	NA	NA	NA	NA	NA	NA	NA	NA	NA	NA
NA	NA	NA	NA	NA	NA	NA	NA	NA	NA	NA	NA	NA	NA	NA	NA
NA	NA	NA	NA	NA	NA	NA	NA	NA	NA	NA	NA	NA	NA	NA	NA
NA	NA	NA	NA	NA	NA	NA	NA	NA	NA	NA	NA	NA	NA	NA	NA
NA	NA	NA	NA	NA	NA	NA	NA	NA	NA	NA	NA	NA	NA	NA	NA
NA	NA	NA	NA	NA	NA	NA	NA	NA	NA	NA	NA	NA	NA	NA	NA
NA	NA	NA	NA	NA	NA	NA	NA	NA	NA	NA	NA	NA	NA	NA	NA
NA	NA	NA	NA	NA	NA	NA	NA	NA	NA	NA	NA	NA	NA	NA	NA
NA	NA	NA	NA	NA	NA	NA	NA	NA	NA	NA	NA	NA	NA	NA	NA
NA	NA	NA	NA	NA	NA	NA	NA	NA	NA	NA	NA	NA	NA	NA	NA
NA	NA	NA	NA	NA	NA	NA	NA	NA	NA	NA	NA	NA	NA	NA	NA
NA	NA	NA	NA	NA	NA	NA	NA	NA	NA	NA	NA	NA	NA	NA	NA
NA	NA	NA	NA	NA	NA	NA	NA	NA	NA	NA	NA	NA	NA	NA	NA
NA	NA	NA	NA	NA	NA	NA	NA	NA	NA	NA	NA	NA	NA	NA	NA
NA	NA	NA	NA	NA	NA	NA	NA	NA	NA	NA	NA	NA	NA	NA	NA
NA	NA	NA	NA	NA	NA	NA	NA	NA	NA	NA	NA	NA	NA	NA	NA
NA	NA	NA	NA	NA	NA	NA	NA	NA	NA	NA	NA	NA	NA	NA	NA
NA	NA	NA	NA	NA	NA	NA	NA	NA	NA	NA	NA	NA	NA	NA	NA
NA	NA	NA	NA	NA	NA	NA	NA	NA	NA	NA	NA	NA	NA	NA	NA
NA	NA	NA	NA	NA	NA	NA	NA	NA	NA	NA	NA	NA	NA	NA	NA
NA	NA	NA	NA	NA	NA	NA	NA	NA	NA	NA	NA	NA	NA	NA	NA
NA	NA	NA	NA	NA	NA	NA	NA	NA	NA	NA	NA	NA	NA	NA	NA
NA	NA	NA	NA	NA	NA	NA	NA	NA	NA	NA	NA	NA	NA	NA	NA
NA	NA	NA	NA	NA	NA	NA	NA	NA	NA	NA	NA	NA	NA	NA	NA
NA	NA	NA	NA	NA	NA	NA	NA	NA	NA	NA	NA	NA	NA	NA	NA
NA	NA	NA	NA	NA	NA	NA	NA	NA	NA	NA	NA	NA	NA	NA	NA
NA	NA	NA	NA	NA	NA	NA	NA	NA	NA	NA	NA	NA	NA	NA	NA
NA	NA	NA	NA	NA	NA	NA	NA	NA	NA	NA	NA	NA	NA	NA	NA
NA	NA	NA	NA	NA	NA	NA	NA	NA	NA	NA	NA	NA	NA	NA	NA
NA	NA	NA	NA	NA	NA	NA	NA	NA	NA	NA	NA	NA	NA	NA	NA
NA	NA	NA	NA	NA	NA	NA	NA	NA	NA	NA	NA	NA	NA	NA	NA
NA	NA	NA	NA	NA	NA	NA	NA	NA	NA	NA	NA	NA	NA	NA	NA
NA	NA	NA	NA	NA	NA	NA	NA	NA	NA	NA	NA	NA	NA	NA	NA
NA	NA	NA	NA	NA	NA	NA	NA	NA	NA	NA	NA	NA	NA	NA	NA
NA	NA	NA	NA	NA	NA	NA	NA	NA	NA	NA	NA	NA	NA	NA	NA
NA	NA	NA	NA	NA	NA	NA	NA	NA	NA	NA	NA	NA	NA	NA	NA
NA	NA	NA	NA	NA	NA	NA	NA	NA	NA	NA	NA	NA	NA	NA	NA
NA	NA	NA	NA	NA	NA	NA	NA	NA	NA	NA	NA	NA	NA	NA	NA
NA	NA	NA	NA	NA	NA	NA	NA	NA	NA	NA	NA	NA	NA	NA	NA
NA	NA	NA	NA	NA	NA	NA	NA	NA	NA	NA	NA	NA	NA	NA	NA
NA	NA	NA	NA	NA	NA	NA	NA	NA	NA	NA	NA	NA	NA	NA	NA
NA	NA	NA	NA	NA	NA	NA	NA	NA	NA	NA	NA	NA	NA	NA	NA
NA	NA	NA	NA	NA	NA	NA	NA	NA	NA	NA	NA	NA	NA	NA	NA
NA	NA	NA	NA	NA	NA	NA	NA	NA	NA	NA	NA	NA	NA	NA	NA
NA	NA	NA	NA	NA	NA	NA	NA	NA	NA	NA	NA	NA	NA	NA	NA
NA	NA	NA	NA	NA	NA	NA	NA	NA	NA	NA	NA	NA	NA	NA	NA
NA	NA	NA	NA	NA	NA	NA	NA	NA	NA	NA	NA	NA	NA	NA	NA
NA	NA	NA	NA	NA	NA	NA	NA	NA	NA	NA	NA	NA	NA	NA	NA
NA	NA	NA	NA	NA	NA	NA	NA	NA	NA	NA	NA	NA	NA	NA	NA
NA	NA	NA	NA	NA	NA	NA	NA	NA	NA	NA	NA	NA	NA	NA	NA
NA	NA	NA	NA	NA	NA	NA	NA	NA	NA	NA	NA	NA	NA	NA	NA
NA	NA	NA	NA	NA	NA	NA	NA	NA	NA	NA	NA	NA	NA	NA	NA
NA	NA	NA	NA	NA	NA	NA	NA	NA	NA	NA	NA	NA	NA	NA	NA
NA	NA	NA	NA	NA	NA	NA	NA	NA	NA	NA	NA	NA	NA	NA	NA
NA	NA	NA	NA	NA	NA	NA	NA	NA	NA	NA	NA	NA	NA	NA	NA
NA	NA	NA	NA	NA	NA	NA	NA	NA	NA	NA	NA	NA	NA	NA	NA
NA	NA	NA	NA	NA	NA	NA	NA	NA	NA	NA	NA	NA	NA	NA	NA
NA	NA	NA	NA	NA	NA	NA	NA	NA	NA	NA	NA	NA	NA	NA	NA
NA	NA	NA	NA	NA	NA	NA	NA	NA	NA	NA	NA	NA	NA	NA	NA
NA	NA	NA	NA	NA	NA	NA	NA	NA	NA	NA	NA	NA	NA	NA	NA
NA	NA	NA	NA	NA	NA	NA	NA	NA	NA	NA	NA	NA	NA	NA	NA
NA	NA	NA	NA	NA	NA	NA	NA	NA	NA	NA	NA	NA	NA	NA	NA
NA	NA	NA	NA	NA	NA	NA	NA	NA	NA	NA	NA	NA	NA	NA	NA
NA	NA	NA	NA	NA	NA	NA	NA	NA	NA	NA	NA	NA	NA	NA	NA
NA	NA	NA	NA	NA	NA	NA	NA	NA	NA	NA	NA	NA	NA	NA	NA
NA	NA	NA	NA	NA	NA	NA	NA	NA	NA	NA	NA	NA	NA	NA	NA
NA	NA	NA	NA	NA	NA	NA	NA	NA	NA	NA	NA	NA	NA	NA	NA
NA	NA	NA	NA	NA	NA	NA	NA	NA	NA	NA	NA	NA	NA	NA	NA
NA	NA	NA	NA	NA	NA	NA	NA	NA	NA	NA	NA	NA	NA	NA	NA
NA	NA	NA	NA	NA	NA	NA	NA	NA	NA	NA	NA	NA	NA	NA	NA
NA	NA	NA	NA	NA	NA	NA	NA	NA	NA	NA	NA	NA	NA	NA	NA
NA	NA	NA	NA	NA	NA	NA	NA	NA	NA	NA	NA	NA	NA	NA	NA
NA	NA	NA	NA	NA	NA	NA	NA	NA	NA	NA	NA	NA	NA	NA	NA
NA	NA	NA	NA	NA	NA	NA	NA	NA	NA	NA	NA	NA	NA	NA	NA
NA	NA	NA	NA	NA	NA	NA	NA	NA	NA	NA	NA	NA	NA	NA	NA
NA	NA	NA	NA	NA	NA	NA	NA	NA	NA	NA	NA	NA	NA	NA	NA
NA	NA	NA	NA	NA	NA	NA	NA	NA	NA	NA	NA	NA	NA	NA	NA
NA	NA	NA	NA	NA	NA	NA	NA	NA	NA	NA	NA	NA	NA	NA	NA
NA	NA	NA	NA	NA	NA	NA	NA	NA	NA	NA	NA	NA	NA	NA	NA
NA	NA	NA	NA	NA	NA	NA	NA	NA	NA	NA	NA	NA	NA	NA	NA
NA	NA	NA	NA	NA	NA	NA	NA	NA	NA	NA	NA	NA	NA	NA	NA
NA	NA	NA	NA	NA	NA	NA	NA	NA	NA	NA	NA	NA	NA	NA	NA
NA	NA	NA	NA	NA	NA	NA	NA	NA	NA	NA	NA	NA	NA	NA	NA
NA	NA	NA	NA	NA	NA	NA	NA	NA	NA	NA	NA	NA	NA	NA	NA
NA	NA	NA	NA	NA	NA	NA	NA	NA	NA	NA	NA	NA	NA	NA	NA
NA	NA	NA	NA	NA	NA	NA	NA	NA	NA	NA	NA	NA	NA	NA	NA
NA	NA	NA	NA	NA	NA	NA	NA	NA	NA	NA	NA	NA	NA	NA	NA
NA	NA	NA	NA	NA	NA	NA	NA	NA	NA	NA	NA	NA	NA	NA	NA
NA	NA	NA	NA	NA	NA	NA	NA	NA	NA	NA	NA	NA	NA	NA	NA
NA	NA	NA	NA	NA	NA	NA	NA	NA	NA	NA	NA	NA	NA	NA	NA
NA	NA	NA	NA	NA	NA	NA	NA	NA	NA	NA	NA	NA	NA	NA	NA
NA	NA	NA	NA	NA	NA	NA	NA	NA	NA	NA	NA	NA	NA	NA	NA
NA	NA	NA	NA	NA	NA	NA	NA	NA	NA	NA	NA	NA	NA	NA	NA
NA	NA	NA	NA	NA	NA	NA	NA	NA	NA	NA	NA	NA	NA	NA	NA
NA	NA	NA	NA	NA	NA	NA	NA	NA	NA	NA	NA	NA	NA	NA	NA
NA	NA	NA	NA	NA	NA	NA	NA	NA	NA	NA	NA	NA	NA	NA	NA
NA	NA	NA	NA	NA	NA	NA	NA	NA	NA	NA	NA	NA	NA	NA	NA
NA	NA	NA	NA	NA	NA	NA	NA	NA	NA	NA	NA	NA	NA	NA	NA
NA	NA	NA	NA	NA	NA	NA	NA	NA	NA	NA	NA	NA	NA	NA	NA
NA	NA	NA	NA	NA	NA	NA	NA	NA	NA	NA	NA	NA	NA	NA	NA
NA	NA	NA	NA	NA	NA	NA	NA	NA	NA	NA	NA	NA	NA	NA	NA
NA	NA	NA	NA	NA	NA	NA	NA	NA	NA	NA	NA	NA	NA	NA	NA
NA	NA	NA	NA	NA	NA	NA	NA	NA	NA	NA	NA	NA	NA	NA	NA
NA	NA	NA	NA	NA	NA	NA	NA	NA	NA	NA	NA	NA	NA	NA	NA
NA	NA	NA	NA	NA	NA	NA	NA	NA	NA	NA	NA	NA	NA	NA	NA
NA	NA	NA	NA	NA	NA	NA	NA	NA	NA	NA	NA	NA	NA	NA	NA
NA	NA	NA	NA	NA	NA	NA	NA	NA	NA	NA	NA	NA	NA	NA	NA
NA	NA	NA	NA	NA	NA	NA	NA	NA	NA	NA	NA	NA	NA	NA	NA
NA	NA	NA	NA	NA	NA	NA	NA	NA	NA	NA	NA	NA	NA	NA	NA
NA	NA	NA	NA	NA	NA	NA	NA	NA	NA	NA	NA	NA	NA	NA	NA
NA	NA	NA	NA	NA	NA	NA	NA	NA	NA	NA	NA	NA	NA	NA	NA
NA	NA	NA	NA	NA	NA	NA	NA	NA	NA	NA	NA	NA	NA	NA	NA
NA	NA	NA	NA	NA	NA	NA	NA	NA	NA	NA	NA	NA	NA	NA	NA
NA	NA	NA	NA	NA	NA	NA	NA	NA	NA	NA	NA	NA	NA	NA	NA
NA	NA	NA	NA	NA	NA	NA	NA	NA	NA	NA	NA	NA	NA	NA	NA
NA	NA	NA	NA	NA	NA	NA	NA	NA	NA	NA	NA	NA	NA	NA	NA
NA	NA	NA	NA	NA	NA	NA	NA	NA	NA	NA	NA	NA	NA	NA	NA
NA	NA	NA	NA	NA	NA	NA	NA	NA	NA	NA	NA	NA	NA	NA	NA
NA	NA	NA	NA	NA	NA	NA	NA	NA	NA	NA	NA	NA	NA	NA	NA
NA	NA	NA	NA	NA	NA	NA	NA	NA	NA	NA	NA	NA	NA	NA	NA
NA	NA	NA	NA	NA	NA	NA	NA	NA	NA	NA	NA	NA	NA	NA	NA
NA	NA	NA	NA	NA	NA	NA	NA	NA	NA	NA	NA	NA	NA	NA	NA
NA	NA	NA	NA	NA	NA	NA	NA	NA	NA	NA	NA	NA	NA	NA	NA
NA	NA	NA	NA	NA	NA	NA	NA	NA	NA	NA	NA	NA	NA	NA	NA
NA	NA	NA	NA	NA	NA	NA	NA	NA	NA	NA	NA	NA	NA	NA	NA
NA	NA	NA	NA	NA	NA	NA	NA	NA	NA	NA	NA	NA	NA	NA	NA
1.99454743779889	0.280613078572409	1.44454580379696	2.54454907180081	1.95458755377633	0.204180388669593	1.55439399198392	2.35478111556873	1.95458755377633	0.280613078572409	1.43675634889309	2.53803088187109	1.95031931083366	0.27737959374664	1.40615014343513	2.49448847823218
1.36891418739703	0.355871552603099	0.671405944294952	2.0664224304991	1.19869185166834	0.259974690851866	0.68914145759868	1.708242245738	1.19869185166834	0.355871552603099	0.430892486250638	1.81374006252302	1.21063426541597	0.346143377932907	0.531561410337994	1.88970712049395
1.94822877499447	0.296453849943298	1.36717922910561	2.52927832088334	2.04446310927893	0.218457316581097	1.61628676877998	2.47263944977788	2.04446310927893	0.296453849943298	1.49517150747279	2.63453297677203	2.03629861161733	0.281192127903405	1.48469224204586	2.58790498118879
1.72601243403866	0.33297043090607	1.07339038946276	2.37863447861456	1.88284616080424	0.221737645640958	1.44824037534796	2.31745194626051	1.88284616080424	0.33297043090607	1.32378127872716	2.68547690883909	1.88359662564623	0.315982328222911	1.26369171257207	2.50350153872039
1.70928242338389	0.284043643935951	1.15255688126942	2.26600796549835	1.67841270871329	0.213563989388325	1.25982728951218	2.09699812791441	1.67841270871329	0.284043643935951	1.09614944959382	2.17974498087303	1.69476897710214	0.270002984033125	1.16513164755239	2.22440630665189
1.4863981118994	0.28557764960642	0.92666591867082	2.04613030512798	1.55082008538916	0.209613318242523	1.13997798163382	1.96166218914451	1.55082008538916	0.28557764960642	1.01844765335067	2.12992391131948	1.553283018944	0.271876384764917	1.01992636052601	2.08663967736199
1.99964306070466	0.273894539954543	1.46280976239375	2.53647635901556	2.00044730426428	0.215117591585172	1.57881682475734	2.42207778377122	2.00044730426428	0.273894539954543	1.47858424383667	2.53125927156756	2.0032030133741	0.255703552782342	1.50164880571668	2.50475722103152
1.94019338446485	0.201477573470036	1.54529734046358	2.33508942846612	2.05925935084358	0.173087954134607	1.72000696073975	2.39851174094741	2.05925935084358	0.201477573470036	1.63113548544186	2.44979724840526	2.05629277886284	0.186702634047817	1.69016542622481	2.42242013150086
1.70599488647518	0.382851594130766	0.955605761978875	2.45638401097148	1.66123384369182	0.255684370025996	1.16009247844086	2.16237520894277	1.66123384369182	0.382851594130766	0.821386438765438	2.43895012112934	1.67034804329267	0.369670231868798	0.945071413873025	2.39562467271232
1.84701093516327	0.218141930726422	1.41945275093948	2.27456911938706	1.81118210878248	0.173031949316677	1.4720394881218	2.15032472944317	1.81118210878248	0.218141930726422	1.37032323778077	2.24917267312233	1.82331964923955	0.20780284088972	1.41577944599885	2.23085985248025
2.29137643939883	0.367699670584473	1.57068508505326	3.0120677937444	2.36895531179652	0.281388573171779	1.81743370837983	2.92047691521321	2.36895531179652	0.367699670584473	1.75756247518151	3.14636827504762	2.37343834551598	0.337570718920055	1.71119388898827	3.0356828020437
2.51451256185555	0.233312355772681	2.0572203445411	2.97180477917001	2.48435720546212	0.18411782629887	2.12348626591634	2.84522814500791	2.48435720546212	0.233312355772681	2.05152774840276	2.9718627363067	2.49200441940303	0.219288915461457	2.06189065141194	2.92211818739412
2.12055613947797	0.244431548066656	1.64147030526732	2.59964197368861	2.07644993846896	0.177105110911298	1.72932392108281	2.4235759558551	2.07644993846896	0.244431548066656	1.63102481984734	2.54043837207892	2.08078771196004	0.234752064699416	1.62030279529851	2.54127262862157
1.85185155610196	0.195069129532461	1.46951606221834	2.23418704998558	1.7048241928111	0.157412745398669	1.39629521182971	2.01335317379249	1.7048241928111	0.195069129532461	1.3486448859192	2.07543631776589	1.71068332977512	0.18305311875007	1.35170733095326	2.06965932859699
2.10032209299675	0.298419044373268	1.51542076602514	2.68522341996835	2.14794395240326	0.23027036844781	1.69661403024555	2.59927387456097	2.14794395240326	0.298419044373268	1.59893369944115	2.74837957243511	2.1450354053317	0.282909487662052	1.59005727940364	2.70001353125976
1.89894948049825	0.226595572664579	1.45482215807567	2.34307680292082	1.97443244164037	0.187452815003706	1.60702492423311	2.34183995904763	1.97443244164037	0.226595572664579	1.52030914689326	2.4294025326354	1.97294481075567	0.214007623228213	1.55321755053377	2.39267207097758
2.35618462304402	0.26630060515542	1.8342354369394	2.87813380914864	2.35966556608707	0.197089707736187	1.97336973892415	2.74596139325	2.35966556608707	0.26630060515542	1.83152645460892	2.92603482426573	2.35114955353958	0.253883743904283	1.8531204275793	2.84917867949986
1.96822199240687	0.254327916431943	1.46973927620027	2.46670470861348	2.05990551364363	0.201089601578963	1.66576989454886	2.4540411327384	2.05990551364363	0.254327916431943	1.56320572967095	2.55547259969492	2.06378394404869	0.238679655471462	1.5956056044263	2.53196228367109
2.1237315842725	0.273168213411541	1.58832188598588	2.65914128255912	2.1369828994637	0.207821603372595	1.72965255685341	2.54431324207398	2.1369828994637	0.273168213411541	1.57307790217993	2.67849038800146	2.13782384402572	0.25958113385489	1.6286132278744	2.64703446017703
1.90760087551332	0.306364843398087	1.30712578245307	2.50807596857357	1.80070488202471	0.218559362515041	1.37232853149523	2.22908123255419	1.80070488202471	0.306364843398087	1.20077249220337	2.38005137085181	1.80774952794019	0.294659609962946	1.22970385869382	2.38579519718657
1.82402168338365	0.29941794422223	1.23716251270808	2.41088085405922	1.90522113086183	0.20812893199726	1.4972884241472	2.31315383757646	1.90522113086183	0.29941794422223	1.37037870893493	2.60884438242586	1.91464616164524	0.292871960282997	1.34009039729097	2.48920192599951
1.98217874266723	0.261764504932293	1.46912031299994	2.49523717233452	2.21331461600486	0.188735576829107	1.84339288541982	2.58323634658991	2.21331461600486	0.261764504932293	1.7535473980804	2.71333724366743	2.20213299270149	0.256753563688889	1.69847718391459	2.70578880148839
2.17481472075438	0.281455961639849	1.62316103594028	2.72646840556849	2.15518382241515	0.195908640550514	1.77120288693614	2.53916475789415	2.15518382241515	0.281455961639849	1.55572594585489	2.69032444387069	2.16169515600955	0.277312353897513	1.61770588630693	2.70568442571217
1.71415793428941	0.224459844489408	1.27421663909017	2.15409922948864	1.71813256901409	0.16263925014518	1.39935963872953	2.03690549929864	1.71813256901409	0.224459844489408	1.23491635253188	2.12094061300626	1.72359771982352	0.220341557961519	1.29140859158195	2.15578684806509
2.03236808135056	0.207550737155475	1.62556863652583	2.43916752617529	2.11777874102016	0.182335149383641	1.76040184822823	2.4751556338121	2.11777874102016	0.207550737155475	1.7404458831326	2.50015507188426	2.12406927620648	0.189881420481799	1.75168465982511	2.49645389258786
1.6616191861388	0.379452001699465	0.917893262807845	2.40534510946975	1.80400657728791	0.27195332090514	1.27097806831384	2.33703508626199	1.80400657728791	0.379452001699465	1.00219530522994	2.40278416190338	1.80302340869756	0.348973411721453	1.11837934276235	2.48766747463277
2.27712030551866	0.318362645733173	1.65312951988164	2.90111109115568	2.24372802803548	0.227421625583741	1.79798164189135	2.68947441417962	2.24372802803548	0.318362645733173	1.67952117270717	2.88261044301441	2.23964651494315	0.307848220696591	1.63572971432461	2.84356331556169
2.11370748249282	0.242649869312942	1.63811373863946	2.58930122634619	2.11207836969725	0.186086333805064	1.74734915543933	2.47680758395518	2.11207836969725	0.242649869312942	1.69662238929269	2.58593615339687	2.10719155162478	0.22201103041803	1.67172036110708	2.54266274214248
2.00998251252624	0.223699365566789	1.57153175601534	2.44843326903715	2.04694607073001	0.189144205196265	1.67622342854533	2.41766871291469	2.04694607073001	0.223699365566789	1.59931187762765	2.46119954920539	2.04609080511518	0.210073509919501	1.63406687080982	2.45811473942054
2.27189473261454	0.196496930836863	1.88676074817428	2.65702871705479	2.24127168361127	0.161793454793327	1.92415651221635	2.55838685500619	2.24127168361127	0.196496930836863	1.88013441411442	2.64047516088725	2.24628069508224	0.182819168668448	1.88774827502492	2.60481311513956
1.60985377238606	0.226619919689962	1.16567872979374	2.05402881497839	1.78909523813709	0.192499871471011	1.41179549005391	2.16639498622027	1.78909523813709	0.226619919689962	1.33273214449102	2.22598962397234	1.78918827760156	0.217238009713739	1.36311477262302	2.2152617825801
2.21566846384286	0.279274949707457	1.66828956241624	2.76304736526947	2.0566764644836	0.21706110548572	1.63123669773159	2.48211623123561	2.0566764644836	0.279274949707457	1.51888359197561	2.55226383504747	2.05639757993355	0.256702773446312	1.55284722776006	2.55994793210704
1.65545189074932	0.377101472358692	0.916333004926287	2.39457077657236	1.71042841697335	0.258756118024607	1.20326642564512	2.21759040830158	1.71042841697335	0.377101472358692	0.969058153642498	2.39487355268424	1.72256273831511	0.358093560587198	1.02001688918829	2.42510858744194
2.01369851580218	0.247103623400996	1.52937541393623	2.49802161766813	2.02461426239737	0.185859444844708	1.66032975050174	2.388898774293	2.02461426239737	0.247103623400996	1.55991882742685	2.53876137269749	2.02656782271635	0.236718679635026	1.56224885156388	2.49088679386882
1.83618604078108	0.303507542151564	1.24131125816402	2.43106082339815	1.75171389783991	0.230787330259095	1.29937073053208	2.20405706514774	1.75171389783991	0.303507542151564	1.15351440905201	2.2675541865044	1.75743124905737	0.2885061849126	1.19149536272913	2.32336713538561
2.02778116725171	0.280348342559358	1.47829841583537	2.57726391866805	2.02776354927034	0.19636451929825	1.64288909144577	2.41263800709491	2.02776354927034	0.280348342559358	1.43864265850987	2.55423939494519	2.02477623001412	0.270529644898037	1.49407041366986	2.55548204635837
2.1352029699862	0.271581228177631	1.60290376275804	2.66750217721436	1.95769771635017	0.194610355280079	1.57626142000122	2.33913401269913	1.95769771635017	0.271581228177631	1.45569286121574	2.55129132468059	1.95417663772642	0.262866099905208	1.43853658328469	2.46981669216815
2.35964033312029	0.238692376297935	1.89180327557633	2.82747739066424	2.39949899019496	0.186096355132746	2.03475013413477	2.76424784625514	2.39949899019496	0.238692376297935	1.97096255610003	2.88280082076585	2.39903883334556	0.218020532945706	1.9713997568713	2.82667790981982
1.98100009596856	0.262095227747259	1.46729344958394	2.49470674235319	1.98396361924394	0.18773410501381	1.61600477341687	2.35192246507101	1.98396361924394	0.262095227747259	1.52151635139177	2.51202519410089	1.9900057563218	0.240248173017296	1.51875904306923	2.46125246957437
2.15522254173539	0.239313408677363	1.68616826072776	2.62427682274303	2.1467189079542	0.193844420825068	1.76678384313707	2.52665397277133	2.1467189079542	0.239313408677363	1.70814923346051	2.62647068660215	2.14823219590708	0.226611551152477	1.70377988187527	2.59268450993889
1.76455158230155	0.275470126260713	1.22463013483056	2.30447302977255	1.77028423769255	0.217823472909674	1.34335023078958	2.19721824459551	1.77028423769255	0.275470126260713	1.20264830851552	2.28560250597791	1.77409376215959	0.263417948795092	1.25740040772261	2.29078711659658
1.95934641916536	0.273943835063352	1.42241650244119	2.49627633588953	1.97584812172629	0.205414760539626	1.57323519106862	2.37846105238396	1.97584812172629	0.273943835063352	1.47955805158724	2.53426813353871	1.9799018671889	0.262267707572868	1.46542309049404	2.49438064388377
2.34353468959692	0.373266197277336	1.61193294293334	3.0751364362605	2.35358738090603	0.247876342852926	1.86774974891429	2.83942501289776	2.35358738090603	0.373266197277336	1.68397717751149	3.16658193330482	2.34841635678515	0.357763113937466	1.64653406197067	3.05029865159964
2.02692493782459	0.283723558431471	1.47082676329891	2.58302311235027	1.894559808767	0.219609903036533	1.46412439881539	2.3249952187186	1.894559808767	0.283723558431471	1.33330204146432	2.39951679909338	1.89503854029191	0.270028644431679	1.36535952773936	2.42471755284445
1.86195995161959	0.324624347159261	1.22569623118743	2.49822367205174	1.88251239750117	0.253641795095797	1.38537447911341	2.37965031588893	1.88251239750117	0.324624347159261	1.23163222403392	2.49855711758263	1.8914929514373	0.308484626744565	1.28633102157972	2.49665488129489
2.13640062945323	0.326852985057032	1.49576877874144	2.77703248016501	2.10490805040682	0.251561559551793	1.61184739368531	2.59796870712833	2.10490805040682	0.326852985057032	1.54209734201334	2.8237501603202	2.10065070348429	0.30189793406385	1.50839298313655	2.69290842383204
1.91603474321464	0.27182802127698	1.38325182151176	2.44881766491752	1.88632985035159	0.210023282332428	1.47468421698003	2.29797548372315	1.88632985035159	0.27182802127698	1.30805950473243	2.364695310306	1.90052494851368	0.26102878242985	1.38846000648352	2.41258989054384
1.84296712292842	0.23699188377442	1.37846303073055	2.30747121512628	1.84195024788115	0.187367342837525	1.4747102559196	2.20919023984269	1.84195024788115	0.23699188377442	1.37767956700144	2.26520612190286	1.84872697206914	0.225682224571964	1.40605430442202	2.29139963971627
2.38877420249218	0.337656828444982	1.72696681874001	3.05058158624434	2.20496969470686	0.257872290152815	1.69954000600734	2.71039938340638	2.20496969470686	0.337656828444982	1.55136557064364	2.88356917786444	2.19731353701389	0.318900213559802	1.57171248542096	2.82291458860683
1.87752414463882	0.321354956555015	1.24766842979099	2.50737985948665	1.93540972886933	0.23228080919151	1.48013934285397	2.39068011488469	1.93540972886933	0.321354956555015	1.20712522261505	2.50083429726563	1.94158571852516	0.30843898131366	1.3364951469013	2.54667629014903
2.08917079318734	0.210448926113062	1.67669089800573	2.50165068836894	2.08444027215576	0.180480854428151	1.73069779747659	2.43818274683494	2.08444027215576	0.210448926113062	1.72122762156023	2.49990124022053	2.08955585622694	0.199740111736441	1.69782508288808	2.48128662956579
2.29964653836751	0.351724318440958	1.61026687422324	2.98902620251179	2.47666982009381	0.234231446538406	2.01757618487853	2.93576345530908	2.47666982009381	0.351724318440958	1.81475736886795	3.17268047311252	2.47864801056211	0.347484173422729	1.79692209047154	3.16037393065268
2.04228177204463	0.215275656955599	1.62034148441166	2.4642220596776	2.10535472891176	0.184682638456649	1.74337675753673	2.4673327002868	2.10535472891176	0.215275656955599	1.73415637407374	2.50955543726739	2.10855565365274	0.197680482269554	1.72085559120605	2.49625571609942
1.85164383045028	0.276884497135952	1.30895021606381	2.39433744483675	1.87847746282071	0.209070582569312	1.46869912098486	2.28825580465656	1.87847746282071	0.276884497135952	1.2501050107133	2.39314042099818	1.89183940103522	0.261982229709919	1.37791999418963	2.4057588078808
1.35590367797561	0.258222962822483	0.849786670843542	1.86202068510768	1.57335757548173	0.191718174196171	1.19758995405723	1.94912519690622	1.57335757548173	0.258222962822483	1.10417855544746	2.1231045303843	1.5679505164252	0.248436433452301	1.08064463388143	2.05525639896896
2.28037979551248	0.256444915879524	1.77774776038862	2.78301183063635	2.32794006646167	0.210052286119541	1.91623758566737	2.73964254725597	2.32794006646167	0.256444915879524	1.87477835258838	2.81923512307812	2.33096982844955	0.239475777945025	1.8612213980177	2.80071825888139
1.89268623913061	0.216480855114999	1.46838376310521	2.316988715156	1.95974359973666	0.170574870918612	1.62541685273618	2.29407034673714	1.95974359973666	0.216480855114999	1.55310975169502	2.37448005952364	1.96198167052881	0.213561025989248	1.54312292798425	2.38084041307337
1.95866487381034	0.270732980469202	1.4280282320907	2.48930151552997	1.8806103139824	0.201206206326842	1.48624614958179	2.27497447838301	1.8806103139824	0.270732980469202	1.33856018909618	2.38874220722823	1.88508680568753	0.258803421735168	1.37741180016298	2.39276181121208
1.84516055984826	0.231730225699835	1.39096931747658	2.29935180221994	1.82053101181154	0.212707520726758	1.4036242711871	2.23743775243599	1.82053101181154	0.231730225699835	1.35243946144798	2.28171237929635	1.82488813483241	0.208084003145121	1.41679681541328	2.23297945425153
1.90477598384998	0.255696168419489	1.40361149374778	2.40594047395218	1.93582767418412	0.215387028726828	1.51366909787954	2.35798625048871	1.93582767418412	0.255696168419489	1.46612979677844	2.44658342834038	1.94569388717882	0.239511027715613	1.47590114773648	2.41548662662117
2.30995837725395	0.293827986620867	1.73405552347705	2.88586123103085	2.33317967391987	0.205279243793951	1.93083235608372	2.73552699175601	2.33317967391987	0.293827986620867	1.77989522238858	2.83650532519166	2.33209484905939	0.274145041134314	1.79429466570789	2.86989503241089
2.24626272289722	0.31418878013407	1.63045271383444	2.86207273196	2.32745208804127	0.238072600231924	1.8608297915867	2.79407438449584	2.32745208804127	0.31418878013407	1.66646071100788	2.88452087544237	2.32995269252838	0.306822251738257	1.72804928427487	2.93185610078188
2.22784470878869	0.338966739118871	1.5634699001157	2.89221951746168	2.13141318141495	0.234067630680868	1.67264062528045	2.59018573754945	2.13141318141495	0.338966739118871	1.50926656916476	2.81410498143226	2.13767384780896	0.326284524089257	1.49756909272381	2.77777860289411
1.67907638307878	0.254790356476942	1.17968728438398	2.17846548177359	1.72738254853428	0.192488672549402	1.35010475033745	2.10466034673111	1.72738254853428	0.254790356476942	1.26754358371379	2.22826877727102	1.73715376028812	0.243373223672432	1.25977826356967	2.21452925700658
2.07495196538022	0.243724141781905	1.59725264748769	2.55265128327276	2.14602221762816	0.193782668830926	1.76620818671954	2.52583624853677	2.14602221762816	0.243724141781905	1.64204335640101	2.63548646488918	2.14513110694403	0.235085382413964	1.68401415634541	2.60624805754265
1.9526509741566	0.215906867831073	1.5294735132077	2.3758284351055	1.94259246646873	0.188477620016219	1.57317633123694	2.31200860170052	1.94259246646873	0.215906867831073	1.53780932167733	2.36163376851255	1.94399925565389	0.192280496823849	1.56687318679842	2.32112532450936
2.49390742162956	0.246132068449353	2.01148856746883	2.97632627579029	2.49045206794453	0.198796677879305	2.1008105793011	2.88009355658797	2.49045206794453	0.246132068449353	2.00786519974906	3.00091209106902	2.48093019399724	0.232765502888211	2.02437070843029	2.93748967956418
1.75741207048275	0.248002384125629	1.27132739759652	2.24349674336898	1.79613929770551	0.216138822115302	1.37250720635952	2.2197713890515	1.79613929770551	0.248002384125629	1.30758443298435	2.28180754621477	1.79958487069699	0.232229543515379	1.34407777543451	2.25509196595947
2.27081760341	0.226136875473098	1.82758932748273	2.71404587933727	2.16973523458564	0.199358471153381	1.77899263112501	2.56047783804627	2.16973523458564	0.226136875473098	1.7473006026515	2.62162815517189	2.17335895778562	0.21051150835512	1.76048411988608	2.58623379568515
1.77533479032197	0.245128404557698	1.29488311738888	2.25578646325506	1.78145192430893	0.189298437035684	1.41042698771899	2.15247686089887	1.78145192430893	0.245128404557698	1.30542033698171	2.24527313699276	1.78848830137123	0.238797562026778	1.32007442055992	2.25690218218254
2.2790510393439	0.308264815699288	1.6748520005733	2.88325007811451	2.10289758255271	0.23795934492218	1.63649726650523	2.56929789860018	2.10289758255271	0.308264815699288	1.52069581677786	2.68141696287426	2.09953674824221	0.293802589173686	1.52318551130539	2.67588798517904
2.08115340199871	0.250864136179498	1.5894596950869	2.57284710891053	2.07368873821346	0.231054273688816	1.62082236178339	2.52655511464354	2.07368873821346	0.250864136179498	1.62053285743663	2.60833952749737	2.07670250471725	0.231482220241771	1.62266560377318	2.53073940566132
1.94752693341449	0.257297111186296	1.44322459548935	2.45182927133963	1.85955268794185	0.180245958118003	1.50627061003056	2.21283476585313	1.85955268794185	0.257297111186296	1.36765475573483	2.31548707966694	1.86772847384054	0.255969684929304	1.36560788079438	2.36984906688671
1.67087992875717	0.312264935130613	1.05884065590117	2.28291920161318	1.59475737720068	0.217892966131828	1.1676871635823	2.02182759081906	1.59475737720068	0.312264935130613	0.96195634353098	2.20307930774565	1.61058676118406	0.303499578844917	1.01518993586737	2.20598358650074
1.92155065445408	0.209701321228454	1.51053606484631	2.33256524406185	1.91094470106139	0.170617197944976	1.57653499308923	2.24535440903354	1.91094470106139	0.209701321228454	1.50600472675288	2.30326057518129	1.90851579953352	0.196744124766986	1.52263416283993	2.29439743622712
2.28434960384618	0.386088211357425	1.52761670958563	3.04108249810674	2.1190243513501	0.223758385869862	1.68045791504517	2.55759078765503	2.1190243513501	0.386088211357425	1.33654173116113	2.73843983311614	2.12807548838133	0.363389332162309	1.41513849764175	2.84101247912091
1.83151892949919	0.312956493327433	1.21812420257742	2.44491365642096	1.80203001337504	0.226598930097998	1.35789611038296	2.24616391636711	1.80203001337504	0.312956493327433	1.17403730101984	2.37429398875129	1.81350846664021	0.285707652925268	1.25303749527647	2.37397943800394
1.6465117726825	0.254435290667815	1.14781860297358	2.14520494239142	1.54248453157422	0.190518971128474	1.16906734816241	1.91590171498602	1.54248453157422	0.254435290667815	1.0946986767373	2.03050906609629	1.55207574406042	0.24242607880358	1.07653376366127	2.02761772445957
2.12066675460671	0.280295223152652	1.57128811722752	2.67004539198591	2.15824251536063	0.212455912443704	1.74182892697097	2.57465610375029	2.15824251536063	0.280295223152652	1.57690641272848	2.67085373132775	2.16292762942569	0.262648181968558	1.64769928198594	2.67815597686545
2.1170019572677	0.268103493008906	1.59151911097024	2.64248480356515	2.26035716503604	0.211801261735154	1.84522669203514	2.67548763803694	2.26035716503604	0.268103493008906	1.75313249590773	2.79042759847424	2.25283167333688	0.247261214890595	1.76780692161277	2.737856425061
2.07517832955876	0.284578474241801	1.51740452004483	2.63295213907269	1.95793633085582	0.199929149939321	1.56607519697475	2.34979746473689	1.95793633085582	0.284578474241801	1.4350503009732	2.53142006420414	1.95460582408828	0.26871554456022	1.42747059280287	2.48174105537369
1.81774036946395	0.338402331581182	1.15447179956483	2.48100893936306	1.84165321465444	0.248783308048586	1.35403793087921	2.32926849842967	1.84165321465444	0.338402331581182	1.162363353663	2.45991427650051	1.83853673012893	0.329249841944595	1.1926029119463	2.48447054831156
1.93910033185526	0.27446015441683	1.40115842919828	2.47704223451225	1.92984523609432	0.219386533798844	1.49984762984858	2.35984284234005	1.92984523609432	0.27446015441683	1.39173735213306	2.45266201315966	1.93947376148607	0.260650849905641	1.42817062544852	2.45077689752361
2.22715667482695	0.201780192581782	1.83166749736666	2.62264585228724	2.10225457235297	0.173811714037979	1.76158361283853	2.44292553186741	2.10225457235297	0.201780192581782	1.71329038817432	2.4979486894442	2.10644080367594	0.184286672005488	1.74503871728424	2.46784289006764
1.94600329804759	0.264255080871349	1.42806333953975	2.46394325655543	1.97616707342813	0.215384219434397	1.55401400333672	2.39832014351955	1.97616707342813	0.264255080871349	1.42433653157545	2.45341151721568	1.97428741745361	0.250165357864847	1.48357693881179	2.46499789609543
1.81476124354001	0.272456409030485	1.28074668184026	2.34877580523976	1.69746543521708	0.206322693518289	1.29307295592123	2.10185791451292	1.69746543521708	0.272456409030485	1.17818811322499	2.25980841874268	1.70200065708908	0.2580589112093	1.19580973091296	2.20819158326519
1.66928958216726	0.256318051240008	1.16690620173684	2.17167296259767	1.4894036391802	0.195879782719323	1.10547926505032	1.87332801331007	1.4894036391802	0.256318051240008	0.990533520684033	1.99459808794391	1.49254505467833	0.24080513721037	1.02020934961621	1.96488075974046
1.80538383359149	0.251849935168289	1.31175796066164	2.29900970652133	1.85223795982438	0.205489797345403	1.44947795702739	2.25499796262137	1.85223795982438	0.251849935168289	1.43628232846878	2.40418483169832	1.85628779920298	0.235064929742011	1.39519479126494	2.31738080714101
2.21659783084532	0.448893563392688	1.33676644659565	3.09642921509499	2.23523726004594	0.329777002866615	1.58887433442738	2.88160018566451	2.23523726004594	0.448893563392688	1.48489827883309	3.2490846657766	2.22949639669847	0.430926468668138	1.38402246070041	3.07497033269653
1.90282473072611	0.207570310416847	1.49598692230909	2.30966253914313	1.8040155376871	0.158766170112765	1.49283384426608	2.11519723110812	1.8040155376871	0.207570310416847	1.41819324074572	2.18047699353469	1.80506732561574	0.197345951762397	1.41801120056934	2.19212345066214
2.11110818454227	0.212666769987269	1.69428131536722	2.52793505371732	2.07871011299915	0.179626161337983	1.7266428367767	2.43077738922159	2.07871011299915	0.212666769987269	1.64998711044686	2.45890479239777	2.0818892077972	0.20181867383715	1.686078288435	2.47770012715939
2.38633589047668	0.244318129575261	1.90747235650917	2.86519942444419	2.33717386970811	0.194080957931013	1.95677519216332	2.7175725472529	2.33717386970811	0.244318129575261	1.83666660958823	2.77740936395556	2.34147257103048	0.227103054529292	1.89604018423251	2.78690495782845
1.90373566302627	0.296075164622882	1.32342834036542	2.48404298568712	1.89078190655523	0.220687548726545	1.4582343110512	2.32332950205926	1.89078190655523	0.296075164622882	1.30014228801898	2.45065577138255	1.89986919361747	0.27607595420138	1.35830391000895	2.44143447722599
1.99734891440364	0.304465359453011	1.40059680987574	2.59410101893154	1.97602870089399	0.216178506364288	1.55231882841999	2.399738573368	1.97602870089399	0.304465359453011	1.38229505198005	2.52473700737363	1.98176755070882	0.293786841500594	1.40543277540539	2.55810232601226
1.7194580963644	0.27119345988232	1.18791891499505	2.25099727773375	1.77870316973434	0.209743396647322	1.36760611230559	2.18980022716309	1.77870316973434	0.27119345988232	1.25642386844608	2.3064484674271	1.78893766545892	0.258919943101991	1.28104183424666	2.29683349667117
1.77098186392634	0.244297749432838	1.29215827503798	2.24980545281471	1.69051466669446	0.182808243895357	1.33221050865956	2.04881882472936	1.69051466669446	0.244297749432838	1.21296050822983	2.20998269223104	1.69119836836554	0.232907311389284	1.23436868236361	2.14802805436746
2.27715433875091	0.237352261664952	1.8119439058876	2.74236477161422	2.20346147883726	0.185968783120492	1.83896266392109	2.56796029375342	2.20346147883726	0.237352261664952	1.74753389611299	2.68429299225662	2.20224745942627	0.231089125605466	1.74898591525877	2.65550900359377
2.01795686126893	0.226728392071532	1.57356921280873	2.46234450972913	1.92658114448256	0.1832468196103	1.56741737804638	2.28574491091875	1.92658114448256	0.226728392071532	1.5197796245286	2.44031814369616	1.9255179982187	0.217879142601389	1.49817815823323	2.35285783820417
2.12244586440129	0.231718403984402	1.66827779259186	2.57661393621072	2.21657272932061	0.179587433990018	1.86458135870017	2.56856409994105	2.21657272932061	0.231718403984402	1.77202372302043	2.62671935825182	2.21800573945078	0.218558655642948	1.7893318125612	2.64667966634036
1.70249223326568	0.207334809956957	1.29611600575005	2.10886846078132	1.71386571546561	0.169080774485952	1.38246739747315	2.04526403345808	1.71386571546561	0.207334809956957	1.29772318264175	2.12215208721875	1.71908303541974	0.199322609584097	1.3281390187376	2.11002705210188
NA	NA	NA	NA	NA	NA	NA	NA	NA	NA	NA	NA	NA	NA	NA	NA
NA	NA	NA	NA	NA	NA	NA	NA	NA	NA	NA	NA	NA	NA	NA	NA
NA	NA	NA	NA	NA	NA	NA	NA	NA	NA	NA	NA	NA	NA	NA	NA
NA	NA	NA	NA	NA	NA	NA	NA	NA	NA	NA	NA	NA	NA	NA	NA
NA	NA	NA	NA	NA	NA	NA	NA	NA	NA	NA	NA	NA	NA	NA	NA
NA	NA	NA	NA	NA	NA	NA	NA	NA	NA	NA	NA	NA	NA	NA	NA
NA	NA	NA	NA	NA	NA	NA	NA	NA	NA	NA	NA	NA	NA	NA	NA
NA	NA	NA	NA	NA	NA	NA	NA	NA	NA	NA	NA	NA	NA	NA	NA
NA	NA	NA	NA	NA	NA	NA	NA	NA	NA	NA	NA	NA	NA	NA	NA
NA	NA	NA	NA	NA	NA	NA	NA	NA	NA	NA	NA	NA	NA	NA	NA
NA	NA	NA	NA	NA	NA	NA	NA	NA	NA	NA	NA	NA	NA	NA	NA
NA	NA	NA	NA	NA	NA	NA	NA	NA	NA	NA	NA	NA	NA	NA	NA
NA	NA	NA	NA	NA	NA	NA	NA	NA	NA	NA	NA	NA	NA	NA	NA
NA	NA	NA	NA	NA	NA	NA	NA	NA	NA	NA	NA	NA	NA	NA	NA
NA	NA	NA	NA	NA	NA	NA	NA	NA	NA	NA	NA	NA	NA	NA	NA
NA	NA	NA	NA	NA	NA	NA	NA	NA	NA	NA	NA	NA	NA	NA	NA
NA	NA	NA	NA	NA	NA	NA	NA	NA	NA	NA	NA	NA	NA	NA	NA
NA	NA	NA	NA	NA	NA	NA	NA	NA	NA	NA	NA	NA	NA	NA	NA
NA	NA	NA	NA	NA	NA	NA	NA	NA	NA	NA	NA	NA	NA	NA	NA
NA	NA	NA	NA	NA	NA	NA	NA	NA	NA	NA	NA	NA	NA	NA	NA
NA	NA	NA	NA	NA	NA	NA	NA	NA	NA	NA	NA	NA	NA	NA	NA
NA	NA	NA	NA	NA	NA	NA	NA	NA	NA	NA	NA	NA	NA	NA	NA
NA	NA	NA	NA	NA	NA	NA	NA	NA	NA	NA	NA	NA	NA	NA	NA
NA	NA	NA	NA	NA	NA	NA	NA	NA	NA	NA	NA	NA	NA	NA	NA
NA	NA	NA	NA	NA	NA	NA	NA	NA	NA	NA	NA	NA	NA	NA	NA
NA	NA	NA	NA	NA	NA	NA	NA	NA	NA	NA	NA	NA	NA	NA	NA
NA	NA	NA	NA	NA	NA	NA	NA	NA	NA	NA	NA	NA	NA	NA	NA
NA	NA	NA	NA	NA	NA	NA	NA	NA	NA	NA	NA	NA	NA	NA	NA
NA	NA	NA	NA	NA	NA	NA	NA	NA	NA	NA	NA	NA	NA	NA	NA
NA	NA	NA	NA	NA	NA	NA	NA	NA	NA	NA	NA	NA	NA	NA	NA
NA	NA	NA	NA	NA	NA	NA	NA	NA	NA	NA	NA	NA	NA	NA	NA
NA	NA	NA	NA	NA	NA	NA	NA	NA	NA	NA	NA	NA	NA	NA	NA
NA	NA	NA	NA	NA	NA	NA	NA	NA	NA	NA	NA	NA	NA	NA	NA
NA	NA	NA	NA	NA	NA	NA	NA	NA	NA	NA	NA	NA	NA	NA	NA
NA	NA	NA	NA	NA	NA	NA	NA	NA	NA	NA	NA	NA	NA	NA	NA
NA	NA	NA	NA	NA	NA	NA	NA	NA	NA	NA	NA	NA	NA	NA	NA
NA	NA	NA	NA	NA	NA	NA	NA	NA	NA	NA	NA	NA	NA	NA	NA
NA	NA	NA	NA	NA	NA	NA	NA	NA	NA	NA	NA	NA	NA	NA	NA
NA	NA	NA	NA	NA	NA	NA	NA	NA	NA	NA	NA	NA	NA	NA	NA
NA	NA	NA	NA	NA	NA	NA	NA	NA	NA	NA	NA	NA	NA	NA	NA
NA	NA	NA	NA	NA	NA	NA	NA	NA	NA	NA	NA	NA	NA	NA	NA
NA	NA	NA	NA	NA	NA	NA	NA	NA	NA	NA	NA	NA	NA	NA	NA
NA	NA	NA	NA	NA	NA	NA	NA	NA	NA	NA	NA	NA	NA	NA	NA
NA	NA	NA	NA	NA	NA	NA	NA	NA	NA	NA	NA	NA	NA	NA	NA
NA	NA	NA	NA	NA	NA	NA	NA	NA	NA	NA	NA	NA	NA	NA	NA
NA	NA	NA	NA	NA	NA	NA	NA	NA	NA	NA	NA	NA	NA	NA	NA
NA	NA	NA	NA	NA	NA	NA	NA	NA	NA	NA	NA	NA	NA	NA	NA
NA	NA	NA	NA	NA	NA	NA	NA	NA	NA	NA	NA	NA	NA	NA	NA
NA	NA	NA	NA	NA	NA	NA	NA	NA	NA	NA	NA	NA	NA	NA	NA
NA	NA	NA	NA	NA	NA	NA	NA	NA	NA	NA	NA	NA	NA	NA	NA
NA	NA	NA	NA	NA	NA	NA	NA	NA	NA	NA	NA	NA	NA	NA	NA
NA	NA	NA	NA	NA	NA	NA	NA	NA	NA	NA	NA	NA	NA	NA	NA
NA	NA	NA	NA	NA	NA	NA	NA	NA	NA	NA	NA	NA	NA	NA	NA
NA	NA	NA	NA	NA	NA	NA	NA	NA	NA	NA	NA	NA	NA	NA	NA
NA	NA	NA	NA	NA	NA	NA	NA	NA	NA	NA	NA	NA	NA	NA	NA
NA	NA	NA	NA	NA	NA	NA	NA	NA	NA	NA	NA	NA	NA	NA	NA
NA	NA	NA	NA	NA	NA	NA	NA	NA	NA	NA	NA	NA	NA	NA	NA
NA	NA	NA	NA	NA	NA	NA	NA	NA	NA	NA	NA	NA	NA	NA	NA
NA	NA	NA	NA	NA	NA	NA	NA	NA	NA	NA	NA	NA	NA	NA	NA
NA	NA	NA	NA	NA	NA	NA	NA	NA	NA	NA	NA	NA	NA	NA	NA
NA	NA	NA	NA	NA	NA	NA	NA	NA	NA	NA	NA	NA	NA	NA	NA
NA	NA	NA	NA	NA	NA	NA	NA	NA	NA	NA	NA	NA	NA	NA	NA
NA	NA	NA	NA	NA	NA	NA	NA	NA	NA	NA	NA	NA	NA	NA	NA
NA	NA	NA	NA	NA	NA	NA	NA	NA	NA	NA	NA	NA	NA	NA	NA
NA	NA	NA	NA	NA	NA	NA	NA	NA	NA	NA	NA	NA	NA	NA	NA
NA	NA	NA	NA	NA	NA	NA	NA	NA	NA	NA	NA	NA	NA	NA	NA
NA	NA	NA	NA	NA	NA	NA	NA	NA	NA	NA	NA	NA	NA	NA	NA
NA	NA	NA	NA	NA	NA	NA	NA	NA	NA	NA	NA	NA	NA	NA	NA
NA	NA	NA	NA	NA	NA	NA	NA	NA	NA	NA	NA	NA	NA	NA	NA
NA	NA	NA	NA	NA	NA	NA	NA	NA	NA	NA	NA	NA	NA	NA	NA
NA	NA	NA	NA	NA	NA	NA	NA	NA	NA	NA	NA	NA	NA	NA	NA
NA	NA	NA	NA	NA	NA	NA	NA	NA	NA	NA	NA	NA	NA	NA	NA
NA	NA	NA	NA	NA	NA	NA	NA	NA	NA	NA	NA	NA	NA	NA	NA
NA	NA	NA	NA	NA	NA	NA	NA	NA	NA	NA	NA	NA	NA	NA	NA
NA	NA	NA	NA	NA	NA	NA	NA	NA	NA	NA	NA	NA	NA	NA	NA
NA	NA	NA	NA	NA	NA	NA	NA	NA	NA	NA	NA	NA	NA	NA	NA
NA	NA	NA	NA	NA	NA	NA	NA	NA	NA	NA	NA	NA	NA	NA	NA
NA	NA	NA	NA	NA	NA	NA	NA	NA	NA	NA	NA	NA	NA	NA	NA
NA	NA	NA	NA	NA	NA	NA	NA	NA	NA	NA	NA	NA	NA	NA	NA
NA	NA	NA	NA	NA	NA	NA	NA	NA	NA	NA	NA	NA	NA	NA	NA
NA	NA	NA	NA	NA	NA	NA	NA	NA	NA	NA	NA	NA	NA	NA	NA
NA	NA	NA	NA	NA	NA	NA	NA	NA	NA	NA	NA	NA	NA	NA	NA
NA	NA	NA	NA	NA	NA	NA	NA	NA	NA	NA	NA	NA	NA	NA	NA
NA	NA	NA	NA	NA	NA	NA	NA	NA	NA	NA	NA	NA	NA	NA	NA
NA	NA	NA	NA	NA	NA	NA	NA	NA	NA	NA	NA	NA	NA	NA	NA
NA	NA	NA	NA	NA	NA	NA	NA	NA	NA	NA	NA	NA	NA	NA	NA
NA	NA	NA	NA	NA	NA	NA	NA	NA	NA	NA	NA	NA	NA	NA	NA
NA	NA	NA	NA	NA	NA	NA	NA	NA	NA	NA	NA	NA	NA	NA	NA
NA	NA	NA	NA	NA	NA	NA	NA	NA	NA	NA	NA	NA	NA	NA	NA
NA	NA	NA	NA	NA	NA	NA	NA	NA	NA	NA	NA	NA	NA	NA	NA
NA	NA	NA	NA	NA	NA	NA	NA	NA	NA	NA	NA	NA	NA	NA	NA
NA	NA	NA	NA	NA	NA	NA	NA	NA	NA	NA	NA	NA	NA	NA	NA
NA	NA	NA	NA	NA	NA	NA	NA	NA	NA	NA	NA	NA	NA	NA	NA
NA	NA	NA	NA	NA	NA	NA	NA	NA	NA	NA	NA	NA	NA	NA	NA
NA	NA	NA	NA	NA	NA	NA	NA	NA	NA	NA	NA	NA	NA	NA	NA
NA	NA	NA	NA	NA	NA	NA	NA	NA	NA	NA	NA	NA	NA	NA	NA
NA	NA	NA	NA	NA	NA	NA	NA	NA	NA	NA	NA	NA	NA	NA	NA
NA	NA	NA	NA	NA	NA	NA	NA	NA	NA	NA	NA	NA	NA	NA	NA
NA	NA	NA	NA	NA	NA	NA	NA	NA	NA	NA	NA	NA	NA	NA	NA
NA	NA	NA	NA	NA	NA	NA	NA	NA	NA	NA	NA	NA	NA	NA	NA
NA	NA	NA	NA	NA	NA	NA	NA	NA	NA	NA	NA	NA	NA	NA	NA
NA	NA	NA	NA	NA	NA	NA	NA	NA	NA	NA	NA	NA	NA	NA	NA
NA	NA	NA	NA	NA	NA	NA	NA	NA	NA	NA	NA	NA	NA	NA	NA
NA	NA	NA	NA	NA	NA	NA	NA	NA	NA	NA	NA	NA	NA	NA	NA
NA	NA	NA	NA	NA	NA	NA	NA	NA	NA	NA	NA	NA	NA	NA	NA
NA	NA	NA	NA	NA	NA	NA	NA	NA	NA	NA	NA	NA	NA	NA	NA
NA	NA	NA	NA	NA	NA	NA	NA	NA	NA	NA	NA	NA	NA	NA	NA
NA	NA	NA	NA	NA	NA	NA	NA	NA	NA	NA	NA	NA	NA	NA	NA
NA	NA	NA	NA	NA	NA	NA	NA	NA	NA	NA	NA	NA	NA	NA	NA
NA	NA	NA	NA	NA	NA	NA	NA	NA	NA	NA	NA	NA	NA	NA	NA
NA	NA	NA	NA	NA	NA	NA	NA	NA	NA	NA	NA	NA	NA	NA	NA
NA	NA	NA	NA	NA	NA	NA	NA	NA	NA	NA	NA	NA	NA	NA	NA
NA	NA	NA	NA	NA	NA	NA	NA	NA	NA	NA	NA	NA	NA	NA	NA
NA	NA	NA	NA	NA	NA	NA	NA	NA	NA	NA	NA	NA	NA	NA	NA
NA	NA	NA	NA	NA	NA	NA	NA	NA	NA	NA	NA	NA	NA	NA	NA
NA	NA	NA	NA	NA	NA	NA	NA	NA	NA	NA	NA	NA	NA	NA	NA
NA	NA	NA	NA	NA	NA	NA	NA	NA	NA	NA	NA	NA	NA	NA	NA
NA	NA	NA	NA	NA	NA	NA	NA	NA	NA	NA	NA	NA	NA	NA	NA
NA	NA	NA	NA	NA	NA	NA	NA	NA	NA	NA	NA	NA	NA	NA	NA
NA	NA	NA	NA	NA	NA	NA	NA	NA	NA	NA	NA	NA	NA	NA	NA
NA	NA	NA	NA	NA	NA	NA	NA	NA	NA	NA	NA	NA	NA	NA	NA
NA	NA	NA	NA	NA	NA	NA	NA	NA	NA	NA	NA	NA	NA	NA	NA
NA	NA	NA	NA	NA	NA	NA	NA	NA	NA	NA	NA	NA	NA	NA	NA
NA	NA	NA	NA	NA	NA	NA	NA	NA	NA	NA	NA	NA	NA	NA	NA
NA	NA	NA	NA	NA	NA	NA	NA	NA	NA	NA	NA	NA	NA	NA	NA
NA	NA	NA	NA	NA	NA	NA	NA	NA	NA	NA	NA	NA	NA	NA	NA
NA	NA	NA	NA	NA	NA	NA	NA	NA	NA	NA	NA	NA	NA	NA	NA
NA	NA	NA	NA	NA	NA	NA	NA	NA	NA	NA	NA	NA	NA	NA	NA
NA	NA	NA	NA	NA	NA	NA	NA	NA	NA	NA	NA	NA	NA	NA	NA
NA	NA	NA	NA	NA	NA	NA	NA	NA	NA	NA	NA	NA	NA	NA	NA
NA	NA	NA	NA	NA	NA	NA	NA	NA	NA	NA	NA	NA	NA	NA	NA
NA	NA	NA	NA	NA	NA	NA	NA	NA	NA	NA	NA	NA	NA	NA	NA
NA	NA	NA	NA	NA	NA	NA	NA	NA	NA	NA	NA	NA	NA	NA	NA
NA	NA	NA	NA	NA	NA	NA	NA	NA	NA	NA	NA	NA	NA	NA	NA
NA	NA	NA	NA	NA	NA	NA	NA	NA	NA	NA	NA	NA	NA	NA	NA
NA	NA	NA	NA	NA	NA	NA	NA	NA	NA	NA	NA	NA	NA	NA	NA
NA	NA	NA	NA	NA	NA	NA	NA	NA	NA	NA	NA	NA	NA	NA	NA
NA	NA	NA	NA	NA	NA	NA	NA	NA	NA	NA	NA	NA	NA	NA	NA
NA	NA	NA	NA	NA	NA	NA	NA	NA	NA	NA	NA	NA	NA	NA	NA
NA	NA	NA	NA	NA	NA	NA	NA	NA	NA	NA	NA	NA	NA	NA	NA
NA	NA	NA	NA	NA	NA	NA	NA	NA	NA	NA	NA	NA	NA	NA	NA
NA	NA	NA	NA	NA	NA	NA	NA	NA	NA	NA	NA	NA	NA	NA	NA
NA	NA	NA	NA	NA	NA	NA	NA	NA	NA	NA	NA	NA	NA	NA	NA
NA	NA	NA	NA	NA	NA	NA	NA	NA	NA	NA	NA	NA	NA	NA	NA
NA	NA	NA	NA	NA	NA	NA	NA	NA	NA	NA	NA	NA	NA	NA	NA
NA	NA	NA	NA	NA	NA	NA	NA	NA	NA	NA	NA	NA	NA	NA	NA
NA	NA	NA	NA	NA	NA	NA	NA	NA	NA	NA	NA	NA	NA	NA	NA
NA	NA	NA	NA	NA	NA	NA	NA	NA	NA	NA	NA	NA	NA	NA	NA
NA	NA	NA	NA	NA	NA	NA	NA	NA	NA	NA	NA	NA	NA	NA	NA
NA	NA	NA	NA	NA	NA	NA	NA	NA	NA	NA	NA	NA	NA	NA	NA
NA	NA	NA	NA	NA	NA	NA	NA	NA	NA	NA	NA	NA	NA	NA	NA
NA	NA	NA	NA	NA	NA	NA	NA	NA	NA	NA	NA	NA	NA	NA	NA
NA	NA	NA	NA	NA	NA	NA	NA	NA	NA	NA	NA	NA	NA	NA	NA
NA	NA	NA	NA	NA	NA	NA	NA	NA	NA	NA	NA	NA	NA	NA	NA
NA	NA	NA	NA	NA	NA	NA	NA	NA	NA	NA	NA	NA	NA	NA	NA
NA	NA	NA	NA	NA	NA	NA	NA	NA	NA	NA	NA	NA	NA	NA	NA
NA	NA	NA	NA	NA	NA	NA	NA	NA	NA	NA	NA	NA	NA	NA	NA
NA	NA	NA	NA	NA	NA	NA	NA	NA	NA	NA	NA	NA	NA	NA	NA
NA	NA	NA	NA	NA	NA	NA	NA	NA	NA	NA	NA	NA	NA	NA	NA
NA	NA	NA	NA	NA	NA	NA	NA	NA	NA	NA	NA	NA	NA	NA	NA
NA	NA	NA	NA	NA	NA	NA	NA	NA	NA	NA	NA	NA	NA	NA	NA
NA	NA	NA	NA	NA	NA	NA	NA	NA	NA	NA	NA	NA	NA	NA	NA
NA	NA	NA	NA	NA	NA	NA	NA	NA	NA	NA	NA	NA	NA	NA	NA
NA	NA	NA	NA	NA	NA	NA	NA	NA	NA	NA	NA	NA	NA	NA	NA
NA	NA	NA	NA	NA	NA	NA	NA	NA	NA	NA	NA	NA	NA	NA	NA
NA	NA	NA	NA	NA	NA	NA	NA	NA	NA	NA	NA	NA	NA	NA	NA
NA	NA	NA	NA	NA	NA	NA	NA	NA	NA	NA	NA	NA	NA	NA	NA
NA	NA	NA	NA	NA	NA	NA	NA	NA	NA	NA	NA	NA	NA	NA	NA
NA	NA	NA	NA	NA	NA	NA	NA	NA	NA	NA	NA	NA	NA	NA	NA
NA	NA	NA	NA	NA	NA	NA	NA	NA	NA	NA	NA	NA	NA	NA	NA
NA	NA	NA	NA	NA	NA	NA	NA	NA	NA	NA	NA	NA	NA	NA	NA
NA	NA	NA	NA	NA	NA	NA	NA	NA	NA	NA	NA	NA	NA	NA	NA
NA	NA	NA	NA	NA	NA	NA	NA	NA	NA	NA	NA	NA	NA	NA	NA
NA	NA	NA	NA	NA	NA	NA	NA	NA	NA	NA	NA	NA	NA	NA	NA
NA	NA	NA	NA	NA	NA	NA	NA	NA	NA	NA	NA	NA	NA	NA	NA
NA	NA	NA	NA	NA	NA	NA	NA	NA	NA	NA	NA	NA	NA	NA	NA
NA	NA	NA	NA	NA	NA	NA	NA	NA	NA	NA	NA	NA	NA	NA	NA
NA	NA	NA	NA	NA	NA	NA	NA	NA	NA	NA	NA	NA	NA	NA	NA
NA	NA	NA	NA	NA	NA	NA	NA	NA	NA	NA	NA	NA	NA	NA	NA
NA	NA	NA	NA	NA	NA	NA	NA	NA	NA	NA	NA	NA	NA	NA	NA
NA	NA	NA	NA	NA	NA	NA	NA	NA	NA	NA	NA	NA	NA	NA	NA
NA	NA	NA	NA	NA	NA	NA	NA	NA	NA	NA	NA	NA	NA	NA	NA
NA	NA	NA	NA	NA	NA	NA	NA	NA	NA	NA	NA	NA	NA	NA	NA
NA	NA	NA	NA	NA	NA	NA	NA	NA	NA	NA	NA	NA	NA	NA	NA
NA	NA	NA	NA	NA	NA	NA	NA	NA	NA	NA	NA	NA	NA	NA	NA
NA	NA	NA	NA	NA	NA	NA	NA	NA	NA	NA	NA	NA	NA	NA	NA
NA	NA	NA	NA	NA	NA	NA	NA	NA	NA	NA	NA	NA	NA	NA	NA
NA	NA	NA	NA	NA	NA	NA	NA	NA	NA	NA	NA	NA	NA	NA	NA
NA	NA	NA	NA	NA	NA	NA	NA	NA	NA	NA	NA	NA	NA	NA	NA
NA	NA	NA	NA	NA	NA	NA	NA	NA	NA	NA	NA	NA	NA	NA	NA
NA	NA	NA	NA	NA	NA	NA	NA	NA	NA	NA	NA	NA	NA	NA	NA
NA	NA	NA	NA	NA	NA	NA	NA	NA	NA	NA	NA	NA	NA	NA	NA
NA	NA	NA	NA	NA	NA	NA	NA	NA	NA	NA	NA	NA	NA	NA	NA
NA	NA	NA	NA	NA	NA	NA	NA	NA	NA	NA	NA	NA	NA	NA	NA
NA	NA	NA	NA	NA	NA	NA	NA	NA	NA	NA	NA	NA	NA	NA	NA
NA	NA	NA	NA	NA	NA	NA	NA	NA	NA	NA	NA	NA	NA	NA	NA
NA	NA	NA	NA	NA	NA	NA	NA	NA	NA	NA	NA	NA	NA	NA	NA
NA	NA	NA	NA	NA	NA	NA	NA	NA	NA	NA	NA	NA	NA	NA	NA
NA	NA	NA	NA	NA	NA	NA	NA	NA	NA	NA	NA	NA	NA	NA	NA
NA	NA	NA	NA	NA	NA	NA	NA	NA	NA	NA	NA	NA	NA	NA	NA
