X1	X2	X3	X4	X1.1	X2.1	X3.1	X4.1	X1.2	X2.2	X3.2	X4.2	X1.3	X2.3	X3.3	X4.3
NA	NA	NA	NA	NA	NA	NA	NA	NA	NA	NA	NA	NA	NA	NA	NA
NA	NA	NA	NA	NA	NA	NA	NA	NA	NA	NA	NA	NA	NA	NA	NA
NA	NA	NA	NA	NA	NA	NA	NA	NA	NA	NA	NA	NA	NA	NA	NA
NA	NA	NA	NA	NA	NA	NA	NA	NA	NA	NA	NA	NA	NA	NA	NA
NA	NA	NA	NA	NA	NA	NA	NA	NA	NA	NA	NA	NA	NA	NA	NA
NA	NA	NA	NA	NA	NA	NA	NA	NA	NA	NA	NA	NA	NA	NA	NA
NA	NA	NA	NA	NA	NA	NA	NA	NA	NA	NA	NA	NA	NA	NA	NA
NA	NA	NA	NA	NA	NA	NA	NA	NA	NA	NA	NA	NA	NA	NA	NA
NA	NA	NA	NA	NA	NA	NA	NA	NA	NA	NA	NA	NA	NA	NA	NA
NA	NA	NA	NA	NA	NA	NA	NA	NA	NA	NA	NA	NA	NA	NA	NA
NA	NA	NA	NA	NA	NA	NA	NA	NA	NA	NA	NA	NA	NA	NA	NA
NA	NA	NA	NA	NA	NA	NA	NA	NA	NA	NA	NA	NA	NA	NA	NA
NA	NA	NA	NA	NA	NA	NA	NA	NA	NA	NA	NA	NA	NA	NA	NA
NA	NA	NA	NA	NA	NA	NA	NA	NA	NA	NA	NA	NA	NA	NA	NA
NA	NA	NA	NA	NA	NA	NA	NA	NA	NA	NA	NA	NA	NA	NA	NA
NA	NA	NA	NA	NA	NA	NA	NA	NA	NA	NA	NA	NA	NA	NA	NA
NA	NA	NA	NA	NA	NA	NA	NA	NA	NA	NA	NA	NA	NA	NA	NA
NA	NA	NA	NA	NA	NA	NA	NA	NA	NA	NA	NA	NA	NA	NA	NA
NA	NA	NA	NA	NA	NA	NA	NA	NA	NA	NA	NA	NA	NA	NA	NA
NA	NA	NA	NA	NA	NA	NA	NA	NA	NA	NA	NA	NA	NA	NA	NA
NA	NA	NA	NA	NA	NA	NA	NA	NA	NA	NA	NA	NA	NA	NA	NA
NA	NA	NA	NA	NA	NA	NA	NA	NA	NA	NA	NA	NA	NA	NA	NA
NA	NA	NA	NA	NA	NA	NA	NA	NA	NA	NA	NA	NA	NA	NA	NA
NA	NA	NA	NA	NA	NA	NA	NA	NA	NA	NA	NA	NA	NA	NA	NA
NA	NA	NA	NA	NA	NA	NA	NA	NA	NA	NA	NA	NA	NA	NA	NA
NA	NA	NA	NA	NA	NA	NA	NA	NA	NA	NA	NA	NA	NA	NA	NA
NA	NA	NA	NA	NA	NA	NA	NA	NA	NA	NA	NA	NA	NA	NA	NA
NA	NA	NA	NA	NA	NA	NA	NA	NA	NA	NA	NA	NA	NA	NA	NA
NA	NA	NA	NA	NA	NA	NA	NA	NA	NA	NA	NA	NA	NA	NA	NA
NA	NA	NA	NA	NA	NA	NA	NA	NA	NA	NA	NA	NA	NA	NA	NA
NA	NA	NA	NA	NA	NA	NA	NA	NA	NA	NA	NA	NA	NA	NA	NA
NA	NA	NA	NA	NA	NA	NA	NA	NA	NA	NA	NA	NA	NA	NA	NA
NA	NA	NA	NA	NA	NA	NA	NA	NA	NA	NA	NA	NA	NA	NA	NA
NA	NA	NA	NA	NA	NA	NA	NA	NA	NA	NA	NA	NA	NA	NA	NA
NA	NA	NA	NA	NA	NA	NA	NA	NA	NA	NA	NA	NA	NA	NA	NA
NA	NA	NA	NA	NA	NA	NA	NA	NA	NA	NA	NA	NA	NA	NA	NA
NA	NA	NA	NA	NA	NA	NA	NA	NA	NA	NA	NA	NA	NA	NA	NA
NA	NA	NA	NA	NA	NA	NA	NA	NA	NA	NA	NA	NA	NA	NA	NA
NA	NA	NA	NA	NA	NA	NA	NA	NA	NA	NA	NA	NA	NA	NA	NA
NA	NA	NA	NA	NA	NA	NA	NA	NA	NA	NA	NA	NA	NA	NA	NA
NA	NA	NA	NA	NA	NA	NA	NA	NA	NA	NA	NA	NA	NA	NA	NA
NA	NA	NA	NA	NA	NA	NA	NA	NA	NA	NA	NA	NA	NA	NA	NA
NA	NA	NA	NA	NA	NA	NA	NA	NA	NA	NA	NA	NA	NA	NA	NA
NA	NA	NA	NA	NA	NA	NA	NA	NA	NA	NA	NA	NA	NA	NA	NA
NA	NA	NA	NA	NA	NA	NA	NA	NA	NA	NA	NA	NA	NA	NA	NA
NA	NA	NA	NA	NA	NA	NA	NA	NA	NA	NA	NA	NA	NA	NA	NA
NA	NA	NA	NA	NA	NA	NA	NA	NA	NA	NA	NA	NA	NA	NA	NA
NA	NA	NA	NA	NA	NA	NA	NA	NA	NA	NA	NA	NA	NA	NA	NA
NA	NA	NA	NA	NA	NA	NA	NA	NA	NA	NA	NA	NA	NA	NA	NA
NA	NA	NA	NA	NA	NA	NA	NA	NA	NA	NA	NA	NA	NA	NA	NA
NA	NA	NA	NA	NA	NA	NA	NA	NA	NA	NA	NA	NA	NA	NA	NA
NA	NA	NA	NA	NA	NA	NA	NA	NA	NA	NA	NA	NA	NA	NA	NA
NA	NA	NA	NA	NA	NA	NA	NA	NA	NA	NA	NA	NA	NA	NA	NA
NA	NA	NA	NA	NA	NA	NA	NA	NA	NA	NA	NA	NA	NA	NA	NA
NA	NA	NA	NA	NA	NA	NA	NA	NA	NA	NA	NA	NA	NA	NA	NA
NA	NA	NA	NA	NA	NA	NA	NA	NA	NA	NA	NA	NA	NA	NA	NA
NA	NA	NA	NA	NA	NA	NA	NA	NA	NA	NA	NA	NA	NA	NA	NA
NA	NA	NA	NA	NA	NA	NA	NA	NA	NA	NA	NA	NA	NA	NA	NA
NA	NA	NA	NA	NA	NA	NA	NA	NA	NA	NA	NA	NA	NA	NA	NA
NA	NA	NA	NA	NA	NA	NA	NA	NA	NA	NA	NA	NA	NA	NA	NA
NA	NA	NA	NA	NA	NA	NA	NA	NA	NA	NA	NA	NA	NA	NA	NA
NA	NA	NA	NA	NA	NA	NA	NA	NA	NA	NA	NA	NA	NA	NA	NA
NA	NA	NA	NA	NA	NA	NA	NA	NA	NA	NA	NA	NA	NA	NA	NA
NA	NA	NA	NA	NA	NA	NA	NA	NA	NA	NA	NA	NA	NA	NA	NA
NA	NA	NA	NA	NA	NA	NA	NA	NA	NA	NA	NA	NA	NA	NA	NA
NA	NA	NA	NA	NA	NA	NA	NA	NA	NA	NA	NA	NA	NA	NA	NA
NA	NA	NA	NA	NA	NA	NA	NA	NA	NA	NA	NA	NA	NA	NA	NA
NA	NA	NA	NA	NA	NA	NA	NA	NA	NA	NA	NA	NA	NA	NA	NA
NA	NA	NA	NA	NA	NA	NA	NA	NA	NA	NA	NA	NA	NA	NA	NA
NA	NA	NA	NA	NA	NA	NA	NA	NA	NA	NA	NA	NA	NA	NA	NA
NA	NA	NA	NA	NA	NA	NA	NA	NA	NA	NA	NA	NA	NA	NA	NA
NA	NA	NA	NA	NA	NA	NA	NA	NA	NA	NA	NA	NA	NA	NA	NA
NA	NA	NA	NA	NA	NA	NA	NA	NA	NA	NA	NA	NA	NA	NA	NA
NA	NA	NA	NA	NA	NA	NA	NA	NA	NA	NA	NA	NA	NA	NA	NA
NA	NA	NA	NA	NA	NA	NA	NA	NA	NA	NA	NA	NA	NA	NA	NA
NA	NA	NA	NA	NA	NA	NA	NA	NA	NA	NA	NA	NA	NA	NA	NA
NA	NA	NA	NA	NA	NA	NA	NA	NA	NA	NA	NA	NA	NA	NA	NA
NA	NA	NA	NA	NA	NA	NA	NA	NA	NA	NA	NA	NA	NA	NA	NA
NA	NA	NA	NA	NA	NA	NA	NA	NA	NA	NA	NA	NA	NA	NA	NA
NA	NA	NA	NA	NA	NA	NA	NA	NA	NA	NA	NA	NA	NA	NA	NA
NA	NA	NA	NA	NA	NA	NA	NA	NA	NA	NA	NA	NA	NA	NA	NA
NA	NA	NA	NA	NA	NA	NA	NA	NA	NA	NA	NA	NA	NA	NA	NA
NA	NA	NA	NA	NA	NA	NA	NA	NA	NA	NA	NA	NA	NA	NA	NA
NA	NA	NA	NA	NA	NA	NA	NA	NA	NA	NA	NA	NA	NA	NA	NA
NA	NA	NA	NA	NA	NA	NA	NA	NA	NA	NA	NA	NA	NA	NA	NA
NA	NA	NA	NA	NA	NA	NA	NA	NA	NA	NA	NA	NA	NA	NA	NA
NA	NA	NA	NA	NA	NA	NA	NA	NA	NA	NA	NA	NA	NA	NA	NA
NA	NA	NA	NA	NA	NA	NA	NA	NA	NA	NA	NA	NA	NA	NA	NA
NA	NA	NA	NA	NA	NA	NA	NA	NA	NA	NA	NA	NA	NA	NA	NA
NA	NA	NA	NA	NA	NA	NA	NA	NA	NA	NA	NA	NA	NA	NA	NA
NA	NA	NA	NA	NA	NA	NA	NA	NA	NA	NA	NA	NA	NA	NA	NA
NA	NA	NA	NA	NA	NA	NA	NA	NA	NA	NA	NA	NA	NA	NA	NA
NA	NA	NA	NA	NA	NA	NA	NA	NA	NA	NA	NA	NA	NA	NA	NA
NA	NA	NA	NA	NA	NA	NA	NA	NA	NA	NA	NA	NA	NA	NA	NA
NA	NA	NA	NA	NA	NA	NA	NA	NA	NA	NA	NA	NA	NA	NA	NA
NA	NA	NA	NA	NA	NA	NA	NA	NA	NA	NA	NA	NA	NA	NA	NA
NA	NA	NA	NA	NA	NA	NA	NA	NA	NA	NA	NA	NA	NA	NA	NA
NA	NA	NA	NA	NA	NA	NA	NA	NA	NA	NA	NA	NA	NA	NA	NA
NA	NA	NA	NA	NA	NA	NA	NA	NA	NA	NA	NA	NA	NA	NA	NA
NA	NA	NA	NA	NA	NA	NA	NA	NA	NA	NA	NA	NA	NA	NA	NA
2.40090760324147	0.188664764023089	2.03112466575622	2.77069054072672	2.26934664129718	0.162501147765188	1.95084439167741	2.58784889091695	2.26934664129718	0.188664764023089	1.87275183753282	2.61375415296548	2.27334935150118	0.183093900983074	1.91427633731584	2.63242236568653
2.11354482477295	0.163569156593683	1.79294927784933	2.43414037169657	2.07115250283449	0.152885310801403	1.77149729366374	2.37080771200524	2.07115250283449	0.163569156593683	1.75671640355996	2.38952469145064	2.06767027714004	0.14944800369414	1.77465094155851	2.36068961272156
2.14348012346496	0.172434700272682	1.80550811093051	2.48145213599942	1.9799070782744	0.157983466874192	1.67025948320099	2.28955467334782	1.9799070782744	0.172434700272682	1.63713559188309	2.30867129244166	1.98154774605658	0.158538825162326	1.67066395565923	2.29243153645392
1.72572342140881	0.187464535163055	1.35829293248922	2.0931539103284	1.71715399404346	0.159628657822231	1.40428182471189	2.03002616337503	1.71715399404346	0.187464535163055	1.37327268102175	2.07015677216373	1.71935525011389	0.169627606531234	1.38673525826752	2.05197524196027
1.88587574196651	0.153918353661218	1.58419576879052	2.18755571514249	1.89809444404805	0.139368318907766	1.62493253898883	2.17125634910727	1.89809444404805	0.153918353661218	1.58705889210046	2.17766920968967	1.8989533603373	0.146966234733419	1.61078166045539	2.1871250602192
1.83271717858047	0.188957940016758	1.46235961614762	2.20307474101331	1.93098135630777	0.170380078453837	1.59703640253825	2.26492631007729	1.93098135630777	0.188957940016758	1.54771381089886	2.29158011756316	1.92985852283454	0.165447121670503	1.60544788157422	2.25426916409486
2.15400366960352	0.177491115927999	1.80612108238465	2.5018862568224	2.16007758967232	0.167145675275945	1.83247206613146	2.48768311321317	2.16007758967232	0.177491115927999	1.80520788445182	2.51526914473636	2.15879817414827	0.16256813602434	1.84004813090715	2.4775482173894
2.00282447936872	0.211534514725633	1.58821683050648	2.41743212823096	1.89469101981469	0.183136411779623	1.53574365272662	2.25363838690275	1.89469101981469	0.211534514725633	1.41816632217944	2.26822343673696	1.90108847013986	0.202739542935963	1.50346943114874	2.29870750913099
1.96234096534376	0.187174118084657	1.59547969389783	2.32920223678969	1.98091479475445	0.166330771176083	1.65490648324933	2.30692310625957	1.98091479475445	0.187174118084657	1.61675941708334	2.32677555434696	1.98040864871938	0.176194746743344	1.63489050853902	2.32592678889974
2.03282817081377	0.181972558769291	1.67616195562596	2.38949438600158	2.05791777467962	0.172402789988824	1.72000830630153	2.39582724305772	2.05791777467962	0.181972558769291	1.70665592860076	2.39703152195681	2.05514269781261	0.168845227457242	1.72404234952324	2.38624304610199
2.16350452915185	0.18267307749458	1.80546529726247	2.52154376104123	2.07299052235226	0.168049619355165	1.74361326841613	2.40236777628838	2.07299052235226	0.18267307749458	1.72007104473293	2.44814993431654	2.07158591530876	0.171538619380754	1.73519949571488	2.40797233490263
1.76925909188154	0.185673282893988	1.40533945740932	2.13317872635376	1.76982747744421	0.170165589175032	1.43630292266114	2.10335203222727	1.76982747744421	0.185673282893988	1.38301681087002	2.09796358299073	1.77331124527723	0.17385431601718	1.43239941537654	2.11422307517792
2.07993564755032	0.163488443818494	1.75949829766607	2.40037299743457	2.13217153365567	0.16202442313891	1.8146036643034	2.44973940300793	2.13217153365567	0.163488443818494	1.83138592880207	2.47829957529677	2.13461802404351	0.147328178777631	1.84575211970242	2.42348392838459
1.98691878952298	0.16463429296365	1.66423557531423	2.30960200373173	2.00646256370453	0.151537349393385	1.70944935889349	2.30347576851556	2.00646256370453	0.16463429296365	1.69239398370407	2.33547301547815	2.0041905108384	0.149569660210828	1.71092029025453	2.29746073142227
2.04295031984355	0.179611287640169	1.69091219606882	2.39498844361828	2.10435963286656	0.1710435343381	1.76911430556388	2.43960496016923	2.10435963286656	0.179611287640169	1.73877220323389	2.44116195347686	2.10782636167133	0.164049496577088	1.78615331887665	2.429499404466
2.0971564592255	0.175638558193335	1.75290488516657	2.44140803328444	2.04129049266503	0.158864920339076	1.72991524880045	2.35266573652962	2.04129049266503	0.175638558193335	1.70635792142278	2.37686579087048	2.04161984446216	0.163234346573988	1.72150882663964	2.36173086228467
1.79455734741418	0.158564212355316	1.48377149119776	2.1053432036306	1.79675441611664	0.146537747701361	1.50954043062197	2.08396840161131	1.79675441611664	0.158564212355316	1.50550929448186	2.10738216022863	1.79396660635536	0.14550509196431	1.50866099374499	2.07927221896574
2.11845153340485	0.205355222510092	1.71595529728507	2.52094776952463	2.00993710496558	0.19013671593001	1.63726914174276	2.3826050681884	2.00993710496558	0.205355222510092	1.60593360963902	2.41543480093317	2.00793589918648	0.182571105985082	1.64993577066565	2.36593602770732
1.9394859866987	0.174892712653647	1.59669626989755	2.28227570349984	1.94058074250228	0.155768788052286	1.6352739179198	2.24588756708476	1.94058074250228	0.174892712653647	1.60926633876953	2.32251567068813	1.93656411828932	0.161391291541969	1.6200763973778	2.25305183920084
1.69341689568453	0.183726045402124	1.33331384669636	2.05351994467269	1.81658212321858	0.175726253856167	1.47215866566049	2.16100558077667	1.81658212321858	0.183726045402124	1.48487134485982	2.17817886180814	1.8117485594384	0.169230467762836	1.47991216110722	2.14358495776958
2.20691880856981	0.149960485074722	1.91299625782336	2.50084135931627	2.2349428717803	0.14848109085811	1.94391993369841	2.5259658098622	2.2349428717803	0.149960485074722	1.95161437593295	2.53235007581817	2.23522520743874	0.13792831243226	1.96479325648962	2.50565715838787
1.99265482375195	0.158688072532054	1.68162620158913	2.30368344591478	1.85691993816983	0.136129897552408	1.59010533896711	2.12373453737255	1.85691993816983	0.158688072532054	1.52888384496037	2.15251454591988	1.86584580119348	0.152909095791343	1.56604249356821	2.16564910881875
2.01489468531615	0.170992672358864	1.67974904749277	2.35004032313952	2.03982365277281	0.157919369858344	1.73030168785046	2.34934561769517	2.03982365277281	0.170992672358864	1.71661829758227	2.37707193183588	2.03420144969649	0.15138564575001	1.73734927951886	2.33105361987413
1.81239923680161	0.167152685769171	1.48477997269404	2.14001850090919	1.7636561164685	0.157444978881991	1.4550639578598	2.0722482750772	1.7636561164685	0.167152685769171	1.44513778824901	2.08570179774547	1.76388040256494	0.151779667190477	1.46628991775772	2.06147088737216
2.00257431474995	0.192592033954055	1.6250939282	2.3800547012999	1.98282765312124	0.183720077516498	1.6227363011889	2.34291900505357	1.98282765312124	0.192592033954055	1.61155662902243	2.40579450823704	1.98353192124399	0.175004209436858	1.64036439381175	2.32669944867623
1.9320085884189	0.189237281426582	1.5611035168228	2.30291366001501	1.92913598964789	0.175938347465685	1.58429682861515	2.27397515068063	1.92913598964789	0.189237281426582	1.56050066206435	2.29069324619088	1.93291463787141	0.16887957216151	1.60175554730301	2.2640737284398
1.99703339200689	0.192806553147587	1.61913254783762	2.37493423617616	1.9471822841834	0.171716708806931	1.61061753492181	2.28374703344498	1.9471822841834	0.192806553147587	1.57134182158192	2.3201746885839	1.94828799102453	0.179502541310117	1.59625120718399	2.30032477486508
1.83446697306817	0.188198383530602	1.46559814134819	2.20333580478815	1.83978788045857	0.174265114061475	1.49822825689808	2.18134750401906	1.83978788045857	0.188198383530602	1.44916446247875	2.19633462807926	1.8401746255689	0.169906587577628	1.50699955980842	2.17334969132938
2.02209305209945	0.166514783448128	1.69572407654112	2.34846202765779	2.06557039663011	0.162373243354084	1.7473188396561	2.38382195360411	2.06557039663011	0.166514783448128	1.7522959794249	2.39487954462444	2.06406216850646	0.155411926240744	1.75934129666946	2.36878304034347
2.07292670601541	0.207224899019561	1.66676590393707	2.47908750809375	2.12113943992328	0.173936550282852	1.78022380136889	2.46205507847767	2.12113943992328	0.207224899019561	1.68437522256048	2.48895481051431	2.11817731111986	0.195140274806011	1.73546959810051	2.5008850241392
2.15959141267288	0.1738690181574	1.81880813708438	2.50037468826138	2.11282396238074	0.156074324159726	1.80691828702768	2.4187296377338	2.11282396238074	0.1738690181574	1.78949174137954	2.45645359922121	2.11256788343782	0.158541012197239	1.80170477776536	2.42343098911027
2.28488678582344	0.170716138763187	1.95028315384759	2.61949041779929	2.21397386243123	0.162991283701334	1.89451094637662	2.53343677848585	2.21397386243123	0.170716138763187	1.88111277448792	2.53622531591952	2.21249615545754	0.158265021608002	1.90217341972752	2.52281889118757
2.08903830009793	0.165963199658947	1.7637504287664	2.41432617142947	1.9934667519432	0.14873909082066	1.70193813393471	2.28499536995169	1.9934667519432	0.165963199658947	1.64766948202518	2.33921620216545	1.99096276501854	0.14974486481248	1.69736588155811	2.28455964847898
2.25545894649705	0.146179703164684	1.96894672829427	2.54197116469983	2.15553028179067	0.125116115407143	1.91030269559267	2.40075786798867	2.15553028179067	0.146179703164684	1.8504980013172	2.42588711199037	2.15646071391824	0.145855141104463	1.87046536311105	2.44245606472542
1.81954859544878	0.170142726709749	1.48606885109767	2.15302833979988	1.93399322298823	0.153502118574437	1.63312907058233	2.23485737539413	1.93399322298823	0.170142726709749	1.59613778748356	2.27911596374159	1.93399744668321	0.154652125934321	1.63075690212545	2.23723799124097
2.03735743267703	0.181851906188238	1.68092769654808	2.39378716880597	2.02288562006945	0.16409556267949	1.70125831721765	2.34451292292125	2.02288562006945	0.181851906188238	1.66821140273283	2.3730957428002	2.01790881501616	0.167726164538906	1.68903640776176	2.34678122227055
2.00727476297602	0.167126641150254	1.67970654632152	2.33484297963052	2.07892665228797	0.153010093698267	1.77902686863937	2.37882643593657	2.07892665228797	0.167126641150254	1.76163687347027	2.40636354788908	2.07546239987879	0.155224088349977	1.77111561288853	2.37980918686904
2.05239698672811	0.229773713636992	1.6020405079996	2.50275346545661	2.07233858906127	0.20866417742293	1.66335680131232	2.48132037681021	2.07233858906127	0.229773713636992	1.61599698781958	2.52624068413776	2.07089922595134	0.21723998318314	1.64483704543813	2.49696140646454
2.04026018806607	0.159582841495588	1.72747781873472	2.35304255739742	1.98894762541161	0.15323519700153	1.68860663928861	2.28928861153461	1.98894762541161	0.159582841495588	1.65553810344469	2.28607220845344	1.9905188834725	0.152713700066511	1.69107833875068	2.28995942819432
1.8982145202034	0.170209373526363	1.56460414809173	2.23182489231508	2.02843000884264	0.155460500567705	1.72372742772994	2.33313258995534	2.02843000884264	0.170209373526363	1.71247453179658	2.36046374367953	2.025042599628	0.160746476158269	1.70986381980683	2.34022137944917
2.16161247478718	0.184521317713245	1.79995069206922	2.52327425750514	2.13476244489336	0.162304585323131	1.81664545766003	2.4528794321267	2.13476244489336	0.184521317713245	1.7761194733601	2.48907435278881	2.13162463494828	0.172736182755271	1.79289150777651	2.47035776212005
1.82915388219452	0.158486764394684	1.51851982398094	2.1397879404081	1.8281630643424	0.137017311063745	1.55960913465745	2.09671699402734	1.8281630643424	0.158486764394684	1.53714275918312	2.14910490621834	1.83376563781906	0.146042411643752	1.54739266329048	2.12013861234764
2.10242172133851	0.17065482221087	1.76793826980521	2.43690517287182	2.11489144666132	0.153080348633115	1.81485396334041	2.41492892998222	2.11489144666132	0.17065482221087	1.77535910851103	2.43726341334846	2.11484766242058	0.162254717975924	1.79668286452559	2.43301246031556
2.0825950505959	0.190607590879743	1.7090041724716	2.45618592872019	2.15617368852997	0.178974404441699	1.80538385582424	2.5069635212357	2.15617368852997	0.190607590879743	1.7972949078588	2.51961342159931	2.15262252983512	0.171920545298803	1.81551011376812	2.48973494590212
2.0026864654165	0.163685527634918	1.68186283125206	2.32351009958094	1.94639217509866	0.154548230269355	1.64347764377072	2.2493067064266	1.94639217509866	0.163685527634918	1.63245879220841	2.27575337586061	1.94214449136608	0.153156567530234	1.64183487077293	2.24245411195922
2.08258782760033	0.250672274775671	1.59127016904002	2.57390548616065	1.7344477753079	0.219663667137866	1.30390698771768	2.16498856289811	1.7344477753079	0.250672274775671	1.22436702699204	2.19869733131276	1.73693942063296	0.233964760389344	1.27803471683056	2.19584412443535
2.21902703067018	0.23758553611678	1.75335937988129	2.68469468145906	1.99294167264805	0.216210907842882	1.569168293276	2.41671505202009	1.99294167264805	0.23758553611678	1.52232033986766	2.46871652569784	1.99330492356292	0.221272174651852	1.55930647866196	2.42730336846388
1.68440779881468	0.162048820510792	1.36679211061352	2.00202348701583	1.73754465013033	0.153479111788324	1.43672559102522	2.03836370923545	1.73754465013033	0.162048820510792	1.43783139365971	2.05088102398923	1.73101239331986	0.148129910030587	1.44057793521937	2.02144685142036
2.28199258144498	0.182949952516172	1.92341067451328	2.64057448837668	2.27354412921095	0.169729055430134	1.94087518056789	2.60621307785402	2.27354412921095	0.182949952516172	1.91552256986	2.62724272075037	2.27604457624528	0.167135130706829	1.94830071729127	2.60378843519929
2.14515411243616	0.159815137205048	1.83191644351427	2.45839178135806	2.03573707225601	0.145805671813327	1.74995795550189	2.32151618901013	2.03573707225601	0.159815137205048	1.6948683175008	2.34064333442966	2.03397334836363	0.150585835184664	1.73871216710892	2.32923452961834
1.90309103268997	0.193418339081728	1.52399108808979	2.28219097729016	1.83463387498006	0.161589797275783	1.51791787231952	2.15134987764059	1.83463387498006	0.193418339081728	1.46883370024703	2.22201567300734	1.82392417085942	0.184958900995726	1.46123347029787	2.18661487142098
1.82461255502334	0.159803287801209	1.51139811093298	2.13782699911371	1.8355251172423	0.143212638223572	1.5548283463241	2.1162218881605	1.8355251172423	0.159803287801209	1.5250777845904	2.14493833565381	1.83744815016046	0.150211562882685	1.54293048386235	2.13196581645858
1.88362447931385	0.20609422602884	1.47967979629733	2.28756916233038	1.78432812222259	0.181307247433862	1.42896591725222	2.13969032719296	1.78432812222259	0.20609422602884	1.39589703319839	2.15612609139595	1.78611607708221	0.20549619115217	1.38304419171911	2.18918796244531
1.94132783294093	0.207836323876772	1.53396863814246	2.34868702773941	2.04419264345412	0.176805413676357	1.69765403264846	2.39073125425978	2.04419264345412	0.207836323876772	1.70497295497787	2.46199475400078	2.04415206723163	0.195209892401735	1.66129487586965	2.42700925859362
2.2103785328278	0.174417071165801	1.86852107334283	2.55223599231277	2.18644199490874	0.160871952050509	1.87113296888975	2.50175102092774	2.18644199490874	0.174417071165801	1.83648374067396	2.52072302484492	2.18914369252354	0.158812672908995	1.87773847560103	2.50054890944606
2.02943432317142	0.182005943277811	1.67270267434692	2.38616597199593	2.03189430011765	0.171331456601888	1.69608464517794	2.36770395505735	2.03189430011765	0.182005943277811	1.69472997396079	2.39604194836723	2.03276647958008	0.164738983535296	1.70973187078099	2.35580108837917
1.91613459651648	0.152719452991749	1.61680446865265	2.21546472438031	1.87406275533041	0.147812045262258	1.58435114661638	2.16377436404444	1.87406275533041	0.152719452991749	1.57180350229266	2.16317191247386	1.87475394449159	0.143776396960234	1.59286461590894	2.15664327307424
2.1246572838507	0.188062707487447	1.75605437717531	2.4932601905261	2.08406408067321	0.17720914243207	1.73673416150635	2.43139399984006	2.08406408067321	0.188062707487447	1.70697315353145	2.44955898171816	2.08097934120144	0.165020639201825	1.75740576279311	2.40455291960977
1.73487323721168	0.17702677939823	1.38790074959115	2.08184572483221	1.73864282178195	0.168689882061302	1.4080106529418	2.0692749906221	1.73864282178195	0.17702677939823	1.396884044313	2.08583168410913	1.73619331504954	0.160633582539928	1.42123966300088	2.0511469670982
2.07401818260874	0.17483491602161	1.73134174720638	2.41669461801109	2.1017967949544	0.16418196565588	1.78000014226887	2.42359344763992	2.1017967949544	0.17483491602161	1.76147716622165	2.45086875011978	2.09816925762397	0.160461465511947	1.78354642958846	2.41279208565948
2.04141299492514	0.178701014257876	1.69115900697971	2.39166698287058	2.12330133068234	0.153708169976227	1.82203331752894	2.42456934383575	2.12330133068234	0.178701014257876	1.77253071048809	2.47757603074489	2.12764055554219	0.167883907580482	1.79842315856055	2.45685795252383
2.02734725915061	0.176679631071387	1.6810551822507	2.37363933605053	2.03507911733979	0.149299607059138	1.74245188750388	2.3277063471757	2.03507911733979	0.176679631071387	1.71798907644336	2.38800606562899	2.03614569848613	0.166837202562827	1.70898099930107	2.3633103976712
1.87958899005581	0.207093002960741	1.47368670425276	2.28549127585886	1.93221018996534	0.191436357237714	1.55699492977942	2.30742545015126	1.93221018996534	0.207093002960741	1.54432934570713	2.35013264023765	1.93151599179792	0.186134319054294	1.5665041547522	2.29652782884364
2.14473186179008	0.190886766853795	1.77059379875664	2.51886992482352	2.14507650535045	0.16522208995727	1.8212412090342	2.4689118016667	2.14507650535045	0.190886766853795	1.80447908088879	2.59308926684727	2.14759150031195	0.186643210381904	1.78155407161724	2.51362892900665
1.70066937916222	0.166953712728374	1.3734401022146	2.02789865610983	1.66971329906845	0.153968714029342	1.36793461957094	1.97149197856596	1.66971329906845	0.166953712728374	1.34165041674922	1.99684329732021	1.66845347015482	0.158884645451336	1.35691113398968	1.97999580631995
1.83182690857456	0.175541356140031	1.4877658505401	2.17588796660902	1.92565450739919	0.156684038289224	1.61855379235231	2.23275522244607	1.92565450739919	0.175541356140031	1.5637592774372	2.24544337298734	1.92429555301146	0.159163365687238	1.6122053637703	2.23638574225262
1.85528003941425	0.168943879333128	1.52415003592131	2.18641004290718	1.86066423621602	0.160509184179863	1.54606623522348	2.17526223720855	1.86066423621602	0.168943879333128	1.53229646878389	2.20127113564413	1.86197458098193	0.14984742680607	1.56815154588157	2.15579761608228
2.09708608483466	0.19046858056846	1.72376766692048	2.47040450274885	2.17722991838601	0.1820379549435	1.82043552669675	2.53402431007527	2.17722991838601	0.19046858056846	1.7835117485288	2.55502490612622	2.17898044917488	0.169872502809167	1.8458727294168	2.51208816893296
1.64869608915505	0.174765560877675	1.30615558983481	1.9912365884753	1.70216670546596	0.16588490340532	1.37703229479153	2.02730111614038	1.70216670546596	0.174765560877675	1.36981331013301	2.04279321294284	1.70464371543209	0.162251950857247	1.38651567904597	2.0227717518182
1.95891760018342	0.16834344009961	1.62896445758819	2.28887074277866	1.98405200970479	0.160952938234787	1.66858425076461	2.29951976864498	1.98405200970479	0.16834344009961	1.64488812258372	2.30279682321857	1.98137885726392	0.147324374395655	1.6925128188284	2.27024489569943
1.8770764797831	0.192956361321234	1.49888201159348	2.25527094797272	1.83762407440982	0.179397946767315	1.48600409874588	2.18924405007375	1.83762407440982	0.192956361321234	1.4920212322861	2.22703253879624	1.84281318615029	0.17733164805668	1.49506726342298	2.1905591088776
2.20805854384082	0.199563889380957	1.81691332065414	2.5992037670275	2.06080737477585	0.177576054333171	1.71275830828284	2.40885644126887	2.06080737477585	0.199563889380957	1.65456821304869	2.40900563950946	2.06466455748028	0.17676620507645	1.71802093008738	2.41130818487318
2.19606192380582	0.158093466126982	1.88619873019694	2.50592511741471	2.24099055425695	0.14982962677473	1.94732448577848	2.53465662273542	2.24099055425695	0.158093466126982	1.94197258065718	2.5361615494455	2.23949442691387	0.141158283787909	1.96273202127021	2.51625683255754
1.97565575232239	0.167645825326496	1.64706993468245	2.30424156996232	2.01001484875232	0.17118545190871	1.67449136301125	2.3455383344934	2.01001484875232	0.167645825326496	1.69052726692378	2.33381492405477	2.00965757662073	0.149831569755802	1.71588231815053	2.30343283509093
1.65107543386216	0.175967570652839	1.3061789953826	1.99597187234173	1.59306197076674	0.169707490112711	1.26043529014582	1.92568865138765	1.59306197076674	0.175967570652839	1.23834996115463	1.91995908248611	1.58787339806076	0.163822706689172	1.26665056700573	1.90909622911579
1.98098169417187	0.182252368404147	1.62376705209974	2.338196336244	1.96006183904594	0.174547576108345	1.61794858987359	2.3021750882183	1.96006183904594	0.182252368404147	1.60894876831228	2.34179445150551	1.96267763534328	0.167423589983477	1.63437926476533	2.29097600592123
1.86939317665659	0.172608406914258	1.53108069910464	2.20770565420854	1.84544016799293	0.156360759158012	1.53897308004322	2.15190725594263	1.84544016799293	0.172608406914258	1.50910725621637	2.20208980857223	1.84948652954808	0.160206428809598	1.5353505852861	2.16362247381007
2.16269043725285	0.199218941179274	1.77222131254147	2.55315956196422	2.03749499458497	0.192147451077748	1.66088599047258	2.41410399869735	2.03749499458497	0.199218941179274	1.66052965433534	2.45575982356701	2.04209004580423	0.182773067826777	1.6836435707065	2.40053652090197
1.57109686796584	0.197225003642713	1.18453586082612	1.95765787510556	1.67385503938699	0.185019981919064	1.31121587482562	2.03649420394835	1.67385503938699	0.197225003642713	1.30333603694342	2.06013034474759	1.67367247793357	0.179049879246818	1.32255802874716	2.02478692711999
2.00777752927122	0.165459478993321	1.68347695044431	2.33207810809812	2.01221626969603	0.160893583733824	1.69686484557774	2.32756769381433	2.01221626969603	0.165459478993321	1.67943420808324	2.33830884761345	2.00967959588231	0.150389674048448	1.71480835359709	2.30455083816753
1.83393660566833	0.184258141141369	1.47279064903125	2.19508256230541	1.930387773883	0.174963020134012	1.58746025442034	2.27331529334567	1.930387773883	0.184258141141369	1.57750799510291	2.30469841420352	1.92691660478453	0.165477766161434	1.60243287928404	2.25140033028502
2.11913889739371	0.184344231994298	1.75782420268489	2.48045359210253	2.07507520065379	0.179241012602983	1.72376281595194	2.42638758535564	2.07507520065379	0.184344231994298	1.72128597751793	2.42827592531472	2.0737108988322	0.159443872220164	1.76109170629262	2.38633009137178
2.16598632726812	0.152998273724208	1.86610971076867	2.46586294376756	2.15364292412296	0.146385694149823	1.86672696358931	2.44055888465662	2.15364292412296	0.152998273724208	1.84041276803869	2.4495075139227	2.15576934499998	0.146456566317448	1.86862280304933	2.44291588695063
1.89966658885952	0.186486683794539	1.53415268862223	2.26518048909682	1.84479974505913	0.170733808651722	1.51016148010175	2.1794380100165	1.84479974505913	0.186486683794539	1.46383394967031	2.2014817852936	1.84477290348061	0.16897821072747	1.5134247545636	2.17612105239762
2.31422917511548	0.157418647155559	2.00568862669058	2.62276972354037	2.26621588657857	0.144583304707903	1.98283260935108	2.54959916380606	2.26621588657857	0.157418647155559	1.97402519715349	2.60149748684159	2.27452128154158	0.141998774738912	1.9960994823629	2.55294308072026
2.10625484890877	0.200366191049812	1.71353711445114	2.4989725833664	2.08531327734941	0.180009702155066	1.73249426112548	2.43813229357334	2.08531327734941	0.200366191049812	1.68857598132559	2.48609210908827	2.08864935906398	0.185639594329851	1.72461263717054	2.45268608095742
1.87040765144834	0.194673511400241	1.48884756910387	2.25196773379282	1.82990194766266	0.189689694103119	1.45811014722055	2.20169374810478	1.82990194766266	0.194673511400241	1.44719395980246	2.19043030766601	1.82430494526882	0.176308595662237	1.47857405832758	2.17003583221007
1.95290495253508	0.181209437471574	1.59773445509079	2.30807544997936	1.82656301006875	0.167511934480304	1.49823961848736	2.15488640165015	1.82656301006875	0.181209437471574	1.45778852035848	2.18281797477198	1.83293630599828	0.164712604287718	1.50996823232657	2.15590437966999
1.97869768679428	0.163716452145607	1.65781344058889	2.29958193299967	1.84016180984378	0.15383024153849	1.53865453642834	2.14166908325922	1.84016180984378	0.163716452145607	1.50508972918174	2.15550627777123	1.83864604370623	0.152864438104932	1.53893045915971	2.13836162825275
2.17840896428002	0.175888963085694	1.83366659663206	2.52315133192798	2.09154010320654	0.159501138060153	1.77891787260864	2.40416233380444	2.09154010320654	0.175888963085694	1.75333557571094	2.43747198609347	2.09471841292261	0.16105731662725	1.7789145107523	2.41052231509292
2.06687099751027	0.165123184309953	1.74322955626276	2.39051243875778	1.97282807290046	0.145080304120759	1.68847067682377	2.25718546897714	1.97282807290046	0.165123184309953	1.64000470138256	2.294037499301	1.97537218149631	0.152658171565841	1.67603570146415	2.27470866152847
2.05406930539279	0.151316461042193	1.7574890417501	2.35064956903549	1.9710818952075	0.140643618369124	1.69542040320402	2.24674338721098	1.9710818952075	0.151316461042193	1.66722071679236	2.26138464941223	1.97573601764151	0.142711633568685	1.69593265513749	2.25553938014553
2.25304766790114	0.172560834749994	1.91482843179115	2.59126690401113	2.10643359701474	0.1568738917916	1.7989607691032	2.41390642492627	2.10643359701474	0.172560834749994	1.78274822130395	2.44067201279813	2.10673708073824	0.159698217790468	1.79359666365211	2.41987749782437
2.2232629925856	0.194428810374204	1.84218252425216	2.60434346091904	2.13405187741576	0.166511332042837	1.8076896666118	2.46041408821972	2.13405187741576	0.194428810374204	1.74670096310594	2.49945530522763	2.13163719609216	0.187354188568179	1.76423378968971	2.4990406024946
1.7918189084272	0.178898463506626	1.44117791995421	2.14245989690018	1.87534321478578	0.158275953840356	1.56512234525868	2.18556408431288	1.87534321478578	0.178898463506626	1.54428021394683	2.25242488379287	1.86950839290534	0.163404830809497	1.54910096015917	2.18991582565152
1.98536931794577	0.187806783079498	1.61726802310996	2.35347061278159	2.11849482483629	0.164028090379673	1.79699976769213	2.43998988198045	2.11849482483629	0.187806783079498	1.75647252183473	2.47289829819503	2.1097945552525	0.179551511999125	1.75768419305366	2.46190491745134
2.15346700285726	0.170431021010026	1.81942220167761	2.48751180403691	2.12350200172181	0.171246422337509	1.78785901394029	2.45914498950333	2.12350200172181	0.170431021010026	1.80126587532011	2.460661464729	2.12239274721616	0.147209006742633	1.83375709768515	2.41102839674717
2.42286143452439	0.188584722135116	2.05323537913957	2.79248748990922	2.30283886514264	0.169373422451335	1.97086695713802	2.63481077314725	2.30283886514264	0.188584722135116	1.93520102732639	2.64121454475045	2.30303096175445	0.182222441758131	1.94566824172424	2.66039368178466
1.85334442558396	0.221556961337779	1.41909278136191	2.28759606980601	1.8288740032457	0.203265915907744	1.43047280806652	2.22727519842488	1.8288740032457	0.221556961337779	1.38147872858662	2.24223448982073	1.82607637889345	0.210844147980563	1.41253578558631	2.2396169722006
2.14802179136655	0.168351965664428	1.81805193866427	2.47799164406883	2.03736365256697	0.160415900325543	1.72294848792891	2.35177881720504	2.03736365256697	0.168351965664428	1.70536859640099	2.35670481492433	2.03530516236757	0.151827486139643	1.73761939645101	2.33299092828413
NA	NA	NA	NA	NA	NA	NA	NA	NA	NA	NA	NA	NA	NA	NA	NA
NA	NA	NA	NA	NA	NA	NA	NA	NA	NA	NA	NA	NA	NA	NA	NA
NA	NA	NA	NA	NA	NA	NA	NA	NA	NA	NA	NA	NA	NA	NA	NA
NA	NA	NA	NA	NA	NA	NA	NA	NA	NA	NA	NA	NA	NA	NA	NA
NA	NA	NA	NA	NA	NA	NA	NA	NA	NA	NA	NA	NA	NA	NA	NA
NA	NA	NA	NA	NA	NA	NA	NA	NA	NA	NA	NA	NA	NA	NA	NA
NA	NA	NA	NA	NA	NA	NA	NA	NA	NA	NA	NA	NA	NA	NA	NA
NA	NA	NA	NA	NA	NA	NA	NA	NA	NA	NA	NA	NA	NA	NA	NA
NA	NA	NA	NA	NA	NA	NA	NA	NA	NA	NA	NA	NA	NA	NA	NA
NA	NA	NA	NA	NA	NA	NA	NA	NA	NA	NA	NA	NA	NA	NA	NA
NA	NA	NA	NA	NA	NA	NA	NA	NA	NA	NA	NA	NA	NA	NA	NA
NA	NA	NA	NA	NA	NA	NA	NA	NA	NA	NA	NA	NA	NA	NA	NA
NA	NA	NA	NA	NA	NA	NA	NA	NA	NA	NA	NA	NA	NA	NA	NA
NA	NA	NA	NA	NA	NA	NA	NA	NA	NA	NA	NA	NA	NA	NA	NA
NA	NA	NA	NA	NA	NA	NA	NA	NA	NA	NA	NA	NA	NA	NA	NA
NA	NA	NA	NA	NA	NA	NA	NA	NA	NA	NA	NA	NA	NA	NA	NA
NA	NA	NA	NA	NA	NA	NA	NA	NA	NA	NA	NA	NA	NA	NA	NA
NA	NA	NA	NA	NA	NA	NA	NA	NA	NA	NA	NA	NA	NA	NA	NA
NA	NA	NA	NA	NA	NA	NA	NA	NA	NA	NA	NA	NA	NA	NA	NA
NA	NA	NA	NA	NA	NA	NA	NA	NA	NA	NA	NA	NA	NA	NA	NA
NA	NA	NA	NA	NA	NA	NA	NA	NA	NA	NA	NA	NA	NA	NA	NA
NA	NA	NA	NA	NA	NA	NA	NA	NA	NA	NA	NA	NA	NA	NA	NA
NA	NA	NA	NA	NA	NA	NA	NA	NA	NA	NA	NA	NA	NA	NA	NA
NA	NA	NA	NA	NA	NA	NA	NA	NA	NA	NA	NA	NA	NA	NA	NA
NA	NA	NA	NA	NA	NA	NA	NA	NA	NA	NA	NA	NA	NA	NA	NA
NA	NA	NA	NA	NA	NA	NA	NA	NA	NA	NA	NA	NA	NA	NA	NA
NA	NA	NA	NA	NA	NA	NA	NA	NA	NA	NA	NA	NA	NA	NA	NA
NA	NA	NA	NA	NA	NA	NA	NA	NA	NA	NA	NA	NA	NA	NA	NA
NA	NA	NA	NA	NA	NA	NA	NA	NA	NA	NA	NA	NA	NA	NA	NA
NA	NA	NA	NA	NA	NA	NA	NA	NA	NA	NA	NA	NA	NA	NA	NA
NA	NA	NA	NA	NA	NA	NA	NA	NA	NA	NA	NA	NA	NA	NA	NA
NA	NA	NA	NA	NA	NA	NA	NA	NA	NA	NA	NA	NA	NA	NA	NA
NA	NA	NA	NA	NA	NA	NA	NA	NA	NA	NA	NA	NA	NA	NA	NA
NA	NA	NA	NA	NA	NA	NA	NA	NA	NA	NA	NA	NA	NA	NA	NA
NA	NA	NA	NA	NA	NA	NA	NA	NA	NA	NA	NA	NA	NA	NA	NA
NA	NA	NA	NA	NA	NA	NA	NA	NA	NA	NA	NA	NA	NA	NA	NA
NA	NA	NA	NA	NA	NA	NA	NA	NA	NA	NA	NA	NA	NA	NA	NA
NA	NA	NA	NA	NA	NA	NA	NA	NA	NA	NA	NA	NA	NA	NA	NA
NA	NA	NA	NA	NA	NA	NA	NA	NA	NA	NA	NA	NA	NA	NA	NA
NA	NA	NA	NA	NA	NA	NA	NA	NA	NA	NA	NA	NA	NA	NA	NA
NA	NA	NA	NA	NA	NA	NA	NA	NA	NA	NA	NA	NA	NA	NA	NA
NA	NA	NA	NA	NA	NA	NA	NA	NA	NA	NA	NA	NA	NA	NA	NA
NA	NA	NA	NA	NA	NA	NA	NA	NA	NA	NA	NA	NA	NA	NA	NA
NA	NA	NA	NA	NA	NA	NA	NA	NA	NA	NA	NA	NA	NA	NA	NA
NA	NA	NA	NA	NA	NA	NA	NA	NA	NA	NA	NA	NA	NA	NA	NA
NA	NA	NA	NA	NA	NA	NA	NA	NA	NA	NA	NA	NA	NA	NA	NA
NA	NA	NA	NA	NA	NA	NA	NA	NA	NA	NA	NA	NA	NA	NA	NA
NA	NA	NA	NA	NA	NA	NA	NA	NA	NA	NA	NA	NA	NA	NA	NA
NA	NA	NA	NA	NA	NA	NA	NA	NA	NA	NA	NA	NA	NA	NA	NA
NA	NA	NA	NA	NA	NA	NA	NA	NA	NA	NA	NA	NA	NA	NA	NA
NA	NA	NA	NA	NA	NA	NA	NA	NA	NA	NA	NA	NA	NA	NA	NA
NA	NA	NA	NA	NA	NA	NA	NA	NA	NA	NA	NA	NA	NA	NA	NA
NA	NA	NA	NA	NA	NA	NA	NA	NA	NA	NA	NA	NA	NA	NA	NA
NA	NA	NA	NA	NA	NA	NA	NA	NA	NA	NA	NA	NA	NA	NA	NA
NA	NA	NA	NA	NA	NA	NA	NA	NA	NA	NA	NA	NA	NA	NA	NA
NA	NA	NA	NA	NA	NA	NA	NA	NA	NA	NA	NA	NA	NA	NA	NA
NA	NA	NA	NA	NA	NA	NA	NA	NA	NA	NA	NA	NA	NA	NA	NA
NA	NA	NA	NA	NA	NA	NA	NA	NA	NA	NA	NA	NA	NA	NA	NA
NA	NA	NA	NA	NA	NA	NA	NA	NA	NA	NA	NA	NA	NA	NA	NA
NA	NA	NA	NA	NA	NA	NA	NA	NA	NA	NA	NA	NA	NA	NA	NA
NA	NA	NA	NA	NA	NA	NA	NA	NA	NA	NA	NA	NA	NA	NA	NA
NA	NA	NA	NA	NA	NA	NA	NA	NA	NA	NA	NA	NA	NA	NA	NA
NA	NA	NA	NA	NA	NA	NA	NA	NA	NA	NA	NA	NA	NA	NA	NA
NA	NA	NA	NA	NA	NA	NA	NA	NA	NA	NA	NA	NA	NA	NA	NA
NA	NA	NA	NA	NA	NA	NA	NA	NA	NA	NA	NA	NA	NA	NA	NA
NA	NA	NA	NA	NA	NA	NA	NA	NA	NA	NA	NA	NA	NA	NA	NA
NA	NA	NA	NA	NA	NA	NA	NA	NA	NA	NA	NA	NA	NA	NA	NA
NA	NA	NA	NA	NA	NA	NA	NA	NA	NA	NA	NA	NA	NA	NA	NA
NA	NA	NA	NA	NA	NA	NA	NA	NA	NA	NA	NA	NA	NA	NA	NA
NA	NA	NA	NA	NA	NA	NA	NA	NA	NA	NA	NA	NA	NA	NA	NA
NA	NA	NA	NA	NA	NA	NA	NA	NA	NA	NA	NA	NA	NA	NA	NA
NA	NA	NA	NA	NA	NA	NA	NA	NA	NA	NA	NA	NA	NA	NA	NA
NA	NA	NA	NA	NA	NA	NA	NA	NA	NA	NA	NA	NA	NA	NA	NA
NA	NA	NA	NA	NA	NA	NA	NA	NA	NA	NA	NA	NA	NA	NA	NA
NA	NA	NA	NA	NA	NA	NA	NA	NA	NA	NA	NA	NA	NA	NA	NA
NA	NA	NA	NA	NA	NA	NA	NA	NA	NA	NA	NA	NA	NA	NA	NA
NA	NA	NA	NA	NA	NA	NA	NA	NA	NA	NA	NA	NA	NA	NA	NA
NA	NA	NA	NA	NA	NA	NA	NA	NA	NA	NA	NA	NA	NA	NA	NA
NA	NA	NA	NA	NA	NA	NA	NA	NA	NA	NA	NA	NA	NA	NA	NA
NA	NA	NA	NA	NA	NA	NA	NA	NA	NA	NA	NA	NA	NA	NA	NA
NA	NA	NA	NA	NA	NA	NA	NA	NA	NA	NA	NA	NA	NA	NA	NA
NA	NA	NA	NA	NA	NA	NA	NA	NA	NA	NA	NA	NA	NA	NA	NA
NA	NA	NA	NA	NA	NA	NA	NA	NA	NA	NA	NA	NA	NA	NA	NA
NA	NA	NA	NA	NA	NA	NA	NA	NA	NA	NA	NA	NA	NA	NA	NA
NA	NA	NA	NA	NA	NA	NA	NA	NA	NA	NA	NA	NA	NA	NA	NA
NA	NA	NA	NA	NA	NA	NA	NA	NA	NA	NA	NA	NA	NA	NA	NA
NA	NA	NA	NA	NA	NA	NA	NA	NA	NA	NA	NA	NA	NA	NA	NA
NA	NA	NA	NA	NA	NA	NA	NA	NA	NA	NA	NA	NA	NA	NA	NA
NA	NA	NA	NA	NA	NA	NA	NA	NA	NA	NA	NA	NA	NA	NA	NA
NA	NA	NA	NA	NA	NA	NA	NA	NA	NA	NA	NA	NA	NA	NA	NA
NA	NA	NA	NA	NA	NA	NA	NA	NA	NA	NA	NA	NA	NA	NA	NA
NA	NA	NA	NA	NA	NA	NA	NA	NA	NA	NA	NA	NA	NA	NA	NA
NA	NA	NA	NA	NA	NA	NA	NA	NA	NA	NA	NA	NA	NA	NA	NA
NA	NA	NA	NA	NA	NA	NA	NA	NA	NA	NA	NA	NA	NA	NA	NA
NA	NA	NA	NA	NA	NA	NA	NA	NA	NA	NA	NA	NA	NA	NA	NA
NA	NA	NA	NA	NA	NA	NA	NA	NA	NA	NA	NA	NA	NA	NA	NA
NA	NA	NA	NA	NA	NA	NA	NA	NA	NA	NA	NA	NA	NA	NA	NA
NA	NA	NA	NA	NA	NA	NA	NA	NA	NA	NA	NA	NA	NA	NA	NA
NA	NA	NA	NA	NA	NA	NA	NA	NA	NA	NA	NA	NA	NA	NA	NA
NA	NA	NA	NA	NA	NA	NA	NA	NA	NA	NA	NA	NA	NA	NA	NA
NA	NA	NA	NA	NA	NA	NA	NA	NA	NA	NA	NA	NA	NA	NA	NA
NA	NA	NA	NA	NA	NA	NA	NA	NA	NA	NA	NA	NA	NA	NA	NA
NA	NA	NA	NA	NA	NA	NA	NA	NA	NA	NA	NA	NA	NA	NA	NA
NA	NA	NA	NA	NA	NA	NA	NA	NA	NA	NA	NA	NA	NA	NA	NA
NA	NA	NA	NA	NA	NA	NA	NA	NA	NA	NA	NA	NA	NA	NA	NA
NA	NA	NA	NA	NA	NA	NA	NA	NA	NA	NA	NA	NA	NA	NA	NA
NA	NA	NA	NA	NA	NA	NA	NA	NA	NA	NA	NA	NA	NA	NA	NA
NA	NA	NA	NA	NA	NA	NA	NA	NA	NA	NA	NA	NA	NA	NA	NA
NA	NA	NA	NA	NA	NA	NA	NA	NA	NA	NA	NA	NA	NA	NA	NA
NA	NA	NA	NA	NA	NA	NA	NA	NA	NA	NA	NA	NA	NA	NA	NA
NA	NA	NA	NA	NA	NA	NA	NA	NA	NA	NA	NA	NA	NA	NA	NA
NA	NA	NA	NA	NA	NA	NA	NA	NA	NA	NA	NA	NA	NA	NA	NA
NA	NA	NA	NA	NA	NA	NA	NA	NA	NA	NA	NA	NA	NA	NA	NA
NA	NA	NA	NA	NA	NA	NA	NA	NA	NA	NA	NA	NA	NA	NA	NA
NA	NA	NA	NA	NA	NA	NA	NA	NA	NA	NA	NA	NA	NA	NA	NA
NA	NA	NA	NA	NA	NA	NA	NA	NA	NA	NA	NA	NA	NA	NA	NA
NA	NA	NA	NA	NA	NA	NA	NA	NA	NA	NA	NA	NA	NA	NA	NA
NA	NA	NA	NA	NA	NA	NA	NA	NA	NA	NA	NA	NA	NA	NA	NA
NA	NA	NA	NA	NA	NA	NA	NA	NA	NA	NA	NA	NA	NA	NA	NA
NA	NA	NA	NA	NA	NA	NA	NA	NA	NA	NA	NA	NA	NA	NA	NA
NA	NA	NA	NA	NA	NA	NA	NA	NA	NA	NA	NA	NA	NA	NA	NA
NA	NA	NA	NA	NA	NA	NA	NA	NA	NA	NA	NA	NA	NA	NA	NA
NA	NA	NA	NA	NA	NA	NA	NA	NA	NA	NA	NA	NA	NA	NA	NA
NA	NA	NA	NA	NA	NA	NA	NA	NA	NA	NA	NA	NA	NA	NA	NA
NA	NA	NA	NA	NA	NA	NA	NA	NA	NA	NA	NA	NA	NA	NA	NA
NA	NA	NA	NA	NA	NA	NA	NA	NA	NA	NA	NA	NA	NA	NA	NA
NA	NA	NA	NA	NA	NA	NA	NA	NA	NA	NA	NA	NA	NA	NA	NA
NA	NA	NA	NA	NA	NA	NA	NA	NA	NA	NA	NA	NA	NA	NA	NA
NA	NA	NA	NA	NA	NA	NA	NA	NA	NA	NA	NA	NA	NA	NA	NA
NA	NA	NA	NA	NA	NA	NA	NA	NA	NA	NA	NA	NA	NA	NA	NA
NA	NA	NA	NA	NA	NA	NA	NA	NA	NA	NA	NA	NA	NA	NA	NA
NA	NA	NA	NA	NA	NA	NA	NA	NA	NA	NA	NA	NA	NA	NA	NA
NA	NA	NA	NA	NA	NA	NA	NA	NA	NA	NA	NA	NA	NA	NA	NA
NA	NA	NA	NA	NA	NA	NA	NA	NA	NA	NA	NA	NA	NA	NA	NA
NA	NA	NA	NA	NA	NA	NA	NA	NA	NA	NA	NA	NA	NA	NA	NA
NA	NA	NA	NA	NA	NA	NA	NA	NA	NA	NA	NA	NA	NA	NA	NA
NA	NA	NA	NA	NA	NA	NA	NA	NA	NA	NA	NA	NA	NA	NA	NA
NA	NA	NA	NA	NA	NA	NA	NA	NA	NA	NA	NA	NA	NA	NA	NA
NA	NA	NA	NA	NA	NA	NA	NA	NA	NA	NA	NA	NA	NA	NA	NA
NA	NA	NA	NA	NA	NA	NA	NA	NA	NA	NA	NA	NA	NA	NA	NA
NA	NA	NA	NA	NA	NA	NA	NA	NA	NA	NA	NA	NA	NA	NA	NA
NA	NA	NA	NA	NA	NA	NA	NA	NA	NA	NA	NA	NA	NA	NA	NA
NA	NA	NA	NA	NA	NA	NA	NA	NA	NA	NA	NA	NA	NA	NA	NA
NA	NA	NA	NA	NA	NA	NA	NA	NA	NA	NA	NA	NA	NA	NA	NA
NA	NA	NA	NA	NA	NA	NA	NA	NA	NA	NA	NA	NA	NA	NA	NA
NA	NA	NA	NA	NA	NA	NA	NA	NA	NA	NA	NA	NA	NA	NA	NA
NA	NA	NA	NA	NA	NA	NA	NA	NA	NA	NA	NA	NA	NA	NA	NA
NA	NA	NA	NA	NA	NA	NA	NA	NA	NA	NA	NA	NA	NA	NA	NA
NA	NA	NA	NA	NA	NA	NA	NA	NA	NA	NA	NA	NA	NA	NA	NA
NA	NA	NA	NA	NA	NA	NA	NA	NA	NA	NA	NA	NA	NA	NA	NA
NA	NA	NA	NA	NA	NA	NA	NA	NA	NA	NA	NA	NA	NA	NA	NA
NA	NA	NA	NA	NA	NA	NA	NA	NA	NA	NA	NA	NA	NA	NA	NA
NA	NA	NA	NA	NA	NA	NA	NA	NA	NA	NA	NA	NA	NA	NA	NA
NA	NA	NA	NA	NA	NA	NA	NA	NA	NA	NA	NA	NA	NA	NA	NA
NA	NA	NA	NA	NA	NA	NA	NA	NA	NA	NA	NA	NA	NA	NA	NA
NA	NA	NA	NA	NA	NA	NA	NA	NA	NA	NA	NA	NA	NA	NA	NA
NA	NA	NA	NA	NA	NA	NA	NA	NA	NA	NA	NA	NA	NA	NA	NA
NA	NA	NA	NA	NA	NA	NA	NA	NA	NA	NA	NA	NA	NA	NA	NA
NA	NA	NA	NA	NA	NA	NA	NA	NA	NA	NA	NA	NA	NA	NA	NA
NA	NA	NA	NA	NA	NA	NA	NA	NA	NA	NA	NA	NA	NA	NA	NA
NA	NA	NA	NA	NA	NA	NA	NA	NA	NA	NA	NA	NA	NA	NA	NA
NA	NA	NA	NA	NA	NA	NA	NA	NA	NA	NA	NA	NA	NA	NA	NA
NA	NA	NA	NA	NA	NA	NA	NA	NA	NA	NA	NA	NA	NA	NA	NA
NA	NA	NA	NA	NA	NA	NA	NA	NA	NA	NA	NA	NA	NA	NA	NA
NA	NA	NA	NA	NA	NA	NA	NA	NA	NA	NA	NA	NA	NA	NA	NA
NA	NA	NA	NA	NA	NA	NA	NA	NA	NA	NA	NA	NA	NA	NA	NA
NA	NA	NA	NA	NA	NA	NA	NA	NA	NA	NA	NA	NA	NA	NA	NA
NA	NA	NA	NA	NA	NA	NA	NA	NA	NA	NA	NA	NA	NA	NA	NA
NA	NA	NA	NA	NA	NA	NA	NA	NA	NA	NA	NA	NA	NA	NA	NA
NA	NA	NA	NA	NA	NA	NA	NA	NA	NA	NA	NA	NA	NA	NA	NA
NA	NA	NA	NA	NA	NA	NA	NA	NA	NA	NA	NA	NA	NA	NA	NA
NA	NA	NA	NA	NA	NA	NA	NA	NA	NA	NA	NA	NA	NA	NA	NA
NA	NA	NA	NA	NA	NA	NA	NA	NA	NA	NA	NA	NA	NA	NA	NA
NA	NA	NA	NA	NA	NA	NA	NA	NA	NA	NA	NA	NA	NA	NA	NA
NA	NA	NA	NA	NA	NA	NA	NA	NA	NA	NA	NA	NA	NA	NA	NA
NA	NA	NA	NA	NA	NA	NA	NA	NA	NA	NA	NA	NA	NA	NA	NA
NA	NA	NA	NA	NA	NA	NA	NA	NA	NA	NA	NA	NA	NA	NA	NA
NA	NA	NA	NA	NA	NA	NA	NA	NA	NA	NA	NA	NA	NA	NA	NA
NA	NA	NA	NA	NA	NA	NA	NA	NA	NA	NA	NA	NA	NA	NA	NA
NA	NA	NA	NA	NA	NA	NA	NA	NA	NA	NA	NA	NA	NA	NA	NA
NA	NA	NA	NA	NA	NA	NA	NA	NA	NA	NA	NA	NA	NA	NA	NA
NA	NA	NA	NA	NA	NA	NA	NA	NA	NA	NA	NA	NA	NA	NA	NA
NA	NA	NA	NA	NA	NA	NA	NA	NA	NA	NA	NA	NA	NA	NA	NA
NA	NA	NA	NA	NA	NA	NA	NA	NA	NA	NA	NA	NA	NA	NA	NA
NA	NA	NA	NA	NA	NA	NA	NA	NA	NA	NA	NA	NA	NA	NA	NA
NA	NA	NA	NA	NA	NA	NA	NA	NA	NA	NA	NA	NA	NA	NA	NA
NA	NA	NA	NA	NA	NA	NA	NA	NA	NA	NA	NA	NA	NA	NA	NA
NA	NA	NA	NA	NA	NA	NA	NA	NA	NA	NA	NA	NA	NA	NA	NA
NA	NA	NA	NA	NA	NA	NA	NA	NA	NA	NA	NA	NA	NA	NA	NA
NA	NA	NA	NA	NA	NA	NA	NA	NA	NA	NA	NA	NA	NA	NA	NA
NA	NA	NA	NA	NA	NA	NA	NA	NA	NA	NA	NA	NA	NA	NA	NA
NA	NA	NA	NA	NA	NA	NA	NA	NA	NA	NA	NA	NA	NA	NA	NA
NA	NA	NA	NA	NA	NA	NA	NA	NA	NA	NA	NA	NA	NA	NA	NA
NA	NA	NA	NA	NA	NA	NA	NA	NA	NA	NA	NA	NA	NA	NA	NA
NA	NA	NA	NA	NA	NA	NA	NA	NA	NA	NA	NA	NA	NA	NA	NA
NA	NA	NA	NA	NA	NA	NA	NA	NA	NA	NA	NA	NA	NA	NA	NA
NA	NA	NA	NA	NA	NA	NA	NA	NA	NA	NA	NA	NA	NA	NA	NA
NA	NA	NA	NA	NA	NA	NA	NA	NA	NA	NA	NA	NA	NA	NA	NA
NA	NA	NA	NA	NA	NA	NA	NA	NA	NA	NA	NA	NA	NA	NA	NA
NA	NA	NA	NA	NA	NA	NA	NA	NA	NA	NA	NA	NA	NA	NA	NA
NA	NA	NA	NA	NA	NA	NA	NA	NA	NA	NA	NA	NA	NA	NA	NA
NA	NA	NA	NA	NA	NA	NA	NA	NA	NA	NA	NA	NA	NA	NA	NA
NA	NA	NA	NA	NA	NA	NA	NA	NA	NA	NA	NA	NA	NA	NA	NA
NA	NA	NA	NA	NA	NA	NA	NA	NA	NA	NA	NA	NA	NA	NA	NA
NA	NA	NA	NA	NA	NA	NA	NA	NA	NA	NA	NA	NA	NA	NA	NA
NA	NA	NA	NA	NA	NA	NA	NA	NA	NA	NA	NA	NA	NA	NA	NA
NA	NA	NA	NA	NA	NA	NA	NA	NA	NA	NA	NA	NA	NA	NA	NA
NA	NA	NA	NA	NA	NA	NA	NA	NA	NA	NA	NA	NA	NA	NA	NA
NA	NA	NA	NA	NA	NA	NA	NA	NA	NA	NA	NA	NA	NA	NA	NA
NA	NA	NA	NA	NA	NA	NA	NA	NA	NA	NA	NA	NA	NA	NA	NA
NA	NA	NA	NA	NA	NA	NA	NA	NA	NA	NA	NA	NA	NA	NA	NA
NA	NA	NA	NA	NA	NA	NA	NA	NA	NA	NA	NA	NA	NA	NA	NA
NA	NA	NA	NA	NA	NA	NA	NA	NA	NA	NA	NA	NA	NA	NA	NA
NA	NA	NA	NA	NA	NA	NA	NA	NA	NA	NA	NA	NA	NA	NA	NA
NA	NA	NA	NA	NA	NA	NA	NA	NA	NA	NA	NA	NA	NA	NA	NA
NA	NA	NA	NA	NA	NA	NA	NA	NA	NA	NA	NA	NA	NA	NA	NA
NA	NA	NA	NA	NA	NA	NA	NA	NA	NA	NA	NA	NA	NA	NA	NA
NA	NA	NA	NA	NA	NA	NA	NA	NA	NA	NA	NA	NA	NA	NA	NA
NA	NA	NA	NA	NA	NA	NA	NA	NA	NA	NA	NA	NA	NA	NA	NA
NA	NA	NA	NA	NA	NA	NA	NA	NA	NA	NA	NA	NA	NA	NA	NA
NA	NA	NA	NA	NA	NA	NA	NA	NA	NA	NA	NA	NA	NA	NA	NA
NA	NA	NA	NA	NA	NA	NA	NA	NA	NA	NA	NA	NA	NA	NA	NA
NA	NA	NA	NA	NA	NA	NA	NA	NA	NA	NA	NA	NA	NA	NA	NA
NA	NA	NA	NA	NA	NA	NA	NA	NA	NA	NA	NA	NA	NA	NA	NA
NA	NA	NA	NA	NA	NA	NA	NA	NA	NA	NA	NA	NA	NA	NA	NA
NA	NA	NA	NA	NA	NA	NA	NA	NA	NA	NA	NA	NA	NA	NA	NA
NA	NA	NA	NA	NA	NA	NA	NA	NA	NA	NA	NA	NA	NA	NA	NA
NA	NA	NA	NA	NA	NA	NA	NA	NA	NA	NA	NA	NA	NA	NA	NA
NA	NA	NA	NA	NA	NA	NA	NA	NA	NA	NA	NA	NA	NA	NA	NA
NA	NA	NA	NA	NA	NA	NA	NA	NA	NA	NA	NA	NA	NA	NA	NA
NA	NA	NA	NA	NA	NA	NA	NA	NA	NA	NA	NA	NA	NA	NA	NA
NA	NA	NA	NA	NA	NA	NA	NA	NA	NA	NA	NA	NA	NA	NA	NA
NA	NA	NA	NA	NA	NA	NA	NA	NA	NA	NA	NA	NA	NA	NA	NA
NA	NA	NA	NA	NA	NA	NA	NA	NA	NA	NA	NA	NA	NA	NA	NA
NA	NA	NA	NA	NA	NA	NA	NA	NA	NA	NA	NA	NA	NA	NA	NA
NA	NA	NA	NA	NA	NA	NA	NA	NA	NA	NA	NA	NA	NA	NA	NA
NA	NA	NA	NA	NA	NA	NA	NA	NA	NA	NA	NA	NA	NA	NA	NA
NA	NA	NA	NA	NA	NA	NA	NA	NA	NA	NA	NA	NA	NA	NA	NA
NA	NA	NA	NA	NA	NA	NA	NA	NA	NA	NA	NA	NA	NA	NA	NA
NA	NA	NA	NA	NA	NA	NA	NA	NA	NA	NA	NA	NA	NA	NA	NA
NA	NA	NA	NA	NA	NA	NA	NA	NA	NA	NA	NA	NA	NA	NA	NA
NA	NA	NA	NA	NA	NA	NA	NA	NA	NA	NA	NA	NA	NA	NA	NA
NA	NA	NA	NA	NA	NA	NA	NA	NA	NA	NA	NA	NA	NA	NA	NA
NA	NA	NA	NA	NA	NA	NA	NA	NA	NA	NA	NA	NA	NA	NA	NA
NA	NA	NA	NA	NA	NA	NA	NA	NA	NA	NA	NA	NA	NA	NA	NA
NA	NA	NA	NA	NA	NA	NA	NA	NA	NA	NA	NA	NA	NA	NA	NA
NA	NA	NA	NA	NA	NA	NA	NA	NA	NA	NA	NA	NA	NA	NA	NA
NA	NA	NA	NA	NA	NA	NA	NA	NA	NA	NA	NA	NA	NA	NA	NA
NA	NA	NA	NA	NA	NA	NA	NA	NA	NA	NA	NA	NA	NA	NA	NA
NA	NA	NA	NA	NA	NA	NA	NA	NA	NA	NA	NA	NA	NA	NA	NA
NA	NA	NA	NA	NA	NA	NA	NA	NA	NA	NA	NA	NA	NA	NA	NA
NA	NA	NA	NA	NA	NA	NA	NA	NA	NA	NA	NA	NA	NA	NA	NA
NA	NA	NA	NA	NA	NA	NA	NA	NA	NA	NA	NA	NA	NA	NA	NA
NA	NA	NA	NA	NA	NA	NA	NA	NA	NA	NA	NA	NA	NA	NA	NA
NA	NA	NA	NA	NA	NA	NA	NA	NA	NA	NA	NA	NA	NA	NA	NA
NA	NA	NA	NA	NA	NA	NA	NA	NA	NA	NA	NA	NA	NA	NA	NA
NA	NA	NA	NA	NA	NA	NA	NA	NA	NA	NA	NA	NA	NA	NA	NA
NA	NA	NA	NA	NA	NA	NA	NA	NA	NA	NA	NA	NA	NA	NA	NA
NA	NA	NA	NA	NA	NA	NA	NA	NA	NA	NA	NA	NA	NA	NA	NA
NA	NA	NA	NA	NA	NA	NA	NA	NA	NA	NA	NA	NA	NA	NA	NA
NA	NA	NA	NA	NA	NA	NA	NA	NA	NA	NA	NA	NA	NA	NA	NA
NA	NA	NA	NA	NA	NA	NA	NA	NA	NA	NA	NA	NA	NA	NA	NA
NA	NA	NA	NA	NA	NA	NA	NA	NA	NA	NA	NA	NA	NA	NA	NA
NA	NA	NA	NA	NA	NA	NA	NA	NA	NA	NA	NA	NA	NA	NA	NA
NA	NA	NA	NA	NA	NA	NA	NA	NA	NA	NA	NA	NA	NA	NA	NA
NA	NA	NA	NA	NA	NA	NA	NA	NA	NA	NA	NA	NA	NA	NA	NA
NA	NA	NA	NA	NA	NA	NA	NA	NA	NA	NA	NA	NA	NA	NA	NA
NA	NA	NA	NA	NA	NA	NA	NA	NA	NA	NA	NA	NA	NA	NA	NA
NA	NA	NA	NA	NA	NA	NA	NA	NA	NA	NA	NA	NA	NA	NA	NA
NA	NA	NA	NA	NA	NA	NA	NA	NA	NA	NA	NA	NA	NA	NA	NA
NA	NA	NA	NA	NA	NA	NA	NA	NA	NA	NA	NA	NA	NA	NA	NA
NA	NA	NA	NA	NA	NA	NA	NA	NA	NA	NA	NA	NA	NA	NA	NA
NA	NA	NA	NA	NA	NA	NA	NA	NA	NA	NA	NA	NA	NA	NA	NA
NA	NA	NA	NA	NA	NA	NA	NA	NA	NA	NA	NA	NA	NA	NA	NA
NA	NA	NA	NA	NA	NA	NA	NA	NA	NA	NA	NA	NA	NA	NA	NA
NA	NA	NA	NA	NA	NA	NA	NA	NA	NA	NA	NA	NA	NA	NA	NA
NA	NA	NA	NA	NA	NA	NA	NA	NA	NA	NA	NA	NA	NA	NA	NA
NA	NA	NA	NA	NA	NA	NA	NA	NA	NA	NA	NA	NA	NA	NA	NA
NA	NA	NA	NA	NA	NA	NA	NA	NA	NA	NA	NA	NA	NA	NA	NA
NA	NA	NA	NA	NA	NA	NA	NA	NA	NA	NA	NA	NA	NA	NA	NA
NA	NA	NA	NA	NA	NA	NA	NA	NA	NA	NA	NA	NA	NA	NA	NA
NA	NA	NA	NA	NA	NA	NA	NA	NA	NA	NA	NA	NA	NA	NA	NA
NA	NA	NA	NA	NA	NA	NA	NA	NA	NA	NA	NA	NA	NA	NA	NA
NA	NA	NA	NA	NA	NA	NA	NA	NA	NA	NA	NA	NA	NA	NA	NA
NA	NA	NA	NA	NA	NA	NA	NA	NA	NA	NA	NA	NA	NA	NA	NA
NA	NA	NA	NA	NA	NA	NA	NA	NA	NA	NA	NA	NA	NA	NA	NA
NA	NA	NA	NA	NA	NA	NA	NA	NA	NA	NA	NA	NA	NA	NA	NA
NA	NA	NA	NA	NA	NA	NA	NA	NA	NA	NA	NA	NA	NA	NA	NA
NA	NA	NA	NA	NA	NA	NA	NA	NA	NA	NA	NA	NA	NA	NA	NA
NA	NA	NA	NA	NA	NA	NA	NA	NA	NA	NA	NA	NA	NA	NA	NA
NA	NA	NA	NA	NA	NA	NA	NA	NA	NA	NA	NA	NA	NA	NA	NA
NA	NA	NA	NA	NA	NA	NA	NA	NA	NA	NA	NA	NA	NA	NA	NA
NA	NA	NA	NA	NA	NA	NA	NA	NA	NA	NA	NA	NA	NA	NA	NA
NA	NA	NA	NA	NA	NA	NA	NA	NA	NA	NA	NA	NA	NA	NA	NA
NA	NA	NA	NA	NA	NA	NA	NA	NA	NA	NA	NA	NA	NA	NA	NA
NA	NA	NA	NA	NA	NA	NA	NA	NA	NA	NA	NA	NA	NA	NA	NA
NA	NA	NA	NA	NA	NA	NA	NA	NA	NA	NA	NA	NA	NA	NA	NA
NA	NA	NA	NA	NA	NA	NA	NA	NA	NA	NA	NA	NA	NA	NA	NA
NA	NA	NA	NA	NA	NA	NA	NA	NA	NA	NA	NA	NA	NA	NA	NA
NA	NA	NA	NA	NA	NA	NA	NA	NA	NA	NA	NA	NA	NA	NA	NA
