X1	X2	X3	X4	X1.1	X2.1	X3.1	X4.1	X1.2	X2.2	X3.2	X4.2	X1.3	X2.3	X3.3	X4.3
NA	NA	NA	NA	NA	NA	NA	NA	NA	NA	NA	NA	NA	NA	NA	NA
NA	NA	NA	NA	NA	NA	NA	NA	NA	NA	NA	NA	NA	NA	NA	NA
NA	NA	NA	NA	NA	NA	NA	NA	NA	NA	NA	NA	NA	NA	NA	NA
NA	NA	NA	NA	NA	NA	NA	NA	NA	NA	NA	NA	NA	NA	NA	NA
NA	NA	NA	NA	NA	NA	NA	NA	NA	NA	NA	NA	NA	NA	NA	NA
NA	NA	NA	NA	NA	NA	NA	NA	NA	NA	NA	NA	NA	NA	NA	NA
NA	NA	NA	NA	NA	NA	NA	NA	NA	NA	NA	NA	NA	NA	NA	NA
NA	NA	NA	NA	NA	NA	NA	NA	NA	NA	NA	NA	NA	NA	NA	NA
NA	NA	NA	NA	NA	NA	NA	NA	NA	NA	NA	NA	NA	NA	NA	NA
NA	NA	NA	NA	NA	NA	NA	NA	NA	NA	NA	NA	NA	NA	NA	NA
NA	NA	NA	NA	NA	NA	NA	NA	NA	NA	NA	NA	NA	NA	NA	NA
NA	NA	NA	NA	NA	NA	NA	NA	NA	NA	NA	NA	NA	NA	NA	NA
NA	NA	NA	NA	NA	NA	NA	NA	NA	NA	NA	NA	NA	NA	NA	NA
NA	NA	NA	NA	NA	NA	NA	NA	NA	NA	NA	NA	NA	NA	NA	NA
NA	NA	NA	NA	NA	NA	NA	NA	NA	NA	NA	NA	NA	NA	NA	NA
NA	NA	NA	NA	NA	NA	NA	NA	NA	NA	NA	NA	NA	NA	NA	NA
NA	NA	NA	NA	NA	NA	NA	NA	NA	NA	NA	NA	NA	NA	NA	NA
NA	NA	NA	NA	NA	NA	NA	NA	NA	NA	NA	NA	NA	NA	NA	NA
NA	NA	NA	NA	NA	NA	NA	NA	NA	NA	NA	NA	NA	NA	NA	NA
NA	NA	NA	NA	NA	NA	NA	NA	NA	NA	NA	NA	NA	NA	NA	NA
NA	NA	NA	NA	NA	NA	NA	NA	NA	NA	NA	NA	NA	NA	NA	NA
NA	NA	NA	NA	NA	NA	NA	NA	NA	NA	NA	NA	NA	NA	NA	NA
NA	NA	NA	NA	NA	NA	NA	NA	NA	NA	NA	NA	NA	NA	NA	NA
NA	NA	NA	NA	NA	NA	NA	NA	NA	NA	NA	NA	NA	NA	NA	NA
NA	NA	NA	NA	NA	NA	NA	NA	NA	NA	NA	NA	NA	NA	NA	NA
NA	NA	NA	NA	NA	NA	NA	NA	NA	NA	NA	NA	NA	NA	NA	NA
NA	NA	NA	NA	NA	NA	NA	NA	NA	NA	NA	NA	NA	NA	NA	NA
NA	NA	NA	NA	NA	NA	NA	NA	NA	NA	NA	NA	NA	NA	NA	NA
NA	NA	NA	NA	NA	NA	NA	NA	NA	NA	NA	NA	NA	NA	NA	NA
NA	NA	NA	NA	NA	NA	NA	NA	NA	NA	NA	NA	NA	NA	NA	NA
NA	NA	NA	NA	NA	NA	NA	NA	NA	NA	NA	NA	NA	NA	NA	NA
NA	NA	NA	NA	NA	NA	NA	NA	NA	NA	NA	NA	NA	NA	NA	NA
NA	NA	NA	NA	NA	NA	NA	NA	NA	NA	NA	NA	NA	NA	NA	NA
NA	NA	NA	NA	NA	NA	NA	NA	NA	NA	NA	NA	NA	NA	NA	NA
NA	NA	NA	NA	NA	NA	NA	NA	NA	NA	NA	NA	NA	NA	NA	NA
NA	NA	NA	NA	NA	NA	NA	NA	NA	NA	NA	NA	NA	NA	NA	NA
NA	NA	NA	NA	NA	NA	NA	NA	NA	NA	NA	NA	NA	NA	NA	NA
NA	NA	NA	NA	NA	NA	NA	NA	NA	NA	NA	NA	NA	NA	NA	NA
NA	NA	NA	NA	NA	NA	NA	NA	NA	NA	NA	NA	NA	NA	NA	NA
NA	NA	NA	NA	NA	NA	NA	NA	NA	NA	NA	NA	NA	NA	NA	NA
NA	NA	NA	NA	NA	NA	NA	NA	NA	NA	NA	NA	NA	NA	NA	NA
NA	NA	NA	NA	NA	NA	NA	NA	NA	NA	NA	NA	NA	NA	NA	NA
NA	NA	NA	NA	NA	NA	NA	NA	NA	NA	NA	NA	NA	NA	NA	NA
NA	NA	NA	NA	NA	NA	NA	NA	NA	NA	NA	NA	NA	NA	NA	NA
NA	NA	NA	NA	NA	NA	NA	NA	NA	NA	NA	NA	NA	NA	NA	NA
NA	NA	NA	NA	NA	NA	NA	NA	NA	NA	NA	NA	NA	NA	NA	NA
NA	NA	NA	NA	NA	NA	NA	NA	NA	NA	NA	NA	NA	NA	NA	NA
NA	NA	NA	NA	NA	NA	NA	NA	NA	NA	NA	NA	NA	NA	NA	NA
NA	NA	NA	NA	NA	NA	NA	NA	NA	NA	NA	NA	NA	NA	NA	NA
NA	NA	NA	NA	NA	NA	NA	NA	NA	NA	NA	NA	NA	NA	NA	NA
NA	NA	NA	NA	NA	NA	NA	NA	NA	NA	NA	NA	NA	NA	NA	NA
NA	NA	NA	NA	NA	NA	NA	NA	NA	NA	NA	NA	NA	NA	NA	NA
NA	NA	NA	NA	NA	NA	NA	NA	NA	NA	NA	NA	NA	NA	NA	NA
NA	NA	NA	NA	NA	NA	NA	NA	NA	NA	NA	NA	NA	NA	NA	NA
NA	NA	NA	NA	NA	NA	NA	NA	NA	NA	NA	NA	NA	NA	NA	NA
NA	NA	NA	NA	NA	NA	NA	NA	NA	NA	NA	NA	NA	NA	NA	NA
NA	NA	NA	NA	NA	NA	NA	NA	NA	NA	NA	NA	NA	NA	NA	NA
NA	NA	NA	NA	NA	NA	NA	NA	NA	NA	NA	NA	NA	NA	NA	NA
NA	NA	NA	NA	NA	NA	NA	NA	NA	NA	NA	NA	NA	NA	NA	NA
NA	NA	NA	NA	NA	NA	NA	NA	NA	NA	NA	NA	NA	NA	NA	NA
NA	NA	NA	NA	NA	NA	NA	NA	NA	NA	NA	NA	NA	NA	NA	NA
NA	NA	NA	NA	NA	NA	NA	NA	NA	NA	NA	NA	NA	NA	NA	NA
NA	NA	NA	NA	NA	NA	NA	NA	NA	NA	NA	NA	NA	NA	NA	NA
NA	NA	NA	NA	NA	NA	NA	NA	NA	NA	NA	NA	NA	NA	NA	NA
NA	NA	NA	NA	NA	NA	NA	NA	NA	NA	NA	NA	NA	NA	NA	NA
NA	NA	NA	NA	NA	NA	NA	NA	NA	NA	NA	NA	NA	NA	NA	NA
NA	NA	NA	NA	NA	NA	NA	NA	NA	NA	NA	NA	NA	NA	NA	NA
NA	NA	NA	NA	NA	NA	NA	NA	NA	NA	NA	NA	NA	NA	NA	NA
NA	NA	NA	NA	NA	NA	NA	NA	NA	NA	NA	NA	NA	NA	NA	NA
NA	NA	NA	NA	NA	NA	NA	NA	NA	NA	NA	NA	NA	NA	NA	NA
NA	NA	NA	NA	NA	NA	NA	NA	NA	NA	NA	NA	NA	NA	NA	NA
NA	NA	NA	NA	NA	NA	NA	NA	NA	NA	NA	NA	NA	NA	NA	NA
NA	NA	NA	NA	NA	NA	NA	NA	NA	NA	NA	NA	NA	NA	NA	NA
NA	NA	NA	NA	NA	NA	NA	NA	NA	NA	NA	NA	NA	NA	NA	NA
NA	NA	NA	NA	NA	NA	NA	NA	NA	NA	NA	NA	NA	NA	NA	NA
NA	NA	NA	NA	NA	NA	NA	NA	NA	NA	NA	NA	NA	NA	NA	NA
NA	NA	NA	NA	NA	NA	NA	NA	NA	NA	NA	NA	NA	NA	NA	NA
NA	NA	NA	NA	NA	NA	NA	NA	NA	NA	NA	NA	NA	NA	NA	NA
NA	NA	NA	NA	NA	NA	NA	NA	NA	NA	NA	NA	NA	NA	NA	NA
NA	NA	NA	NA	NA	NA	NA	NA	NA	NA	NA	NA	NA	NA	NA	NA
NA	NA	NA	NA	NA	NA	NA	NA	NA	NA	NA	NA	NA	NA	NA	NA
NA	NA	NA	NA	NA	NA	NA	NA	NA	NA	NA	NA	NA	NA	NA	NA
NA	NA	NA	NA	NA	NA	NA	NA	NA	NA	NA	NA	NA	NA	NA	NA
NA	NA	NA	NA	NA	NA	NA	NA	NA	NA	NA	NA	NA	NA	NA	NA
NA	NA	NA	NA	NA	NA	NA	NA	NA	NA	NA	NA	NA	NA	NA	NA
NA	NA	NA	NA	NA	NA	NA	NA	NA	NA	NA	NA	NA	NA	NA	NA
NA	NA	NA	NA	NA	NA	NA	NA	NA	NA	NA	NA	NA	NA	NA	NA
NA	NA	NA	NA	NA	NA	NA	NA	NA	NA	NA	NA	NA	NA	NA	NA
NA	NA	NA	NA	NA	NA	NA	NA	NA	NA	NA	NA	NA	NA	NA	NA
NA	NA	NA	NA	NA	NA	NA	NA	NA	NA	NA	NA	NA	NA	NA	NA
NA	NA	NA	NA	NA	NA	NA	NA	NA	NA	NA	NA	NA	NA	NA	NA
NA	NA	NA	NA	NA	NA	NA	NA	NA	NA	NA	NA	NA	NA	NA	NA
NA	NA	NA	NA	NA	NA	NA	NA	NA	NA	NA	NA	NA	NA	NA	NA
NA	NA	NA	NA	NA	NA	NA	NA	NA	NA	NA	NA	NA	NA	NA	NA
NA	NA	NA	NA	NA	NA	NA	NA	NA	NA	NA	NA	NA	NA	NA	NA
NA	NA	NA	NA	NA	NA	NA	NA	NA	NA	NA	NA	NA	NA	NA	NA
NA	NA	NA	NA	NA	NA	NA	NA	NA	NA	NA	NA	NA	NA	NA	NA
NA	NA	NA	NA	NA	NA	NA	NA	NA	NA	NA	NA	NA	NA	NA	NA
NA	NA	NA	NA	NA	NA	NA	NA	NA	NA	NA	NA	NA	NA	NA	NA
NA	NA	NA	NA	NA	NA	NA	NA	NA	NA	NA	NA	NA	NA	NA	NA
1.94624571698271	0.324872063856269	1.30949647182442	2.582994962141	1.92589192882375	0.215607574823431	1.50330108216983	2.34848277547768	1.92589192882375	0.324872063856269	1.31043803107191	2.58916764121019	1.93354971758659	0.324444282995617	1.29703886071384	2.57006057445934
1.67957536656504	0.287880032290168	1.11533050327631	2.24382022985377	1.81776371650465	0.196547678582549	1.43253026648286	2.20299716652645	1.81776371650465	0.287880032290168	1.25967650770125	2.35301770401912	1.82341137564215	0.284345101234956	1.26560076435474	2.38122198692956
2.04589586261432	0.747149888286516	0.581482081572748	3.51030964365589	1.83640381055873	0.392629776972609	1.06684944769241	2.60595817342504	1.83640381055873	0.747149888286516	1.08386154217498	2.47036435062287	1.84916927434868	0.669367104417459	0.535736632402406	3.16260191629495
1.95694491586993	0.316068337667954	1.33745097404074	2.57643885769912	1.92075361799016	0.259845107182055	1.41145720791333	2.43005002806699	1.92075361799016	0.316068337667954	1.28937237190603	2.55668068696353	1.91801409230506	0.306548986427255	1.31664731763416	2.51938086697595
1.98698022839725	0.494410684572404	1.01793528663534	2.95602517015916	1.95497537062825	0.336333882892512	1.29576096015892	2.61418978109757	1.95497537062825	0.494410684572404	1.01753584379229	2.97370607832841	1.9564284481859	0.476046225054576	1.02238178732779	2.890475109044
2.27061452392296	0.286275895244514	1.70951376924372	2.83171527860221	2.24121750764229	0.222470094677285	1.80517612207481	2.67725889320976	2.24121750764229	0.286275895244514	1.70229726076983	2.82379153388163	2.24541987175991	0.275104024938585	1.70575781426682	2.78508192925301
2.37964741291976	0.302434850330621	1.78687510627174	2.97241971956777	2.42450737093457	0.209086400437754	2.01469802607657	2.83431671579257	2.42450737093457	0.302434850330621	1.75165826777238	2.96136563682175	2.42731423215951	0.299746292889207	1.83929301585476	3.01533544846426
1.61059985359037	0.296801718926228	1.02886848449497	2.19233122268578	1.60268724425062	0.214363511387114	1.18253476193188	2.02283972656937	1.60268724425062	0.296801718926228	1.00706265319275	2.16210794862908	1.62520863198266	0.284044384924883	1.06800127742519	2.18241598654013
1.95394323160959	0.381952846396604	1.20531565267224	2.70257081054693	1.89479543350862	0.246889241980258	1.41089251922731	2.37869834778992	1.89479543350862	0.381952846396604	1.11178222433667	2.58242799238879	1.89865380258415	0.377696824954096	1.15762990442801	2.6396777007403
2.11099899599672	0.273680298180751	1.57458561156245	2.647412380431	2.01192334237249	0.216516569497137	1.58755086615811	2.43629581858688	2.01192334237249	0.273680298180751	1.45146065144249	2.51385615652629	2.02191255981747	0.269676260810457	1.49289072918998	2.55093439044496
2.13455290988861	0.274744685312426	1.59605332667625	2.67305249310096	1.995071561272	0.195354401460069	1.61217693441026	2.37796618813373	1.995071561272	0.274744685312426	1.50190969357383	2.49783288790827	1.99100186639093	0.263766646347323	1.47358111615371	2.50842261662816
1.61046870566393	0.331477311107115	0.960773175893982	2.26016423543387	1.7003066610506	0.2437640330028	1.22252915636511	2.17808416573609	1.7003066610506	0.331477311107115	1.02717559069406	2.26668674702776	1.70546505827319	0.311587218151133	1.0942121874398	2.31671792910658
2.15106424859369	0.313244230058346	1.53710555767933	2.76502293950805	2.07399747561304	0.223931296528371	1.63509213441743	2.51290281680865	2.07399747561304	0.313244230058346	1.42178468617758	2.6518963065897	2.08918092722472	0.305412334014528	1.49001920224148	2.68834265220795
1.79962926869777	0.279417689901471	1.25197059649088	2.34728794090465	1.77497274052369	0.209944314432587	1.36348188423582	2.18646359681156	1.77497274052369	0.279417689901471	1.18447732512535	2.23672038853603	1.78858767326533	0.269946954249745	1.25903159414543	2.31814375238524
2.04856826773011	0.330739054407593	1.40031972109123	2.69681681436899	2.09715609182589	0.229048413937773	1.64822120050785	2.54609098314392	2.09715609182589	0.330739054407593	1.31665106031929	2.61069588258353	2.10954397110169	0.315440780299673	1.49070729807993	2.72838064412345
2.22412253994538	0.30167778362743	1.63283408403562	2.81541099585514	2.29206171210544	0.226536576101945	1.84805002294563	2.73607340126525	2.29206171210544	0.30167778362743	1.75911663117503	2.88460820207762	2.29978774033422	0.287227213491766	1.73630310686059	2.86327237380785
1.90236884641469	0.380157143391305	1.15726084536773	2.64747684746165	1.93857072202469	0.252380820157855	1.4439043145153	2.43323712953409	1.93857072202469	0.380157143391305	1.26419245147347	2.88769994229349	1.94222127742726	0.367953803340808	1.22031683375285	2.66412572110167
1.81927882678925	0.311791655529888	1.20816718195067	2.43039047162784	1.913924234544	0.231669134334068	1.45985273124923	2.36799573783877	1.913924234544	0.311791655529888	1.35323032786694	2.50306416975851	1.91643451839229	0.298725972997555	1.33043130225539	2.50243773452919
2.08346438420253	0.331873721477342	1.43299189010694	2.73393687829811	2.03281032802372	0.231865840248754	1.57835328113616	2.48726737491128	2.03281032802372	0.331873721477342	1.40105303027551	2.65817175520588	2.03166165715899	0.324423901717171	1.39517678355249	2.6681465307655
1.78478018210793	0.300111125681854	1.1965623757715	2.37299798844437	1.74508380427211	0.240378359654327	1.27394221934963	2.21622538919459	1.74508380427211	0.300111125681854	1.18247161461215	2.36208781512502	1.74306103355537	0.28080019188646	1.19222927998352	2.29389278712722
1.96991081462581	0.247493864642879	1.48482283992577	2.45499878932586	1.97163099165959	0.187370739608963	1.60438434202602	2.33887764129316	1.97163099165959	0.247493864642879	1.52996265699687	2.48126047434808	1.97580117547909	0.233544368278753	1.51768418876779	2.43391816219039
1.77676169682682	0.339957852309483	1.11044430630023	2.4430790873534	1.80024265365052	0.211550477048195	1.38560371863606	2.21488158866498	1.80024265365052	0.339957852309483	1.15679888867032	2.3580920419664	1.80892510572023	0.32121035202872	1.17876589988543	2.43908431155503
2.32218142981775	0.250051131421168	1.83208121223226	2.81228164740323	2.27196350778201	0.174608510910199	1.92973082639802	2.614196189166	2.27196350778201	0.250051131421168	1.77133566829013	2.72096069108109	2.27271788252016	0.247022135934893	1.78813905370197	2.75729671133835
1.80431409682079	0.301117992313552	1.21412283188623	2.39450536175535	1.77341866052093	0.200261175807416	1.38090675593839	2.16593056510346	1.77341866052093	0.301117992313552	1.25231098066637	2.34033451276361	1.78291481034405	0.290928880320001	1.21219007822627	2.35363954246183
2.11031538490987	0.285695928374318	1.5503513652962	2.67027940452353	2.15794998642346	0.218920322645502	1.72886615403828	2.58703381880864	2.15794998642346	0.285695928374318	1.58492828842396	2.66418018605166	2.16631701489499	0.265738755227096	1.64505356093923	2.68758046885075
1.94431400378096	0.273590196743513	1.40807721816367	2.48055078939824	1.93473719389179	0.210282149059403	1.52258418173536	2.34689020604822	1.93473719389179	0.273590196743513	1.45606349189617	2.55543849391784	1.93261269654169	0.270010056058625	1.40294527284565	2.46228012023773
1.74709806313765	0.379568007354541	1.00314476872275	2.49105135755255	1.67397015334755	0.279095375820936	1.12694321673852	2.22099708995659	1.67397015334755	0.379568007354541	0.751209052386787	2.28013400568751	1.68146962265601	0.357256039558621	0.980555480461767	2.38238376485026
2.01973365396543	0.336402218097432	1.36038530649447	2.6790820014364	2.05063363894349	0.253698855011975	1.55338388312002	2.54788339476696	2.05063363894349	0.336402218097432	1.38567192149804	2.75335512458284	2.05289183857028	0.323622001267709	1.41800254234298	2.68778113479758
2.26803176051093	0.417059754114041	1.45059464244741	3.08546887857445	1.99070554403752	0.271301847407703	1.45895392311842	2.52245716495662	1.99070554403752	0.417059754114041	1.12573292281007	2.72637230918837	2.00133323851149	0.392918722510473	1.2304494954977	2.77221698152528
1.88258504867398	0.306668056000871	1.28151565891228	2.48365443843569	1.93664258601432	0.215530431208502	1.51420294084565	2.35908223118298	1.93664258601432	0.306668056000871	1.31893112813555	2.47266280624501	1.94124832833714	0.301597277185281	1.34958685196711	2.53290980470717
2.15092657426604	0.315115750316174	1.53329970364634	2.76855344488574	2.20286258828336	0.207931291210446	1.79531725751089	2.61040791905584	2.20286258828336	0.315115750316174	1.62811040025166	2.77386022483279	2.20803816642448	0.305562689632871	1.60861232658738	2.80746400626158
2.19748132656129	0.31614425740166	1.57783858205404	2.81712407106854	2.17499102917104	0.197706531397697	1.78748622763155	2.56249583071053	2.17499102917104	0.31614425740166	1.6065441556467	2.70462622368899	2.18446762324941	0.317059303079151	1.56245343625088	2.80648181024794
1.93831529331335	0.380940816520308	1.19167129293355	2.68495929369316	1.86869361828273	0.302414299759287	1.27596159075453	2.46142564581094	1.86869361828273	0.380940816520308	1.03870161255628	2.63760426306176	1.8764306565773	0.358846028805978	1.17241330608713	2.58044800706746
2.31886907025611	0.229554272801771	1.86894269556464	2.76879544494758	2.36878907320471	0.174900712917334	2.02598367588673	2.71159447052268	2.36878907320471	0.229554272801771	1.96979043917116	2.85571813450044	2.36786512960561	0.223871355270031	1.92872644022551	2.80700381898572
2.06910026795219	0.349518795853236	1.38404342807984	2.75415710782453	1.85703701708041	0.259693599912852	1.34803756125122	2.3660364729096	1.85703701708041	0.349518795853236	1.22308591339028	2.54832273904928	1.86018363581839	0.33869204176801	1.19570794980062	2.52465932183616
1.99406611858001	0.472200563193212	1.06855301472131	2.9195792224387	2.02962789265313	0.316783191858869	1.40873283660975	2.65052294869651	2.02962789265313	0.472200563193212	0.988304702458696	2.84666042683403	2.02551673018501	0.460421748362277	1.1221716215886	2.92886183878143
2.39410865723322	0.272366043637196	1.86027121170431	2.92794610276212	2.33047832638535	0.21036837921098	1.91815630313183	2.74280034963887	2.33047832638535	0.272366043637196	1.81224183074131	2.85805820169509	2.33271380991675	0.260397609500539	1.82191923253351	2.84350838729998
2.24680001891564	0.333373363955197	1.59338822556345	2.90021181226782	2.23536576745535	0.250942756252425	1.7435179652006	2.7272135697101	2.23536576745535	0.333373363955197	1.61543581125797	2.90098312862993	2.23392073720588	0.314981920644994	1.61601460980673	2.85182686460502
1.62968009370413	0.366400984834178	0.911534163429144	2.34782602397912	1.94254657992911	0.246885898130102	1.45865021959411	2.42644294026411	1.94254657992911	0.366400984834178	1.14503261219965	2.59526266734404	1.9506237416067	0.356928490341826	1.25035953513869	2.65088794807471
2.21367695951589	0.333310528756806	1.56038832315255	2.86696559587923	2.15659971291909	0.238798843751493	1.68855397916616	2.62464544667201	2.15659971291909	0.333310528756806	1.46714124071534	2.69641013453769	2.15696634034166	0.320152170711685	1.52890034329416	2.78503233738915
2.00594478763383	0.227883551168391	1.55929302734379	2.45259654792388	2.14931152221592	0.190427947493941	1.77607274512779	2.52255029930404	2.14931152221592	0.227883551168391	1.70962087337197	2.60084220525573	2.14541668909014	0.221276606409156	1.71140800993588	2.57942536824439
2.13448875484998	0.421782903396887	1.30779426419208	2.96118324550788	2.04182885792227	0.233004054267531	1.58514091155791	2.49851680428663	2.04182885792227	0.421782903396887	1.46727903335715	2.5749657539994	2.04697203178181	0.467121184837729	1.13051659289183	2.96342747067179
1.93086302728149	0.301722063553823	1.33948778271599	2.52223827184698	2.00059098557617	0.235218338433122	1.53956304224725	2.46161892890509	2.00059098557617	0.301722063553823	1.35436596031234	2.56434014130072	2.00922256642952	0.290755808808538	1.43883589804754	2.57960923481151
2.14111736688958	0.339673124656519	1.4753580425628	2.80687669121636	2.09301182180609	0.247653600459933	1.60761076490462	2.57841287870756	2.09301182180609	0.339673124656519	1.49708659234555	2.797234613386	2.0944048910323	0.330763200856774	1.44551808961962	2.74329169244499
1.34206167307445	0.453434966242155	0.453329139239822	2.23079420690907	1.49340051677655	0.294185968647789	0.91679601822688	2.07000501532621	1.49340051677655	0.453434966242155	0.572568391833263	2.22283326604223	1.50583928430597	0.43395447907841	0.654420249790517	2.35725831882141
1.58359959596555	0.437939709567279	0.72523776521368	2.44196142671741	1.65740852220341	0.329485433137081	1.01161707325473	2.30319997115208	1.65740852220341	0.437939709567279	0.839904989668852	2.56260735643964	1.67398458041121	0.423606532772306	0.842875064178848	2.50509409664358
1.75734649759527	0.308679722490845	1.15233424151321	2.36235875367732	1.72895109814261	0.230610577805126	1.27695436564457	2.18094783064066	1.72895109814261	0.308679722490845	1.12276209175019	2.3449260601	1.74396555686282	0.299949822213035	1.1555538035582	2.33237731016744
1.78037262023197	0.293011565156368	1.20606995252549	2.35467528793845	1.82149866155536	0.243226485638673	1.34477474970356	2.29822257340716	1.82149866155536	0.293011565156368	1.19411946069951	2.37637079253926	1.82145866830818	0.275282309169296	1.28145198541735	2.36146535119902
2.00054760338505	0.22678607959864	1.55604688737172	2.44504831939838	2.06549979832247	0.177654517591154	1.71729694384381	2.41370265280113	2.06549979832247	0.22678607959864	1.62663489823931	2.50823169973563	2.06177674284244	0.220513489198947	1.62925873234865	2.49429475333623
2.30566083790152	0.210312460598496	1.89344841512846	2.71787326067457	2.3159775351505	0.16067714538947	2.00105033018714	2.63090474011386	2.3159775351505	0.210312460598496	1.89118258082629	2.70654064982982	2.31243175449234	0.207172935407095	1.90608849402759	2.71877501495708
1.6070987728029	0.335649660175827	0.949225438858285	2.26497210674752	1.72914320244594	0.26306782504161	1.21353026536439	2.2447561395275	1.72914320244594	0.335649660175827	1.06463074861957	2.39423713667341	1.7276159558529	0.332344010932328	1.07563885245586	2.37959305924994
1.77504868370996	0.273879916747912	1.23824404688405	2.31185332053586	1.59454107392984	0.196851808322367	1.208711529618	1.98037061824167	1.59454107392984	0.273879916747912	1.06753973729545	2.14080750819953	1.60366092499841	0.262599439444157	1.08853872816076	2.11878312183607
1.9120430112577	0.478501297870392	0.974180467431736	2.84990555508367	1.80085691753326	0.315712502628284	1.18206041238183	2.4196534226847	1.80085691753326	0.478501297870392	0.83711641584272	2.78019025459109	1.80610884607851	0.470876235794787	0.882209059029581	2.73000863312745
2.24823279645077	0.307669933255694	1.64519972726961	2.85126586563194	2.22483740525804	0.220356475153309	1.79293871395755	2.65673609655852	2.22483740525804	0.307669933255694	1.64000245235151	2.84228289784734	2.22479869228719	0.295765314394628	1.64457943510427	2.80501794947011
2.09228331191084	0.254659883778979	1.59314993970404	2.59141668411764	1.99851956411757	0.201140004498504	1.60428515530051	2.39275397293464	1.99851956411757	0.254659883778979	1.47497353069364	2.45287214186501	2.01919858022624	0.244495235036039	1.53960506027401	2.49879210017846
1.83794778919126	0.510336298977456	0.83768864319545	2.83820693518708	1.98833360754013	0.347033793406114	1.30814737246415	2.66851984261612	1.98833360754013	0.510336298977456	1.17386300473292	3.15692004645363	1.99122930948513	0.495414871036759	1.01919887307127	2.963259745899
2.06599951022732	0.306708471841572	1.46485090541784	2.66714811503681	2.06000298591892	0.240604785054419	1.58841760721226	2.53158836462559	2.06000298591892	0.306708471841572	1.4055382338997	2.64692704664675	2.05926938974296	0.288530519775917	1.49324599967706	2.62529277980886
2.16847212254116	0.280739489690435	1.61822272274791	2.71872152233442	2.19486430307884	0.199099943186267	1.80462841443376	2.58510019172392	2.19486430307884	0.280739489690435	1.68566289421185	2.76601419067221	2.20364070156359	0.264840465982817	1.68413429561002	2.72314710751717
1.83498418029689	0.307141603685977	1.23298663707238	2.43698172352141	1.96611203186545	0.21808360829789	1.53866815960159	2.39355590412932	1.96611203186545	0.307141603685977	1.42471831872855	2.64947663043752	1.97250082938281	0.297085094154654	1.38970829565865	2.55529336310697
2.10070152957652	0.268758276267359	1.5739353080925	2.62746775106055	2.1806069212441	0.192858034570141	1.80260517348663	2.55860866900158	2.1806069212441	0.268758276267359	1.68975018816649	2.71595052498708	2.18997825190336	0.256555248602292	1.68673412564047	2.69322237816625
1.87501547089142	0.328207353703656	1.23172905763225	2.51830188415059	1.79741850251774	0.235532342378983	1.33577511145493	2.25906189358054	1.79741850251774	0.328207353703656	1.06368697451435	2.35526137749373	1.81430970982772	0.312390631748836	1.20145937120387	2.42716004845157
1.91908734947217	0.300604055471703	1.32990340074763	2.50827129819671	1.99519425311131	0.204725350719916	1.59393256570027	2.39645594052234	1.99519425311131	0.300604055471703	1.41936830588613	2.50739489431605	1.99840149987426	0.301235308800759	1.40744226039504	2.58936073935348
2.14080056253715	0.328557122187501	1.49682860304964	2.78477252202465	2.21938395927577	0.24568036055927	1.7378504525796	2.70091746597194	2.21938395927577	0.328557122187501	1.62453080550188	2.8736629712255	2.21648407669671	0.325565784135067	1.57779400103913	2.85517415235428
1.36498206045716	0.480899476853821	0.42241908582367	2.30754503509065	1.62375917596264	0.295702429432847	1.04418241427426	2.20333593765102	1.62375917596264	0.480899476853821	0.596110202314573	2.47516284271412	1.63857001911973	0.478233084970648	0.700244039488626	2.57689599875083
1.78417296172108	0.253955115849824	1.28642093465543	2.28192498878674	1.86528699472196	0.17394050557491	1.52436360379513	2.20621038564878	1.86528699472196	0.253955115849824	1.3520255044887	2.33756412668778	1.87603943135162	0.258240830466777	1.36947596472247	2.38260289798077
1.92898863655379	0.315002540158097	1.31158365784392	2.54639361526366	1.9649764665235	0.240535140763563	1.49352759062691	2.43642534242008	1.9649764665235	0.315002540158097	1.40328775781133	2.5319226817721	1.96769076151157	0.296676874690245	1.38568061322987	2.54970090979328
1.95539019698445	0.23885698111424	1.48723051400054	2.42354987996836	1.94934338361748	0.173682961214391	1.60892477963728	2.28976198759769	1.94934338361748	0.23885698111424	1.50141436599831	2.43829304178693	1.95039513325413	0.226768234240406	1.50558652731629	2.39520373919198
2.08638404743378	0.32919273615419	1.44116628457157	2.73160181029599	2.17389541201234	0.246067770875334	1.69160258109668	2.65618824292799	2.17389541201234	0.32919273615419	1.47485641713366	2.83275773557	2.17166460963963	0.309760164864516	1.56398194956362	2.77934726971563
2.14622675005995	0.335816344945829	1.48802671396613	2.80442678615378	1.98216245884265	0.250363939210467	1.49144913799014	2.47287577969517	1.98216245884265	0.335816344945829	1.25453412633634	2.5829898055889	1.98849493785886	0.31263404924912	1.37518356529344	2.60180631042428
2.11018753325705	0.255947449461296	1.60853053231291	2.61184453420119	1.99871258872588	0.192863748998661	1.62069964068851	2.37672553676326	1.99871258872588	0.255947449461296	1.50136152092589	2.49054053845747	2.00074125424797	0.252392105414123	1.50563151509217	2.49585099340377
1.85313193732085	0.249882377131993	1.36336247814215	2.34290139649956	1.94286287612551	0.182876663543884	1.5844246155795	2.30130113667152	1.94286287612551	0.249882377131993	1.41230593286542	2.40352990583461	1.95258298073445	0.243788075148073	1.47439063755122	2.43077532391768
1.28033111026683	0.473797130741608	0.351688734013274	2.20897348652038	1.57440787664761	0.354869896220238	0.878862880055941	2.26995287323928	1.57440787664761	0.473797130741608	0.579722331721886	2.35012818833953	1.60176260764333	0.463315272915901	0.692733025867295	2.51079218941936
1.98523896023786	0.203834704710569	1.58572293900515	2.38475498147058	1.95233634896083	0.157123717517279	1.64437386262696	2.26029883529469	1.95233634896083	0.203834704710569	1.5601244523937	2.3239174185498	1.96073428429535	0.199947545095756	1.56856946920964	2.35289909938106
2.18138486481513	0.372481403572719	1.4513213138126	2.91144841581766	1.99064777597405	0.280615196239148	1.44064199134532	2.54065356060278	1.99064777597405	0.372481403572719	1.27669021191837	2.66794687235373	1.99938818568115	0.344507786813889	1.32351193669869	2.6752644346636
2.24761433541448	0.351089030132894	1.55947983635401	2.93574883447495	2.21341787911063	0.242428172627339	1.73825866076105	2.68857709746022	2.21341787911063	0.351089030132894	1.53935895837655	2.8780149078627	2.20616314090348	0.343198902729463	1.53285529090658	2.87947099090038
1.89022726249407	0.258745002886861	1.38308705683582	2.39736746815231	1.91483097642848	0.184554880585452	1.553103410481	2.27655854237597	1.91483097642848	0.258745002886861	1.42880126734124	2.43568380522743	1.91264786543006	0.250343370584756	1.4215794642646	2.40371626659553
1.76139224786156	0.334732784742803	1.10531598976567	2.41746850595745	1.68086072598182	0.264216676127079	1.16299604077274	2.19872541119089	1.68086072598182	0.334732784742803	1.0199631547727	2.42662588589462	1.70006663551326	0.31600260339874	1.08012998776224	2.32000328326429
2.15519894187076	0.298676416981546	1.56979316458693	2.74060471915459	2.12684441154117	0.210725927428637	1.71382159378105	2.5398672293013	2.12684441154117	0.298676416981546	1.52630400200953	2.70672450802279	2.13772297125247	0.297069213808727	1.55493482380391	2.72051111870102
1.99335032932089	0.391244322371824	1.22651145747212	2.76018920116967	2.00165843576764	0.298304990706368	1.41698065398316	2.58633621755212	2.00165843576764	0.391244322371824	1.2468455571433	2.78784363213207	2.00203162667224	0.372378775474842	1.27146255416111	2.73260069918338
2.11877535687159	0.255578325510535	1.61784183887094	2.61970887487224	2.20161255504145	0.192222091879977	1.8248572549567	2.57836785512621	2.20161255504145	0.255578325510535	1.70399554293845	2.70855408123263	2.20298400860743	0.244263585223467	1.72384284764784	2.68212516956701
1.81172395409902	0.289212415736585	1.24486761925531	2.37858028894272	1.82641661569904	0.207392229960464	1.41992784497653	2.23290538642155	1.82641661569904	0.289212415736585	1.29229700754204	2.39210127612705	1.83058386109923	0.273791961041564	1.2934906752367	2.36767704696176
1.95159022963357	0.286714975363268	1.38962887792156	2.51355158134558	2.07797474995499	0.232772387070027	1.62174087129774	2.53420862861224	2.07797474995499	0.286714975363268	1.50541435442507	2.61698007447762	2.08789056607807	0.271169051806599	1.55597232895099	2.61980880320515
1.88056792392811	0.286097551945406	1.31981672211512	2.44131912574111	1.96487867663162	0.20183298267838	1.56928603058199	2.36047132268124	1.96487867663162	0.286097551945406	1.45239447601507	2.54523187840093	1.96866181378336	0.275150227248422	1.42890394478361	2.50841968278311
1.77183630634389	0.310840014838866	1.16258987725972	2.38108273542807	1.95164742151447	0.240634742572779	1.48000332607183	2.42329151695712	1.95164742151447	0.310840014838866	1.41842950944717	2.57523660990816	1.95974991560409	0.294520799192504	1.38198736230171	2.53751246890647
1.79488543591305	0.233156292382275	1.33789910284379	2.25187176898231	1.87848919076527	0.189107617939681	1.50783825960349	2.24914012192704	1.87848919076527	0.233156292382275	1.4247680519595	2.34272529178044	1.88653161331631	0.223609926172896	1.44791705141541	2.32514617521721
2.01108095399743	0.245542845709914	1.529816976406	2.49234493158886	1.99690423686912	0.196183523180084	1.61238453143616	2.38142394230208	1.99690423686912	0.245542845709914	1.47926850447811	2.4506570209171	1.99656584650992	0.239301043293388	1.52719438102559	2.46593731199426
2.15559808194354	0.326294212912626	1.51606142463479	2.79513473925229	2.27429390047033	0.249273801419886	1.78571724968736	2.76287055125331	2.27429390047033	0.326294212912626	1.67127724024985	2.89758611804332	2.26845227160883	0.318055644934002	1.64449203408714	2.89241250913052
2.05522009291835	0.246833062624986	1.57142729017337	2.53901289566332	2.01406822653633	0.210713501779142	1.60106976304921	2.42706669002344	2.01406822653633	0.246833062624986	1.53905187196502	2.46757031728756	2.02615855451211	0.238418951385955	1.5585065406171	2.49381056840711
2.11424036765276	0.198909469244211	1.7243778079341	2.50410292737141	2.11401901529165	0.155187642326166	1.80985123633237	2.41818679425094	2.11401901529165	0.198909469244211	1.7547956173161	2.5378031453275	2.12331908308156	0.19382618445037	1.74320445607318	2.50343371008993
1.89272910235454	0.318416466243714	1.26863282851686	2.51682537619222	2.06767908888628	0.222803418961379	1.63098438772197	2.50437379005058	2.06767908888628	0.318416466243714	1.53136357961487	2.75805596281456	2.07598994661765	0.312856850088059	1.46223017546523	2.68974971777008
2.06197049049789	0.252616737744084	1.56684168451949	2.55709929647629	1.95922829600865	0.183992693709276	1.59860261633846	2.31985397567883	1.95922829600865	0.252616737744084	1.4060332963156	2.48353895362498	1.96200858948661	0.243924699458912	1.48352090371442	2.4404962752588
2.2100219908462	0.315516753737484	1.59160915352073	2.82843482817167	2.13318422115006	0.198074286552323	1.74495861950751	2.52140982279261	2.13318422115006	0.315516753737484	1.48861244719045	2.72325638681362	2.13678394073327	0.30240196854376	1.54355256486682	2.73001531659971
2.1722244767982	0.333152977132357	1.51924464161878	2.82520431197763	2.30871938211062	0.245609299703311	1.82732515469213	2.79011360952911	2.30871938211062	0.333152977132357	1.76935094508246	3.02928943849153	2.30867943710088	0.324048815427924	1.67295184828518	2.94440702591658
2.00191149887068	0.529024804350299	0.965022882344091	3.03880011539727	1.95494032138838	0.36706644380998	1.23549009152081	2.67439055125594	1.95494032138838	0.529024804350299	1.08161046331954	3.17502581726898	1.97020505964057	0.517119701429265	0.955585629512873	2.98482448976827
2.04107474623576	0.442877641201178	1.17303456948145	2.90911492299007	2.21957523060527	0.301234417796118	1.62915577172488	2.80999468948566	2.21957523060527	0.442877641201178	1.36193088866201	3.06517718247774	2.21309919448901	0.433306400625017	1.36294221092704	3.06325617805099
2.20742840772056	0.324759405290576	1.57089997335103	2.84395684209009	2.10976854342718	0.223610337849954	1.67149228124127	2.54804480561309	2.10976854342718	0.324759405290576	1.46863022306768	2.69863137906552	2.11216839799856	0.304706474449737	1.51440092520222	2.7099358707949
1.84529103686438	0.21947391443525	1.41512216457129	2.27545990915747	1.81472304646462	0.182072354929715	1.45786123080238	2.17158486212686	1.81472304646462	0.21947391443525	1.41246287778106	2.2246218849695	1.82876584105861	0.209961283623151	1.41694934042462	2.2405823416926
2.24418305020179	0.288084666401239	1.67953710405536	2.80882899634822	2.31616784858467	0.228449505126736	1.86840681853627	2.76392887863307	2.31616784858467	0.288084666401239	1.79949982533045	2.89544406397646	2.31691110051112	0.283074444238893	1.76160216709223	2.87222003393002
1.94607254815118	0.330907334502089	1.29749417252709	2.59465092377528	1.93073673183076	0.258496329141724	1.42408392671298	2.43738953694853	1.93073673183076	0.330907334502089	1.26645793308283	2.60775946042935	1.93558217814305	0.318626208305464	1.3104986090682	2.5606657472179
2.06051523596886	0.270911693676086	1.52952831636373	2.59150215557399	2.05075745993778	0.209635675109731	1.63987153672271	2.46164338315285	2.05075745993778	0.270911693676086	1.47772721577524	2.53661528653042	2.06549662570797	0.254298577375684	1.5666686694286	2.56432458198734
NA	NA	NA	NA	NA	NA	NA	NA	NA	NA	NA	NA	NA	NA	NA	NA
NA	NA	NA	NA	NA	NA	NA	NA	NA	NA	NA	NA	NA	NA	NA	NA
NA	NA	NA	NA	NA	NA	NA	NA	NA	NA	NA	NA	NA	NA	NA	NA
NA	NA	NA	NA	NA	NA	NA	NA	NA	NA	NA	NA	NA	NA	NA	NA
NA	NA	NA	NA	NA	NA	NA	NA	NA	NA	NA	NA	NA	NA	NA	NA
NA	NA	NA	NA	NA	NA	NA	NA	NA	NA	NA	NA	NA	NA	NA	NA
NA	NA	NA	NA	NA	NA	NA	NA	NA	NA	NA	NA	NA	NA	NA	NA
NA	NA	NA	NA	NA	NA	NA	NA	NA	NA	NA	NA	NA	NA	NA	NA
NA	NA	NA	NA	NA	NA	NA	NA	NA	NA	NA	NA	NA	NA	NA	NA
NA	NA	NA	NA	NA	NA	NA	NA	NA	NA	NA	NA	NA	NA	NA	NA
NA	NA	NA	NA	NA	NA	NA	NA	NA	NA	NA	NA	NA	NA	NA	NA
NA	NA	NA	NA	NA	NA	NA	NA	NA	NA	NA	NA	NA	NA	NA	NA
NA	NA	NA	NA	NA	NA	NA	NA	NA	NA	NA	NA	NA	NA	NA	NA
NA	NA	NA	NA	NA	NA	NA	NA	NA	NA	NA	NA	NA	NA	NA	NA
NA	NA	NA	NA	NA	NA	NA	NA	NA	NA	NA	NA	NA	NA	NA	NA
NA	NA	NA	NA	NA	NA	NA	NA	NA	NA	NA	NA	NA	NA	NA	NA
NA	NA	NA	NA	NA	NA	NA	NA	NA	NA	NA	NA	NA	NA	NA	NA
NA	NA	NA	NA	NA	NA	NA	NA	NA	NA	NA	NA	NA	NA	NA	NA
NA	NA	NA	NA	NA	NA	NA	NA	NA	NA	NA	NA	NA	NA	NA	NA
NA	NA	NA	NA	NA	NA	NA	NA	NA	NA	NA	NA	NA	NA	NA	NA
NA	NA	NA	NA	NA	NA	NA	NA	NA	NA	NA	NA	NA	NA	NA	NA
NA	NA	NA	NA	NA	NA	NA	NA	NA	NA	NA	NA	NA	NA	NA	NA
NA	NA	NA	NA	NA	NA	NA	NA	NA	NA	NA	NA	NA	NA	NA	NA
NA	NA	NA	NA	NA	NA	NA	NA	NA	NA	NA	NA	NA	NA	NA	NA
NA	NA	NA	NA	NA	NA	NA	NA	NA	NA	NA	NA	NA	NA	NA	NA
NA	NA	NA	NA	NA	NA	NA	NA	NA	NA	NA	NA	NA	NA	NA	NA
NA	NA	NA	NA	NA	NA	NA	NA	NA	NA	NA	NA	NA	NA	NA	NA
NA	NA	NA	NA	NA	NA	NA	NA	NA	NA	NA	NA	NA	NA	NA	NA
NA	NA	NA	NA	NA	NA	NA	NA	NA	NA	NA	NA	NA	NA	NA	NA
NA	NA	NA	NA	NA	NA	NA	NA	NA	NA	NA	NA	NA	NA	NA	NA
NA	NA	NA	NA	NA	NA	NA	NA	NA	NA	NA	NA	NA	NA	NA	NA
NA	NA	NA	NA	NA	NA	NA	NA	NA	NA	NA	NA	NA	NA	NA	NA
NA	NA	NA	NA	NA	NA	NA	NA	NA	NA	NA	NA	NA	NA	NA	NA
NA	NA	NA	NA	NA	NA	NA	NA	NA	NA	NA	NA	NA	NA	NA	NA
NA	NA	NA	NA	NA	NA	NA	NA	NA	NA	NA	NA	NA	NA	NA	NA
NA	NA	NA	NA	NA	NA	NA	NA	NA	NA	NA	NA	NA	NA	NA	NA
NA	NA	NA	NA	NA	NA	NA	NA	NA	NA	NA	NA	NA	NA	NA	NA
NA	NA	NA	NA	NA	NA	NA	NA	NA	NA	NA	NA	NA	NA	NA	NA
NA	NA	NA	NA	NA	NA	NA	NA	NA	NA	NA	NA	NA	NA	NA	NA
NA	NA	NA	NA	NA	NA	NA	NA	NA	NA	NA	NA	NA	NA	NA	NA
NA	NA	NA	NA	NA	NA	NA	NA	NA	NA	NA	NA	NA	NA	NA	NA
NA	NA	NA	NA	NA	NA	NA	NA	NA	NA	NA	NA	NA	NA	NA	NA
NA	NA	NA	NA	NA	NA	NA	NA	NA	NA	NA	NA	NA	NA	NA	NA
NA	NA	NA	NA	NA	NA	NA	NA	NA	NA	NA	NA	NA	NA	NA	NA
NA	NA	NA	NA	NA	NA	NA	NA	NA	NA	NA	NA	NA	NA	NA	NA
NA	NA	NA	NA	NA	NA	NA	NA	NA	NA	NA	NA	NA	NA	NA	NA
NA	NA	NA	NA	NA	NA	NA	NA	NA	NA	NA	NA	NA	NA	NA	NA
NA	NA	NA	NA	NA	NA	NA	NA	NA	NA	NA	NA	NA	NA	NA	NA
NA	NA	NA	NA	NA	NA	NA	NA	NA	NA	NA	NA	NA	NA	NA	NA
NA	NA	NA	NA	NA	NA	NA	NA	NA	NA	NA	NA	NA	NA	NA	NA
NA	NA	NA	NA	NA	NA	NA	NA	NA	NA	NA	NA	NA	NA	NA	NA
NA	NA	NA	NA	NA	NA	NA	NA	NA	NA	NA	NA	NA	NA	NA	NA
NA	NA	NA	NA	NA	NA	NA	NA	NA	NA	NA	NA	NA	NA	NA	NA
NA	NA	NA	NA	NA	NA	NA	NA	NA	NA	NA	NA	NA	NA	NA	NA
NA	NA	NA	NA	NA	NA	NA	NA	NA	NA	NA	NA	NA	NA	NA	NA
NA	NA	NA	NA	NA	NA	NA	NA	NA	NA	NA	NA	NA	NA	NA	NA
NA	NA	NA	NA	NA	NA	NA	NA	NA	NA	NA	NA	NA	NA	NA	NA
NA	NA	NA	NA	NA	NA	NA	NA	NA	NA	NA	NA	NA	NA	NA	NA
NA	NA	NA	NA	NA	NA	NA	NA	NA	NA	NA	NA	NA	NA	NA	NA
NA	NA	NA	NA	NA	NA	NA	NA	NA	NA	NA	NA	NA	NA	NA	NA
NA	NA	NA	NA	NA	NA	NA	NA	NA	NA	NA	NA	NA	NA	NA	NA
NA	NA	NA	NA	NA	NA	NA	NA	NA	NA	NA	NA	NA	NA	NA	NA
NA	NA	NA	NA	NA	NA	NA	NA	NA	NA	NA	NA	NA	NA	NA	NA
NA	NA	NA	NA	NA	NA	NA	NA	NA	NA	NA	NA	NA	NA	NA	NA
NA	NA	NA	NA	NA	NA	NA	NA	NA	NA	NA	NA	NA	NA	NA	NA
NA	NA	NA	NA	NA	NA	NA	NA	NA	NA	NA	NA	NA	NA	NA	NA
NA	NA	NA	NA	NA	NA	NA	NA	NA	NA	NA	NA	NA	NA	NA	NA
NA	NA	NA	NA	NA	NA	NA	NA	NA	NA	NA	NA	NA	NA	NA	NA
NA	NA	NA	NA	NA	NA	NA	NA	NA	NA	NA	NA	NA	NA	NA	NA
NA	NA	NA	NA	NA	NA	NA	NA	NA	NA	NA	NA	NA	NA	NA	NA
NA	NA	NA	NA	NA	NA	NA	NA	NA	NA	NA	NA	NA	NA	NA	NA
NA	NA	NA	NA	NA	NA	NA	NA	NA	NA	NA	NA	NA	NA	NA	NA
NA	NA	NA	NA	NA	NA	NA	NA	NA	NA	NA	NA	NA	NA	NA	NA
NA	NA	NA	NA	NA	NA	NA	NA	NA	NA	NA	NA	NA	NA	NA	NA
NA	NA	NA	NA	NA	NA	NA	NA	NA	NA	NA	NA	NA	NA	NA	NA
NA	NA	NA	NA	NA	NA	NA	NA	NA	NA	NA	NA	NA	NA	NA	NA
NA	NA	NA	NA	NA	NA	NA	NA	NA	NA	NA	NA	NA	NA	NA	NA
NA	NA	NA	NA	NA	NA	NA	NA	NA	NA	NA	NA	NA	NA	NA	NA
NA	NA	NA	NA	NA	NA	NA	NA	NA	NA	NA	NA	NA	NA	NA	NA
NA	NA	NA	NA	NA	NA	NA	NA	NA	NA	NA	NA	NA	NA	NA	NA
NA	NA	NA	NA	NA	NA	NA	NA	NA	NA	NA	NA	NA	NA	NA	NA
NA	NA	NA	NA	NA	NA	NA	NA	NA	NA	NA	NA	NA	NA	NA	NA
NA	NA	NA	NA	NA	NA	NA	NA	NA	NA	NA	NA	NA	NA	NA	NA
NA	NA	NA	NA	NA	NA	NA	NA	NA	NA	NA	NA	NA	NA	NA	NA
NA	NA	NA	NA	NA	NA	NA	NA	NA	NA	NA	NA	NA	NA	NA	NA
NA	NA	NA	NA	NA	NA	NA	NA	NA	NA	NA	NA	NA	NA	NA	NA
NA	NA	NA	NA	NA	NA	NA	NA	NA	NA	NA	NA	NA	NA	NA	NA
NA	NA	NA	NA	NA	NA	NA	NA	NA	NA	NA	NA	NA	NA	NA	NA
NA	NA	NA	NA	NA	NA	NA	NA	NA	NA	NA	NA	NA	NA	NA	NA
NA	NA	NA	NA	NA	NA	NA	NA	NA	NA	NA	NA	NA	NA	NA	NA
NA	NA	NA	NA	NA	NA	NA	NA	NA	NA	NA	NA	NA	NA	NA	NA
NA	NA	NA	NA	NA	NA	NA	NA	NA	NA	NA	NA	NA	NA	NA	NA
NA	NA	NA	NA	NA	NA	NA	NA	NA	NA	NA	NA	NA	NA	NA	NA
NA	NA	NA	NA	NA	NA	NA	NA	NA	NA	NA	NA	NA	NA	NA	NA
NA	NA	NA	NA	NA	NA	NA	NA	NA	NA	NA	NA	NA	NA	NA	NA
NA	NA	NA	NA	NA	NA	NA	NA	NA	NA	NA	NA	NA	NA	NA	NA
NA	NA	NA	NA	NA	NA	NA	NA	NA	NA	NA	NA	NA	NA	NA	NA
NA	NA	NA	NA	NA	NA	NA	NA	NA	NA	NA	NA	NA	NA	NA	NA
NA	NA	NA	NA	NA	NA	NA	NA	NA	NA	NA	NA	NA	NA	NA	NA
NA	NA	NA	NA	NA	NA	NA	NA	NA	NA	NA	NA	NA	NA	NA	NA
NA	NA	NA	NA	NA	NA	NA	NA	NA	NA	NA	NA	NA	NA	NA	NA
NA	NA	NA	NA	NA	NA	NA	NA	NA	NA	NA	NA	NA	NA	NA	NA
NA	NA	NA	NA	NA	NA	NA	NA	NA	NA	NA	NA	NA	NA	NA	NA
NA	NA	NA	NA	NA	NA	NA	NA	NA	NA	NA	NA	NA	NA	NA	NA
NA	NA	NA	NA	NA	NA	NA	NA	NA	NA	NA	NA	NA	NA	NA	NA
NA	NA	NA	NA	NA	NA	NA	NA	NA	NA	NA	NA	NA	NA	NA	NA
NA	NA	NA	NA	NA	NA	NA	NA	NA	NA	NA	NA	NA	NA	NA	NA
NA	NA	NA	NA	NA	NA	NA	NA	NA	NA	NA	NA	NA	NA	NA	NA
NA	NA	NA	NA	NA	NA	NA	NA	NA	NA	NA	NA	NA	NA	NA	NA
NA	NA	NA	NA	NA	NA	NA	NA	NA	NA	NA	NA	NA	NA	NA	NA
NA	NA	NA	NA	NA	NA	NA	NA	NA	NA	NA	NA	NA	NA	NA	NA
NA	NA	NA	NA	NA	NA	NA	NA	NA	NA	NA	NA	NA	NA	NA	NA
NA	NA	NA	NA	NA	NA	NA	NA	NA	NA	NA	NA	NA	NA	NA	NA
NA	NA	NA	NA	NA	NA	NA	NA	NA	NA	NA	NA	NA	NA	NA	NA
NA	NA	NA	NA	NA	NA	NA	NA	NA	NA	NA	NA	NA	NA	NA	NA
NA	NA	NA	NA	NA	NA	NA	NA	NA	NA	NA	NA	NA	NA	NA	NA
NA	NA	NA	NA	NA	NA	NA	NA	NA	NA	NA	NA	NA	NA	NA	NA
NA	NA	NA	NA	NA	NA	NA	NA	NA	NA	NA	NA	NA	NA	NA	NA
NA	NA	NA	NA	NA	NA	NA	NA	NA	NA	NA	NA	NA	NA	NA	NA
NA	NA	NA	NA	NA	NA	NA	NA	NA	NA	NA	NA	NA	NA	NA	NA
NA	NA	NA	NA	NA	NA	NA	NA	NA	NA	NA	NA	NA	NA	NA	NA
NA	NA	NA	NA	NA	NA	NA	NA	NA	NA	NA	NA	NA	NA	NA	NA
NA	NA	NA	NA	NA	NA	NA	NA	NA	NA	NA	NA	NA	NA	NA	NA
NA	NA	NA	NA	NA	NA	NA	NA	NA	NA	NA	NA	NA	NA	NA	NA
NA	NA	NA	NA	NA	NA	NA	NA	NA	NA	NA	NA	NA	NA	NA	NA
NA	NA	NA	NA	NA	NA	NA	NA	NA	NA	NA	NA	NA	NA	NA	NA
NA	NA	NA	NA	NA	NA	NA	NA	NA	NA	NA	NA	NA	NA	NA	NA
NA	NA	NA	NA	NA	NA	NA	NA	NA	NA	NA	NA	NA	NA	NA	NA
NA	NA	NA	NA	NA	NA	NA	NA	NA	NA	NA	NA	NA	NA	NA	NA
NA	NA	NA	NA	NA	NA	NA	NA	NA	NA	NA	NA	NA	NA	NA	NA
NA	NA	NA	NA	NA	NA	NA	NA	NA	NA	NA	NA	NA	NA	NA	NA
NA	NA	NA	NA	NA	NA	NA	NA	NA	NA	NA	NA	NA	NA	NA	NA
NA	NA	NA	NA	NA	NA	NA	NA	NA	NA	NA	NA	NA	NA	NA	NA
NA	NA	NA	NA	NA	NA	NA	NA	NA	NA	NA	NA	NA	NA	NA	NA
NA	NA	NA	NA	NA	NA	NA	NA	NA	NA	NA	NA	NA	NA	NA	NA
NA	NA	NA	NA	NA	NA	NA	NA	NA	NA	NA	NA	NA	NA	NA	NA
NA	NA	NA	NA	NA	NA	NA	NA	NA	NA	NA	NA	NA	NA	NA	NA
NA	NA	NA	NA	NA	NA	NA	NA	NA	NA	NA	NA	NA	NA	NA	NA
NA	NA	NA	NA	NA	NA	NA	NA	NA	NA	NA	NA	NA	NA	NA	NA
NA	NA	NA	NA	NA	NA	NA	NA	NA	NA	NA	NA	NA	NA	NA	NA
NA	NA	NA	NA	NA	NA	NA	NA	NA	NA	NA	NA	NA	NA	NA	NA
NA	NA	NA	NA	NA	NA	NA	NA	NA	NA	NA	NA	NA	NA	NA	NA
NA	NA	NA	NA	NA	NA	NA	NA	NA	NA	NA	NA	NA	NA	NA	NA
NA	NA	NA	NA	NA	NA	NA	NA	NA	NA	NA	NA	NA	NA	NA	NA
NA	NA	NA	NA	NA	NA	NA	NA	NA	NA	NA	NA	NA	NA	NA	NA
NA	NA	NA	NA	NA	NA	NA	NA	NA	NA	NA	NA	NA	NA	NA	NA
NA	NA	NA	NA	NA	NA	NA	NA	NA	NA	NA	NA	NA	NA	NA	NA
NA	NA	NA	NA	NA	NA	NA	NA	NA	NA	NA	NA	NA	NA	NA	NA
NA	NA	NA	NA	NA	NA	NA	NA	NA	NA	NA	NA	NA	NA	NA	NA
NA	NA	NA	NA	NA	NA	NA	NA	NA	NA	NA	NA	NA	NA	NA	NA
NA	NA	NA	NA	NA	NA	NA	NA	NA	NA	NA	NA	NA	NA	NA	NA
NA	NA	NA	NA	NA	NA	NA	NA	NA	NA	NA	NA	NA	NA	NA	NA
NA	NA	NA	NA	NA	NA	NA	NA	NA	NA	NA	NA	NA	NA	NA	NA
NA	NA	NA	NA	NA	NA	NA	NA	NA	NA	NA	NA	NA	NA	NA	NA
NA	NA	NA	NA	NA	NA	NA	NA	NA	NA	NA	NA	NA	NA	NA	NA
NA	NA	NA	NA	NA	NA	NA	NA	NA	NA	NA	NA	NA	NA	NA	NA
NA	NA	NA	NA	NA	NA	NA	NA	NA	NA	NA	NA	NA	NA	NA	NA
NA	NA	NA	NA	NA	NA	NA	NA	NA	NA	NA	NA	NA	NA	NA	NA
NA	NA	NA	NA	NA	NA	NA	NA	NA	NA	NA	NA	NA	NA	NA	NA
NA	NA	NA	NA	NA	NA	NA	NA	NA	NA	NA	NA	NA	NA	NA	NA
NA	NA	NA	NA	NA	NA	NA	NA	NA	NA	NA	NA	NA	NA	NA	NA
NA	NA	NA	NA	NA	NA	NA	NA	NA	NA	NA	NA	NA	NA	NA	NA
NA	NA	NA	NA	NA	NA	NA	NA	NA	NA	NA	NA	NA	NA	NA	NA
NA	NA	NA	NA	NA	NA	NA	NA	NA	NA	NA	NA	NA	NA	NA	NA
NA	NA	NA	NA	NA	NA	NA	NA	NA	NA	NA	NA	NA	NA	NA	NA
NA	NA	NA	NA	NA	NA	NA	NA	NA	NA	NA	NA	NA	NA	NA	NA
NA	NA	NA	NA	NA	NA	NA	NA	NA	NA	NA	NA	NA	NA	NA	NA
NA	NA	NA	NA	NA	NA	NA	NA	NA	NA	NA	NA	NA	NA	NA	NA
NA	NA	NA	NA	NA	NA	NA	NA	NA	NA	NA	NA	NA	NA	NA	NA
NA	NA	NA	NA	NA	NA	NA	NA	NA	NA	NA	NA	NA	NA	NA	NA
NA	NA	NA	NA	NA	NA	NA	NA	NA	NA	NA	NA	NA	NA	NA	NA
NA	NA	NA	NA	NA	NA	NA	NA	NA	NA	NA	NA	NA	NA	NA	NA
NA	NA	NA	NA	NA	NA	NA	NA	NA	NA	NA	NA	NA	NA	NA	NA
NA	NA	NA	NA	NA	NA	NA	NA	NA	NA	NA	NA	NA	NA	NA	NA
NA	NA	NA	NA	NA	NA	NA	NA	NA	NA	NA	NA	NA	NA	NA	NA
NA	NA	NA	NA	NA	NA	NA	NA	NA	NA	NA	NA	NA	NA	NA	NA
NA	NA	NA	NA	NA	NA	NA	NA	NA	NA	NA	NA	NA	NA	NA	NA
NA	NA	NA	NA	NA	NA	NA	NA	NA	NA	NA	NA	NA	NA	NA	NA
NA	NA	NA	NA	NA	NA	NA	NA	NA	NA	NA	NA	NA	NA	NA	NA
NA	NA	NA	NA	NA	NA	NA	NA	NA	NA	NA	NA	NA	NA	NA	NA
NA	NA	NA	NA	NA	NA	NA	NA	NA	NA	NA	NA	NA	NA	NA	NA
NA	NA	NA	NA	NA	NA	NA	NA	NA	NA	NA	NA	NA	NA	NA	NA
NA	NA	NA	NA	NA	NA	NA	NA	NA	NA	NA	NA	NA	NA	NA	NA
NA	NA	NA	NA	NA	NA	NA	NA	NA	NA	NA	NA	NA	NA	NA	NA
NA	NA	NA	NA	NA	NA	NA	NA	NA	NA	NA	NA	NA	NA	NA	NA
NA	NA	NA	NA	NA	NA	NA	NA	NA	NA	NA	NA	NA	NA	NA	NA
NA	NA	NA	NA	NA	NA	NA	NA	NA	NA	NA	NA	NA	NA	NA	NA
NA	NA	NA	NA	NA	NA	NA	NA	NA	NA	NA	NA	NA	NA	NA	NA
NA	NA	NA	NA	NA	NA	NA	NA	NA	NA	NA	NA	NA	NA	NA	NA
NA	NA	NA	NA	NA	NA	NA	NA	NA	NA	NA	NA	NA	NA	NA	NA
NA	NA	NA	NA	NA	NA	NA	NA	NA	NA	NA	NA	NA	NA	NA	NA
NA	NA	NA	NA	NA	NA	NA	NA	NA	NA	NA	NA	NA	NA	NA	NA
NA	NA	NA	NA	NA	NA	NA	NA	NA	NA	NA	NA	NA	NA	NA	NA
NA	NA	NA	NA	NA	NA	NA	NA	NA	NA	NA	NA	NA	NA	NA	NA
NA	NA	NA	NA	NA	NA	NA	NA	NA	NA	NA	NA	NA	NA	NA	NA
NA	NA	NA	NA	NA	NA	NA	NA	NA	NA	NA	NA	NA	NA	NA	NA
NA	NA	NA	NA	NA	NA	NA	NA	NA	NA	NA	NA	NA	NA	NA	NA
NA	NA	NA	NA	NA	NA	NA	NA	NA	NA	NA	NA	NA	NA	NA	NA
NA	NA	NA	NA	NA	NA	NA	NA	NA	NA	NA	NA	NA	NA	NA	NA
NA	NA	NA	NA	NA	NA	NA	NA	NA	NA	NA	NA	NA	NA	NA	NA
NA	NA	NA	NA	NA	NA	NA	NA	NA	NA	NA	NA	NA	NA	NA	NA
NA	NA	NA	NA	NA	NA	NA	NA	NA	NA	NA	NA	NA	NA	NA	NA
NA	NA	NA	NA	NA	NA	NA	NA	NA	NA	NA	NA	NA	NA	NA	NA
NA	NA	NA	NA	NA	NA	NA	NA	NA	NA	NA	NA	NA	NA	NA	NA
NA	NA	NA	NA	NA	NA	NA	NA	NA	NA	NA	NA	NA	NA	NA	NA
NA	NA	NA	NA	NA	NA	NA	NA	NA	NA	NA	NA	NA	NA	NA	NA
NA	NA	NA	NA	NA	NA	NA	NA	NA	NA	NA	NA	NA	NA	NA	NA
NA	NA	NA	NA	NA	NA	NA	NA	NA	NA	NA	NA	NA	NA	NA	NA
NA	NA	NA	NA	NA	NA	NA	NA	NA	NA	NA	NA	NA	NA	NA	NA
NA	NA	NA	NA	NA	NA	NA	NA	NA	NA	NA	NA	NA	NA	NA	NA
NA	NA	NA	NA	NA	NA	NA	NA	NA	NA	NA	NA	NA	NA	NA	NA
NA	NA	NA	NA	NA	NA	NA	NA	NA	NA	NA	NA	NA	NA	NA	NA
NA	NA	NA	NA	NA	NA	NA	NA	NA	NA	NA	NA	NA	NA	NA	NA
NA	NA	NA	NA	NA	NA	NA	NA	NA	NA	NA	NA	NA	NA	NA	NA
NA	NA	NA	NA	NA	NA	NA	NA	NA	NA	NA	NA	NA	NA	NA	NA
NA	NA	NA	NA	NA	NA	NA	NA	NA	NA	NA	NA	NA	NA	NA	NA
NA	NA	NA	NA	NA	NA	NA	NA	NA	NA	NA	NA	NA	NA	NA	NA
NA	NA	NA	NA	NA	NA	NA	NA	NA	NA	NA	NA	NA	NA	NA	NA
NA	NA	NA	NA	NA	NA	NA	NA	NA	NA	NA	NA	NA	NA	NA	NA
NA	NA	NA	NA	NA	NA	NA	NA	NA	NA	NA	NA	NA	NA	NA	NA
NA	NA	NA	NA	NA	NA	NA	NA	NA	NA	NA	NA	NA	NA	NA	NA
NA	NA	NA	NA	NA	NA	NA	NA	NA	NA	NA	NA	NA	NA	NA	NA
NA	NA	NA	NA	NA	NA	NA	NA	NA	NA	NA	NA	NA	NA	NA	NA
NA	NA	NA	NA	NA	NA	NA	NA	NA	NA	NA	NA	NA	NA	NA	NA
NA	NA	NA	NA	NA	NA	NA	NA	NA	NA	NA	NA	NA	NA	NA	NA
NA	NA	NA	NA	NA	NA	NA	NA	NA	NA	NA	NA	NA	NA	NA	NA
NA	NA	NA	NA	NA	NA	NA	NA	NA	NA	NA	NA	NA	NA	NA	NA
NA	NA	NA	NA	NA	NA	NA	NA	NA	NA	NA	NA	NA	NA	NA	NA
NA	NA	NA	NA	NA	NA	NA	NA	NA	NA	NA	NA	NA	NA	NA	NA
NA	NA	NA	NA	NA	NA	NA	NA	NA	NA	NA	NA	NA	NA	NA	NA
NA	NA	NA	NA	NA	NA	NA	NA	NA	NA	NA	NA	NA	NA	NA	NA
NA	NA	NA	NA	NA	NA	NA	NA	NA	NA	NA	NA	NA	NA	NA	NA
NA	NA	NA	NA	NA	NA	NA	NA	NA	NA	NA	NA	NA	NA	NA	NA
NA	NA	NA	NA	NA	NA	NA	NA	NA	NA	NA	NA	NA	NA	NA	NA
NA	NA	NA	NA	NA	NA	NA	NA	NA	NA	NA	NA	NA	NA	NA	NA
NA	NA	NA	NA	NA	NA	NA	NA	NA	NA	NA	NA	NA	NA	NA	NA
NA	NA	NA	NA	NA	NA	NA	NA	NA	NA	NA	NA	NA	NA	NA	NA
NA	NA	NA	NA	NA	NA	NA	NA	NA	NA	NA	NA	NA	NA	NA	NA
NA	NA	NA	NA	NA	NA	NA	NA	NA	NA	NA	NA	NA	NA	NA	NA
NA	NA	NA	NA	NA	NA	NA	NA	NA	NA	NA	NA	NA	NA	NA	NA
NA	NA	NA	NA	NA	NA	NA	NA	NA	NA	NA	NA	NA	NA	NA	NA
NA	NA	NA	NA	NA	NA	NA	NA	NA	NA	NA	NA	NA	NA	NA	NA
NA	NA	NA	NA	NA	NA	NA	NA	NA	NA	NA	NA	NA	NA	NA	NA
NA	NA	NA	NA	NA	NA	NA	NA	NA	NA	NA	NA	NA	NA	NA	NA
NA	NA	NA	NA	NA	NA	NA	NA	NA	NA	NA	NA	NA	NA	NA	NA
NA	NA	NA	NA	NA	NA	NA	NA	NA	NA	NA	NA	NA	NA	NA	NA
NA	NA	NA	NA	NA	NA	NA	NA	NA	NA	NA	NA	NA	NA	NA	NA
NA	NA	NA	NA	NA	NA	NA	NA	NA	NA	NA	NA	NA	NA	NA	NA
NA	NA	NA	NA	NA	NA	NA	NA	NA	NA	NA	NA	NA	NA	NA	NA
NA	NA	NA	NA	NA	NA	NA	NA	NA	NA	NA	NA	NA	NA	NA	NA
NA	NA	NA	NA	NA	NA	NA	NA	NA	NA	NA	NA	NA	NA	NA	NA
NA	NA	NA	NA	NA	NA	NA	NA	NA	NA	NA	NA	NA	NA	NA	NA
NA	NA	NA	NA	NA	NA	NA	NA	NA	NA	NA	NA	NA	NA	NA	NA
NA	NA	NA	NA	NA	NA	NA	NA	NA	NA	NA	NA	NA	NA	NA	NA
NA	NA	NA	NA	NA	NA	NA	NA	NA	NA	NA	NA	NA	NA	NA	NA
NA	NA	NA	NA	NA	NA	NA	NA	NA	NA	NA	NA	NA	NA	NA	NA
NA	NA	NA	NA	NA	NA	NA	NA	NA	NA	NA	NA	NA	NA	NA	NA
NA	NA	NA	NA	NA	NA	NA	NA	NA	NA	NA	NA	NA	NA	NA	NA
NA	NA	NA	NA	NA	NA	NA	NA	NA	NA	NA	NA	NA	NA	NA	NA
NA	NA	NA	NA	NA	NA	NA	NA	NA	NA	NA	NA	NA	NA	NA	NA
NA	NA	NA	NA	NA	NA	NA	NA	NA	NA	NA	NA	NA	NA	NA	NA
NA	NA	NA	NA	NA	NA	NA	NA	NA	NA	NA	NA	NA	NA	NA	NA
NA	NA	NA	NA	NA	NA	NA	NA	NA	NA	NA	NA	NA	NA	NA	NA
NA	NA	NA	NA	NA	NA	NA	NA	NA	NA	NA	NA	NA	NA	NA	NA
NA	NA	NA	NA	NA	NA	NA	NA	NA	NA	NA	NA	NA	NA	NA	NA
NA	NA	NA	NA	NA	NA	NA	NA	NA	NA	NA	NA	NA	NA	NA	NA
NA	NA	NA	NA	NA	NA	NA	NA	NA	NA	NA	NA	NA	NA	NA	NA
NA	NA	NA	NA	NA	NA	NA	NA	NA	NA	NA	NA	NA	NA	NA	NA
NA	NA	NA	NA	NA	NA	NA	NA	NA	NA	NA	NA	NA	NA	NA	NA
NA	NA	NA	NA	NA	NA	NA	NA	NA	NA	NA	NA	NA	NA	NA	NA
NA	NA	NA	NA	NA	NA	NA	NA	NA	NA	NA	NA	NA	NA	NA	NA
NA	NA	NA	NA	NA	NA	NA	NA	NA	NA	NA	NA	NA	NA	NA	NA
NA	NA	NA	NA	NA	NA	NA	NA	NA	NA	NA	NA	NA	NA	NA	NA
NA	NA	NA	NA	NA	NA	NA	NA	NA	NA	NA	NA	NA	NA	NA	NA
NA	NA	NA	NA	NA	NA	NA	NA	NA	NA	NA	NA	NA	NA	NA	NA
NA	NA	NA	NA	NA	NA	NA	NA	NA	NA	NA	NA	NA	NA	NA	NA
NA	NA	NA	NA	NA	NA	NA	NA	NA	NA	NA	NA	NA	NA	NA	NA
NA	NA	NA	NA	NA	NA	NA	NA	NA	NA	NA	NA	NA	NA	NA	NA
NA	NA	NA	NA	NA	NA	NA	NA	NA	NA	NA	NA	NA	NA	NA	NA
NA	NA	NA	NA	NA	NA	NA	NA	NA	NA	NA	NA	NA	NA	NA	NA
NA	NA	NA	NA	NA	NA	NA	NA	NA	NA	NA	NA	NA	NA	NA	NA
NA	NA	NA	NA	NA	NA	NA	NA	NA	NA	NA	NA	NA	NA	NA	NA
NA	NA	NA	NA	NA	NA	NA	NA	NA	NA	NA	NA	NA	NA	NA	NA
NA	NA	NA	NA	NA	NA	NA	NA	NA	NA	NA	NA	NA	NA	NA	NA
NA	NA	NA	NA	NA	NA	NA	NA	NA	NA	NA	NA	NA	NA	NA	NA
NA	NA	NA	NA	NA	NA	NA	NA	NA	NA	NA	NA	NA	NA	NA	NA
NA	NA	NA	NA	NA	NA	NA	NA	NA	NA	NA	NA	NA	NA	NA	NA
NA	NA	NA	NA	NA	NA	NA	NA	NA	NA	NA	NA	NA	NA	NA	NA
NA	NA	NA	NA	NA	NA	NA	NA	NA	NA	NA	NA	NA	NA	NA	NA
NA	NA	NA	NA	NA	NA	NA	NA	NA	NA	NA	NA	NA	NA	NA	NA
NA	NA	NA	NA	NA	NA	NA	NA	NA	NA	NA	NA	NA	NA	NA	NA
NA	NA	NA	NA	NA	NA	NA	NA	NA	NA	NA	NA	NA	NA	NA	NA
NA	NA	NA	NA	NA	NA	NA	NA	NA	NA	NA	NA	NA	NA	NA	NA
NA	NA	NA	NA	NA	NA	NA	NA	NA	NA	NA	NA	NA	NA	NA	NA
NA	NA	NA	NA	NA	NA	NA	NA	NA	NA	NA	NA	NA	NA	NA	NA
NA	NA	NA	NA	NA	NA	NA	NA	NA	NA	NA	NA	NA	NA	NA	NA
NA	NA	NA	NA	NA	NA	NA	NA	NA	NA	NA	NA	NA	NA	NA	NA
NA	NA	NA	NA	NA	NA	NA	NA	NA	NA	NA	NA	NA	NA	NA	NA
NA	NA	NA	NA	NA	NA	NA	NA	NA	NA	NA	NA	NA	NA	NA	NA
NA	NA	NA	NA	NA	NA	NA	NA	NA	NA	NA	NA	NA	NA	NA	NA
