X1	X2	X3	X4	X1.1	X2.1	X3.1	X4.1	X1.2	X2.2	X3.2	X4.2	X1.3	X2.3	X3.3	X4.3
2.05276440496588	0.0968680978339545	1.86290293321133	2.24262587672043	2.03092218422204	0.122305928491744	1.79120256437822	2.27064180406586	2.03092218422204	0.0968680978339545	1.83978356693542	2.2208234644511	2.03107491441607	0.0920375959889822	1.85056032372677	2.21158950510538
2.20509728210089	0.0871564761492589	2.03427058884835	2.37592397535344	2.1163735794525	0.112178732218551	1.89650326430414	2.33624389460086	2.1163735794525	0.0871564761492589	1.93976118929057	2.28627726051279	2.11514150835207	0.0835441501799922	1.95130208321507	2.27898093348908
1.90218749435141	0.0955225613140325	1.71496327417591	2.08941171452691	1.97241410075851	0.129051479898578	1.7194732001573	2.22535500135972	1.97241410075851	0.0955225613140325	1.77746704885676	2.16705633336508	1.97098884637957	0.0868108897702291	1.80073576412546	2.14124192863369
2.18767568530687	0.101584743480299	1.98856958808549	2.38678178252826	2.12849575359349	0.136573781799458	1.86081114126655	2.39618036592043	2.12849575359349	0.101584743480299	1.92507934724401	2.32445688032898	2.12813540540084	0.094540894857788	1.94270514639709	2.31356566440459
1.94966625171145	0.091540993858956	1.7702459037479	2.129086599675	1.95778706219441	0.120732554411181	1.72115125554849	2.19442286884032	1.95778706219441	0.091540993858956	1.77661361425359	2.13782713802528	1.95664031539942	0.0842069540574624	1.79149452185573	2.12178610894312
1.95732518444775	0.0870543924876083	1.78669857517203	2.12795179372346	2.00959049833587	0.116198692292473	1.78184106144262	2.23733993522911	2.00959049833587	0.0870543924876083	1.84937504989273	2.1805074262147	2.01210824086787	0.0788201471085839	1.85753918532459	2.16667729641116
1.98148681469678	0.0838107387095482	1.81721776682606	2.14575586256749	1.93094486367358	0.109013640341533	1.71727812860417	2.14461159874298	1.93094486367358	0.0838107387095482	1.75978842986028	2.09063104487089	1.93329071099372	0.0801098099791494	1.7761858956583	2.09039552632914
1.90494043392368	0.0866039478010071	1.73519669623371	2.07468417161366	1.89740627708328	0.111579643910316	1.67871017501906	2.1161023791475	1.89740627708328	0.0866039478010071	1.73269730200709	2.06558878877926	1.89804702003325	0.0827097653217522	1.73584274438891	2.06025129567759
2.05595575432	0.0913506012418967	1.87690857588589	2.23500293275412	2.07502435835496	0.120334594807296	1.83916855253266	2.31088016417726	2.07502435835496	0.0913506012418967	1.89685910904988	2.25518039943204	2.07553154582971	0.0871300687405583	1.90464890797267	2.24641418368676
2.10171396278411	0.104946233507599	1.89601934510922	2.30740858045901	2.0986358454219	0.133674197534341	1.83663441825459	2.3606372725892	2.0986358454219	0.104946233507599	1.89617507697073	2.30524901337595	2.09828512721395	0.102120254869231	1.8979819089204	2.2985883455075
2.0394042045743	0.09920562627805	1.84496117706932	2.23384723207927	2.04616027287253	0.12944685663781	1.79244443386243	2.29987611188264	2.04616027287253	0.09920562627805	1.87398311962669	2.27393730613929	2.04413072867053	0.0953953479404327	1.85703015013424	2.23123130720682
1.83833953393993	0.102998008135768	1.63646343799383	2.04021562988603	1.883994935072	0.133912451338872	1.62152653044781	2.14646333969619	1.883994935072	0.102998008135768	1.67419453281391	2.08121478152815	1.88489640019365	0.100359879026556	1.68804493140959	2.08174786897772
2.04401756699713	0.102338043856061	1.84343500103925	2.24460013295501	2.0532272636586	0.133890164779618	1.79080254069055	2.31565198662665	2.0532272636586	0.102338043856061	1.8613553978478	2.27407122413086	2.05458213175135	0.0973997207577955	1.86354139859777	2.24562286490492
2.00404514739908	0.0949905233392659	1.81786372165411	2.19022657314404	2.067509154692	0.123705095339548	1.82504716782649	2.30997114155752	2.067509154692	0.0949905233392659	1.87843763765505	2.25070470965679	2.06852182855532	0.0913842893816124	1.88928904804732	2.24775460906332
1.99628753783382	0.0878794227800268	1.82404386918497	2.16853120648267	1.97089013877559	0.11169564167283	1.75196668109684	2.18981359645433	1.97089013877559	0.0878794227800268	1.79440090203233	2.13922516488874	1.9736234754827	0.0842375129817017	1.80842016611033	2.13882678485507
2.04882248977241	0.0904767838622382	1.87148799340242	2.2261569861424	2.06673783483585	0.117931978542543	1.83559115689247	2.29788451277924	2.06673783483585	0.0904767838622382	1.89205215614608	2.23559210693629	2.06735289854037	0.0853025520586872	1.90005120191594	2.23465459516479
2.15319197679893	0.0870081301267743	1.98265604175046	2.32372791184741	2.10490323042332	0.11593196367849	1.87767658161348	2.33212987923317	2.10490323042332	0.0870081301267743	1.93916823601044	2.28008404615748	2.10529203961603	0.082899313009335	1.94271781559917	2.26786626363288
1.93953088742191	0.0939993046518394	1.75529225030431	2.12376952453952	1.89120988340759	0.121775423769715	1.65253005281895	2.12988971399623	1.89120988340759	0.0939993046518394	1.70528893456948	2.07966007403874	1.89406928221921	0.0903321110142423	1.71690277312884	2.07123579130959
2.03260139750982	0.0921029491438747	1.85207961718783	2.21312317783182	2.0694773561291	0.123593276260657	1.82723453465821	2.31172017759999	2.0694773561291	0.0921029491438747	1.89773876714795	2.25567971057668	2.06863611875316	0.0850793462632764	1.90177846645976	2.23549377104656
2.11463862325599	0.0998626939641319	1.9189077430863	2.31036950342569	2.16533716875329	0.126349036298283	1.91769305760866	2.41298127989792	2.16533716875329	0.0998626939641319	1.97287918176498	2.36924016368553	2.16520874603332	0.0957821413283743	1.97734225702197	2.35307523504468
2.04339776464558	0.0852665284309067	1.876275368921	2.21052016037015	2.01157145976635	0.110806902193472	1.79438993146714	2.22875298806555	2.01157145976635	0.0852665284309067	1.84455620746835	2.18019424194064	2.01181137318161	0.0802171912118728	1.85450465851537	2.16911808784785
2.06083837694188	0.0911065143901632	1.88226960873716	2.2394071451466	2.05723580474155	0.119089275415641	1.82382082492689	2.29065078455621	2.05723580474155	0.0911065143901632	1.87205862788961	2.22393903405517	2.05836421831864	0.0865692989638551	1.88858546183348	2.2281429748038
1.99251110904464	0.0921185635926507	1.81195872440305	2.17306349368624	2.01543559512081	0.119517458043349	1.78118137735585	2.24968981288578	2.01543559512081	0.0921185635926507	1.84690674225473	2.21339377101987	2.01580830210016	0.0892413524781936	1.8407779354342	2.19083866876611
1.99228726761574	0.0831918636853379	1.82923121479248	2.155343320439	1.98315644383222	0.107258589542991	1.77292960832796	2.19338327933648	1.98315644383222	0.0831918636853379	1.81762891017734	2.1531898619388	1.98400402094678	0.0786691636046132	1.82972958206157	2.138278459832
2.30913261453801	0.0853447090998395	2.14185698470232	2.47640824437369	2.26082103209009	0.111071954216521	2.04312000182571	2.47852206235447	2.26082103209009	0.0853447090998395	2.10437402034085	2.43746902715166	2.26005380591225	0.0793581457920556	2.10442784524771	2.41567976657678
2.13993445843327	0.0963808556588599	1.9510279813419	2.32884093552463	2.16033180354981	0.125514122588441	1.91432412327647	2.40633948382316	2.16033180354981	0.0963808556588599	1.9741940670024	2.35225194094421	2.15956073515158	0.0911671140516394	1.98075255797292	2.33836891233024
2.03228072600413	0.0854628522951777	1.86477353550559	2.19978791650268	2.00178957740163	0.113762277286501	1.77881551392009	2.22476364088317	2.00178957740163	0.0854628522951777	1.83537534022838	2.16698739701061	2.00130815417804	0.0784620468017676	1.84743754619255	2.15517876216354
2.03682034773271	0.0837490265012265	1.87267225579031	2.20096843967512	2.04414351409849	0.112496468537359	1.82365043576526	2.26463659243171	2.04414351409849	0.0837490265012265	1.88625020478987	2.20056259976863	2.04528990293534	0.0754676963129784	1.89729310076287	2.19328670510782
2.03116451257643	0.081860485503017	1.87071796099052	2.19161106416234	2.01089389320435	0.105439346758704	1.80423277355729	2.21755501285141	2.01089389320435	0.081860485503017	1.84550100441693	2.17080173688147	2.01089078147755	0.0814085753204681	1.8512372927878	2.17054427016729
2.05839447217975	0.101826340320552	1.85881484515147	2.25797409920803	1.98051140941301	0.136512173069067	1.71294755019764	2.24807526862838	1.98051140941301	0.101826340320552	1.78114054007295	2.16402085960615	1.98110646763683	0.0950419050005245	1.79468400275486	2.1675289325188
1.99270415246293	0.103480110976325	1.78988313494933	2.19552516997652	2.04197334655662	0.131746862966392	1.78374949514249	2.30019719797075	2.04197334655662	0.103480110976325	1.8573102616857	2.26544415201655	2.04306603876437	0.0983161490249322	1.85022551643514	2.23590656109359
1.90679337117527	0.0899049468414883	1.73057967536596	2.08300706698459	1.91608831398973	0.114524873347995	1.69161956222766	2.1405570657518	1.91608831398973	0.0899049468414883	1.74148254413626	2.09170856963473	1.91885946452727	0.0867323830497808	1.748763445468	2.08895548358654
1.80355097523294	0.0878468064784716	1.63137123453513	1.97573071593074	1.81994009395224	0.114581086320268	1.59536116476452	2.04451902313997	1.81994009395224	0.0878468064784716	1.6413223337469	1.99890904176625	1.82012381403471	0.0848219500410226	1.65376679758536	1.98648083048406
1.96487269403161	0.08641791341154	1.79549358374499	2.13425180431822	1.9587437804401	0.109687570355266	1.74375614254378	2.17373141833642	1.9587437804401	0.08641791341154	1.79729457798343	2.13918212920686	1.95914274940529	0.080538932082744	1.80120083267875	2.11708466613182
1.99402340717912	0.0864506065738393	1.8245802182944	2.16346659606385	1.92623917388545	0.111692973113893	1.70732094658222	2.14515740118868	1.92623917388545	0.0864506065738393	1.75784068460181	2.08981465417234	1.92664487735634	0.0781439265577962	1.77340372507595	2.07988602963673
1.99093764609821	0.106966441756776	1.78128342025493	2.20059187194149	2.06773087462261	0.137887965852832	1.79747046155106	2.33799128769416	2.06773087462261	0.106966441756776	1.88099928542493	2.30556182778494	2.07040088374266	0.103571778893135	1.86724466062203	2.27355710686329
1.95838178986413	0.0905050868156688	1.78099181970542	2.13577176002284	1.99548224464239	0.119959828598206	1.76036098058991	2.23060350869488	1.99548224464239	0.0905050868156688	1.82119248353674	2.18859440407179	1.99731396656617	0.0833918546828574	1.83377008076304	2.1608578523693
2.03240571951788	0.0946431739386062	1.84690509859821	2.21790634043754	2.04664836194823	0.12528315182358	1.80109338437401	2.29220333952244	2.04664836194823	0.0946431739386062	1.8645195499177	2.22249303333149	2.04893601520405	0.0882940528965107	1.87576575128168	2.22210627912642
2.18332334906491	0.090090149436863	2.00674665616865	2.35990004196116	2.14228442192587	0.116202536718073	1.91452744995845	2.37004139389329	2.14228442192587	0.090090149436863	1.95569398844114	2.31738067828159	2.14344710297218	0.0859113356505692	1.97495630440016	2.31193790154419
2.174078776469	0.0996192657719713	1.97882501555594	2.36933253738206	2.16492507295661	0.13187154591982	1.90645684295377	2.42339330295946	2.16492507295661	0.0996192657719713	1.9538810857569	2.35946644051075	2.16514190819081	0.0942007117327318	1.98038267916185	2.34990113721978
2.06633972844375	0.0961491539888838	1.87788738662554	2.25479207026196	2.09577892691442	0.124651978094311	1.85146104984957	2.34009680397927	2.09577892691442	0.0961491539888838	1.90894303055545	2.27897491017756	2.09635906889522	0.0912320759416544	1.91742930049069	2.27528883729975
1.85466980540331	0.100771202042225	1.65715824940055	2.05218136140607	1.89890439408059	0.128997615207009	1.64606906827485	2.15173971988633	1.89890439408059	0.100771202042225	1.72501535679772	2.11328335266284	1.89911271952424	0.0941038556269012	1.71453861736794	2.08368682168055
2.04217991471523	0.0944990699353549	1.85696173764193	2.22739809178852	2.04649009995135	0.123543453530005	1.80434493103254	2.28863526887016	2.04649009995135	0.0944990699353549	1.86012279169269	2.23575459641528	2.04615424223016	0.0892600862320882	1.87108897379157	2.22121951066876
1.92054755290606	0.0828051107864985	1.75824953576452	2.08284557004759	1.96122442309013	0.108814642266688	1.74794772424742	2.17450112193284	1.96122442309013	0.0828051107864985	1.80547365548821	2.12737286746227	1.96498498811523	0.0749605357229061	1.81798591805493	2.11198405817552
2.00396442970726	0.0894938626150763	1.82855645898171	2.17937240043281	1.98896340787544	0.114444824952213	1.7646515509691	2.21327526478178	1.98896340787544	0.0894938626150763	1.79650356798325	2.15935612827167	1.99039764290798	0.0826199912978678	1.82837165896388	2.15242362685208
1.90234630177253	0.0926808954720644	1.72069174664728	2.08400085689778	1.93697126832407	0.120836287832685	1.70013214417201	2.17381039247613	1.93697126832407	0.0926808954720644	1.76628603913963	2.1240776067707	1.93819908783879	0.0860433165179317	1.76944541727861	2.10695275839897
1.92363726932104	0.0904981947425254	1.74626080762569	2.10101373101639	1.91931784656579	0.121357650028179	1.68145685251056	2.15717884062102	1.91931784656579	0.0904981947425254	1.74876834828357	2.09159111751601	1.92046602969475	0.0843791169922869	1.75498442368169	2.08594763570781
1.95624864899261	0.0896057985316909	1.7806212838705	2.13187601411473	1.92195190318675	0.118567208066362	1.68956017537669	2.15434363099682	1.92195190318675	0.0896057985316909	1.74522208323153	2.09190771503786	1.92145288837133	0.0818047183946593	1.76102300254048	2.08188277420218
2.06102471969526	0.0906730551579672	1.88330553158564	2.23874390780487	1.98848921666995	0.116480104943399	1.76018821098088	2.21679022235901	1.98848921666995	0.0906730551579672	1.80915654838725	2.16066939741282	1.99246118734082	0.087049397864232	1.82173473775492	2.16318763692673
1.98821519479686	0.0930294773995842	1.80587741909367	2.17055297050004	1.97446103031745	0.121844905055934	1.73564501640782	2.21327704422708	1.97446103031745	0.0930294773995842	1.78582249753878	2.14185434504798	1.97580060619252	0.0874657708710017	1.80425624987666	2.14734496250838
2.04430348024068	0.0896239036092556	1.86864062916654	2.21996633131482	2.0609821317916	0.116596653866713	1.83245269021284	2.28951157337035	2.0609821317916	0.0896239036092556	1.88646005927975	2.23340968056262	2.06283298782255	0.0836943217660218	1.89869770196539	2.22696827367971
1.89144497677403	0.08802303298579	1.71891983212188	2.06397012142618	1.94986776028983	0.118320886672417	1.71795882241189	2.18177669816776	1.94986776028983	0.08802303298579	1.77627100203723	2.12884908806172	1.9495222471416	0.0824427801739967	1.78784572700431	2.11119876727889
2.02514759435921	0.0832586421301351	1.86196065578415	2.18833453293428	2.01346257607298	0.111634978533667	1.794658018147	2.23226713399897	2.01346257607298	0.0832586421301351	1.8547985508373	2.17060017513622	2.01600252631952	0.0767681869671895	1.86546729501296	2.16653775762607
1.90855267298144	0.115442637693946	1.6822851031013	2.13482024286157	1.94641166804134	0.141234113447086	1.66959280568506	2.22323053039763	1.94641166804134	0.115442637693946	1.70462483104799	2.16977484040237	1.9498559161129	0.110196118006078	1.73369247946674	2.16601935275906
1.99554329983703	0.0947911146156661	1.80975271519032	2.18133388448374	1.95456308405812	0.123541596780751	1.71242155436785	2.19670461374839	1.95456308405812	0.0947911146156661	1.75430214213975	2.12070033593417	1.95688338449134	0.0879578631423065	1.78437388766826	2.12939288131443
1.98466098728343	0.0877903711251421	1.81259185987816	2.15673011468871	2.01534092485542	0.115853494787452	1.78826807507201	2.24241377463882	2.01534092485542	0.0877903711251421	1.82782318628045	2.18601888273827	2.01642230020481	0.0820692659701535	1.85547598412214	2.17736861628749
1.92344257327042	0.0831707024035695	1.76042799655942	2.08645714998142	1.89272203475441	0.108540936210481	1.67998179978187	2.10546226972695	1.89272203475441	0.0831707024035695	1.7238749874642	2.04914894584039	1.89473047393933	0.0765405462376441	1.74463062896883	2.04483031890984
1.96929002588453	0.0967162825815633	1.77972611202467	2.1588539397444	1.96292667417331	0.125768086168761	1.71642122528254	2.20943212306408	1.96292667417331	0.0967162825815633	1.78682870714677	2.16474711193328	1.96217347817641	0.0906724509331463	1.78433042557578	2.14001653077704
2.04992766750826	0.0971543447094753	1.85950515187768	2.24035018313883	2.08190305060397	0.128382176781705	1.83027398411182	2.33353211709611	2.08190305060397	0.0971543447094753	1.90504276187302	2.28351441109122	2.0816265178653	0.0898637685774801	1.90537930562986	2.25787373010074
1.90851991025989	0.0896413842147457	1.73282279719899	2.08421702332079	1.90085013967737	0.117285069744784	1.67097140297759	2.13072887637715	1.90085013967737	0.0896413842147457	1.71646507108681	2.07081492902626	1.90126714683947	0.083781899335581	1.73695946192126	2.06557483175769
2.01193356690035	0.0879503982401578	1.83955078634964	2.18431634745106	2.0072503518998	0.115448521224733	1.78097125029932	2.23352945350027	2.0072503518998	0.0879503982401578	1.82802211968805	2.17782492859338	2.0059163086882	0.0810444164302741	1.84697362404564	2.16485899333075
2.02411245321211	0.104929431063857	1.81845076832695	2.22977413809727	1.93826086371507	0.135939088327584	1.67182025059301	2.20470147683714	1.93826086371507	0.104929431063857	1.70919515770619	2.13035584232238	1.93673525969794	0.097003111859788	1.74646900451374	2.12700151488214
2.0498103177951	0.0945419615570589	1.86450807314326	2.23511256244694	2.02845205034657	0.120382027364928	1.79250327671131	2.26440082398183	2.02845205034657	0.0945419615570589	1.8467324110102	2.22205471557521	2.02888548815758	0.0906050826760995	1.85118856551897	2.20658241079619
2.00400051428997	0.0922141474290389	1.82326078532905	2.18474024325088	2.09312205846064	0.117562514957442	1.86269952914406	2.32354458777723	2.09312205846064	0.0922141474290389	1.9144937752148	2.27339567292327	2.09303057914487	0.090126017091254	1.91626734953188	2.26979380875785
2.14498228580884	0.0923491944050954	1.96397786477485	2.32598670684283	2.11192027441981	0.118623979827865	1.87941727395719	2.34442327488242	2.11192027441981	0.0923491944050954	1.94249986553206	2.29914518358162	2.11290594320252	0.0880534380040164	1.94021322472623	2.28559866167882
1.99947834262149	0.0865383807217607	1.82986311640684	2.16909356883614	1.9706824018287	0.113272940444698	1.74866743855709	2.1926973651003	1.9706824018287	0.0865383807217607	1.80784913372398	2.13042190395473	1.97324239652047	0.0831960984317443	1.81008327119474	2.13640152184619
1.94788030477165	0.104973273396486	1.74213268891454	2.15362792062877	1.95714819133304	0.138244999064992	1.68618799316566	2.22810838950043	1.95714819133304	0.104973273396486	1.74160293641897	2.16066703475164	1.95817701986434	0.0983931970047866	1.76518345993436	2.15117057979433
2.09905456178199	0.083860583082662	1.93468781893998	2.26342130462401	2.06947818062613	0.108647561996915	1.85652895911217	2.28242740214008	2.06947818062613	0.083860583082662	1.90917372930193	2.23276036392162	2.0695610162295	0.0803902861113891	1.91190981823833	2.22721221422068
1.97557338007036	0.0850156295657546	1.80894274612148	2.14220401401924	1.93602674345719	0.109254679494213	1.72188757164853	2.15016591526585	1.93602674345719	0.0850156295657546	1.76358589893806	2.0976141296181	1.93625204781009	0.0785408250317374	1.78222772539442	2.09027637022576
2.0732544152457	0.0938015047824481	1.8894034658721	2.2571053646193	2.02367724377007	0.118715855749042	1.79099416650194	2.25636032103819	2.02367724377007	0.0938015047824481	1.823940331695	2.2061824565418	2.02510335925904	0.0881882379980558	1.85214090546371	2.19806581305437
1.88384761107223	0.0866165407653922	1.71407919117206	2.0536160309724	1.90046347570812	0.113616983605177	1.67777418784198	2.12315276357427	1.90046347570812	0.0866165407653922	1.73206197986817	2.07081690069635	1.9019138757905	0.0814026022657751	1.74227038303383	2.06155736854718
1.94429483849906	0.0875119184007922	1.7727714784335	2.11581819856461	1.93787537544233	0.113829930014024	1.71476871261485	2.16098203826982	1.93787537544233	0.0875119184007922	1.77451776485475	2.10000527682948	1.93782251410756	0.082609276379932	1.77580946138736	2.09983556682777
1.85277602750434	0.0947298948561604	1.66710543358626	2.03844662142241	1.89571948652339	0.126601361089066	1.64758081878882	2.14385815425795	1.89571948652339	0.0947298948561604	1.70437873742497	2.07800426847271	1.89882744106114	0.0879164652327971	1.72640299288542	2.07125188923687
1.82619467623461	0.10361261964264	1.62311394173504	2.02927541073419	1.85635588785053	0.132850703239082	1.59596850950193	2.11674326619913	1.85635588785053	0.10361261964264	1.64800704293378	2.0516537452804	1.85799287532808	0.0958384832203186	1.67001272263972	2.04597302801645
2.07643790375668	0.0889608002604262	1.90207473524625	2.25080107226712	2.0948330261977	0.115789994408815	1.86788463715642	2.32178141523898	2.0948330261977	0.0889608002604262	1.93447254145596	2.27764335258806	2.09504768946148	0.084511463269514	1.92930902449047	2.26078635443249
2.05700119654204	0.100231149819036	1.86054814289673	2.25345425018735	2.0453560782007	0.129760845488913	1.79102482104243	2.29968733535897	2.0453560782007	0.100231149819036	1.83698804503232	2.22637813032131	2.04730708436459	0.0985263783217955	1.85405652965481	2.24055763907437
2.07823808858084	0.0962355059026163	1.88961649701171	2.26685968014997	2.08984238905904	0.128618692945127	1.83774975088659	2.34193502723149	2.08984238905904	0.0962355059026163	1.8980404608186	2.28524528102055	2.09199472076554	0.0876682734087098	1.92005515974102	2.26393428179005
2.02218363705818	0.0831246163288577	1.85925938905362	2.18510788506274	2.06678096850363	0.112049369358994	1.84716420456	2.28639773244726	2.06678096850363	0.0831246163288577	1.89987160734812	2.23416332984568	2.068854930996	0.0783251896606021	1.91525381701187	2.22245604498013
1.99282272159502	0.0911872174319454	1.8140957754284	2.17154966776163	1.98328365356714	0.119010230369402	1.75002360204311	2.21654370509117	1.98328365356714	0.0911872174319454	1.80435689867471	2.15741197199246	1.98335107772468	0.0865609287311173	1.81359109917866	2.1531110562707
1.99681631078495	0.0877116659591265	1.82490144550506	2.16873117606484	2.01484164376037	0.115901653409735	1.78767440307729	2.24200888444345	2.01484164376037	0.0877116659591265	1.83784941834889	2.1854587568079	2.01523960213635	0.0785003637403059	1.86129844526686	2.16918075900583
2.09405577010449	0.102257471873811	1.89363112523182	2.29448041497716	2.06695857322901	0.131358660639822	1.80949559837495	2.32442154808306	2.06695857322901	0.102257471873811	1.86995574214045	2.27419361394558	2.06712523351103	0.0933131779370265	1.88410413105934	2.25014633596272
1.98166064523761	0.0841934353016139	1.81664151204645	2.14667977842878	2.04502066603007	0.111948314040417	1.82560197051086	2.26443936154929	2.04502066603007	0.0841934353016139	1.87488184688207	2.21785576086655	2.04386432957245	0.0759068133171246	1.89500891297319	2.19271974617171
1.99316417114538	0.0916872217057599	1.81345721660209	2.17287112568867	1.94662826007208	0.117308332912153	1.71670392756426	2.1765525925799	1.94662826007208	0.0916872217057599	1.77718558952126	2.12804516149326	1.94704429601883	0.0853391992180319	1.77967253147198	2.11441606056568
1.83328183634124	0.0874477147698728	1.66188431539229	2.0046793572902	1.86644338464795	0.113397292170162	1.64418469199444	2.08870207730147	1.86644338464795	0.0874477147698728	1.68502741153754	2.03566580153083	1.86819664413002	0.0840328018760623	1.70339113003717	2.03300215822287
1.93507693072199	0.0900707484158562	1.75853826382691	2.11161559761707	1.96285298443019	0.118585156841652	1.73042607702055	2.19527989183983	1.96285298443019	0.0900707484158562	1.78804635813895	2.14111537247782	1.96532525004654	0.0874111973594737	1.79388973685409	2.13676076323899
2.08121262100251	0.0969114668637288	1.8912661459496	2.27115909605542	2.12178741099481	0.127360744106196	1.87216035254667	2.37141446944296	2.12178741099481	0.0969114668637288	1.94654491126996	2.31944855710883	2.12363662007204	0.0917463136432397	1.94368970671255	2.30358353343152
1.80517262884576	0.0942657486278076	1.62041176153526	1.98993349615627	1.83138939736972	0.123587619028178	1.58915766407449	2.07362113066495	1.83138939736972	0.0942657486278076	1.64569494031636	2.00179861932995	1.83019021769804	0.0889520281031977	1.65572983186925	2.00465060352683
2.04695186853567	0.0827181169257287	1.88482435936124	2.2090793777101	1.9450730132167	0.107587795158443	1.73420093470615	2.15594509172725	1.9450730132167	0.0827181169257287	1.78537071304864	2.11133531918675	1.94674938529561	0.0780367480817868	1.79371655314297	2.09978221744824
1.91978861509846	0.0887433764004556	1.74585159735357	2.09372563284335	1.9197425936101	0.114019888370017	1.69626361240486	2.14322157481533	1.9197425936101	0.0887433764004556	1.74450796597106	2.09877663737111	1.92149636550955	0.0836111940496762	1.75752364739334	2.08546908362575
1.80897520033083	0.0859365164887693	1.64053962801284	1.97741077264881	1.82908986585334	0.106690506786931	1.61997647255096	2.03820325915573	1.82908986585334	0.0859365164887693	1.66311820001948	1.99049339192199	1.82990746885183	0.0844546208824855	1.66427543732416	1.99553950037949
1.98975031861758	0.0859720340234746	1.82124513193157	2.15825550530359	1.98775276233026	0.111950629944073	1.76832952763987	2.20717599702064	1.98775276233026	0.0859720340234746	1.8244417538507	2.15391588512102	1.98948004620375	0.081683036532967	1.82929022687466	2.14966986553284
2.10240884999676	0.101790405931484	1.90289965437105	2.30191804562247	2.01003754687359	0.130393225693844	1.75446682451365	2.26560826923352	2.01003754687359	0.101790405931484	1.81610600856739	2.20243141582369	2.01187088258622	0.0962791793316241	1.82302909210512	2.20071267306731
2.02412101529428	0.0843974619214843	1.85870198992817	2.18954004066039	2.04747801254342	0.108048357884275	1.83570323109024	2.2592527939966	2.04747801254342	0.0843974619214843	1.87488628597674	2.1934858189464	2.04848104351648	0.0812260564670416	1.88918672531615	2.20777536171681
2.01459760832381	0.0904671754849843	1.83728194437324	2.19191327227438	2.07300544838167	0.116218974114301	1.84521625911764	2.3007946376457	2.07300544838167	0.0904671754849843	1.89156263571311	2.2504917869327	2.07203902929887	0.0864861004303564	1.90242319647692	2.24165486212083
1.85526261988263	0.092010578631998	1.67492188576391	2.03560335400134	1.9390960126737	0.124282911436063	1.69550150625902	2.18269051908838	1.9390960126737	0.092010578631998	1.76478469545646	2.12853942657485	1.94058024390959	0.0853601457161347	1.77317790703181	2.10798258078738
2.1330696880951	0.0930890478064544	1.95061515439445	2.31552422179575	2.10371144920722	0.12187739391649	1.8648317571309	2.34259114128354	2.10371144920722	0.0930890478064544	1.92860533223373	2.28630673035637	2.10679768515222	0.0905812843004907	1.92914462092797	2.28445074937648
1.86955213423629	0.0870694004139998	1.69889610942485	2.04020815904773	1.8846303895474	0.113302685553957	1.66255712586164	2.10670365323315	1.8846303895474	0.0870694004139998	1.71162712498028	2.05294194038618	1.88712986833791	0.080682221414211	1.72890608162152	2.04535365505429
1.84322791087485	0.0847579476848844	1.67710233341248	2.00935348833722	1.8375102291156	0.11212174724964	1.61775160450631	2.05726885372489	1.8375102291156	0.0847579476848844	1.66924889293391	2.00720472626658	1.83742701185222	0.077766883196853	1.68492595566876	1.98992806803569
2.0327798910294	0.0948584147883603	1.84685739804421	2.21870238401459	2.00915594973621	0.125516754190836	1.76314311152217	2.25516878795024	2.00915594973621	0.0948584147883603	1.82139234141903	2.18541357872878	2.00879643055544	0.0894169330439512	1.83342875683999	2.18416410427089
2.08514342912336	0.0789241280786244	1.93045213808926	2.23983472015746	2.05668199217186	0.103718092598808	1.85339453067819	2.25996945366552	2.05668199217186	0.0789241280786244	1.91104427989284	2.21054229371078	2.05547123425559	0.0726142740862716	1.91308147107255	2.19786099743863
NA	NA	NA	NA	NA	NA	NA	NA	NA	NA	NA	NA	NA	NA	NA	NA
NA	NA	NA	NA	NA	NA	NA	NA	NA	NA	NA	NA	NA	NA	NA	NA
NA	NA	NA	NA	NA	NA	NA	NA	NA	NA	NA	NA	NA	NA	NA	NA
NA	NA	NA	NA	NA	NA	NA	NA	NA	NA	NA	NA	NA	NA	NA	NA
NA	NA	NA	NA	NA	NA	NA	NA	NA	NA	NA	NA	NA	NA	NA	NA
NA	NA	NA	NA	NA	NA	NA	NA	NA	NA	NA	NA	NA	NA	NA	NA
NA	NA	NA	NA	NA	NA	NA	NA	NA	NA	NA	NA	NA	NA	NA	NA
NA	NA	NA	NA	NA	NA	NA	NA	NA	NA	NA	NA	NA	NA	NA	NA
NA	NA	NA	NA	NA	NA	NA	NA	NA	NA	NA	NA	NA	NA	NA	NA
NA	NA	NA	NA	NA	NA	NA	NA	NA	NA	NA	NA	NA	NA	NA	NA
NA	NA	NA	NA	NA	NA	NA	NA	NA	NA	NA	NA	NA	NA	NA	NA
NA	NA	NA	NA	NA	NA	NA	NA	NA	NA	NA	NA	NA	NA	NA	NA
NA	NA	NA	NA	NA	NA	NA	NA	NA	NA	NA	NA	NA	NA	NA	NA
NA	NA	NA	NA	NA	NA	NA	NA	NA	NA	NA	NA	NA	NA	NA	NA
NA	NA	NA	NA	NA	NA	NA	NA	NA	NA	NA	NA	NA	NA	NA	NA
NA	NA	NA	NA	NA	NA	NA	NA	NA	NA	NA	NA	NA	NA	NA	NA
NA	NA	NA	NA	NA	NA	NA	NA	NA	NA	NA	NA	NA	NA	NA	NA
NA	NA	NA	NA	NA	NA	NA	NA	NA	NA	NA	NA	NA	NA	NA	NA
NA	NA	NA	NA	NA	NA	NA	NA	NA	NA	NA	NA	NA	NA	NA	NA
NA	NA	NA	NA	NA	NA	NA	NA	NA	NA	NA	NA	NA	NA	NA	NA
NA	NA	NA	NA	NA	NA	NA	NA	NA	NA	NA	NA	NA	NA	NA	NA
NA	NA	NA	NA	NA	NA	NA	NA	NA	NA	NA	NA	NA	NA	NA	NA
NA	NA	NA	NA	NA	NA	NA	NA	NA	NA	NA	NA	NA	NA	NA	NA
NA	NA	NA	NA	NA	NA	NA	NA	NA	NA	NA	NA	NA	NA	NA	NA
NA	NA	NA	NA	NA	NA	NA	NA	NA	NA	NA	NA	NA	NA	NA	NA
NA	NA	NA	NA	NA	NA	NA	NA	NA	NA	NA	NA	NA	NA	NA	NA
NA	NA	NA	NA	NA	NA	NA	NA	NA	NA	NA	NA	NA	NA	NA	NA
NA	NA	NA	NA	NA	NA	NA	NA	NA	NA	NA	NA	NA	NA	NA	NA
NA	NA	NA	NA	NA	NA	NA	NA	NA	NA	NA	NA	NA	NA	NA	NA
NA	NA	NA	NA	NA	NA	NA	NA	NA	NA	NA	NA	NA	NA	NA	NA
NA	NA	NA	NA	NA	NA	NA	NA	NA	NA	NA	NA	NA	NA	NA	NA
NA	NA	NA	NA	NA	NA	NA	NA	NA	NA	NA	NA	NA	NA	NA	NA
NA	NA	NA	NA	NA	NA	NA	NA	NA	NA	NA	NA	NA	NA	NA	NA
NA	NA	NA	NA	NA	NA	NA	NA	NA	NA	NA	NA	NA	NA	NA	NA
NA	NA	NA	NA	NA	NA	NA	NA	NA	NA	NA	NA	NA	NA	NA	NA
NA	NA	NA	NA	NA	NA	NA	NA	NA	NA	NA	NA	NA	NA	NA	NA
NA	NA	NA	NA	NA	NA	NA	NA	NA	NA	NA	NA	NA	NA	NA	NA
NA	NA	NA	NA	NA	NA	NA	NA	NA	NA	NA	NA	NA	NA	NA	NA
NA	NA	NA	NA	NA	NA	NA	NA	NA	NA	NA	NA	NA	NA	NA	NA
NA	NA	NA	NA	NA	NA	NA	NA	NA	NA	NA	NA	NA	NA	NA	NA
NA	NA	NA	NA	NA	NA	NA	NA	NA	NA	NA	NA	NA	NA	NA	NA
NA	NA	NA	NA	NA	NA	NA	NA	NA	NA	NA	NA	NA	NA	NA	NA
NA	NA	NA	NA	NA	NA	NA	NA	NA	NA	NA	NA	NA	NA	NA	NA
NA	NA	NA	NA	NA	NA	NA	NA	NA	NA	NA	NA	NA	NA	NA	NA
NA	NA	NA	NA	NA	NA	NA	NA	NA	NA	NA	NA	NA	NA	NA	NA
NA	NA	NA	NA	NA	NA	NA	NA	NA	NA	NA	NA	NA	NA	NA	NA
NA	NA	NA	NA	NA	NA	NA	NA	NA	NA	NA	NA	NA	NA	NA	NA
NA	NA	NA	NA	NA	NA	NA	NA	NA	NA	NA	NA	NA	NA	NA	NA
NA	NA	NA	NA	NA	NA	NA	NA	NA	NA	NA	NA	NA	NA	NA	NA
NA	NA	NA	NA	NA	NA	NA	NA	NA	NA	NA	NA	NA	NA	NA	NA
NA	NA	NA	NA	NA	NA	NA	NA	NA	NA	NA	NA	NA	NA	NA	NA
NA	NA	NA	NA	NA	NA	NA	NA	NA	NA	NA	NA	NA	NA	NA	NA
NA	NA	NA	NA	NA	NA	NA	NA	NA	NA	NA	NA	NA	NA	NA	NA
NA	NA	NA	NA	NA	NA	NA	NA	NA	NA	NA	NA	NA	NA	NA	NA
NA	NA	NA	NA	NA	NA	NA	NA	NA	NA	NA	NA	NA	NA	NA	NA
NA	NA	NA	NA	NA	NA	NA	NA	NA	NA	NA	NA	NA	NA	NA	NA
NA	NA	NA	NA	NA	NA	NA	NA	NA	NA	NA	NA	NA	NA	NA	NA
NA	NA	NA	NA	NA	NA	NA	NA	NA	NA	NA	NA	NA	NA	NA	NA
NA	NA	NA	NA	NA	NA	NA	NA	NA	NA	NA	NA	NA	NA	NA	NA
NA	NA	NA	NA	NA	NA	NA	NA	NA	NA	NA	NA	NA	NA	NA	NA
NA	NA	NA	NA	NA	NA	NA	NA	NA	NA	NA	NA	NA	NA	NA	NA
NA	NA	NA	NA	NA	NA	NA	NA	NA	NA	NA	NA	NA	NA	NA	NA
NA	NA	NA	NA	NA	NA	NA	NA	NA	NA	NA	NA	NA	NA	NA	NA
NA	NA	NA	NA	NA	NA	NA	NA	NA	NA	NA	NA	NA	NA	NA	NA
NA	NA	NA	NA	NA	NA	NA	NA	NA	NA	NA	NA	NA	NA	NA	NA
NA	NA	NA	NA	NA	NA	NA	NA	NA	NA	NA	NA	NA	NA	NA	NA
NA	NA	NA	NA	NA	NA	NA	NA	NA	NA	NA	NA	NA	NA	NA	NA
NA	NA	NA	NA	NA	NA	NA	NA	NA	NA	NA	NA	NA	NA	NA	NA
NA	NA	NA	NA	NA	NA	NA	NA	NA	NA	NA	NA	NA	NA	NA	NA
NA	NA	NA	NA	NA	NA	NA	NA	NA	NA	NA	NA	NA	NA	NA	NA
NA	NA	NA	NA	NA	NA	NA	NA	NA	NA	NA	NA	NA	NA	NA	NA
NA	NA	NA	NA	NA	NA	NA	NA	NA	NA	NA	NA	NA	NA	NA	NA
NA	NA	NA	NA	NA	NA	NA	NA	NA	NA	NA	NA	NA	NA	NA	NA
NA	NA	NA	NA	NA	NA	NA	NA	NA	NA	NA	NA	NA	NA	NA	NA
NA	NA	NA	NA	NA	NA	NA	NA	NA	NA	NA	NA	NA	NA	NA	NA
NA	NA	NA	NA	NA	NA	NA	NA	NA	NA	NA	NA	NA	NA	NA	NA
NA	NA	NA	NA	NA	NA	NA	NA	NA	NA	NA	NA	NA	NA	NA	NA
NA	NA	NA	NA	NA	NA	NA	NA	NA	NA	NA	NA	NA	NA	NA	NA
NA	NA	NA	NA	NA	NA	NA	NA	NA	NA	NA	NA	NA	NA	NA	NA
NA	NA	NA	NA	NA	NA	NA	NA	NA	NA	NA	NA	NA	NA	NA	NA
NA	NA	NA	NA	NA	NA	NA	NA	NA	NA	NA	NA	NA	NA	NA	NA
NA	NA	NA	NA	NA	NA	NA	NA	NA	NA	NA	NA	NA	NA	NA	NA
NA	NA	NA	NA	NA	NA	NA	NA	NA	NA	NA	NA	NA	NA	NA	NA
NA	NA	NA	NA	NA	NA	NA	NA	NA	NA	NA	NA	NA	NA	NA	NA
NA	NA	NA	NA	NA	NA	NA	NA	NA	NA	NA	NA	NA	NA	NA	NA
NA	NA	NA	NA	NA	NA	NA	NA	NA	NA	NA	NA	NA	NA	NA	NA
NA	NA	NA	NA	NA	NA	NA	NA	NA	NA	NA	NA	NA	NA	NA	NA
NA	NA	NA	NA	NA	NA	NA	NA	NA	NA	NA	NA	NA	NA	NA	NA
NA	NA	NA	NA	NA	NA	NA	NA	NA	NA	NA	NA	NA	NA	NA	NA
NA	NA	NA	NA	NA	NA	NA	NA	NA	NA	NA	NA	NA	NA	NA	NA
NA	NA	NA	NA	NA	NA	NA	NA	NA	NA	NA	NA	NA	NA	NA	NA
NA	NA	NA	NA	NA	NA	NA	NA	NA	NA	NA	NA	NA	NA	NA	NA
NA	NA	NA	NA	NA	NA	NA	NA	NA	NA	NA	NA	NA	NA	NA	NA
NA	NA	NA	NA	NA	NA	NA	NA	NA	NA	NA	NA	NA	NA	NA	NA
NA	NA	NA	NA	NA	NA	NA	NA	NA	NA	NA	NA	NA	NA	NA	NA
NA	NA	NA	NA	NA	NA	NA	NA	NA	NA	NA	NA	NA	NA	NA	NA
NA	NA	NA	NA	NA	NA	NA	NA	NA	NA	NA	NA	NA	NA	NA	NA
NA	NA	NA	NA	NA	NA	NA	NA	NA	NA	NA	NA	NA	NA	NA	NA
NA	NA	NA	NA	NA	NA	NA	NA	NA	NA	NA	NA	NA	NA	NA	NA
NA	NA	NA	NA	NA	NA	NA	NA	NA	NA	NA	NA	NA	NA	NA	NA
NA	NA	NA	NA	NA	NA	NA	NA	NA	NA	NA	NA	NA	NA	NA	NA
NA	NA	NA	NA	NA	NA	NA	NA	NA	NA	NA	NA	NA	NA	NA	NA
NA	NA	NA	NA	NA	NA	NA	NA	NA	NA	NA	NA	NA	NA	NA	NA
NA	NA	NA	NA	NA	NA	NA	NA	NA	NA	NA	NA	NA	NA	NA	NA
NA	NA	NA	NA	NA	NA	NA	NA	NA	NA	NA	NA	NA	NA	NA	NA
NA	NA	NA	NA	NA	NA	NA	NA	NA	NA	NA	NA	NA	NA	NA	NA
NA	NA	NA	NA	NA	NA	NA	NA	NA	NA	NA	NA	NA	NA	NA	NA
NA	NA	NA	NA	NA	NA	NA	NA	NA	NA	NA	NA	NA	NA	NA	NA
NA	NA	NA	NA	NA	NA	NA	NA	NA	NA	NA	NA	NA	NA	NA	NA
NA	NA	NA	NA	NA	NA	NA	NA	NA	NA	NA	NA	NA	NA	NA	NA
NA	NA	NA	NA	NA	NA	NA	NA	NA	NA	NA	NA	NA	NA	NA	NA
NA	NA	NA	NA	NA	NA	NA	NA	NA	NA	NA	NA	NA	NA	NA	NA
NA	NA	NA	NA	NA	NA	NA	NA	NA	NA	NA	NA	NA	NA	NA	NA
NA	NA	NA	NA	NA	NA	NA	NA	NA	NA	NA	NA	NA	NA	NA	NA
NA	NA	NA	NA	NA	NA	NA	NA	NA	NA	NA	NA	NA	NA	NA	NA
NA	NA	NA	NA	NA	NA	NA	NA	NA	NA	NA	NA	NA	NA	NA	NA
NA	NA	NA	NA	NA	NA	NA	NA	NA	NA	NA	NA	NA	NA	NA	NA
NA	NA	NA	NA	NA	NA	NA	NA	NA	NA	NA	NA	NA	NA	NA	NA
NA	NA	NA	NA	NA	NA	NA	NA	NA	NA	NA	NA	NA	NA	NA	NA
NA	NA	NA	NA	NA	NA	NA	NA	NA	NA	NA	NA	NA	NA	NA	NA
NA	NA	NA	NA	NA	NA	NA	NA	NA	NA	NA	NA	NA	NA	NA	NA
NA	NA	NA	NA	NA	NA	NA	NA	NA	NA	NA	NA	NA	NA	NA	NA
NA	NA	NA	NA	NA	NA	NA	NA	NA	NA	NA	NA	NA	NA	NA	NA
NA	NA	NA	NA	NA	NA	NA	NA	NA	NA	NA	NA	NA	NA	NA	NA
NA	NA	NA	NA	NA	NA	NA	NA	NA	NA	NA	NA	NA	NA	NA	NA
NA	NA	NA	NA	NA	NA	NA	NA	NA	NA	NA	NA	NA	NA	NA	NA
NA	NA	NA	NA	NA	NA	NA	NA	NA	NA	NA	NA	NA	NA	NA	NA
NA	NA	NA	NA	NA	NA	NA	NA	NA	NA	NA	NA	NA	NA	NA	NA
NA	NA	NA	NA	NA	NA	NA	NA	NA	NA	NA	NA	NA	NA	NA	NA
NA	NA	NA	NA	NA	NA	NA	NA	NA	NA	NA	NA	NA	NA	NA	NA
NA	NA	NA	NA	NA	NA	NA	NA	NA	NA	NA	NA	NA	NA	NA	NA
NA	NA	NA	NA	NA	NA	NA	NA	NA	NA	NA	NA	NA	NA	NA	NA
NA	NA	NA	NA	NA	NA	NA	NA	NA	NA	NA	NA	NA	NA	NA	NA
NA	NA	NA	NA	NA	NA	NA	NA	NA	NA	NA	NA	NA	NA	NA	NA
NA	NA	NA	NA	NA	NA	NA	NA	NA	NA	NA	NA	NA	NA	NA	NA
NA	NA	NA	NA	NA	NA	NA	NA	NA	NA	NA	NA	NA	NA	NA	NA
NA	NA	NA	NA	NA	NA	NA	NA	NA	NA	NA	NA	NA	NA	NA	NA
NA	NA	NA	NA	NA	NA	NA	NA	NA	NA	NA	NA	NA	NA	NA	NA
NA	NA	NA	NA	NA	NA	NA	NA	NA	NA	NA	NA	NA	NA	NA	NA
NA	NA	NA	NA	NA	NA	NA	NA	NA	NA	NA	NA	NA	NA	NA	NA
NA	NA	NA	NA	NA	NA	NA	NA	NA	NA	NA	NA	NA	NA	NA	NA
NA	NA	NA	NA	NA	NA	NA	NA	NA	NA	NA	NA	NA	NA	NA	NA
NA	NA	NA	NA	NA	NA	NA	NA	NA	NA	NA	NA	NA	NA	NA	NA
NA	NA	NA	NA	NA	NA	NA	NA	NA	NA	NA	NA	NA	NA	NA	NA
NA	NA	NA	NA	NA	NA	NA	NA	NA	NA	NA	NA	NA	NA	NA	NA
NA	NA	NA	NA	NA	NA	NA	NA	NA	NA	NA	NA	NA	NA	NA	NA
NA	NA	NA	NA	NA	NA	NA	NA	NA	NA	NA	NA	NA	NA	NA	NA
NA	NA	NA	NA	NA	NA	NA	NA	NA	NA	NA	NA	NA	NA	NA	NA
NA	NA	NA	NA	NA	NA	NA	NA	NA	NA	NA	NA	NA	NA	NA	NA
NA	NA	NA	NA	NA	NA	NA	NA	NA	NA	NA	NA	NA	NA	NA	NA
NA	NA	NA	NA	NA	NA	NA	NA	NA	NA	NA	NA	NA	NA	NA	NA
NA	NA	NA	NA	NA	NA	NA	NA	NA	NA	NA	NA	NA	NA	NA	NA
NA	NA	NA	NA	NA	NA	NA	NA	NA	NA	NA	NA	NA	NA	NA	NA
NA	NA	NA	NA	NA	NA	NA	NA	NA	NA	NA	NA	NA	NA	NA	NA
NA	NA	NA	NA	NA	NA	NA	NA	NA	NA	NA	NA	NA	NA	NA	NA
NA	NA	NA	NA	NA	NA	NA	NA	NA	NA	NA	NA	NA	NA	NA	NA
NA	NA	NA	NA	NA	NA	NA	NA	NA	NA	NA	NA	NA	NA	NA	NA
NA	NA	NA	NA	NA	NA	NA	NA	NA	NA	NA	NA	NA	NA	NA	NA
NA	NA	NA	NA	NA	NA	NA	NA	NA	NA	NA	NA	NA	NA	NA	NA
NA	NA	NA	NA	NA	NA	NA	NA	NA	NA	NA	NA	NA	NA	NA	NA
NA	NA	NA	NA	NA	NA	NA	NA	NA	NA	NA	NA	NA	NA	NA	NA
NA	NA	NA	NA	NA	NA	NA	NA	NA	NA	NA	NA	NA	NA	NA	NA
NA	NA	NA	NA	NA	NA	NA	NA	NA	NA	NA	NA	NA	NA	NA	NA
NA	NA	NA	NA	NA	NA	NA	NA	NA	NA	NA	NA	NA	NA	NA	NA
NA	NA	NA	NA	NA	NA	NA	NA	NA	NA	NA	NA	NA	NA	NA	NA
NA	NA	NA	NA	NA	NA	NA	NA	NA	NA	NA	NA	NA	NA	NA	NA
NA	NA	NA	NA	NA	NA	NA	NA	NA	NA	NA	NA	NA	NA	NA	NA
NA	NA	NA	NA	NA	NA	NA	NA	NA	NA	NA	NA	NA	NA	NA	NA
NA	NA	NA	NA	NA	NA	NA	NA	NA	NA	NA	NA	NA	NA	NA	NA
NA	NA	NA	NA	NA	NA	NA	NA	NA	NA	NA	NA	NA	NA	NA	NA
NA	NA	NA	NA	NA	NA	NA	NA	NA	NA	NA	NA	NA	NA	NA	NA
NA	NA	NA	NA	NA	NA	NA	NA	NA	NA	NA	NA	NA	NA	NA	NA
NA	NA	NA	NA	NA	NA	NA	NA	NA	NA	NA	NA	NA	NA	NA	NA
NA	NA	NA	NA	NA	NA	NA	NA	NA	NA	NA	NA	NA	NA	NA	NA
NA	NA	NA	NA	NA	NA	NA	NA	NA	NA	NA	NA	NA	NA	NA	NA
NA	NA	NA	NA	NA	NA	NA	NA	NA	NA	NA	NA	NA	NA	NA	NA
NA	NA	NA	NA	NA	NA	NA	NA	NA	NA	NA	NA	NA	NA	NA	NA
NA	NA	NA	NA	NA	NA	NA	NA	NA	NA	NA	NA	NA	NA	NA	NA
NA	NA	NA	NA	NA	NA	NA	NA	NA	NA	NA	NA	NA	NA	NA	NA
NA	NA	NA	NA	NA	NA	NA	NA	NA	NA	NA	NA	NA	NA	NA	NA
NA	NA	NA	NA	NA	NA	NA	NA	NA	NA	NA	NA	NA	NA	NA	NA
NA	NA	NA	NA	NA	NA	NA	NA	NA	NA	NA	NA	NA	NA	NA	NA
NA	NA	NA	NA	NA	NA	NA	NA	NA	NA	NA	NA	NA	NA	NA	NA
NA	NA	NA	NA	NA	NA	NA	NA	NA	NA	NA	NA	NA	NA	NA	NA
NA	NA	NA	NA	NA	NA	NA	NA	NA	NA	NA	NA	NA	NA	NA	NA
NA	NA	NA	NA	NA	NA	NA	NA	NA	NA	NA	NA	NA	NA	NA	NA
NA	NA	NA	NA	NA	NA	NA	NA	NA	NA	NA	NA	NA	NA	NA	NA
NA	NA	NA	NA	NA	NA	NA	NA	NA	NA	NA	NA	NA	NA	NA	NA
NA	NA	NA	NA	NA	NA	NA	NA	NA	NA	NA	NA	NA	NA	NA	NA
NA	NA	NA	NA	NA	NA	NA	NA	NA	NA	NA	NA	NA	NA	NA	NA
NA	NA	NA	NA	NA	NA	NA	NA	NA	NA	NA	NA	NA	NA	NA	NA
NA	NA	NA	NA	NA	NA	NA	NA	NA	NA	NA	NA	NA	NA	NA	NA
NA	NA	NA	NA	NA	NA	NA	NA	NA	NA	NA	NA	NA	NA	NA	NA
NA	NA	NA	NA	NA	NA	NA	NA	NA	NA	NA	NA	NA	NA	NA	NA
NA	NA	NA	NA	NA	NA	NA	NA	NA	NA	NA	NA	NA	NA	NA	NA
NA	NA	NA	NA	NA	NA	NA	NA	NA	NA	NA	NA	NA	NA	NA	NA
NA	NA	NA	NA	NA	NA	NA	NA	NA	NA	NA	NA	NA	NA	NA	NA
NA	NA	NA	NA	NA	NA	NA	NA	NA	NA	NA	NA	NA	NA	NA	NA
NA	NA	NA	NA	NA	NA	NA	NA	NA	NA	NA	NA	NA	NA	NA	NA
NA	NA	NA	NA	NA	NA	NA	NA	NA	NA	NA	NA	NA	NA	NA	NA
NA	NA	NA	NA	NA	NA	NA	NA	NA	NA	NA	NA	NA	NA	NA	NA
NA	NA	NA	NA	NA	NA	NA	NA	NA	NA	NA	NA	NA	NA	NA	NA
NA	NA	NA	NA	NA	NA	NA	NA	NA	NA	NA	NA	NA	NA	NA	NA
NA	NA	NA	NA	NA	NA	NA	NA	NA	NA	NA	NA	NA	NA	NA	NA
NA	NA	NA	NA	NA	NA	NA	NA	NA	NA	NA	NA	NA	NA	NA	NA
NA	NA	NA	NA	NA	NA	NA	NA	NA	NA	NA	NA	NA	NA	NA	NA
NA	NA	NA	NA	NA	NA	NA	NA	NA	NA	NA	NA	NA	NA	NA	NA
NA	NA	NA	NA	NA	NA	NA	NA	NA	NA	NA	NA	NA	NA	NA	NA
NA	NA	NA	NA	NA	NA	NA	NA	NA	NA	NA	NA	NA	NA	NA	NA
NA	NA	NA	NA	NA	NA	NA	NA	NA	NA	NA	NA	NA	NA	NA	NA
NA	NA	NA	NA	NA	NA	NA	NA	NA	NA	NA	NA	NA	NA	NA	NA
NA	NA	NA	NA	NA	NA	NA	NA	NA	NA	NA	NA	NA	NA	NA	NA
NA	NA	NA	NA	NA	NA	NA	NA	NA	NA	NA	NA	NA	NA	NA	NA
NA	NA	NA	NA	NA	NA	NA	NA	NA	NA	NA	NA	NA	NA	NA	NA
NA	NA	NA	NA	NA	NA	NA	NA	NA	NA	NA	NA	NA	NA	NA	NA
NA	NA	NA	NA	NA	NA	NA	NA	NA	NA	NA	NA	NA	NA	NA	NA
NA	NA	NA	NA	NA	NA	NA	NA	NA	NA	NA	NA	NA	NA	NA	NA
NA	NA	NA	NA	NA	NA	NA	NA	NA	NA	NA	NA	NA	NA	NA	NA
NA	NA	NA	NA	NA	NA	NA	NA	NA	NA	NA	NA	NA	NA	NA	NA
NA	NA	NA	NA	NA	NA	NA	NA	NA	NA	NA	NA	NA	NA	NA	NA
NA	NA	NA	NA	NA	NA	NA	NA	NA	NA	NA	NA	NA	NA	NA	NA
NA	NA	NA	NA	NA	NA	NA	NA	NA	NA	NA	NA	NA	NA	NA	NA
NA	NA	NA	NA	NA	NA	NA	NA	NA	NA	NA	NA	NA	NA	NA	NA
NA	NA	NA	NA	NA	NA	NA	NA	NA	NA	NA	NA	NA	NA	NA	NA
NA	NA	NA	NA	NA	NA	NA	NA	NA	NA	NA	NA	NA	NA	NA	NA
NA	NA	NA	NA	NA	NA	NA	NA	NA	NA	NA	NA	NA	NA	NA	NA
NA	NA	NA	NA	NA	NA	NA	NA	NA	NA	NA	NA	NA	NA	NA	NA
NA	NA	NA	NA	NA	NA	NA	NA	NA	NA	NA	NA	NA	NA	NA	NA
NA	NA	NA	NA	NA	NA	NA	NA	NA	NA	NA	NA	NA	NA	NA	NA
NA	NA	NA	NA	NA	NA	NA	NA	NA	NA	NA	NA	NA	NA	NA	NA
NA	NA	NA	NA	NA	NA	NA	NA	NA	NA	NA	NA	NA	NA	NA	NA
NA	NA	NA	NA	NA	NA	NA	NA	NA	NA	NA	NA	NA	NA	NA	NA
NA	NA	NA	NA	NA	NA	NA	NA	NA	NA	NA	NA	NA	NA	NA	NA
NA	NA	NA	NA	NA	NA	NA	NA	NA	NA	NA	NA	NA	NA	NA	NA
NA	NA	NA	NA	NA	NA	NA	NA	NA	NA	NA	NA	NA	NA	NA	NA
NA	NA	NA	NA	NA	NA	NA	NA	NA	NA	NA	NA	NA	NA	NA	NA
NA	NA	NA	NA	NA	NA	NA	NA	NA	NA	NA	NA	NA	NA	NA	NA
NA	NA	NA	NA	NA	NA	NA	NA	NA	NA	NA	NA	NA	NA	NA	NA
NA	NA	NA	NA	NA	NA	NA	NA	NA	NA	NA	NA	NA	NA	NA	NA
NA	NA	NA	NA	NA	NA	NA	NA	NA	NA	NA	NA	NA	NA	NA	NA
NA	NA	NA	NA	NA	NA	NA	NA	NA	NA	NA	NA	NA	NA	NA	NA
NA	NA	NA	NA	NA	NA	NA	NA	NA	NA	NA	NA	NA	NA	NA	NA
NA	NA	NA	NA	NA	NA	NA	NA	NA	NA	NA	NA	NA	NA	NA	NA
NA	NA	NA	NA	NA	NA	NA	NA	NA	NA	NA	NA	NA	NA	NA	NA
NA	NA	NA	NA	NA	NA	NA	NA	NA	NA	NA	NA	NA	NA	NA	NA
NA	NA	NA	NA	NA	NA	NA	NA	NA	NA	NA	NA	NA	NA	NA	NA
NA	NA	NA	NA	NA	NA	NA	NA	NA	NA	NA	NA	NA	NA	NA	NA
NA	NA	NA	NA	NA	NA	NA	NA	NA	NA	NA	NA	NA	NA	NA	NA
NA	NA	NA	NA	NA	NA	NA	NA	NA	NA	NA	NA	NA	NA	NA	NA
NA	NA	NA	NA	NA	NA	NA	NA	NA	NA	NA	NA	NA	NA	NA	NA
NA	NA	NA	NA	NA	NA	NA	NA	NA	NA	NA	NA	NA	NA	NA	NA
NA	NA	NA	NA	NA	NA	NA	NA	NA	NA	NA	NA	NA	NA	NA	NA
NA	NA	NA	NA	NA	NA	NA	NA	NA	NA	NA	NA	NA	NA	NA	NA
NA	NA	NA	NA	NA	NA	NA	NA	NA	NA	NA	NA	NA	NA	NA	NA
NA	NA	NA	NA	NA	NA	NA	NA	NA	NA	NA	NA	NA	NA	NA	NA
NA	NA	NA	NA	NA	NA	NA	NA	NA	NA	NA	NA	NA	NA	NA	NA
NA	NA	NA	NA	NA	NA	NA	NA	NA	NA	NA	NA	NA	NA	NA	NA
NA	NA	NA	NA	NA	NA	NA	NA	NA	NA	NA	NA	NA	NA	NA	NA
NA	NA	NA	NA	NA	NA	NA	NA	NA	NA	NA	NA	NA	NA	NA	NA
NA	NA	NA	NA	NA	NA	NA	NA	NA	NA	NA	NA	NA	NA	NA	NA
NA	NA	NA	NA	NA	NA	NA	NA	NA	NA	NA	NA	NA	NA	NA	NA
NA	NA	NA	NA	NA	NA	NA	NA	NA	NA	NA	NA	NA	NA	NA	NA
NA	NA	NA	NA	NA	NA	NA	NA	NA	NA	NA	NA	NA	NA	NA	NA
NA	NA	NA	NA	NA	NA	NA	NA	NA	NA	NA	NA	NA	NA	NA	NA
NA	NA	NA	NA	NA	NA	NA	NA	NA	NA	NA	NA	NA	NA	NA	NA
NA	NA	NA	NA	NA	NA	NA	NA	NA	NA	NA	NA	NA	NA	NA	NA
NA	NA	NA	NA	NA	NA	NA	NA	NA	NA	NA	NA	NA	NA	NA	NA
NA	NA	NA	NA	NA	NA	NA	NA	NA	NA	NA	NA	NA	NA	NA	NA
NA	NA	NA	NA	NA	NA	NA	NA	NA	NA	NA	NA	NA	NA	NA	NA
NA	NA	NA	NA	NA	NA	NA	NA	NA	NA	NA	NA	NA	NA	NA	NA
NA	NA	NA	NA	NA	NA	NA	NA	NA	NA	NA	NA	NA	NA	NA	NA
NA	NA	NA	NA	NA	NA	NA	NA	NA	NA	NA	NA	NA	NA	NA	NA
NA	NA	NA	NA	NA	NA	NA	NA	NA	NA	NA	NA	NA	NA	NA	NA
NA	NA	NA	NA	NA	NA	NA	NA	NA	NA	NA	NA	NA	NA	NA	NA
NA	NA	NA	NA	NA	NA	NA	NA	NA	NA	NA	NA	NA	NA	NA	NA
NA	NA	NA	NA	NA	NA	NA	NA	NA	NA	NA	NA	NA	NA	NA	NA
NA	NA	NA	NA	NA	NA	NA	NA	NA	NA	NA	NA	NA	NA	NA	NA
NA	NA	NA	NA	NA	NA	NA	NA	NA	NA	NA	NA	NA	NA	NA	NA
NA	NA	NA	NA	NA	NA	NA	NA	NA	NA	NA	NA	NA	NA	NA	NA
NA	NA	NA	NA	NA	NA	NA	NA	NA	NA	NA	NA	NA	NA	NA	NA
NA	NA	NA	NA	NA	NA	NA	NA	NA	NA	NA	NA	NA	NA	NA	NA
NA	NA	NA	NA	NA	NA	NA	NA	NA	NA	NA	NA	NA	NA	NA	NA
NA	NA	NA	NA	NA	NA	NA	NA	NA	NA	NA	NA	NA	NA	NA	NA
NA	NA	NA	NA	NA	NA	NA	NA	NA	NA	NA	NA	NA	NA	NA	NA
NA	NA	NA	NA	NA	NA	NA	NA	NA	NA	NA	NA	NA	NA	NA	NA
NA	NA	NA	NA	NA	NA	NA	NA	NA	NA	NA	NA	NA	NA	NA	NA
NA	NA	NA	NA	NA	NA	NA	NA	NA	NA	NA	NA	NA	NA	NA	NA
NA	NA	NA	NA	NA	NA	NA	NA	NA	NA	NA	NA	NA	NA	NA	NA
NA	NA	NA	NA	NA	NA	NA	NA	NA	NA	NA	NA	NA	NA	NA	NA
NA	NA	NA	NA	NA	NA	NA	NA	NA	NA	NA	NA	NA	NA	NA	NA
NA	NA	NA	NA	NA	NA	NA	NA	NA	NA	NA	NA	NA	NA	NA	NA
NA	NA	NA	NA	NA	NA	NA	NA	NA	NA	NA	NA	NA	NA	NA	NA
NA	NA	NA	NA	NA	NA	NA	NA	NA	NA	NA	NA	NA	NA	NA	NA
NA	NA	NA	NA	NA	NA	NA	NA	NA	NA	NA	NA	NA	NA	NA	NA
NA	NA	NA	NA	NA	NA	NA	NA	NA	NA	NA	NA	NA	NA	NA	NA
NA	NA	NA	NA	NA	NA	NA	NA	NA	NA	NA	NA	NA	NA	NA	NA
NA	NA	NA	NA	NA	NA	NA	NA	NA	NA	NA	NA	NA	NA	NA	NA
NA	NA	NA	NA	NA	NA	NA	NA	NA	NA	NA	NA	NA	NA	NA	NA
NA	NA	NA	NA	NA	NA	NA	NA	NA	NA	NA	NA	NA	NA	NA	NA
NA	NA	NA	NA	NA	NA	NA	NA	NA	NA	NA	NA	NA	NA	NA	NA
NA	NA	NA	NA	NA	NA	NA	NA	NA	NA	NA	NA	NA	NA	NA	NA
NA	NA	NA	NA	NA	NA	NA	NA	NA	NA	NA	NA	NA	NA	NA	NA
NA	NA	NA	NA	NA	NA	NA	NA	NA	NA	NA	NA	NA	NA	NA	NA
NA	NA	NA	NA	NA	NA	NA	NA	NA	NA	NA	NA	NA	NA	NA	NA
NA	NA	NA	NA	NA	NA	NA	NA	NA	NA	NA	NA	NA	NA	NA	NA
NA	NA	NA	NA	NA	NA	NA	NA	NA	NA	NA	NA	NA	NA	NA	NA
NA	NA	NA	NA	NA	NA	NA	NA	NA	NA	NA	NA	NA	NA	NA	NA
NA	NA	NA	NA	NA	NA	NA	NA	NA	NA	NA	NA	NA	NA	NA	NA
NA	NA	NA	NA	NA	NA	NA	NA	NA	NA	NA	NA	NA	NA	NA	NA
NA	NA	NA	NA	NA	NA	NA	NA	NA	NA	NA	NA	NA	NA	NA	NA
NA	NA	NA	NA	NA	NA	NA	NA	NA	NA	NA	NA	NA	NA	NA	NA
NA	NA	NA	NA	NA	NA	NA	NA	NA	NA	NA	NA	NA	NA	NA	NA
NA	NA	NA	NA	NA	NA	NA	NA	NA	NA	NA	NA	NA	NA	NA	NA
NA	NA	NA	NA	NA	NA	NA	NA	NA	NA	NA	NA	NA	NA	NA	NA
NA	NA	NA	NA	NA	NA	NA	NA	NA	NA	NA	NA	NA	NA	NA	NA
NA	NA	NA	NA	NA	NA	NA	NA	NA	NA	NA	NA	NA	NA	NA	NA
NA	NA	NA	NA	NA	NA	NA	NA	NA	NA	NA	NA	NA	NA	NA	NA
NA	NA	NA	NA	NA	NA	NA	NA	NA	NA	NA	NA	NA	NA	NA	NA
NA	NA	NA	NA	NA	NA	NA	NA	NA	NA	NA	NA	NA	NA	NA	NA
NA	NA	NA	NA	NA	NA	NA	NA	NA	NA	NA	NA	NA	NA	NA	NA
NA	NA	NA	NA	NA	NA	NA	NA	NA	NA	NA	NA	NA	NA	NA	NA
NA	NA	NA	NA	NA	NA	NA	NA	NA	NA	NA	NA	NA	NA	NA	NA
NA	NA	NA	NA	NA	NA	NA	NA	NA	NA	NA	NA	NA	NA	NA	NA
NA	NA	NA	NA	NA	NA	NA	NA	NA	NA	NA	NA	NA	NA	NA	NA
NA	NA	NA	NA	NA	NA	NA	NA	NA	NA	NA	NA	NA	NA	NA	NA
NA	NA	NA	NA	NA	NA	NA	NA	NA	NA	NA	NA	NA	NA	NA	NA
NA	NA	NA	NA	NA	NA	NA	NA	NA	NA	NA	NA	NA	NA	NA	NA
NA	NA	NA	NA	NA	NA	NA	NA	NA	NA	NA	NA	NA	NA	NA	NA
NA	NA	NA	NA	NA	NA	NA	NA	NA	NA	NA	NA	NA	NA	NA	NA
NA	NA	NA	NA	NA	NA	NA	NA	NA	NA	NA	NA	NA	NA	NA	NA
NA	NA	NA	NA	NA	NA	NA	NA	NA	NA	NA	NA	NA	NA	NA	NA
NA	NA	NA	NA	NA	NA	NA	NA	NA	NA	NA	NA	NA	NA	NA	NA
NA	NA	NA	NA	NA	NA	NA	NA	NA	NA	NA	NA	NA	NA	NA	NA
NA	NA	NA	NA	NA	NA	NA	NA	NA	NA	NA	NA	NA	NA	NA	NA
NA	NA	NA	NA	NA	NA	NA	NA	NA	NA	NA	NA	NA	NA	NA	NA
NA	NA	NA	NA	NA	NA	NA	NA	NA	NA	NA	NA	NA	NA	NA	NA
NA	NA	NA	NA	NA	NA	NA	NA	NA	NA	NA	NA	NA	NA	NA	NA
NA	NA	NA	NA	NA	NA	NA	NA	NA	NA	NA	NA	NA	NA	NA	NA
NA	NA	NA	NA	NA	NA	NA	NA	NA	NA	NA	NA	NA	NA	NA	NA
NA	NA	NA	NA	NA	NA	NA	NA	NA	NA	NA	NA	NA	NA	NA	NA
NA	NA	NA	NA	NA	NA	NA	NA	NA	NA	NA	NA	NA	NA	NA	NA
NA	NA	NA	NA	NA	NA	NA	NA	NA	NA	NA	NA	NA	NA	NA	NA
NA	NA	NA	NA	NA	NA	NA	NA	NA	NA	NA	NA	NA	NA	NA	NA
NA	NA	NA	NA	NA	NA	NA	NA	NA	NA	NA	NA	NA	NA	NA	NA
NA	NA	NA	NA	NA	NA	NA	NA	NA	NA	NA	NA	NA	NA	NA	NA
NA	NA	NA	NA	NA	NA	NA	NA	NA	NA	NA	NA	NA	NA	NA	NA
NA	NA	NA	NA	NA	NA	NA	NA	NA	NA	NA	NA	NA	NA	NA	NA
NA	NA	NA	NA	NA	NA	NA	NA	NA	NA	NA	NA	NA	NA	NA	NA
NA	NA	NA	NA	NA	NA	NA	NA	NA	NA	NA	NA	NA	NA	NA	NA
NA	NA	NA	NA	NA	NA	NA	NA	NA	NA	NA	NA	NA	NA	NA	NA
NA	NA	NA	NA	NA	NA	NA	NA	NA	NA	NA	NA	NA	NA	NA	NA
NA	NA	NA	NA	NA	NA	NA	NA	NA	NA	NA	NA	NA	NA	NA	NA
NA	NA	NA	NA	NA	NA	NA	NA	NA	NA	NA	NA	NA	NA	NA	NA
NA	NA	NA	NA	NA	NA	NA	NA	NA	NA	NA	NA	NA	NA	NA	NA
NA	NA	NA	NA	NA	NA	NA	NA	NA	NA	NA	NA	NA	NA	NA	NA
NA	NA	NA	NA	NA	NA	NA	NA	NA	NA	NA	NA	NA	NA	NA	NA
NA	NA	NA	NA	NA	NA	NA	NA	NA	NA	NA	NA	NA	NA	NA	NA
NA	NA	NA	NA	NA	NA	NA	NA	NA	NA	NA	NA	NA	NA	NA	NA
NA	NA	NA	NA	NA	NA	NA	NA	NA	NA	NA	NA	NA	NA	NA	NA
NA	NA	NA	NA	NA	NA	NA	NA	NA	NA	NA	NA	NA	NA	NA	NA
NA	NA	NA	NA	NA	NA	NA	NA	NA	NA	NA	NA	NA	NA	NA	NA
NA	NA	NA	NA	NA	NA	NA	NA	NA	NA	NA	NA	NA	NA	NA	NA
NA	NA	NA	NA	NA	NA	NA	NA	NA	NA	NA	NA	NA	NA	NA	NA
NA	NA	NA	NA	NA	NA	NA	NA	NA	NA	NA	NA	NA	NA	NA	NA
NA	NA	NA	NA	NA	NA	NA	NA	NA	NA	NA	NA	NA	NA	NA	NA
NA	NA	NA	NA	NA	NA	NA	NA	NA	NA	NA	NA	NA	NA	NA	NA
NA	NA	NA	NA	NA	NA	NA	NA	NA	NA	NA	NA	NA	NA	NA	NA
NA	NA	NA	NA	NA	NA	NA	NA	NA	NA	NA	NA	NA	NA	NA	NA
NA	NA	NA	NA	NA	NA	NA	NA	NA	NA	NA	NA	NA	NA	NA	NA
NA	NA	NA	NA	NA	NA	NA	NA	NA	NA	NA	NA	NA	NA	NA	NA
NA	NA	NA	NA	NA	NA	NA	NA	NA	NA	NA	NA	NA	NA	NA	NA
NA	NA	NA	NA	NA	NA	NA	NA	NA	NA	NA	NA	NA	NA	NA	NA
NA	NA	NA	NA	NA	NA	NA	NA	NA	NA	NA	NA	NA	NA	NA	NA
NA	NA	NA	NA	NA	NA	NA	NA	NA	NA	NA	NA	NA	NA	NA	NA
NA	NA	NA	NA	NA	NA	NA	NA	NA	NA	NA	NA	NA	NA	NA	NA
NA	NA	NA	NA	NA	NA	NA	NA	NA	NA	NA	NA	NA	NA	NA	NA
NA	NA	NA	NA	NA	NA	NA	NA	NA	NA	NA	NA	NA	NA	NA	NA
NA	NA	NA	NA	NA	NA	NA	NA	NA	NA	NA	NA	NA	NA	NA	NA
NA	NA	NA	NA	NA	NA	NA	NA	NA	NA	NA	NA	NA	NA	NA	NA
NA	NA	NA	NA	NA	NA	NA	NA	NA	NA	NA	NA	NA	NA	NA	NA
NA	NA	NA	NA	NA	NA	NA	NA	NA	NA	NA	NA	NA	NA	NA	NA
NA	NA	NA	NA	NA	NA	NA	NA	NA	NA	NA	NA	NA	NA	NA	NA
NA	NA	NA	NA	NA	NA	NA	NA	NA	NA	NA	NA	NA	NA	NA	NA
NA	NA	NA	NA	NA	NA	NA	NA	NA	NA	NA	NA	NA	NA	NA	NA
NA	NA	NA	NA	NA	NA	NA	NA	NA	NA	NA	NA	NA	NA	NA	NA
NA	NA	NA	NA	NA	NA	NA	NA	NA	NA	NA	NA	NA	NA	NA	NA
NA	NA	NA	NA	NA	NA	NA	NA	NA	NA	NA	NA	NA	NA	NA	NA
NA	NA	NA	NA	NA	NA	NA	NA	NA	NA	NA	NA	NA	NA	NA	NA
NA	NA	NA	NA	NA	NA	NA	NA	NA	NA	NA	NA	NA	NA	NA	NA
NA	NA	NA	NA	NA	NA	NA	NA	NA	NA	NA	NA	NA	NA	NA	NA
NA	NA	NA	NA	NA	NA	NA	NA	NA	NA	NA	NA	NA	NA	NA	NA
NA	NA	NA	NA	NA	NA	NA	NA	NA	NA	NA	NA	NA	NA	NA	NA
NA	NA	NA	NA	NA	NA	NA	NA	NA	NA	NA	NA	NA	NA	NA	NA
NA	NA	NA	NA	NA	NA	NA	NA	NA	NA	NA	NA	NA	NA	NA	NA
NA	NA	NA	NA	NA	NA	NA	NA	NA	NA	NA	NA	NA	NA	NA	NA
NA	NA	NA	NA	NA	NA	NA	NA	NA	NA	NA	NA	NA	NA	NA	NA
NA	NA	NA	NA	NA	NA	NA	NA	NA	NA	NA	NA	NA	NA	NA	NA
NA	NA	NA	NA	NA	NA	NA	NA	NA	NA	NA	NA	NA	NA	NA	NA
NA	NA	NA	NA	NA	NA	NA	NA	NA	NA	NA	NA	NA	NA	NA	NA
NA	NA	NA	NA	NA	NA	NA	NA	NA	NA	NA	NA	NA	NA	NA	NA
