X1	X2	X3	X4	X1.1	X2.1	X3.1	X4.1	X1.2	X2.2	X3.2	X4.2	X1.3	X2.3	X3.3	X4.3
NA	NA	NA	NA	NA	NA	NA	NA	NA	NA	NA	NA	NA	NA	NA	NA
NA	NA	NA	NA	NA	NA	NA	NA	NA	NA	NA	NA	NA	NA	NA	NA
NA	NA	NA	NA	NA	NA	NA	NA	NA	NA	NA	NA	NA	NA	NA	NA
NA	NA	NA	NA	NA	NA	NA	NA	NA	NA	NA	NA	NA	NA	NA	NA
NA	NA	NA	NA	NA	NA	NA	NA	NA	NA	NA	NA	NA	NA	NA	NA
NA	NA	NA	NA	NA	NA	NA	NA	NA	NA	NA	NA	NA	NA	NA	NA
NA	NA	NA	NA	NA	NA	NA	NA	NA	NA	NA	NA	NA	NA	NA	NA
NA	NA	NA	NA	NA	NA	NA	NA	NA	NA	NA	NA	NA	NA	NA	NA
NA	NA	NA	NA	NA	NA	NA	NA	NA	NA	NA	NA	NA	NA	NA	NA
NA	NA	NA	NA	NA	NA	NA	NA	NA	NA	NA	NA	NA	NA	NA	NA
NA	NA	NA	NA	NA	NA	NA	NA	NA	NA	NA	NA	NA	NA	NA	NA
NA	NA	NA	NA	NA	NA	NA	NA	NA	NA	NA	NA	NA	NA	NA	NA
NA	NA	NA	NA	NA	NA	NA	NA	NA	NA	NA	NA	NA	NA	NA	NA
NA	NA	NA	NA	NA	NA	NA	NA	NA	NA	NA	NA	NA	NA	NA	NA
NA	NA	NA	NA	NA	NA	NA	NA	NA	NA	NA	NA	NA	NA	NA	NA
NA	NA	NA	NA	NA	NA	NA	NA	NA	NA	NA	NA	NA	NA	NA	NA
NA	NA	NA	NA	NA	NA	NA	NA	NA	NA	NA	NA	NA	NA	NA	NA
NA	NA	NA	NA	NA	NA	NA	NA	NA	NA	NA	NA	NA	NA	NA	NA
NA	NA	NA	NA	NA	NA	NA	NA	NA	NA	NA	NA	NA	NA	NA	NA
NA	NA	NA	NA	NA	NA	NA	NA	NA	NA	NA	NA	NA	NA	NA	NA
NA	NA	NA	NA	NA	NA	NA	NA	NA	NA	NA	NA	NA	NA	NA	NA
NA	NA	NA	NA	NA	NA	NA	NA	NA	NA	NA	NA	NA	NA	NA	NA
NA	NA	NA	NA	NA	NA	NA	NA	NA	NA	NA	NA	NA	NA	NA	NA
NA	NA	NA	NA	NA	NA	NA	NA	NA	NA	NA	NA	NA	NA	NA	NA
NA	NA	NA	NA	NA	NA	NA	NA	NA	NA	NA	NA	NA	NA	NA	NA
NA	NA	NA	NA	NA	NA	NA	NA	NA	NA	NA	NA	NA	NA	NA	NA
NA	NA	NA	NA	NA	NA	NA	NA	NA	NA	NA	NA	NA	NA	NA	NA
NA	NA	NA	NA	NA	NA	NA	NA	NA	NA	NA	NA	NA	NA	NA	NA
NA	NA	NA	NA	NA	NA	NA	NA	NA	NA	NA	NA	NA	NA	NA	NA
NA	NA	NA	NA	NA	NA	NA	NA	NA	NA	NA	NA	NA	NA	NA	NA
NA	NA	NA	NA	NA	NA	NA	NA	NA	NA	NA	NA	NA	NA	NA	NA
NA	NA	NA	NA	NA	NA	NA	NA	NA	NA	NA	NA	NA	NA	NA	NA
NA	NA	NA	NA	NA	NA	NA	NA	NA	NA	NA	NA	NA	NA	NA	NA
NA	NA	NA	NA	NA	NA	NA	NA	NA	NA	NA	NA	NA	NA	NA	NA
NA	NA	NA	NA	NA	NA	NA	NA	NA	NA	NA	NA	NA	NA	NA	NA
NA	NA	NA	NA	NA	NA	NA	NA	NA	NA	NA	NA	NA	NA	NA	NA
NA	NA	NA	NA	NA	NA	NA	NA	NA	NA	NA	NA	NA	NA	NA	NA
NA	NA	NA	NA	NA	NA	NA	NA	NA	NA	NA	NA	NA	NA	NA	NA
NA	NA	NA	NA	NA	NA	NA	NA	NA	NA	NA	NA	NA	NA	NA	NA
NA	NA	NA	NA	NA	NA	NA	NA	NA	NA	NA	NA	NA	NA	NA	NA
NA	NA	NA	NA	NA	NA	NA	NA	NA	NA	NA	NA	NA	NA	NA	NA
NA	NA	NA	NA	NA	NA	NA	NA	NA	NA	NA	NA	NA	NA	NA	NA
NA	NA	NA	NA	NA	NA	NA	NA	NA	NA	NA	NA	NA	NA	NA	NA
NA	NA	NA	NA	NA	NA	NA	NA	NA	NA	NA	NA	NA	NA	NA	NA
NA	NA	NA	NA	NA	NA	NA	NA	NA	NA	NA	NA	NA	NA	NA	NA
NA	NA	NA	NA	NA	NA	NA	NA	NA	NA	NA	NA	NA	NA	NA	NA
NA	NA	NA	NA	NA	NA	NA	NA	NA	NA	NA	NA	NA	NA	NA	NA
NA	NA	NA	NA	NA	NA	NA	NA	NA	NA	NA	NA	NA	NA	NA	NA
NA	NA	NA	NA	NA	NA	NA	NA	NA	NA	NA	NA	NA	NA	NA	NA
NA	NA	NA	NA	NA	NA	NA	NA	NA	NA	NA	NA	NA	NA	NA	NA
NA	NA	NA	NA	NA	NA	NA	NA	NA	NA	NA	NA	NA	NA	NA	NA
NA	NA	NA	NA	NA	NA	NA	NA	NA	NA	NA	NA	NA	NA	NA	NA
NA	NA	NA	NA	NA	NA	NA	NA	NA	NA	NA	NA	NA	NA	NA	NA
NA	NA	NA	NA	NA	NA	NA	NA	NA	NA	NA	NA	NA	NA	NA	NA
NA	NA	NA	NA	NA	NA	NA	NA	NA	NA	NA	NA	NA	NA	NA	NA
NA	NA	NA	NA	NA	NA	NA	NA	NA	NA	NA	NA	NA	NA	NA	NA
NA	NA	NA	NA	NA	NA	NA	NA	NA	NA	NA	NA	NA	NA	NA	NA
NA	NA	NA	NA	NA	NA	NA	NA	NA	NA	NA	NA	NA	NA	NA	NA
NA	NA	NA	NA	NA	NA	NA	NA	NA	NA	NA	NA	NA	NA	NA	NA
NA	NA	NA	NA	NA	NA	NA	NA	NA	NA	NA	NA	NA	NA	NA	NA
NA	NA	NA	NA	NA	NA	NA	NA	NA	NA	NA	NA	NA	NA	NA	NA
NA	NA	NA	NA	NA	NA	NA	NA	NA	NA	NA	NA	NA	NA	NA	NA
NA	NA	NA	NA	NA	NA	NA	NA	NA	NA	NA	NA	NA	NA	NA	NA
NA	NA	NA	NA	NA	NA	NA	NA	NA	NA	NA	NA	NA	NA	NA	NA
NA	NA	NA	NA	NA	NA	NA	NA	NA	NA	NA	NA	NA	NA	NA	NA
NA	NA	NA	NA	NA	NA	NA	NA	NA	NA	NA	NA	NA	NA	NA	NA
NA	NA	NA	NA	NA	NA	NA	NA	NA	NA	NA	NA	NA	NA	NA	NA
NA	NA	NA	NA	NA	NA	NA	NA	NA	NA	NA	NA	NA	NA	NA	NA
NA	NA	NA	NA	NA	NA	NA	NA	NA	NA	NA	NA	NA	NA	NA	NA
NA	NA	NA	NA	NA	NA	NA	NA	NA	NA	NA	NA	NA	NA	NA	NA
NA	NA	NA	NA	NA	NA	NA	NA	NA	NA	NA	NA	NA	NA	NA	NA
NA	NA	NA	NA	NA	NA	NA	NA	NA	NA	NA	NA	NA	NA	NA	NA
NA	NA	NA	NA	NA	NA	NA	NA	NA	NA	NA	NA	NA	NA	NA	NA
NA	NA	NA	NA	NA	NA	NA	NA	NA	NA	NA	NA	NA	NA	NA	NA
NA	NA	NA	NA	NA	NA	NA	NA	NA	NA	NA	NA	NA	NA	NA	NA
NA	NA	NA	NA	NA	NA	NA	NA	NA	NA	NA	NA	NA	NA	NA	NA
NA	NA	NA	NA	NA	NA	NA	NA	NA	NA	NA	NA	NA	NA	NA	NA
NA	NA	NA	NA	NA	NA	NA	NA	NA	NA	NA	NA	NA	NA	NA	NA
NA	NA	NA	NA	NA	NA	NA	NA	NA	NA	NA	NA	NA	NA	NA	NA
NA	NA	NA	NA	NA	NA	NA	NA	NA	NA	NA	NA	NA	NA	NA	NA
NA	NA	NA	NA	NA	NA	NA	NA	NA	NA	NA	NA	NA	NA	NA	NA
NA	NA	NA	NA	NA	NA	NA	NA	NA	NA	NA	NA	NA	NA	NA	NA
NA	NA	NA	NA	NA	NA	NA	NA	NA	NA	NA	NA	NA	NA	NA	NA
NA	NA	NA	NA	NA	NA	NA	NA	NA	NA	NA	NA	NA	NA	NA	NA
NA	NA	NA	NA	NA	NA	NA	NA	NA	NA	NA	NA	NA	NA	NA	NA
NA	NA	NA	NA	NA	NA	NA	NA	NA	NA	NA	NA	NA	NA	NA	NA
NA	NA	NA	NA	NA	NA	NA	NA	NA	NA	NA	NA	NA	NA	NA	NA
NA	NA	NA	NA	NA	NA	NA	NA	NA	NA	NA	NA	NA	NA	NA	NA
NA	NA	NA	NA	NA	NA	NA	NA	NA	NA	NA	NA	NA	NA	NA	NA
NA	NA	NA	NA	NA	NA	NA	NA	NA	NA	NA	NA	NA	NA	NA	NA
NA	NA	NA	NA	NA	NA	NA	NA	NA	NA	NA	NA	NA	NA	NA	NA
NA	NA	NA	NA	NA	NA	NA	NA	NA	NA	NA	NA	NA	NA	NA	NA
NA	NA	NA	NA	NA	NA	NA	NA	NA	NA	NA	NA	NA	NA	NA	NA
NA	NA	NA	NA	NA	NA	NA	NA	NA	NA	NA	NA	NA	NA	NA	NA
NA	NA	NA	NA	NA	NA	NA	NA	NA	NA	NA	NA	NA	NA	NA	NA
NA	NA	NA	NA	NA	NA	NA	NA	NA	NA	NA	NA	NA	NA	NA	NA
NA	NA	NA	NA	NA	NA	NA	NA	NA	NA	NA	NA	NA	NA	NA	NA
NA	NA	NA	NA	NA	NA	NA	NA	NA	NA	NA	NA	NA	NA	NA	NA
NA	NA	NA	NA	NA	NA	NA	NA	NA	NA	NA	NA	NA	NA	NA	NA
NA	NA	NA	NA	NA	NA	NA	NA	NA	NA	NA	NA	NA	NA	NA	NA
2.20908404236676	0.0822540933858275	2.04786601933053	2.37030206540298	2.18632220524934	0.10750256669228	1.97561717453247	2.39702723596621	2.18632220524934	0.0822540933858275	2.01476986540137	2.34317146584669	2.18666571402089	0.0770959996000171	2.03547805775087	2.33785337029092
1.99662425144539	0.100590889592724	1.79946610784365	2.19378239504713	1.99015926412804	0.13519747232981	1.72517221836162	2.25514630989447	1.99015926412804	0.100590889592724	1.79862583231716	2.19764306614673	1.99098984463718	0.095820426911494	1.80304395438381	2.17893573489055
2.06416956088589	0.0920175356396998	1.88381519103208	2.2445239307397	2.03134400633685	0.120085326577763	1.79597676624443	2.26671124642926	2.03134400633685	0.0920175356396998	1.85745844784302	2.22239655527374	2.03127273322027	0.0850031384621647	1.86455981804158	2.19798564839897
2.00342634428401	0.0839171307612808	1.8389487679919	2.16790392057612	2.00464659799075	0.110229682759064	1.78859641978299	2.22069677619852	2.00464659799075	0.0839171307612808	1.84106758866761	2.16385046254549	2.00459259139578	0.0780619634744571	1.85150770870949	2.15767747408206
2.01525579769883	0.0773708630194566	1.86360890618069	2.16690268921696	1.99212520769431	0.101897963097082	1.79240520002403	2.19184521536459	1.99212520769431	0.0773708630194566	1.83842357087763	2.14346676401591	1.99353309493664	0.0726355948425765	1.85110209204067	2.13596409783261
1.92693677753348	0.090029267241755	1.75047941373964	2.10339414132732	1.88661122449097	0.112811345381849	1.66550098754255	2.1077214614394	1.88661122449097	0.090029267241755	1.72528856216357	2.07215178525045	1.88760675138024	0.0838850844253882	1.72309554982289	2.05211795293759
1.90495066408518	0.0902414282315443	1.72807746475136	2.08182386341901	1.97513291735154	0.121927972273355	1.73615409169576	2.21411174300731	1.97513291735154	0.0902414282315443	1.79525597074939	2.15359672275746	1.97443626065392	0.0832108660785931	1.81125313244637	2.13761938886147
1.86460743168653	0.0791099017378697	1.7095520242803	2.01966283909275	1.87478250832969	0.104774102312702	1.6694252677968	2.08013974886259	1.87478250832969	0.0791099017378697	1.71698764565759	2.03066649224889	1.87527255975179	0.0750109576727803	1.72817572064178	2.0223693988618
1.95333850753305	0.0815225026412681	1.79355440235616	2.11312261270993	1.96660243055702	0.110926215346566	1.74918704847775	2.18401781263629	1.96660243055702	0.0815225026412681	1.80541138329834	2.13125879498351	1.96802596697633	0.0756816757006278	1.8196195823745	2.11643235157816
1.96344043963661	0.0914898577705468	1.78412031840634	2.14276056086688	1.98237650051385	0.118788223757054	1.74955158195003	2.21520141907768	1.98237650051385	0.0914898577705468	1.80112605849787	2.16034299211905	1.98168977565314	0.0861416059314886	1.81274513847235	2.15063441283393
2.12310114057121	0.0839150330372199	1.95862767581826	2.28757460532416	2.11034052105503	0.11031776585361	1.89411769998196	2.32656334212811	2.11034052105503	0.0839150330372199	1.95254626876743	2.28612801607142	2.10855206430116	0.0769828051089883	1.95758893761152	2.2595151909908
2.15476656089908	0.0824751749655289	1.99311521796665	2.31641790383152	2.14255808373501	0.110826107397934	1.92533891323506	2.35977725423496	2.14255808373501	0.0824751749655289	1.98752901468911	2.31241079297506	2.14336681658605	0.0770606817851512	1.99224623176292	2.29448740140917
2.0231303636953	0.103565716831172	1.8201415587062	2.2261191686844	2.05127314378197	0.130801532411136	1.79490214025614	2.30764414730779	2.05127314378197	0.103565716831172	1.85381953001667	2.26328847848938	2.05018664524447	0.102313497528225	1.84950141547188	2.25087187501705
1.87872989333942	0.078028216017156	1.7257945899458	2.03166519673305	1.85658221776082	0.105527056283702	1.64974918744477	2.06341524807688	1.85658221776082	0.078028216017156	1.69807478463181	2.00614251103336	1.85724682965707	0.0738754165443659	1.71238040919514	2.00211325011899
2.02719912582673	0.0947065772155821	1.84157423448419	2.21282401716928	2.03101478246558	0.120892055914124	1.7940663528739	2.26796321205726	2.03101478246558	0.0947065772155821	1.84088102774203	2.21612430860785	2.0302625933535	0.0914224190042573	1.85095612239972	2.20956906430728
1.93980343944279	0.11103147692974	1.72218174466049	2.15742513422508	2.06521958264404	0.139753819865047	1.79130209570855	2.33913706957953	2.06521958264404	0.11103147692974	1.88011645452321	2.29242761847074	2.06507019060841	0.105998950310296	1.85714768239321	2.2729926988236
2.03612616791555	0.0784089637973323	1.88244459887278	2.18980773695832	2.02596671187353	0.106889459484207	1.81646337128449	2.23547005246258	2.02596671187353	0.0784089637973323	1.87126747400076	2.1727266006124	2.02726791738282	0.0699030458923778	1.89019913145216	2.16433670331348
1.96264203290106	0.0984950961134478	1.7695916445187	2.15569242128342	1.89935867089296	0.124191705503283	1.65594292810652	2.14277441367939	1.89935867089296	0.0984950961134478	1.69104442094557	2.07794779678774	1.90140926875158	0.0948309517799793	1.71540634901058	2.08741218849259
2.13372529953478	0.0887221438544773	1.95982989758001	2.30762070148956	2.10911012656545	0.115529488173721	1.88267232974496	2.33554792338594	2.10911012656545	0.0887221438544773	1.93377331826599	2.28135126741768	2.10650200994655	0.0825773738147065	1.94455854003943	2.26844547985368
1.9800868210474	0.101185598923952	1.78176304715645	2.17841059493834	1.99411169206213	0.129326021427724	1.74063269006379	2.24759069406047	1.99411169206213	0.101185598923952	1.80979834062473	2.20422187777917	1.99457358780261	0.0953230136253401	1.80761070633119	2.18153646927403
1.93772471506592	0.0953125129074055	1.7509121897674	2.12453724036443	1.9621617835964	0.125910295350043	1.71537760471031	2.20894596248248	1.9621617835964	0.0953125129074055	1.76971616818078	2.16234230829112	1.96351082661379	0.088060631427719	1.79080441971578	2.13621723351181
1.95142749297786	0.107799194691759	1.74014107138201	2.1627139145737	2.00333287763304	0.135602691030842	1.73755160321259	2.26911415205349	2.00333287763304	0.107799194691759	1.80831846911384	2.21289475736621	2.00251155579011	0.103512924286177	1.79947043096098	2.20555268061924
1.96051384739593	0.0915703736049667	1.7810359151302	2.13999177966167	1.92904547682563	0.121567516290118	1.690773144897	2.16731780875427	1.92904547682563	0.0915703736049667	1.74472307857476	2.10471836413485	1.92938031893318	0.0831123737509455	1.76638686785543	2.09237377001094
2.06940234374294	0.0956265240883888	1.88197435652969	2.25683033095618	2.1048602603225	0.11678222511621	1.87596709909473	2.33375342155027	2.1048602603225	0.0956265240883888	1.93277759333033	2.30750861011325	2.10516292890368	0.0955926030406127	1.91766575080821	2.29266010699914
2.08084524122223	0.0871277885329357	1.91007477569768	2.25161570674679	2.06774667177802	0.115989167696661	1.84040790309257	2.29508544046348	2.06774667177802	0.0871277885329357	1.89817067720591	2.22942891157403	2.06893401776615	0.0792746909144144	1.91347093492027	2.22439710061202
2.09729810646803	0.0916968384535706	1.91757230309903	2.27702390983703	2.14770126315188	0.116369869828948	1.91961631828715	2.37578620801662	2.14770126315188	0.0916968384535706	1.98018298259305	2.32665829801176	2.14706685095332	0.0870936011795887	1.97625250331121	2.31788119859543
2.08872823202051	0.0850781462684579	1.92197506533434	2.25548139870669	2.05186979068907	0.111207248262305	1.83390358409495	2.26983599728319	2.05186979068907	0.0850781462684579	1.89400929316773	2.21859211558615	2.05359072456458	0.0819847917668444	1.89280744552636	2.2143740036028
2.0286778935048	0.0971125497400845	1.83833729601424	2.21901849099537	2.02558116858992	0.124987961692392	1.78060476367283	2.270557573507	2.02558116858992	0.0971125497400845	1.84345283336476	2.23200512215843	2.02496497346559	0.0941813853583004	1.84024032237314	2.20968962455804
2.10048208032208	0.0983015841867493	1.90781097531605	2.29315318532811	2.09173302483597	0.127988900803984	1.84087477926016	2.34259127041177	2.09173302483597	0.0983015841867493	1.90077452681039	2.28539345268506	2.0915056530814	0.0902014000449702	1.91459794445065	2.26841336171215
2.01819059066951	0.0815720431282209	1.8583093861382	2.17807179520083	2.00721869484195	0.106586399844124	1.79830935114747	2.21612803853643	2.00721869484195	0.0815720431282209	1.84938320353431	2.1729473512989	2.00698116915347	0.0749426124812888	1.86002218102353	2.15394015728342
1.94788286440519	0.0805784062788655	1.78994918809861	2.10581654071177	2.0055262637942	0.105107057286148	1.79951643151335	2.21153609607505	2.0055262637942	0.0805784062788655	1.84913274518751	2.16610457042691	2.0049975311562	0.0754372495668747	1.85706745956874	2.15292760274365
1.93411118683503	0.0807533931830971	1.77583453619616	2.0923878374739	1.94925683310694	0.108534295916486	1.73652961311063	2.16198405310325	1.94925683310694	0.0807533931830971	1.78726172535785	2.10791447961959	1.94945973737023	0.0751304613202911	1.80213180579399	2.09678766894647
1.99050437136484	0.087439998799562	1.8191219737177	2.16188676901198	1.995413700756	0.113881585337515	1.77220579349447	2.21862160801753	1.995413700756	0.087439998799562	1.81715679566443	2.16595756244832	1.99325044687645	0.0821993908754461	1.83204719710234	2.15445369665056
1.99717712132053	0.0981232838540087	1.80485548496667	2.18949875767438	2.00951751262627	0.127559608958766	1.75950067906709	2.25953434618545	2.00951751262627	0.0981232838540087	1.79932149310273	2.18415884504415	2.0094978533537	0.0901601661793967	1.83266791208891	2.18632779461849
2.08728008985132	0.0901986163621133	1.91049080178158	2.26406937792106	2.04718059069996	0.115632373629209	1.82054113838671	2.27382004301321	2.04718059069996	0.0901986163621133	1.86805494774119	2.22313487689057	2.04641806822911	0.0855468006043765	1.87863935310505	2.21419678335317
1.94009407667481	0.0866144074733302	1.77032983802708	2.10985831532254	2.01625613407782	0.112128099461141	1.79648505913398	2.23602720902166	2.01625613407782	0.0866144074733302	1.85087151979294	2.1805379717924	2.0189122711611	0.0799276974666349	1.86216778198135	2.17565676034084
1.91592883320382	0.0871229354038286	1.74516787981232	2.08668978659533	1.8886994737869	0.112172503969337	1.668841366007	2.1085575815668	1.8886994737869	0.0871229354038286	1.70755831353496	2.05389891485361	1.88705766855504	0.0814605302707688	1.72730742033107	2.046807916779
1.98682353685399	0.104409474450365	1.78218096693127	2.1914661067767	1.99496584183664	0.130113094749838	1.73994417612696	2.24998750754632	1.99496584183664	0.104409474450365	1.80497778978617	2.20586175940262	1.99387031802162	0.100198303757191	1.79733493237585	2.19040570366738
1.87310742294707	0.0856476688254695	1.70523799204915	2.04097685384499	1.88072973437164	0.109717546360555	1.66568334350495	2.09577612523832	1.88072973437164	0.0856476688254695	1.72592886552627	2.07033662631069	1.88022478685867	0.0814684125263592	1.72045542980764	2.03999414390971
1.95124270165964	0.096718569589839	1.76167430526356	2.14081109805572	1.92000294408576	0.129765809605137	1.6656619572597	2.17434393091183	1.92000294408576	0.096718569589839	1.72969967801181	2.11883871435762	1.919605222524	0.0923665514432703	1.73843999885682	2.10077044619117
1.96064067261122	0.0956555106960618	1.77315587164694	2.1481254735755	1.99732169185877	0.12492562782078	1.75246746133004	2.2421759223875	1.99732169185877	0.0956555106960618	1.82002785134819	2.1897516419575	1.99820818402193	0.0915999423247143	1.81855126538894	2.17786510265491
1.85918593534784	0.0791296717743905	1.70409177867004	2.01428009202565	1.86691501459129	0.103088205122397	1.66486213255139	2.06896789663119	1.86691501459129	0.0791296717743905	1.71233709278295	2.02087922655531	1.86731653602199	0.0753249428444399	1.71960486710598	2.015028204938
2.10629807540311	0.0963618662777896	1.91742881749864	2.29516733330758	2.1372956869808	0.126238327141859	1.88986856578276	2.38472280817885	2.1372956869808	0.0963618662777896	1.94510353431893	2.31450177328192	2.1382210566876	0.0906661902317054	1.96039814738251	2.31604396599268
1.86416760494768	0.0887937138547478	1.69013192579237	2.03820328410299	1.91803321501483	0.117442559470683	1.68784579845229	2.14822063157737	1.91803321501483	0.0887937138547478	1.74312742989024	2.09563277597588	1.91976407212036	0.0824781427702815	1.75801047194815	2.08151767229258
2.01477315831202	0.10154968465198	1.81573577639414	2.2138105402299	2.02624849993451	0.134876154413921	1.76189123728323	2.2906057625858	2.02624849993451	0.10154968465198	1.83545199572899	2.23772491580816	2.02754763104597	0.0926748496530237	1.84578699393197	2.20930826815998
2.09790887453491	0.115713902037673	1.87110962654107	2.32470812252875	2.13968269574177	0.149909985319094	1.84585912451635	2.4335062669672	2.13968269574177	0.115713902037673	1.93467428151672	2.39936447724916	2.13885870055625	0.111678395253712	1.91979512835541	2.35792227275709
2.03530144570414	0.0850400240962655	1.86862299847546	2.20197989293282	1.98669104681624	0.110628139049826	1.76985989427858	2.2035221993539	1.98669104681624	0.0850400240962655	1.82027030808397	2.14631130727024	1.98616418246705	0.0774842598412695	1.83422389100625	2.13810447392785
2.05685510936096	0.10539358099499	1.85028369061078	2.26342652811114	2.11224958192928	0.136425987966384	1.84485464551517	2.37964451834339	2.11224958192928	0.10539358099499	1.91766864290987	2.34400693767559	2.11320708853944	0.0998504023358596	1.9173502925506	2.30906388452827
2.01838856932535	0.0846622276987796	1.85245060303574	2.18432653561496	1.96836877738192	0.106817283215437	1.75900690227966	2.17773065248417	1.96836877738192	0.0846622276987796	1.79595317928848	2.135789139076	1.97030691682435	0.0801344134415871	1.81316373724493	2.12745009640377
2.08969376091893	0.0769856947307714	1.93880179924662	2.24058572259124	2.11561915840793	0.101270496405521	1.9171289854531	2.31410933136275	2.11561915840793	0.0769856947307714	1.96289317332736	2.27078958824718	2.11577136203682	0.0718706281336195	1.97484750066337	2.25669522341026
2.06726821332763	0.098137887172957	1.87491795446863	2.25961847218662	2.03256922806099	0.122270228313382	1.79291958056676	2.27221887555522	2.03256922806099	0.098137887172957	1.84969850663163	2.23382271526974	2.03204913522044	0.0931029684621555	1.84943955319164	2.21465871724924
1.86083582813124	0.0809823903487395	1.70211034304771	2.01956131321477	1.89853902097546	0.102932323333477	1.69679166724185	2.10028637470908	1.89853902097546	0.0809823903487395	1.73529496796059	2.05256962021401	1.89754448601655	0.0759314751945865	1.74864623835747	2.04644273367562
1.91285704843724	0.0939218285349102	1.72877026450882	2.09694383236567	1.958823568846	0.124731874527548	1.71434909477201	2.20329804292	1.958823568846	0.0939218285349102	1.77145399580648	2.14814876297633	1.96065692992966	0.0873282949535682	1.78937699574593	2.13193686411339
1.95074102639553	0.0865411695891599	1.78112033400078	2.12036171879028	1.95385919385406	0.112237490024321	1.73387371340639	2.17384467430173	1.95385919385406	0.0865411695891599	1.79193622217384	2.11763548455013	1.9550302656124	0.0777292327116335	1.80259935201242	2.10746117921237
2.0910163072527	0.0901102559424599	1.91440020560548	2.26763240889992	2.09118179585938	0.118683412732884	1.85856230690293	2.32380128481583	2.09118179585938	0.0901102559424599	1.92103000946068	2.26430920220066	2.09113978325689	0.0861039128320536	1.92226814261146	2.26001142390232
2.02439447101401	0.110860802935068	1.80710729726128	2.24168164476675	2.02460212941281	0.14032929481458	1.74955671157623	2.29964754724938	2.02460212941281	0.110860802935068	1.78490179736389	2.22028369820595	2.02550633498531	0.107350390895099	1.81492983085103	2.23608283911959
2.01250821928265	0.106061536614153	1.80462760751891	2.22038883104639	1.9801579753743	0.135466347630834	1.71464393401786	2.24567201673073	1.9801579753743	0.106061536614153	1.76368994011357	2.18474305612542	1.98029743802497	0.100764344033682	1.7826506691865	2.17794420686345
1.92761827098074	0.0874550080156309	1.7562064552701	2.09903008669138	1.97670353000757	0.117983130894124	1.74545659345509	2.20795046656006	1.97670353000757	0.0874550080156309	1.79773516332184	2.1460564453744	1.97700154605835	0.0815192996253681	1.81713368185794	2.13686941025876
1.87959041625169	0.090787061338293	1.70164777602863	2.05753305647474	1.92747544437843	0.11922106160035	1.69380216364175	2.16114872511512	1.92747544437843	0.090787061338293	1.75134879561522	2.10745010620135	1.92606237995853	0.0817880891632878	1.76566914799021	2.08645561192685
2.17849910763774	0.0781405213086049	2.02534368587287	2.3316545294026	2.17286063905609	0.0982750857496221	1.98024147098684	2.36547980712535	2.17286063905609	0.0781405213086049	2.01371509096696	2.32559338913058	2.17448981029399	0.0739627112182877	2.02945490796059	2.3195247126274
2.05373602651399	0.0844185438992297	1.8882756804715	2.21919637255648	2.03866330472431	0.110436383803137	1.82220799247016	2.25511861697845	2.03866330472431	0.0844185438992297	1.86908293747796	2.20022840461167	2.03865204406268	0.0806149028529349	1.88055535877104	2.19674872935431
2.08389201233963	0.0909725165276847	1.90558587994536	2.26219814473389	2.01537094875104	0.11744480567924	1.78517912961973	2.24556276788235	2.01537094875104	0.0909725165276847	1.83877609882721	2.19236226087654	2.01338604144746	0.0854606504491818	1.84578191233951	2.18099017055541
1.93214764346928	0.0857795024923923	1.76401981858419	2.10027546835437	1.93384859959883	0.111160294012856	1.71597442333363	2.15172277586403	1.93384859959883	0.0857795024923923	1.76557669430604	2.09296617633498	1.9360454988993	0.0796712158646441	1.77980345592315	2.09228754187546
1.92415711012729	0.0870788444925298	1.75348257492193	2.09483164533265	1.9251407106629	0.112421113902256	1.70479532741448	2.14548609391132	1.9251407106629	0.0870788444925298	1.74996514011275	2.09371049737288	1.9279240288633	0.0824216060399591	1.76628151095758	2.08956654676902
1.9826118381596	0.0988466292376054	1.78887244485389	2.1763512314653	2.06202708919544	0.128448810672506	1.81026742027732	2.31378675811355	2.06202708919544	0.0988466292376054	1.87180349451691	2.26801816420187	2.06275605407729	0.0910516253827755	1.8841845205151	2.24132758763949
2.01123211698318	0.0921805029890003	1.83055833112473	2.19190590284162	2.06181145254682	0.12298334320038	1.82076409987407	2.30285880521956	2.06181145254682	0.0921805029890003	1.88386249095371	2.23825700404347	2.06273095719863	0.0869296257738157	1.89224233161171	2.23321958278556
2.00110151225826	0.0928873022071269	1.81904239993229	2.18316062458423	1.99355180552	0.12120237969712	1.75599514131364	2.23110846972636	1.99355180552	0.0928873022071269	1.8280079559381	2.19849433216191	1.99483957717883	0.0855287054758203	1.82709930676827	2.16257984758938
2.10176266570808	0.0934467128496995	1.91860710852267	2.28491822289349	2.05579801618569	0.119690509911744	1.82120461675867	2.29039141561271	2.05579801618569	0.0934467128496995	1.87235952004789	2.2366214987243	2.05702450231131	0.0885876431728223	1.88328022323882	2.23076878138381
2.07140958819552	0.088883028218486	1.89719885288728	2.24562032350375	2.0413451739433	0.112919267975387	1.82002340871154	2.26266693917506	2.0413451739433	0.088883028218486	1.84037433178365	2.21060804212087	2.04134626936142	0.0829242656405747	1.87871311277992	2.20397942594293
2.09662720640864	0.092246112863412	1.91582482519635	2.27742958762093	2.05873965230999	0.123985072475375	1.81572891025825	2.30175039436172	2.05873965230999	0.092246112863412	1.87407793587166	2.24657749595463	2.05954074267084	0.0851683225883412	1.89250813553954	2.22657334980214
2.02088590857501	0.112732857248348	1.79992950836825	2.24184230878177	2.073510028403	0.149094960656493	1.78128390551628	2.36573615128973	2.073510028403	0.112732857248348	1.88048403269447	2.32065307621294	2.0735478346066	0.104433709112603	1.86870317255975	2.27839249665345
1.97564744932113	0.0992802253262864	1.78105820768161	2.17023669096065	2.0485821161795	0.13071378528559	1.79238309701975	2.30478113533926	2.0485821161795	0.0992802253262864	1.86527345438821	2.25825102986462	2.04823005869324	0.0946017145483156	1.8626716989916	2.23378841839488
2.11529702836138	0.0845595138816349	1.94956038115338	2.28103367556939	2.11188567031813	0.112350744217351	1.89167821165213	2.33209312898414	2.11188567031813	0.0845595138816349	1.95110695825798	2.27994015981263	2.11375164848443	0.0794549585966083	1.9579333645634	2.26956993240546
2.05873811376807	0.0885902708056075	1.88510118298908	2.23237504454706	2.10140496008773	0.114393995629357	1.8771927286542	2.32561719152127	2.10140496008773	0.0885902708056075	1.9335158153177	2.27943220768082	2.10156532253378	0.0814466490462928	1.94184044623835	2.2612901988292
2.13065669076918	0.0799028873562024	1.97404703155102	2.28726634998734	2.08961800253025	0.105723755497568	1.88239944175502	2.29683656330549	2.08961800253025	0.0799028873562024	1.93969894721648	2.25250686911948	2.09197530741267	0.0753537155452312	1.9442091704346	2.23974144439074
2.04160997549173	0.0888709535114355	1.86742290660932	2.21579704437414	2.05210590911778	0.113072997757238	1.83048283351359	2.27372898472196	2.05210590911778	0.0888709535114355	1.88786652924966	2.21742918035313	2.05122675487578	0.0837672817126544	1.88694310766119	2.21551040209037
2.06949836084131	0.0868892907441212	1.89919535098283	2.23980137069979	2.0819111514363	0.115578249241448	1.85537778292306	2.30844451994954	2.0819111514363	0.0868892907441212	1.9035786711328	2.23675287208594	2.080089421533	0.079347763824774	1.92448567639605	2.23569316666996
2.11630119024407	0.0885266204533178	1.94278901415556	2.28981336633257	2.07058967309313	0.115210411711837	1.84477726613793	2.29640208004833	2.07058967309313	0.0885266204533178	1.90355632877181	2.24664416975423	2.070498513678	0.080345791004878	1.91293615311021	2.2280608742458
1.99223273614261	0.10217484553857	1.79197003888702	2.19249543339821	2.00001931431716	0.132345300581775	1.74062252517688	2.25941610345743	2.00001931431716	0.10217484553857	1.8088292050599	2.20722882377786	2.00181035797722	0.0935708369594431	1.81828934878751	2.18533136716693
2.12881501160651	0.0884672958357767	1.95541911176839	2.30221091144463	2.1360622977312	0.113996790781842	1.91262858779879	2.35949600766361	2.1360622977312	0.0884672958357767	1.96598389818294	2.30393422048785	2.13496885425394	0.0842388056672564	1.96975905195956	2.30017865654833
1.91989128456339	0.0919099110301571	1.73974785894428	2.1000347101825	1.98254699794514	0.114814457888921	1.75751066048286	2.20758333540743	1.98254699794514	0.0919099110301571	1.81417768710179	2.16775061653167	1.98021086504719	0.0889380078134432	1.80578037395257	2.15464135614181
1.96819626429166	0.0954255204250427	1.78116224425858	2.15523028432475	1.93392411270632	0.12786941120043	1.68330006675347	2.18454815865916	1.93392411270632	0.0954255204250427	1.73086124922525	2.11362076934164	1.93590827504007	0.0926065981753393	1.75427198519957	2.11754456488057
1.93310490493573	0.115677990807348	1.70637604295333	2.15983376691814	1.90977407608374	0.144117367557895	1.62730403567027	2.19224411649722	1.90977407608374	0.115677990807348	1.65975630342565	2.10813661501095	1.91084833411974	0.108815462972525	1.69739732552834	2.12429934271115
1.93205384923307	0.080837083305626	1.77361316595404	2.09049453251209	1.92261940150639	0.106668317821166	1.71354949857691	2.13168930443588	1.92261940150639	0.080837083305626	1.76075658609832	2.09138174720697	1.92044612582596	0.0719816484793426	1.77929813113568	2.06159412051624
2.05879811938612	0.0912185065659347	1.88000984651689	2.23758639225535	2.04687086654265	0.12051847472013	1.8106546560912	2.28308707699411	2.04687086654265	0.0912185065659347	1.86506801098982	2.2409010780121	2.04635459744643	0.0831079137862274	1.88336087686865	2.20934831802422
2.1244336451801	0.0857964511854688	1.95627260085658	2.29259468950362	2.12495069158785	0.116502214209535	1.89660635173716	2.35329503143854	2.12495069158785	0.0857964511854688	1.95115230503851	2.28489498569452	2.12297374470119	0.0800050002795687	1.96607714962323	2.27987033977914
2.03577623821786	0.0800650406219815	1.87884875859877	2.19270371783694	2.04037182802939	0.103090000414323	1.83831542721732	2.24242822884147	2.04037182802939	0.0800650406219815	1.89239326210382	2.20929437936387	2.04324939839286	0.0717133789022514	1.90262918810934	2.18386960867638
2.09660501474534	0.0822684803795159	1.93535879320149	2.25785123628919	2.04304242281816	0.113170547478883	1.82122814975955	2.26485669587677	2.04304242281816	0.0822684803795159	1.8873547677196	2.20808235032642	2.04337390143539	0.0747231973437459	1.8968412745312	2.18990652833957
2.07190060098356	0.0794459858800146	1.91618646865873	2.22761473330839	2.11827364406907	0.104061420116635	1.91431326064046	2.32223402749767	2.11827364406907	0.0794459858800146	1.9655429267792	2.27453918851288	2.11850345793377	0.0771564382390259	1.9671928478831	2.26981406798444
2.08868391558356	0.0820166985282844	1.92793118646812	2.24943664469899	2.0679139804499	0.107863386532241	1.85650174284671	2.27932621805309	2.0679139804499	0.0820166985282844	1.90137624571619	2.22153138229757	2.06825959819541	0.0760818557052693	1.91906219305221	2.21745700333862
2.10699634001224	0.0924073173456994	1.92587799801467	2.28811468200981	2.08529175049216	0.120934712301823	1.84825971438059	2.32232378660374	2.08529175049216	0.0924073173456994	1.89087799148544	2.2515281083985	2.08585303177609	0.0870148038528462	1.91519369313031	2.25651237042187
2.01816023205993	0.0865577184841983	1.8485071038309	2.18781336028896	2.04388302399275	0.115344480622709	1.81780784197224	2.26995820601326	2.04388302399275	0.0865577184841983	1.8731142384319	2.21272312999632	2.04615865521594	0.0819697548972754	1.88540324712507	2.20691406330682
1.94721711045258	0.0876092972067536	1.77550288792734	2.11893133297782	1.94280131671936	0.113012822984812	1.72129618366913	2.1643064497696	1.94280131671936	0.0876092972067536	1.77523109364319	2.12858641513949	1.94120260551002	0.0817627688935835	1.78086023723244	2.1015449737876
2.01026773952501	0.091473391276295	1.83097989262347	2.18955558642655	2.03857596391156	0.113746988107538	1.81563186722079	2.26152006060234	2.03857596391156	0.091473391276295	1.87034170773148	2.23557852689004	2.04041350710135	0.0876443216282335	1.86852200433939	2.21230500986331
1.95290996366719	0.0848777863430749	1.78654950243477	2.11927042489962	1.98543176581403	0.108316491519693	1.77313144243543	2.19773208919263	1.98543176581403	0.0848777863430749	1.81962572740677	2.15059658675013	1.98715591070509	0.0786683029296063	1.83288440469129	2.14142741671888
2.1051324009102	0.0838889173958362	1.94071012281437	2.26955467900604	2.11709235105144	0.107960989530062	1.90548881157251	2.32869589053036	2.11709235105144	0.0838889173958362	1.96228631652673	2.29381647860674	2.11869100090416	0.0783552776893305	1.96502379752574	2.27235820428258
1.94501332741867	0.085704742883909	1.77703203136621	2.11299462347113	1.99787410490552	0.110433207460911	1.78142501828214	2.21432319152891	1.99787410490552	0.085704742883909	1.82544344595447	2.16771979421569	1.99928435875491	0.083420410734968	1.83568122984729	2.16288748766253
2.08544733032391	0.0872108488640241	1.91451406655042	2.2563805940974	2.1197036758694	0.113058284452353	1.89810943834279	2.34129791339601	2.1197036758694	0.0872108488640241	1.95116224232326	2.29020250289798	2.11832972177006	0.0805605750738376	1.96033615466568	2.27632328887444
1.99293041197598	0.0840184804964686	1.82825419020291	2.15760663374906	1.9726982418282	0.108829535577265	1.75939235209676	2.18600413155964	1.9726982418282	0.0840184804964686	1.81209260152982	2.14226674442654	1.97396571191814	0.0778856913579859	1.82122486845689	2.12670655537939
2.05514607900033	0.0829938544250203	1.89247812432729	2.21781403367337	2.0153805952409	0.105871831679917	1.80787180514827	2.22288938533354	2.0153805952409	0.0829938544250203	1.85667421136486	2.17996637081241	2.01687353953759	0.0797621601387253	1.86045048776428	2.1732965913109
NA	NA	NA	NA	NA	NA	NA	NA	NA	NA	NA	NA	NA	NA	NA	NA
NA	NA	NA	NA	NA	NA	NA	NA	NA	NA	NA	NA	NA	NA	NA	NA
NA	NA	NA	NA	NA	NA	NA	NA	NA	NA	NA	NA	NA	NA	NA	NA
NA	NA	NA	NA	NA	NA	NA	NA	NA	NA	NA	NA	NA	NA	NA	NA
NA	NA	NA	NA	NA	NA	NA	NA	NA	NA	NA	NA	NA	NA	NA	NA
NA	NA	NA	NA	NA	NA	NA	NA	NA	NA	NA	NA	NA	NA	NA	NA
NA	NA	NA	NA	NA	NA	NA	NA	NA	NA	NA	NA	NA	NA	NA	NA
NA	NA	NA	NA	NA	NA	NA	NA	NA	NA	NA	NA	NA	NA	NA	NA
NA	NA	NA	NA	NA	NA	NA	NA	NA	NA	NA	NA	NA	NA	NA	NA
NA	NA	NA	NA	NA	NA	NA	NA	NA	NA	NA	NA	NA	NA	NA	NA
NA	NA	NA	NA	NA	NA	NA	NA	NA	NA	NA	NA	NA	NA	NA	NA
NA	NA	NA	NA	NA	NA	NA	NA	NA	NA	NA	NA	NA	NA	NA	NA
NA	NA	NA	NA	NA	NA	NA	NA	NA	NA	NA	NA	NA	NA	NA	NA
NA	NA	NA	NA	NA	NA	NA	NA	NA	NA	NA	NA	NA	NA	NA	NA
NA	NA	NA	NA	NA	NA	NA	NA	NA	NA	NA	NA	NA	NA	NA	NA
NA	NA	NA	NA	NA	NA	NA	NA	NA	NA	NA	NA	NA	NA	NA	NA
NA	NA	NA	NA	NA	NA	NA	NA	NA	NA	NA	NA	NA	NA	NA	NA
NA	NA	NA	NA	NA	NA	NA	NA	NA	NA	NA	NA	NA	NA	NA	NA
NA	NA	NA	NA	NA	NA	NA	NA	NA	NA	NA	NA	NA	NA	NA	NA
NA	NA	NA	NA	NA	NA	NA	NA	NA	NA	NA	NA	NA	NA	NA	NA
NA	NA	NA	NA	NA	NA	NA	NA	NA	NA	NA	NA	NA	NA	NA	NA
NA	NA	NA	NA	NA	NA	NA	NA	NA	NA	NA	NA	NA	NA	NA	NA
NA	NA	NA	NA	NA	NA	NA	NA	NA	NA	NA	NA	NA	NA	NA	NA
NA	NA	NA	NA	NA	NA	NA	NA	NA	NA	NA	NA	NA	NA	NA	NA
NA	NA	NA	NA	NA	NA	NA	NA	NA	NA	NA	NA	NA	NA	NA	NA
NA	NA	NA	NA	NA	NA	NA	NA	NA	NA	NA	NA	NA	NA	NA	NA
NA	NA	NA	NA	NA	NA	NA	NA	NA	NA	NA	NA	NA	NA	NA	NA
NA	NA	NA	NA	NA	NA	NA	NA	NA	NA	NA	NA	NA	NA	NA	NA
NA	NA	NA	NA	NA	NA	NA	NA	NA	NA	NA	NA	NA	NA	NA	NA
NA	NA	NA	NA	NA	NA	NA	NA	NA	NA	NA	NA	NA	NA	NA	NA
NA	NA	NA	NA	NA	NA	NA	NA	NA	NA	NA	NA	NA	NA	NA	NA
NA	NA	NA	NA	NA	NA	NA	NA	NA	NA	NA	NA	NA	NA	NA	NA
NA	NA	NA	NA	NA	NA	NA	NA	NA	NA	NA	NA	NA	NA	NA	NA
NA	NA	NA	NA	NA	NA	NA	NA	NA	NA	NA	NA	NA	NA	NA	NA
NA	NA	NA	NA	NA	NA	NA	NA	NA	NA	NA	NA	NA	NA	NA	NA
NA	NA	NA	NA	NA	NA	NA	NA	NA	NA	NA	NA	NA	NA	NA	NA
NA	NA	NA	NA	NA	NA	NA	NA	NA	NA	NA	NA	NA	NA	NA	NA
NA	NA	NA	NA	NA	NA	NA	NA	NA	NA	NA	NA	NA	NA	NA	NA
NA	NA	NA	NA	NA	NA	NA	NA	NA	NA	NA	NA	NA	NA	NA	NA
NA	NA	NA	NA	NA	NA	NA	NA	NA	NA	NA	NA	NA	NA	NA	NA
NA	NA	NA	NA	NA	NA	NA	NA	NA	NA	NA	NA	NA	NA	NA	NA
NA	NA	NA	NA	NA	NA	NA	NA	NA	NA	NA	NA	NA	NA	NA	NA
NA	NA	NA	NA	NA	NA	NA	NA	NA	NA	NA	NA	NA	NA	NA	NA
NA	NA	NA	NA	NA	NA	NA	NA	NA	NA	NA	NA	NA	NA	NA	NA
NA	NA	NA	NA	NA	NA	NA	NA	NA	NA	NA	NA	NA	NA	NA	NA
NA	NA	NA	NA	NA	NA	NA	NA	NA	NA	NA	NA	NA	NA	NA	NA
NA	NA	NA	NA	NA	NA	NA	NA	NA	NA	NA	NA	NA	NA	NA	NA
NA	NA	NA	NA	NA	NA	NA	NA	NA	NA	NA	NA	NA	NA	NA	NA
NA	NA	NA	NA	NA	NA	NA	NA	NA	NA	NA	NA	NA	NA	NA	NA
NA	NA	NA	NA	NA	NA	NA	NA	NA	NA	NA	NA	NA	NA	NA	NA
NA	NA	NA	NA	NA	NA	NA	NA	NA	NA	NA	NA	NA	NA	NA	NA
NA	NA	NA	NA	NA	NA	NA	NA	NA	NA	NA	NA	NA	NA	NA	NA
NA	NA	NA	NA	NA	NA	NA	NA	NA	NA	NA	NA	NA	NA	NA	NA
NA	NA	NA	NA	NA	NA	NA	NA	NA	NA	NA	NA	NA	NA	NA	NA
NA	NA	NA	NA	NA	NA	NA	NA	NA	NA	NA	NA	NA	NA	NA	NA
NA	NA	NA	NA	NA	NA	NA	NA	NA	NA	NA	NA	NA	NA	NA	NA
NA	NA	NA	NA	NA	NA	NA	NA	NA	NA	NA	NA	NA	NA	NA	NA
NA	NA	NA	NA	NA	NA	NA	NA	NA	NA	NA	NA	NA	NA	NA	NA
NA	NA	NA	NA	NA	NA	NA	NA	NA	NA	NA	NA	NA	NA	NA	NA
NA	NA	NA	NA	NA	NA	NA	NA	NA	NA	NA	NA	NA	NA	NA	NA
NA	NA	NA	NA	NA	NA	NA	NA	NA	NA	NA	NA	NA	NA	NA	NA
NA	NA	NA	NA	NA	NA	NA	NA	NA	NA	NA	NA	NA	NA	NA	NA
NA	NA	NA	NA	NA	NA	NA	NA	NA	NA	NA	NA	NA	NA	NA	NA
NA	NA	NA	NA	NA	NA	NA	NA	NA	NA	NA	NA	NA	NA	NA	NA
NA	NA	NA	NA	NA	NA	NA	NA	NA	NA	NA	NA	NA	NA	NA	NA
NA	NA	NA	NA	NA	NA	NA	NA	NA	NA	NA	NA	NA	NA	NA	NA
NA	NA	NA	NA	NA	NA	NA	NA	NA	NA	NA	NA	NA	NA	NA	NA
NA	NA	NA	NA	NA	NA	NA	NA	NA	NA	NA	NA	NA	NA	NA	NA
NA	NA	NA	NA	NA	NA	NA	NA	NA	NA	NA	NA	NA	NA	NA	NA
NA	NA	NA	NA	NA	NA	NA	NA	NA	NA	NA	NA	NA	NA	NA	NA
NA	NA	NA	NA	NA	NA	NA	NA	NA	NA	NA	NA	NA	NA	NA	NA
NA	NA	NA	NA	NA	NA	NA	NA	NA	NA	NA	NA	NA	NA	NA	NA
NA	NA	NA	NA	NA	NA	NA	NA	NA	NA	NA	NA	NA	NA	NA	NA
NA	NA	NA	NA	NA	NA	NA	NA	NA	NA	NA	NA	NA	NA	NA	NA
NA	NA	NA	NA	NA	NA	NA	NA	NA	NA	NA	NA	NA	NA	NA	NA
NA	NA	NA	NA	NA	NA	NA	NA	NA	NA	NA	NA	NA	NA	NA	NA
NA	NA	NA	NA	NA	NA	NA	NA	NA	NA	NA	NA	NA	NA	NA	NA
NA	NA	NA	NA	NA	NA	NA	NA	NA	NA	NA	NA	NA	NA	NA	NA
NA	NA	NA	NA	NA	NA	NA	NA	NA	NA	NA	NA	NA	NA	NA	NA
NA	NA	NA	NA	NA	NA	NA	NA	NA	NA	NA	NA	NA	NA	NA	NA
NA	NA	NA	NA	NA	NA	NA	NA	NA	NA	NA	NA	NA	NA	NA	NA
NA	NA	NA	NA	NA	NA	NA	NA	NA	NA	NA	NA	NA	NA	NA	NA
NA	NA	NA	NA	NA	NA	NA	NA	NA	NA	NA	NA	NA	NA	NA	NA
NA	NA	NA	NA	NA	NA	NA	NA	NA	NA	NA	NA	NA	NA	NA	NA
NA	NA	NA	NA	NA	NA	NA	NA	NA	NA	NA	NA	NA	NA	NA	NA
NA	NA	NA	NA	NA	NA	NA	NA	NA	NA	NA	NA	NA	NA	NA	NA
NA	NA	NA	NA	NA	NA	NA	NA	NA	NA	NA	NA	NA	NA	NA	NA
NA	NA	NA	NA	NA	NA	NA	NA	NA	NA	NA	NA	NA	NA	NA	NA
NA	NA	NA	NA	NA	NA	NA	NA	NA	NA	NA	NA	NA	NA	NA	NA
NA	NA	NA	NA	NA	NA	NA	NA	NA	NA	NA	NA	NA	NA	NA	NA
NA	NA	NA	NA	NA	NA	NA	NA	NA	NA	NA	NA	NA	NA	NA	NA
NA	NA	NA	NA	NA	NA	NA	NA	NA	NA	NA	NA	NA	NA	NA	NA
NA	NA	NA	NA	NA	NA	NA	NA	NA	NA	NA	NA	NA	NA	NA	NA
NA	NA	NA	NA	NA	NA	NA	NA	NA	NA	NA	NA	NA	NA	NA	NA
NA	NA	NA	NA	NA	NA	NA	NA	NA	NA	NA	NA	NA	NA	NA	NA
NA	NA	NA	NA	NA	NA	NA	NA	NA	NA	NA	NA	NA	NA	NA	NA
NA	NA	NA	NA	NA	NA	NA	NA	NA	NA	NA	NA	NA	NA	NA	NA
NA	NA	NA	NA	NA	NA	NA	NA	NA	NA	NA	NA	NA	NA	NA	NA
NA	NA	NA	NA	NA	NA	NA	NA	NA	NA	NA	NA	NA	NA	NA	NA
NA	NA	NA	NA	NA	NA	NA	NA	NA	NA	NA	NA	NA	NA	NA	NA
NA	NA	NA	NA	NA	NA	NA	NA	NA	NA	NA	NA	NA	NA	NA	NA
NA	NA	NA	NA	NA	NA	NA	NA	NA	NA	NA	NA	NA	NA	NA	NA
NA	NA	NA	NA	NA	NA	NA	NA	NA	NA	NA	NA	NA	NA	NA	NA
NA	NA	NA	NA	NA	NA	NA	NA	NA	NA	NA	NA	NA	NA	NA	NA
NA	NA	NA	NA	NA	NA	NA	NA	NA	NA	NA	NA	NA	NA	NA	NA
NA	NA	NA	NA	NA	NA	NA	NA	NA	NA	NA	NA	NA	NA	NA	NA
NA	NA	NA	NA	NA	NA	NA	NA	NA	NA	NA	NA	NA	NA	NA	NA
NA	NA	NA	NA	NA	NA	NA	NA	NA	NA	NA	NA	NA	NA	NA	NA
NA	NA	NA	NA	NA	NA	NA	NA	NA	NA	NA	NA	NA	NA	NA	NA
NA	NA	NA	NA	NA	NA	NA	NA	NA	NA	NA	NA	NA	NA	NA	NA
NA	NA	NA	NA	NA	NA	NA	NA	NA	NA	NA	NA	NA	NA	NA	NA
NA	NA	NA	NA	NA	NA	NA	NA	NA	NA	NA	NA	NA	NA	NA	NA
NA	NA	NA	NA	NA	NA	NA	NA	NA	NA	NA	NA	NA	NA	NA	NA
NA	NA	NA	NA	NA	NA	NA	NA	NA	NA	NA	NA	NA	NA	NA	NA
NA	NA	NA	NA	NA	NA	NA	NA	NA	NA	NA	NA	NA	NA	NA	NA
NA	NA	NA	NA	NA	NA	NA	NA	NA	NA	NA	NA	NA	NA	NA	NA
NA	NA	NA	NA	NA	NA	NA	NA	NA	NA	NA	NA	NA	NA	NA	NA
NA	NA	NA	NA	NA	NA	NA	NA	NA	NA	NA	NA	NA	NA	NA	NA
NA	NA	NA	NA	NA	NA	NA	NA	NA	NA	NA	NA	NA	NA	NA	NA
NA	NA	NA	NA	NA	NA	NA	NA	NA	NA	NA	NA	NA	NA	NA	NA
NA	NA	NA	NA	NA	NA	NA	NA	NA	NA	NA	NA	NA	NA	NA	NA
NA	NA	NA	NA	NA	NA	NA	NA	NA	NA	NA	NA	NA	NA	NA	NA
NA	NA	NA	NA	NA	NA	NA	NA	NA	NA	NA	NA	NA	NA	NA	NA
NA	NA	NA	NA	NA	NA	NA	NA	NA	NA	NA	NA	NA	NA	NA	NA
NA	NA	NA	NA	NA	NA	NA	NA	NA	NA	NA	NA	NA	NA	NA	NA
NA	NA	NA	NA	NA	NA	NA	NA	NA	NA	NA	NA	NA	NA	NA	NA
NA	NA	NA	NA	NA	NA	NA	NA	NA	NA	NA	NA	NA	NA	NA	NA
NA	NA	NA	NA	NA	NA	NA	NA	NA	NA	NA	NA	NA	NA	NA	NA
NA	NA	NA	NA	NA	NA	NA	NA	NA	NA	NA	NA	NA	NA	NA	NA
NA	NA	NA	NA	NA	NA	NA	NA	NA	NA	NA	NA	NA	NA	NA	NA
NA	NA	NA	NA	NA	NA	NA	NA	NA	NA	NA	NA	NA	NA	NA	NA
NA	NA	NA	NA	NA	NA	NA	NA	NA	NA	NA	NA	NA	NA	NA	NA
NA	NA	NA	NA	NA	NA	NA	NA	NA	NA	NA	NA	NA	NA	NA	NA
NA	NA	NA	NA	NA	NA	NA	NA	NA	NA	NA	NA	NA	NA	NA	NA
NA	NA	NA	NA	NA	NA	NA	NA	NA	NA	NA	NA	NA	NA	NA	NA
NA	NA	NA	NA	NA	NA	NA	NA	NA	NA	NA	NA	NA	NA	NA	NA
NA	NA	NA	NA	NA	NA	NA	NA	NA	NA	NA	NA	NA	NA	NA	NA
NA	NA	NA	NA	NA	NA	NA	NA	NA	NA	NA	NA	NA	NA	NA	NA
NA	NA	NA	NA	NA	NA	NA	NA	NA	NA	NA	NA	NA	NA	NA	NA
NA	NA	NA	NA	NA	NA	NA	NA	NA	NA	NA	NA	NA	NA	NA	NA
NA	NA	NA	NA	NA	NA	NA	NA	NA	NA	NA	NA	NA	NA	NA	NA
NA	NA	NA	NA	NA	NA	NA	NA	NA	NA	NA	NA	NA	NA	NA	NA
NA	NA	NA	NA	NA	NA	NA	NA	NA	NA	NA	NA	NA	NA	NA	NA
NA	NA	NA	NA	NA	NA	NA	NA	NA	NA	NA	NA	NA	NA	NA	NA
NA	NA	NA	NA	NA	NA	NA	NA	NA	NA	NA	NA	NA	NA	NA	NA
NA	NA	NA	NA	NA	NA	NA	NA	NA	NA	NA	NA	NA	NA	NA	NA
NA	NA	NA	NA	NA	NA	NA	NA	NA	NA	NA	NA	NA	NA	NA	NA
NA	NA	NA	NA	NA	NA	NA	NA	NA	NA	NA	NA	NA	NA	NA	NA
NA	NA	NA	NA	NA	NA	NA	NA	NA	NA	NA	NA	NA	NA	NA	NA
NA	NA	NA	NA	NA	NA	NA	NA	NA	NA	NA	NA	NA	NA	NA	NA
NA	NA	NA	NA	NA	NA	NA	NA	NA	NA	NA	NA	NA	NA	NA	NA
NA	NA	NA	NA	NA	NA	NA	NA	NA	NA	NA	NA	NA	NA	NA	NA
NA	NA	NA	NA	NA	NA	NA	NA	NA	NA	NA	NA	NA	NA	NA	NA
NA	NA	NA	NA	NA	NA	NA	NA	NA	NA	NA	NA	NA	NA	NA	NA
NA	NA	NA	NA	NA	NA	NA	NA	NA	NA	NA	NA	NA	NA	NA	NA
NA	NA	NA	NA	NA	NA	NA	NA	NA	NA	NA	NA	NA	NA	NA	NA
NA	NA	NA	NA	NA	NA	NA	NA	NA	NA	NA	NA	NA	NA	NA	NA
NA	NA	NA	NA	NA	NA	NA	NA	NA	NA	NA	NA	NA	NA	NA	NA
NA	NA	NA	NA	NA	NA	NA	NA	NA	NA	NA	NA	NA	NA	NA	NA
NA	NA	NA	NA	NA	NA	NA	NA	NA	NA	NA	NA	NA	NA	NA	NA
NA	NA	NA	NA	NA	NA	NA	NA	NA	NA	NA	NA	NA	NA	NA	NA
NA	NA	NA	NA	NA	NA	NA	NA	NA	NA	NA	NA	NA	NA	NA	NA
NA	NA	NA	NA	NA	NA	NA	NA	NA	NA	NA	NA	NA	NA	NA	NA
NA	NA	NA	NA	NA	NA	NA	NA	NA	NA	NA	NA	NA	NA	NA	NA
NA	NA	NA	NA	NA	NA	NA	NA	NA	NA	NA	NA	NA	NA	NA	NA
NA	NA	NA	NA	NA	NA	NA	NA	NA	NA	NA	NA	NA	NA	NA	NA
NA	NA	NA	NA	NA	NA	NA	NA	NA	NA	NA	NA	NA	NA	NA	NA
NA	NA	NA	NA	NA	NA	NA	NA	NA	NA	NA	NA	NA	NA	NA	NA
NA	NA	NA	NA	NA	NA	NA	NA	NA	NA	NA	NA	NA	NA	NA	NA
NA	NA	NA	NA	NA	NA	NA	NA	NA	NA	NA	NA	NA	NA	NA	NA
NA	NA	NA	NA	NA	NA	NA	NA	NA	NA	NA	NA	NA	NA	NA	NA
NA	NA	NA	NA	NA	NA	NA	NA	NA	NA	NA	NA	NA	NA	NA	NA
NA	NA	NA	NA	NA	NA	NA	NA	NA	NA	NA	NA	NA	NA	NA	NA
NA	NA	NA	NA	NA	NA	NA	NA	NA	NA	NA	NA	NA	NA	NA	NA
NA	NA	NA	NA	NA	NA	NA	NA	NA	NA	NA	NA	NA	NA	NA	NA
NA	NA	NA	NA	NA	NA	NA	NA	NA	NA	NA	NA	NA	NA	NA	NA
NA	NA	NA	NA	NA	NA	NA	NA	NA	NA	NA	NA	NA	NA	NA	NA
NA	NA	NA	NA	NA	NA	NA	NA	NA	NA	NA	NA	NA	NA	NA	NA
NA	NA	NA	NA	NA	NA	NA	NA	NA	NA	NA	NA	NA	NA	NA	NA
NA	NA	NA	NA	NA	NA	NA	NA	NA	NA	NA	NA	NA	NA	NA	NA
NA	NA	NA	NA	NA	NA	NA	NA	NA	NA	NA	NA	NA	NA	NA	NA
NA	NA	NA	NA	NA	NA	NA	NA	NA	NA	NA	NA	NA	NA	NA	NA
NA	NA	NA	NA	NA	NA	NA	NA	NA	NA	NA	NA	NA	NA	NA	NA
NA	NA	NA	NA	NA	NA	NA	NA	NA	NA	NA	NA	NA	NA	NA	NA
NA	NA	NA	NA	NA	NA	NA	NA	NA	NA	NA	NA	NA	NA	NA	NA
NA	NA	NA	NA	NA	NA	NA	NA	NA	NA	NA	NA	NA	NA	NA	NA
NA	NA	NA	NA	NA	NA	NA	NA	NA	NA	NA	NA	NA	NA	NA	NA
NA	NA	NA	NA	NA	NA	NA	NA	NA	NA	NA	NA	NA	NA	NA	NA
NA	NA	NA	NA	NA	NA	NA	NA	NA	NA	NA	NA	NA	NA	NA	NA
NA	NA	NA	NA	NA	NA	NA	NA	NA	NA	NA	NA	NA	NA	NA	NA
NA	NA	NA	NA	NA	NA	NA	NA	NA	NA	NA	NA	NA	NA	NA	NA
NA	NA	NA	NA	NA	NA	NA	NA	NA	NA	NA	NA	NA	NA	NA	NA
NA	NA	NA	NA	NA	NA	NA	NA	NA	NA	NA	NA	NA	NA	NA	NA
NA	NA	NA	NA	NA	NA	NA	NA	NA	NA	NA	NA	NA	NA	NA	NA
NA	NA	NA	NA	NA	NA	NA	NA	NA	NA	NA	NA	NA	NA	NA	NA
NA	NA	NA	NA	NA	NA	NA	NA	NA	NA	NA	NA	NA	NA	NA	NA
NA	NA	NA	NA	NA	NA	NA	NA	NA	NA	NA	NA	NA	NA	NA	NA
NA	NA	NA	NA	NA	NA	NA	NA	NA	NA	NA	NA	NA	NA	NA	NA
NA	NA	NA	NA	NA	NA	NA	NA	NA	NA	NA	NA	NA	NA	NA	NA
NA	NA	NA	NA	NA	NA	NA	NA	NA	NA	NA	NA	NA	NA	NA	NA
NA	NA	NA	NA	NA	NA	NA	NA	NA	NA	NA	NA	NA	NA	NA	NA
NA	NA	NA	NA	NA	NA	NA	NA	NA	NA	NA	NA	NA	NA	NA	NA
NA	NA	NA	NA	NA	NA	NA	NA	NA	NA	NA	NA	NA	NA	NA	NA
NA	NA	NA	NA	NA	NA	NA	NA	NA	NA	NA	NA	NA	NA	NA	NA
NA	NA	NA	NA	NA	NA	NA	NA	NA	NA	NA	NA	NA	NA	NA	NA
NA	NA	NA	NA	NA	NA	NA	NA	NA	NA	NA	NA	NA	NA	NA	NA
NA	NA	NA	NA	NA	NA	NA	NA	NA	NA	NA	NA	NA	NA	NA	NA
NA	NA	NA	NA	NA	NA	NA	NA	NA	NA	NA	NA	NA	NA	NA	NA
NA	NA	NA	NA	NA	NA	NA	NA	NA	NA	NA	NA	NA	NA	NA	NA
NA	NA	NA	NA	NA	NA	NA	NA	NA	NA	NA	NA	NA	NA	NA	NA
NA	NA	NA	NA	NA	NA	NA	NA	NA	NA	NA	NA	NA	NA	NA	NA
NA	NA	NA	NA	NA	NA	NA	NA	NA	NA	NA	NA	NA	NA	NA	NA
NA	NA	NA	NA	NA	NA	NA	NA	NA	NA	NA	NA	NA	NA	NA	NA
NA	NA	NA	NA	NA	NA	NA	NA	NA	NA	NA	NA	NA	NA	NA	NA
NA	NA	NA	NA	NA	NA	NA	NA	NA	NA	NA	NA	NA	NA	NA	NA
NA	NA	NA	NA	NA	NA	NA	NA	NA	NA	NA	NA	NA	NA	NA	NA
NA	NA	NA	NA	NA	NA	NA	NA	NA	NA	NA	NA	NA	NA	NA	NA
NA	NA	NA	NA	NA	NA	NA	NA	NA	NA	NA	NA	NA	NA	NA	NA
NA	NA	NA	NA	NA	NA	NA	NA	NA	NA	NA	NA	NA	NA	NA	NA
NA	NA	NA	NA	NA	NA	NA	NA	NA	NA	NA	NA	NA	NA	NA	NA
NA	NA	NA	NA	NA	NA	NA	NA	NA	NA	NA	NA	NA	NA	NA	NA
NA	NA	NA	NA	NA	NA	NA	NA	NA	NA	NA	NA	NA	NA	NA	NA
NA	NA	NA	NA	NA	NA	NA	NA	NA	NA	NA	NA	NA	NA	NA	NA
NA	NA	NA	NA	NA	NA	NA	NA	NA	NA	NA	NA	NA	NA	NA	NA
NA	NA	NA	NA	NA	NA	NA	NA	NA	NA	NA	NA	NA	NA	NA	NA
NA	NA	NA	NA	NA	NA	NA	NA	NA	NA	NA	NA	NA	NA	NA	NA
NA	NA	NA	NA	NA	NA	NA	NA	NA	NA	NA	NA	NA	NA	NA	NA
NA	NA	NA	NA	NA	NA	NA	NA	NA	NA	NA	NA	NA	NA	NA	NA
NA	NA	NA	NA	NA	NA	NA	NA	NA	NA	NA	NA	NA	NA	NA	NA
NA	NA	NA	NA	NA	NA	NA	NA	NA	NA	NA	NA	NA	NA	NA	NA
NA	NA	NA	NA	NA	NA	NA	NA	NA	NA	NA	NA	NA	NA	NA	NA
NA	NA	NA	NA	NA	NA	NA	NA	NA	NA	NA	NA	NA	NA	NA	NA
NA	NA	NA	NA	NA	NA	NA	NA	NA	NA	NA	NA	NA	NA	NA	NA
NA	NA	NA	NA	NA	NA	NA	NA	NA	NA	NA	NA	NA	NA	NA	NA
NA	NA	NA	NA	NA	NA	NA	NA	NA	NA	NA	NA	NA	NA	NA	NA
NA	NA	NA	NA	NA	NA	NA	NA	NA	NA	NA	NA	NA	NA	NA	NA
NA	NA	NA	NA	NA	NA	NA	NA	NA	NA	NA	NA	NA	NA	NA	NA
NA	NA	NA	NA	NA	NA	NA	NA	NA	NA	NA	NA	NA	NA	NA	NA
NA	NA	NA	NA	NA	NA	NA	NA	NA	NA	NA	NA	NA	NA	NA	NA
NA	NA	NA	NA	NA	NA	NA	NA	NA	NA	NA	NA	NA	NA	NA	NA
NA	NA	NA	NA	NA	NA	NA	NA	NA	NA	NA	NA	NA	NA	NA	NA
NA	NA	NA	NA	NA	NA	NA	NA	NA	NA	NA	NA	NA	NA	NA	NA
NA	NA	NA	NA	NA	NA	NA	NA	NA	NA	NA	NA	NA	NA	NA	NA
NA	NA	NA	NA	NA	NA	NA	NA	NA	NA	NA	NA	NA	NA	NA	NA
NA	NA	NA	NA	NA	NA	NA	NA	NA	NA	NA	NA	NA	NA	NA	NA
NA	NA	NA	NA	NA	NA	NA	NA	NA	NA	NA	NA	NA	NA	NA	NA
NA	NA	NA	NA	NA	NA	NA	NA	NA	NA	NA	NA	NA	NA	NA	NA
NA	NA	NA	NA	NA	NA	NA	NA	NA	NA	NA	NA	NA	NA	NA	NA
NA	NA	NA	NA	NA	NA	NA	NA	NA	NA	NA	NA	NA	NA	NA	NA
NA	NA	NA	NA	NA	NA	NA	NA	NA	NA	NA	NA	NA	NA	NA	NA
NA	NA	NA	NA	NA	NA	NA	NA	NA	NA	NA	NA	NA	NA	NA	NA
NA	NA	NA	NA	NA	NA	NA	NA	NA	NA	NA	NA	NA	NA	NA	NA
NA	NA	NA	NA	NA	NA	NA	NA	NA	NA	NA	NA	NA	NA	NA	NA
NA	NA	NA	NA	NA	NA	NA	NA	NA	NA	NA	NA	NA	NA	NA	NA
NA	NA	NA	NA	NA	NA	NA	NA	NA	NA	NA	NA	NA	NA	NA	NA
NA	NA	NA	NA	NA	NA	NA	NA	NA	NA	NA	NA	NA	NA	NA	NA
NA	NA	NA	NA	NA	NA	NA	NA	NA	NA	NA	NA	NA	NA	NA	NA
NA	NA	NA	NA	NA	NA	NA	NA	NA	NA	NA	NA	NA	NA	NA	NA
NA	NA	NA	NA	NA	NA	NA	NA	NA	NA	NA	NA	NA	NA	NA	NA
NA	NA	NA	NA	NA	NA	NA	NA	NA	NA	NA	NA	NA	NA	NA	NA
NA	NA	NA	NA	NA	NA	NA	NA	NA	NA	NA	NA	NA	NA	NA	NA
NA	NA	NA	NA	NA	NA	NA	NA	NA	NA	NA	NA	NA	NA	NA	NA
NA	NA	NA	NA	NA	NA	NA	NA	NA	NA	NA	NA	NA	NA	NA	NA
NA	NA	NA	NA	NA	NA	NA	NA	NA	NA	NA	NA	NA	NA	NA	NA
NA	NA	NA	NA	NA	NA	NA	NA	NA	NA	NA	NA	NA	NA	NA	NA
NA	NA	NA	NA	NA	NA	NA	NA	NA	NA	NA	NA	NA	NA	NA	NA
NA	NA	NA	NA	NA	NA	NA	NA	NA	NA	NA	NA	NA	NA	NA	NA
NA	NA	NA	NA	NA	NA	NA	NA	NA	NA	NA	NA	NA	NA	NA	NA
NA	NA	NA	NA	NA	NA	NA	NA	NA	NA	NA	NA	NA	NA	NA	NA
NA	NA	NA	NA	NA	NA	NA	NA	NA	NA	NA	NA	NA	NA	NA	NA
NA	NA	NA	NA	NA	NA	NA	NA	NA	NA	NA	NA	NA	NA	NA	NA
NA	NA	NA	NA	NA	NA	NA	NA	NA	NA	NA	NA	NA	NA	NA	NA
NA	NA	NA	NA	NA	NA	NA	NA	NA	NA	NA	NA	NA	NA	NA	NA
NA	NA	NA	NA	NA	NA	NA	NA	NA	NA	NA	NA	NA	NA	NA	NA
NA	NA	NA	NA	NA	NA	NA	NA	NA	NA	NA	NA	NA	NA	NA	NA
NA	NA	NA	NA	NA	NA	NA	NA	NA	NA	NA	NA	NA	NA	NA	NA
NA	NA	NA	NA	NA	NA	NA	NA	NA	NA	NA	NA	NA	NA	NA	NA
NA	NA	NA	NA	NA	NA	NA	NA	NA	NA	NA	NA	NA	NA	NA	NA
NA	NA	NA	NA	NA	NA	NA	NA	NA	NA	NA	NA	NA	NA	NA	NA
NA	NA	NA	NA	NA	NA	NA	NA	NA	NA	NA	NA	NA	NA	NA	NA
NA	NA	NA	NA	NA	NA	NA	NA	NA	NA	NA	NA	NA	NA	NA	NA
NA	NA	NA	NA	NA	NA	NA	NA	NA	NA	NA	NA	NA	NA	NA	NA
NA	NA	NA	NA	NA	NA	NA	NA	NA	NA	NA	NA	NA	NA	NA	NA
NA	NA	NA	NA	NA	NA	NA	NA	NA	NA	NA	NA	NA	NA	NA	NA
NA	NA	NA	NA	NA	NA	NA	NA	NA	NA	NA	NA	NA	NA	NA	NA
NA	NA	NA	NA	NA	NA	NA	NA	NA	NA	NA	NA	NA	NA	NA	NA
NA	NA	NA	NA	NA	NA	NA	NA	NA	NA	NA	NA	NA	NA	NA	NA
NA	NA	NA	NA	NA	NA	NA	NA	NA	NA	NA	NA	NA	NA	NA	NA
NA	NA	NA	NA	NA	NA	NA	NA	NA	NA	NA	NA	NA	NA	NA	NA
NA	NA	NA	NA	NA	NA	NA	NA	NA	NA	NA	NA	NA	NA	NA	NA
NA	NA	NA	NA	NA	NA	NA	NA	NA	NA	NA	NA	NA	NA	NA	NA
NA	NA	NA	NA	NA	NA	NA	NA	NA	NA	NA	NA	NA	NA	NA	NA
NA	NA	NA	NA	NA	NA	NA	NA	NA	NA	NA	NA	NA	NA	NA	NA
NA	NA	NA	NA	NA	NA	NA	NA	NA	NA	NA	NA	NA	NA	NA	NA
NA	NA	NA	NA	NA	NA	NA	NA	NA	NA	NA	NA	NA	NA	NA	NA
NA	NA	NA	NA	NA	NA	NA	NA	NA	NA	NA	NA	NA	NA	NA	NA
NA	NA	NA	NA	NA	NA	NA	NA	NA	NA	NA	NA	NA	NA	NA	NA
NA	NA	NA	NA	NA	NA	NA	NA	NA	NA	NA	NA	NA	NA	NA	NA
NA	NA	NA	NA	NA	NA	NA	NA	NA	NA	NA	NA	NA	NA	NA	NA
NA	NA	NA	NA	NA	NA	NA	NA	NA	NA	NA	NA	NA	NA	NA	NA
