X1	X2	X3	X4	X1.1	X2.1	X3.1	X4.1	X1.2	X2.2	X3.2	X4.2	X1.3	X2.3	X3.3	X4.3
NA	NA	NA	NA	NA	NA	NA	NA	NA	NA	NA	NA	NA	NA	NA	NA
NA	NA	NA	NA	NA	NA	NA	NA	NA	NA	NA	NA	NA	NA	NA	NA
NA	NA	NA	NA	NA	NA	NA	NA	NA	NA	NA	NA	NA	NA	NA	NA
NA	NA	NA	NA	NA	NA	NA	NA	NA	NA	NA	NA	NA	NA	NA	NA
NA	NA	NA	NA	NA	NA	NA	NA	NA	NA	NA	NA	NA	NA	NA	NA
NA	NA	NA	NA	NA	NA	NA	NA	NA	NA	NA	NA	NA	NA	NA	NA
NA	NA	NA	NA	NA	NA	NA	NA	NA	NA	NA	NA	NA	NA	NA	NA
NA	NA	NA	NA	NA	NA	NA	NA	NA	NA	NA	NA	NA	NA	NA	NA
NA	NA	NA	NA	NA	NA	NA	NA	NA	NA	NA	NA	NA	NA	NA	NA
NA	NA	NA	NA	NA	NA	NA	NA	NA	NA	NA	NA	NA	NA	NA	NA
NA	NA	NA	NA	NA	NA	NA	NA	NA	NA	NA	NA	NA	NA	NA	NA
NA	NA	NA	NA	NA	NA	NA	NA	NA	NA	NA	NA	NA	NA	NA	NA
NA	NA	NA	NA	NA	NA	NA	NA	NA	NA	NA	NA	NA	NA	NA	NA
NA	NA	NA	NA	NA	NA	NA	NA	NA	NA	NA	NA	NA	NA	NA	NA
NA	NA	NA	NA	NA	NA	NA	NA	NA	NA	NA	NA	NA	NA	NA	NA
NA	NA	NA	NA	NA	NA	NA	NA	NA	NA	NA	NA	NA	NA	NA	NA
NA	NA	NA	NA	NA	NA	NA	NA	NA	NA	NA	NA	NA	NA	NA	NA
NA	NA	NA	NA	NA	NA	NA	NA	NA	NA	NA	NA	NA	NA	NA	NA
NA	NA	NA	NA	NA	NA	NA	NA	NA	NA	NA	NA	NA	NA	NA	NA
NA	NA	NA	NA	NA	NA	NA	NA	NA	NA	NA	NA	NA	NA	NA	NA
NA	NA	NA	NA	NA	NA	NA	NA	NA	NA	NA	NA	NA	NA	NA	NA
NA	NA	NA	NA	NA	NA	NA	NA	NA	NA	NA	NA	NA	NA	NA	NA
NA	NA	NA	NA	NA	NA	NA	NA	NA	NA	NA	NA	NA	NA	NA	NA
NA	NA	NA	NA	NA	NA	NA	NA	NA	NA	NA	NA	NA	NA	NA	NA
NA	NA	NA	NA	NA	NA	NA	NA	NA	NA	NA	NA	NA	NA	NA	NA
NA	NA	NA	NA	NA	NA	NA	NA	NA	NA	NA	NA	NA	NA	NA	NA
NA	NA	NA	NA	NA	NA	NA	NA	NA	NA	NA	NA	NA	NA	NA	NA
NA	NA	NA	NA	NA	NA	NA	NA	NA	NA	NA	NA	NA	NA	NA	NA
NA	NA	NA	NA	NA	NA	NA	NA	NA	NA	NA	NA	NA	NA	NA	NA
NA	NA	NA	NA	NA	NA	NA	NA	NA	NA	NA	NA	NA	NA	NA	NA
NA	NA	NA	NA	NA	NA	NA	NA	NA	NA	NA	NA	NA	NA	NA	NA
NA	NA	NA	NA	NA	NA	NA	NA	NA	NA	NA	NA	NA	NA	NA	NA
NA	NA	NA	NA	NA	NA	NA	NA	NA	NA	NA	NA	NA	NA	NA	NA
NA	NA	NA	NA	NA	NA	NA	NA	NA	NA	NA	NA	NA	NA	NA	NA
NA	NA	NA	NA	NA	NA	NA	NA	NA	NA	NA	NA	NA	NA	NA	NA
NA	NA	NA	NA	NA	NA	NA	NA	NA	NA	NA	NA	NA	NA	NA	NA
NA	NA	NA	NA	NA	NA	NA	NA	NA	NA	NA	NA	NA	NA	NA	NA
NA	NA	NA	NA	NA	NA	NA	NA	NA	NA	NA	NA	NA	NA	NA	NA
NA	NA	NA	NA	NA	NA	NA	NA	NA	NA	NA	NA	NA	NA	NA	NA
NA	NA	NA	NA	NA	NA	NA	NA	NA	NA	NA	NA	NA	NA	NA	NA
NA	NA	NA	NA	NA	NA	NA	NA	NA	NA	NA	NA	NA	NA	NA	NA
NA	NA	NA	NA	NA	NA	NA	NA	NA	NA	NA	NA	NA	NA	NA	NA
NA	NA	NA	NA	NA	NA	NA	NA	NA	NA	NA	NA	NA	NA	NA	NA
NA	NA	NA	NA	NA	NA	NA	NA	NA	NA	NA	NA	NA	NA	NA	NA
NA	NA	NA	NA	NA	NA	NA	NA	NA	NA	NA	NA	NA	NA	NA	NA
NA	NA	NA	NA	NA	NA	NA	NA	NA	NA	NA	NA	NA	NA	NA	NA
NA	NA	NA	NA	NA	NA	NA	NA	NA	NA	NA	NA	NA	NA	NA	NA
NA	NA	NA	NA	NA	NA	NA	NA	NA	NA	NA	NA	NA	NA	NA	NA
NA	NA	NA	NA	NA	NA	NA	NA	NA	NA	NA	NA	NA	NA	NA	NA
NA	NA	NA	NA	NA	NA	NA	NA	NA	NA	NA	NA	NA	NA	NA	NA
NA	NA	NA	NA	NA	NA	NA	NA	NA	NA	NA	NA	NA	NA	NA	NA
NA	NA	NA	NA	NA	NA	NA	NA	NA	NA	NA	NA	NA	NA	NA	NA
NA	NA	NA	NA	NA	NA	NA	NA	NA	NA	NA	NA	NA	NA	NA	NA
NA	NA	NA	NA	NA	NA	NA	NA	NA	NA	NA	NA	NA	NA	NA	NA
NA	NA	NA	NA	NA	NA	NA	NA	NA	NA	NA	NA	NA	NA	NA	NA
NA	NA	NA	NA	NA	NA	NA	NA	NA	NA	NA	NA	NA	NA	NA	NA
NA	NA	NA	NA	NA	NA	NA	NA	NA	NA	NA	NA	NA	NA	NA	NA
NA	NA	NA	NA	NA	NA	NA	NA	NA	NA	NA	NA	NA	NA	NA	NA
NA	NA	NA	NA	NA	NA	NA	NA	NA	NA	NA	NA	NA	NA	NA	NA
NA	NA	NA	NA	NA	NA	NA	NA	NA	NA	NA	NA	NA	NA	NA	NA
NA	NA	NA	NA	NA	NA	NA	NA	NA	NA	NA	NA	NA	NA	NA	NA
NA	NA	NA	NA	NA	NA	NA	NA	NA	NA	NA	NA	NA	NA	NA	NA
NA	NA	NA	NA	NA	NA	NA	NA	NA	NA	NA	NA	NA	NA	NA	NA
NA	NA	NA	NA	NA	NA	NA	NA	NA	NA	NA	NA	NA	NA	NA	NA
NA	NA	NA	NA	NA	NA	NA	NA	NA	NA	NA	NA	NA	NA	NA	NA
NA	NA	NA	NA	NA	NA	NA	NA	NA	NA	NA	NA	NA	NA	NA	NA
NA	NA	NA	NA	NA	NA	NA	NA	NA	NA	NA	NA	NA	NA	NA	NA
NA	NA	NA	NA	NA	NA	NA	NA	NA	NA	NA	NA	NA	NA	NA	NA
NA	NA	NA	NA	NA	NA	NA	NA	NA	NA	NA	NA	NA	NA	NA	NA
NA	NA	NA	NA	NA	NA	NA	NA	NA	NA	NA	NA	NA	NA	NA	NA
NA	NA	NA	NA	NA	NA	NA	NA	NA	NA	NA	NA	NA	NA	NA	NA
NA	NA	NA	NA	NA	NA	NA	NA	NA	NA	NA	NA	NA	NA	NA	NA
NA	NA	NA	NA	NA	NA	NA	NA	NA	NA	NA	NA	NA	NA	NA	NA
NA	NA	NA	NA	NA	NA	NA	NA	NA	NA	NA	NA	NA	NA	NA	NA
NA	NA	NA	NA	NA	NA	NA	NA	NA	NA	NA	NA	NA	NA	NA	NA
NA	NA	NA	NA	NA	NA	NA	NA	NA	NA	NA	NA	NA	NA	NA	NA
NA	NA	NA	NA	NA	NA	NA	NA	NA	NA	NA	NA	NA	NA	NA	NA
NA	NA	NA	NA	NA	NA	NA	NA	NA	NA	NA	NA	NA	NA	NA	NA
NA	NA	NA	NA	NA	NA	NA	NA	NA	NA	NA	NA	NA	NA	NA	NA
NA	NA	NA	NA	NA	NA	NA	NA	NA	NA	NA	NA	NA	NA	NA	NA
NA	NA	NA	NA	NA	NA	NA	NA	NA	NA	NA	NA	NA	NA	NA	NA
NA	NA	NA	NA	NA	NA	NA	NA	NA	NA	NA	NA	NA	NA	NA	NA
NA	NA	NA	NA	NA	NA	NA	NA	NA	NA	NA	NA	NA	NA	NA	NA
NA	NA	NA	NA	NA	NA	NA	NA	NA	NA	NA	NA	NA	NA	NA	NA
NA	NA	NA	NA	NA	NA	NA	NA	NA	NA	NA	NA	NA	NA	NA	NA
NA	NA	NA	NA	NA	NA	NA	NA	NA	NA	NA	NA	NA	NA	NA	NA
NA	NA	NA	NA	NA	NA	NA	NA	NA	NA	NA	NA	NA	NA	NA	NA
NA	NA	NA	NA	NA	NA	NA	NA	NA	NA	NA	NA	NA	NA	NA	NA
NA	NA	NA	NA	NA	NA	NA	NA	NA	NA	NA	NA	NA	NA	NA	NA
NA	NA	NA	NA	NA	NA	NA	NA	NA	NA	NA	NA	NA	NA	NA	NA
NA	NA	NA	NA	NA	NA	NA	NA	NA	NA	NA	NA	NA	NA	NA	NA
NA	NA	NA	NA	NA	NA	NA	NA	NA	NA	NA	NA	NA	NA	NA	NA
NA	NA	NA	NA	NA	NA	NA	NA	NA	NA	NA	NA	NA	NA	NA	NA
NA	NA	NA	NA	NA	NA	NA	NA	NA	NA	NA	NA	NA	NA	NA	NA
NA	NA	NA	NA	NA	NA	NA	NA	NA	NA	NA	NA	NA	NA	NA	NA
NA	NA	NA	NA	NA	NA	NA	NA	NA	NA	NA	NA	NA	NA	NA	NA
NA	NA	NA	NA	NA	NA	NA	NA	NA	NA	NA	NA	NA	NA	NA	NA
NA	NA	NA	NA	NA	NA	NA	NA	NA	NA	NA	NA	NA	NA	NA	NA
NA	NA	NA	NA	NA	NA	NA	NA	NA	NA	NA	NA	NA	NA	NA	NA
NA	NA	NA	NA	NA	NA	NA	NA	NA	NA	NA	NA	NA	NA	NA	NA
NA	NA	NA	NA	NA	NA	NA	NA	NA	NA	NA	NA	NA	NA	NA	NA
NA	NA	NA	NA	NA	NA	NA	NA	NA	NA	NA	NA	NA	NA	NA	NA
NA	NA	NA	NA	NA	NA	NA	NA	NA	NA	NA	NA	NA	NA	NA	NA
NA	NA	NA	NA	NA	NA	NA	NA	NA	NA	NA	NA	NA	NA	NA	NA
NA	NA	NA	NA	NA	NA	NA	NA	NA	NA	NA	NA	NA	NA	NA	NA
NA	NA	NA	NA	NA	NA	NA	NA	NA	NA	NA	NA	NA	NA	NA	NA
NA	NA	NA	NA	NA	NA	NA	NA	NA	NA	NA	NA	NA	NA	NA	NA
NA	NA	NA	NA	NA	NA	NA	NA	NA	NA	NA	NA	NA	NA	NA	NA
NA	NA	NA	NA	NA	NA	NA	NA	NA	NA	NA	NA	NA	NA	NA	NA
NA	NA	NA	NA	NA	NA	NA	NA	NA	NA	NA	NA	NA	NA	NA	NA
NA	NA	NA	NA	NA	NA	NA	NA	NA	NA	NA	NA	NA	NA	NA	NA
NA	NA	NA	NA	NA	NA	NA	NA	NA	NA	NA	NA	NA	NA	NA	NA
NA	NA	NA	NA	NA	NA	NA	NA	NA	NA	NA	NA	NA	NA	NA	NA
NA	NA	NA	NA	NA	NA	NA	NA	NA	NA	NA	NA	NA	NA	NA	NA
NA	NA	NA	NA	NA	NA	NA	NA	NA	NA	NA	NA	NA	NA	NA	NA
NA	NA	NA	NA	NA	NA	NA	NA	NA	NA	NA	NA	NA	NA	NA	NA
NA	NA	NA	NA	NA	NA	NA	NA	NA	NA	NA	NA	NA	NA	NA	NA
NA	NA	NA	NA	NA	NA	NA	NA	NA	NA	NA	NA	NA	NA	NA	NA
NA	NA	NA	NA	NA	NA	NA	NA	NA	NA	NA	NA	NA	NA	NA	NA
NA	NA	NA	NA	NA	NA	NA	NA	NA	NA	NA	NA	NA	NA	NA	NA
NA	NA	NA	NA	NA	NA	NA	NA	NA	NA	NA	NA	NA	NA	NA	NA
NA	NA	NA	NA	NA	NA	NA	NA	NA	NA	NA	NA	NA	NA	NA	NA
NA	NA	NA	NA	NA	NA	NA	NA	NA	NA	NA	NA	NA	NA	NA	NA
NA	NA	NA	NA	NA	NA	NA	NA	NA	NA	NA	NA	NA	NA	NA	NA
NA	NA	NA	NA	NA	NA	NA	NA	NA	NA	NA	NA	NA	NA	NA	NA
NA	NA	NA	NA	NA	NA	NA	NA	NA	NA	NA	NA	NA	NA	NA	NA
NA	NA	NA	NA	NA	NA	NA	NA	NA	NA	NA	NA	NA	NA	NA	NA
NA	NA	NA	NA	NA	NA	NA	NA	NA	NA	NA	NA	NA	NA	NA	NA
NA	NA	NA	NA	NA	NA	NA	NA	NA	NA	NA	NA	NA	NA	NA	NA
NA	NA	NA	NA	NA	NA	NA	NA	NA	NA	NA	NA	NA	NA	NA	NA
NA	NA	NA	NA	NA	NA	NA	NA	NA	NA	NA	NA	NA	NA	NA	NA
NA	NA	NA	NA	NA	NA	NA	NA	NA	NA	NA	NA	NA	NA	NA	NA
NA	NA	NA	NA	NA	NA	NA	NA	NA	NA	NA	NA	NA	NA	NA	NA
NA	NA	NA	NA	NA	NA	NA	NA	NA	NA	NA	NA	NA	NA	NA	NA
NA	NA	NA	NA	NA	NA	NA	NA	NA	NA	NA	NA	NA	NA	NA	NA
NA	NA	NA	NA	NA	NA	NA	NA	NA	NA	NA	NA	NA	NA	NA	NA
NA	NA	NA	NA	NA	NA	NA	NA	NA	NA	NA	NA	NA	NA	NA	NA
NA	NA	NA	NA	NA	NA	NA	NA	NA	NA	NA	NA	NA	NA	NA	NA
NA	NA	NA	NA	NA	NA	NA	NA	NA	NA	NA	NA	NA	NA	NA	NA
NA	NA	NA	NA	NA	NA	NA	NA	NA	NA	NA	NA	NA	NA	NA	NA
NA	NA	NA	NA	NA	NA	NA	NA	NA	NA	NA	NA	NA	NA	NA	NA
NA	NA	NA	NA	NA	NA	NA	NA	NA	NA	NA	NA	NA	NA	NA	NA
NA	NA	NA	NA	NA	NA	NA	NA	NA	NA	NA	NA	NA	NA	NA	NA
NA	NA	NA	NA	NA	NA	NA	NA	NA	NA	NA	NA	NA	NA	NA	NA
NA	NA	NA	NA	NA	NA	NA	NA	NA	NA	NA	NA	NA	NA	NA	NA
NA	NA	NA	NA	NA	NA	NA	NA	NA	NA	NA	NA	NA	NA	NA	NA
NA	NA	NA	NA	NA	NA	NA	NA	NA	NA	NA	NA	NA	NA	NA	NA
NA	NA	NA	NA	NA	NA	NA	NA	NA	NA	NA	NA	NA	NA	NA	NA
NA	NA	NA	NA	NA	NA	NA	NA	NA	NA	NA	NA	NA	NA	NA	NA
NA	NA	NA	NA	NA	NA	NA	NA	NA	NA	NA	NA	NA	NA	NA	NA
NA	NA	NA	NA	NA	NA	NA	NA	NA	NA	NA	NA	NA	NA	NA	NA
NA	NA	NA	NA	NA	NA	NA	NA	NA	NA	NA	NA	NA	NA	NA	NA
NA	NA	NA	NA	NA	NA	NA	NA	NA	NA	NA	NA	NA	NA	NA	NA
NA	NA	NA	NA	NA	NA	NA	NA	NA	NA	NA	NA	NA	NA	NA	NA
NA	NA	NA	NA	NA	NA	NA	NA	NA	NA	NA	NA	NA	NA	NA	NA
NA	NA	NA	NA	NA	NA	NA	NA	NA	NA	NA	NA	NA	NA	NA	NA
NA	NA	NA	NA	NA	NA	NA	NA	NA	NA	NA	NA	NA	NA	NA	NA
NA	NA	NA	NA	NA	NA	NA	NA	NA	NA	NA	NA	NA	NA	NA	NA
NA	NA	NA	NA	NA	NA	NA	NA	NA	NA	NA	NA	NA	NA	NA	NA
NA	NA	NA	NA	NA	NA	NA	NA	NA	NA	NA	NA	NA	NA	NA	NA
NA	NA	NA	NA	NA	NA	NA	NA	NA	NA	NA	NA	NA	NA	NA	NA
NA	NA	NA	NA	NA	NA	NA	NA	NA	NA	NA	NA	NA	NA	NA	NA
NA	NA	NA	NA	NA	NA	NA	NA	NA	NA	NA	NA	NA	NA	NA	NA
NA	NA	NA	NA	NA	NA	NA	NA	NA	NA	NA	NA	NA	NA	NA	NA
NA	NA	NA	NA	NA	NA	NA	NA	NA	NA	NA	NA	NA	NA	NA	NA
NA	NA	NA	NA	NA	NA	NA	NA	NA	NA	NA	NA	NA	NA	NA	NA
NA	NA	NA	NA	NA	NA	NA	NA	NA	NA	NA	NA	NA	NA	NA	NA
NA	NA	NA	NA	NA	NA	NA	NA	NA	NA	NA	NA	NA	NA	NA	NA
NA	NA	NA	NA	NA	NA	NA	NA	NA	NA	NA	NA	NA	NA	NA	NA
NA	NA	NA	NA	NA	NA	NA	NA	NA	NA	NA	NA	NA	NA	NA	NA
NA	NA	NA	NA	NA	NA	NA	NA	NA	NA	NA	NA	NA	NA	NA	NA
NA	NA	NA	NA	NA	NA	NA	NA	NA	NA	NA	NA	NA	NA	NA	NA
NA	NA	NA	NA	NA	NA	NA	NA	NA	NA	NA	NA	NA	NA	NA	NA
NA	NA	NA	NA	NA	NA	NA	NA	NA	NA	NA	NA	NA	NA	NA	NA
NA	NA	NA	NA	NA	NA	NA	NA	NA	NA	NA	NA	NA	NA	NA	NA
NA	NA	NA	NA	NA	NA	NA	NA	NA	NA	NA	NA	NA	NA	NA	NA
NA	NA	NA	NA	NA	NA	NA	NA	NA	NA	NA	NA	NA	NA	NA	NA
NA	NA	NA	NA	NA	NA	NA	NA	NA	NA	NA	NA	NA	NA	NA	NA
NA	NA	NA	NA	NA	NA	NA	NA	NA	NA	NA	NA	NA	NA	NA	NA
NA	NA	NA	NA	NA	NA	NA	NA	NA	NA	NA	NA	NA	NA	NA	NA
NA	NA	NA	NA	NA	NA	NA	NA	NA	NA	NA	NA	NA	NA	NA	NA
NA	NA	NA	NA	NA	NA	NA	NA	NA	NA	NA	NA	NA	NA	NA	NA
NA	NA	NA	NA	NA	NA	NA	NA	NA	NA	NA	NA	NA	NA	NA	NA
NA	NA	NA	NA	NA	NA	NA	NA	NA	NA	NA	NA	NA	NA	NA	NA
NA	NA	NA	NA	NA	NA	NA	NA	NA	NA	NA	NA	NA	NA	NA	NA
NA	NA	NA	NA	NA	NA	NA	NA	NA	NA	NA	NA	NA	NA	NA	NA
NA	NA	NA	NA	NA	NA	NA	NA	NA	NA	NA	NA	NA	NA	NA	NA
NA	NA	NA	NA	NA	NA	NA	NA	NA	NA	NA	NA	NA	NA	NA	NA
NA	NA	NA	NA	NA	NA	NA	NA	NA	NA	NA	NA	NA	NA	NA	NA
NA	NA	NA	NA	NA	NA	NA	NA	NA	NA	NA	NA	NA	NA	NA	NA
NA	NA	NA	NA	NA	NA	NA	NA	NA	NA	NA	NA	NA	NA	NA	NA
NA	NA	NA	NA	NA	NA	NA	NA	NA	NA	NA	NA	NA	NA	NA	NA
NA	NA	NA	NA	NA	NA	NA	NA	NA	NA	NA	NA	NA	NA	NA	NA
NA	NA	NA	NA	NA	NA	NA	NA	NA	NA	NA	NA	NA	NA	NA	NA
NA	NA	NA	NA	NA	NA	NA	NA	NA	NA	NA	NA	NA	NA	NA	NA
NA	NA	NA	NA	NA	NA	NA	NA	NA	NA	NA	NA	NA	NA	NA	NA
NA	NA	NA	NA	NA	NA	NA	NA	NA	NA	NA	NA	NA	NA	NA	NA
NA	NA	NA	NA	NA	NA	NA	NA	NA	NA	NA	NA	NA	NA	NA	NA
NA	NA	NA	NA	NA	NA	NA	NA	NA	NA	NA	NA	NA	NA	NA	NA
NA	NA	NA	NA	NA	NA	NA	NA	NA	NA	NA	NA	NA	NA	NA	NA
NA	NA	NA	NA	NA	NA	NA	NA	NA	NA	NA	NA	NA	NA	NA	NA
NA	NA	NA	NA	NA	NA	NA	NA	NA	NA	NA	NA	NA	NA	NA	NA
NA	NA	NA	NA	NA	NA	NA	NA	NA	NA	NA	NA	NA	NA	NA	NA
NA	NA	NA	NA	NA	NA	NA	NA	NA	NA	NA	NA	NA	NA	NA	NA
NA	NA	NA	NA	NA	NA	NA	NA	NA	NA	NA	NA	NA	NA	NA	NA
NA	NA	NA	NA	NA	NA	NA	NA	NA	NA	NA	NA	NA	NA	NA	NA
NA	NA	NA	NA	NA	NA	NA	NA	NA	NA	NA	NA	NA	NA	NA	NA
NA	NA	NA	NA	NA	NA	NA	NA	NA	NA	NA	NA	NA	NA	NA	NA
NA	NA	NA	NA	NA	NA	NA	NA	NA	NA	NA	NA	NA	NA	NA	NA
NA	NA	NA	NA	NA	NA	NA	NA	NA	NA	NA	NA	NA	NA	NA	NA
NA	NA	NA	NA	NA	NA	NA	NA	NA	NA	NA	NA	NA	NA	NA	NA
NA	NA	NA	NA	NA	NA	NA	NA	NA	NA	NA	NA	NA	NA	NA	NA
NA	NA	NA	NA	NA	NA	NA	NA	NA	NA	NA	NA	NA	NA	NA	NA
NA	NA	NA	NA	NA	NA	NA	NA	NA	NA	NA	NA	NA	NA	NA	NA
NA	NA	NA	NA	NA	NA	NA	NA	NA	NA	NA	NA	NA	NA	NA	NA
NA	NA	NA	NA	NA	NA	NA	NA	NA	NA	NA	NA	NA	NA	NA	NA
NA	NA	NA	NA	NA	NA	NA	NA	NA	NA	NA	NA	NA	NA	NA	NA
NA	NA	NA	NA	NA	NA	NA	NA	NA	NA	NA	NA	NA	NA	NA	NA
NA	NA	NA	NA	NA	NA	NA	NA	NA	NA	NA	NA	NA	NA	NA	NA
NA	NA	NA	NA	NA	NA	NA	NA	NA	NA	NA	NA	NA	NA	NA	NA
NA	NA	NA	NA	NA	NA	NA	NA	NA	NA	NA	NA	NA	NA	NA	NA
NA	NA	NA	NA	NA	NA	NA	NA	NA	NA	NA	NA	NA	NA	NA	NA
NA	NA	NA	NA	NA	NA	NA	NA	NA	NA	NA	NA	NA	NA	NA	NA
NA	NA	NA	NA	NA	NA	NA	NA	NA	NA	NA	NA	NA	NA	NA	NA
NA	NA	NA	NA	NA	NA	NA	NA	NA	NA	NA	NA	NA	NA	NA	NA
NA	NA	NA	NA	NA	NA	NA	NA	NA	NA	NA	NA	NA	NA	NA	NA
NA	NA	NA	NA	NA	NA	NA	NA	NA	NA	NA	NA	NA	NA	NA	NA
NA	NA	NA	NA	NA	NA	NA	NA	NA	NA	NA	NA	NA	NA	NA	NA
NA	NA	NA	NA	NA	NA	NA	NA	NA	NA	NA	NA	NA	NA	NA	NA
NA	NA	NA	NA	NA	NA	NA	NA	NA	NA	NA	NA	NA	NA	NA	NA
NA	NA	NA	NA	NA	NA	NA	NA	NA	NA	NA	NA	NA	NA	NA	NA
NA	NA	NA	NA	NA	NA	NA	NA	NA	NA	NA	NA	NA	NA	NA	NA
NA	NA	NA	NA	NA	NA	NA	NA	NA	NA	NA	NA	NA	NA	NA	NA
NA	NA	NA	NA	NA	NA	NA	NA	NA	NA	NA	NA	NA	NA	NA	NA
NA	NA	NA	NA	NA	NA	NA	NA	NA	NA	NA	NA	NA	NA	NA	NA
NA	NA	NA	NA	NA	NA	NA	NA	NA	NA	NA	NA	NA	NA	NA	NA
NA	NA	NA	NA	NA	NA	NA	NA	NA	NA	NA	NA	NA	NA	NA	NA
NA	NA	NA	NA	NA	NA	NA	NA	NA	NA	NA	NA	NA	NA	NA	NA
NA	NA	NA	NA	NA	NA	NA	NA	NA	NA	NA	NA	NA	NA	NA	NA
NA	NA	NA	NA	NA	NA	NA	NA	NA	NA	NA	NA	NA	NA	NA	NA
NA	NA	NA	NA	NA	NA	NA	NA	NA	NA	NA	NA	NA	NA	NA	NA
NA	NA	NA	NA	NA	NA	NA	NA	NA	NA	NA	NA	NA	NA	NA	NA
NA	NA	NA	NA	NA	NA	NA	NA	NA	NA	NA	NA	NA	NA	NA	NA
NA	NA	NA	NA	NA	NA	NA	NA	NA	NA	NA	NA	NA	NA	NA	NA
NA	NA	NA	NA	NA	NA	NA	NA	NA	NA	NA	NA	NA	NA	NA	NA
NA	NA	NA	NA	NA	NA	NA	NA	NA	NA	NA	NA	NA	NA	NA	NA
NA	NA	NA	NA	NA	NA	NA	NA	NA	NA	NA	NA	NA	NA	NA	NA
NA	NA	NA	NA	NA	NA	NA	NA	NA	NA	NA	NA	NA	NA	NA	NA
NA	NA	NA	NA	NA	NA	NA	NA	NA	NA	NA	NA	NA	NA	NA	NA
NA	NA	NA	NA	NA	NA	NA	NA	NA	NA	NA	NA	NA	NA	NA	NA
NA	NA	NA	NA	NA	NA	NA	NA	NA	NA	NA	NA	NA	NA	NA	NA
NA	NA	NA	NA	NA	NA	NA	NA	NA	NA	NA	NA	NA	NA	NA	NA
NA	NA	NA	NA	NA	NA	NA	NA	NA	NA	NA	NA	NA	NA	NA	NA
NA	NA	NA	NA	NA	NA	NA	NA	NA	NA	NA	NA	NA	NA	NA	NA
NA	NA	NA	NA	NA	NA	NA	NA	NA	NA	NA	NA	NA	NA	NA	NA
NA	NA	NA	NA	NA	NA	NA	NA	NA	NA	NA	NA	NA	NA	NA	NA
NA	NA	NA	NA	NA	NA	NA	NA	NA	NA	NA	NA	NA	NA	NA	NA
NA	NA	NA	NA	NA	NA	NA	NA	NA	NA	NA	NA	NA	NA	NA	NA
NA	NA	NA	NA	NA	NA	NA	NA	NA	NA	NA	NA	NA	NA	NA	NA
NA	NA	NA	NA	NA	NA	NA	NA	NA	NA	NA	NA	NA	NA	NA	NA
NA	NA	NA	NA	NA	NA	NA	NA	NA	NA	NA	NA	NA	NA	NA	NA
NA	NA	NA	NA	NA	NA	NA	NA	NA	NA	NA	NA	NA	NA	NA	NA
NA	NA	NA	NA	NA	NA	NA	NA	NA	NA	NA	NA	NA	NA	NA	NA
NA	NA	NA	NA	NA	NA	NA	NA	NA	NA	NA	NA	NA	NA	NA	NA
NA	NA	NA	NA	NA	NA	NA	NA	NA	NA	NA	NA	NA	NA	NA	NA
NA	NA	NA	NA	NA	NA	NA	NA	NA	NA	NA	NA	NA	NA	NA	NA
NA	NA	NA	NA	NA	NA	NA	NA	NA	NA	NA	NA	NA	NA	NA	NA
NA	NA	NA	NA	NA	NA	NA	NA	NA	NA	NA	NA	NA	NA	NA	NA
NA	NA	NA	NA	NA	NA	NA	NA	NA	NA	NA	NA	NA	NA	NA	NA
NA	NA	NA	NA	NA	NA	NA	NA	NA	NA	NA	NA	NA	NA	NA	NA
NA	NA	NA	NA	NA	NA	NA	NA	NA	NA	NA	NA	NA	NA	NA	NA
NA	NA	NA	NA	NA	NA	NA	NA	NA	NA	NA	NA	NA	NA	NA	NA
NA	NA	NA	NA	NA	NA	NA	NA	NA	NA	NA	NA	NA	NA	NA	NA
NA	NA	NA	NA	NA	NA	NA	NA	NA	NA	NA	NA	NA	NA	NA	NA
NA	NA	NA	NA	NA	NA	NA	NA	NA	NA	NA	NA	NA	NA	NA	NA
NA	NA	NA	NA	NA	NA	NA	NA	NA	NA	NA	NA	NA	NA	NA	NA
NA	NA	NA	NA	NA	NA	NA	NA	NA	NA	NA	NA	NA	NA	NA	NA
NA	NA	NA	NA	NA	NA	NA	NA	NA	NA	NA	NA	NA	NA	NA	NA
NA	NA	NA	NA	NA	NA	NA	NA	NA	NA	NA	NA	NA	NA	NA	NA
NA	NA	NA	NA	NA	NA	NA	NA	NA	NA	NA	NA	NA	NA	NA	NA
NA	NA	NA	NA	NA	NA	NA	NA	NA	NA	NA	NA	NA	NA	NA	NA
NA	NA	NA	NA	NA	NA	NA	NA	NA	NA	NA	NA	NA	NA	NA	NA
NA	NA	NA	NA	NA	NA	NA	NA	NA	NA	NA	NA	NA	NA	NA	NA
NA	NA	NA	NA	NA	NA	NA	NA	NA	NA	NA	NA	NA	NA	NA	NA
NA	NA	NA	NA	NA	NA	NA	NA	NA	NA	NA	NA	NA	NA	NA	NA
NA	NA	NA	NA	NA	NA	NA	NA	NA	NA	NA	NA	NA	NA	NA	NA
NA	NA	NA	NA	NA	NA	NA	NA	NA	NA	NA	NA	NA	NA	NA	NA
NA	NA	NA	NA	NA	NA	NA	NA	NA	NA	NA	NA	NA	NA	NA	NA
NA	NA	NA	NA	NA	NA	NA	NA	NA	NA	NA	NA	NA	NA	NA	NA
NA	NA	NA	NA	NA	NA	NA	NA	NA	NA	NA	NA	NA	NA	NA	NA
NA	NA	NA	NA	NA	NA	NA	NA	NA	NA	NA	NA	NA	NA	NA	NA
NA	NA	NA	NA	NA	NA	NA	NA	NA	NA	NA	NA	NA	NA	NA	NA
NA	NA	NA	NA	NA	NA	NA	NA	NA	NA	NA	NA	NA	NA	NA	NA
NA	NA	NA	NA	NA	NA	NA	NA	NA	NA	NA	NA	NA	NA	NA	NA
NA	NA	NA	NA	NA	NA	NA	NA	NA	NA	NA	NA	NA	NA	NA	NA
NA	NA	NA	NA	NA	NA	NA	NA	NA	NA	NA	NA	NA	NA	NA	NA
NA	NA	NA	NA	NA	NA	NA	NA	NA	NA	NA	NA	NA	NA	NA	NA
NA	NA	NA	NA	NA	NA	NA	NA	NA	NA	NA	NA	NA	NA	NA	NA
NA	NA	NA	NA	NA	NA	NA	NA	NA	NA	NA	NA	NA	NA	NA	NA
NA	NA	NA	NA	NA	NA	NA	NA	NA	NA	NA	NA	NA	NA	NA	NA
2.17628733414102	0.081607050487046	2.01633751518641	2.33623715309563	2.17858786455495	0.109076526614472	1.96479787239059	2.39237785671932	2.17858786455495	0.081607050487046	2.01991613987513	2.3388896500713	2.17842475399358	0.076230661073884	2.02893537533446	2.3279141326527
2.04539762352906	0.0966942030302314	1.8558769855898	2.23491826146831	2.00893181117214	0.125535331191784	1.76288256203624	2.25498106030803	2.00893181117214	0.0966942030302314	1.82071330248106	2.19012292521471	2.0104748232988	0.0929845719835512	1.828105880554	2.1928437660436
1.87142758193557	0.0727544665635695	1.72882882747098	2.01402633640017	1.92753180734351	0.096416787828667	1.73855490319932	2.1165087114877	1.92753180734351	0.0727544665635695	1.78499381773868	2.06735269077989	1.92743126755512	0.0666438734388577	1.79676297317796	2.05809956193229
2.00506873832707	0.0860734703482243	1.83636473644455	2.17377274020959	2.02919325697693	0.116102757519659	1.8016318522384	2.25675466171546	2.02919325697693	0.0860734703482243	1.86083733993496	2.20222908648621	2.02984944064288	0.0765024717874055	1.87983601974616	2.17986286153959
1.84171257667695	0.0796237427196494	1.68565004094643	1.99777511240746	1.84246318951338	0.105405598961588	1.63586821554866	2.04905816347809	1.84246318951338	0.0796237427196494	1.69102678801086	2.00936847390731	1.84300369115994	0.0721261280408977	1.7015704935746	1.98443688874528
2.12061755563747	0.0880092652606393	1.94811939572662	2.29311571554832	2.09927077026014	0.115048494298036	1.87377572143599	2.32476581908429	2.09927077026014	0.0880092652606393	1.92801385605785	2.27282877138497	2.10126048125422	0.081802987287466	1.94084067538998	2.26168028711845
2.05588969562999	0.0887765323036655	1.88188769231481	2.22989169894517	1.9963478381263	0.116611732479352	1.76778884246677	2.22490683378583	1.9963478381263	0.0887765323036655	1.82380888929476	2.17574855954867	1.99748229832742	0.0819982936595774	1.83667334305806	2.15829125359677
2.0806644817154	0.0949458538931104	1.8945706080849	2.26675835534589	2.07589658772994	0.124543727594854	1.83179088164403	2.32000229381586	2.07589658772994	0.0949458538931104	1.89159202486387	2.25381997226749	2.07408540712667	0.0885527174118708	1.9004124447376	2.24775836951575
2.14926304050874	0.090409441692024	1.97206053479238	2.32646554622511	2.10678554719399	0.121961224556052	1.86774154706413	2.34582954732385	2.10678554719399	0.090409441692024	1.92917916757014	2.27255242963447	2.10489009031755	0.0869372446074219	1.93438259298291	2.27539758765219
1.81838389617815	0.0830450208630863	1.6556156552865	1.9811521370698	1.79338235726657	0.110720041136764	1.57637107663851	2.01039363789463	1.79338235726657	0.0830450208630863	1.63304291236532	1.95203495442312	1.79763065974002	0.0742276733742192	1.65207951003421	1.94318180944584
2.07674547865729	0.0732917873078517	1.93309357553391	2.22039738178068	2.03459160296721	0.0955690006652844	1.84727636166325	2.22190684427117	2.03459160296721	0.0732917873078517	1.88930039865467	2.1780199381158	2.0347414906604	0.0706028016743739	1.89630503309272	2.17317794822808
1.97763204950003	0.0791379268392655	1.82252171289507	2.13274238610499	1.95628226753579	0.10204547894071	1.756273128812	2.15629140625958	1.95628226753579	0.0791379268392655	1.80365159359947	2.10639375092266	1.95663749613461	0.0712669021531617	1.81689618170915	2.09637881056008
2.02158173231737	0.0715537026956453	1.8813364750339	2.16182698960083	2.03374304513611	0.0922851840055154	1.8528640844853	2.21462200578692	2.03374304513611	0.0715537026956453	1.89165803068681	2.17446654418611	2.03415376238305	0.0661125110844444	1.90452272379303	2.16378480097307
1.95312706018649	0.0793862782388492	1.79752995483835	2.10872416553464	1.96612482519404	0.107768242922494	1.75489906906595	2.17735058132212	1.96612482519404	0.0793862782388492	1.80381287584119	2.1262738267241	1.96757579633443	0.0727873932106078	1.82485436034429	2.11029723232456
1.95455099588894	0.0822078484572325	1.79342361291276	2.11567837886511	1.91546867500517	0.104275277370353	1.71108913135928	2.11984821865106	1.91546867500517	0.0822078484572325	1.75124969095885	2.07136725649402	1.91587297461913	0.0793191349126463	1.76032276954053	2.07142317969773
2.02009159526733	0.0837271190605134	1.85598644190872	2.18419674862594	2.07797788285031	0.110612301615972	1.861177771683	2.29477799401761	2.07797788285031	0.0837271190605134	1.90781085726176	2.25315836001116	2.07824854723486	0.0747571142738299	1.93165609429813	2.22484100017158
2.06505784940803	0.0826807952357166	1.90300349074602	2.22711220807003	2.03183238469332	0.106509236311661	1.82307428152246	2.24059048786417	2.03183238469332	0.0826807952357166	1.87780085589952	2.19498103166859	2.03426404268685	0.0791252283343958	1.87909292851813	2.18943515685557
2.01951895205711	0.0886293097979316	1.84580550485317	2.19323239926106	2.00420326544138	0.118618696732464	1.77171061984575	2.23669591103701	2.00420326544138	0.0886293097979316	1.81680407259705	2.18135920780284	2.00737155733149	0.0798493752186635	1.85078449260753	2.16395862205544
1.83488460806575	0.0761814677848259	1.68556893120749	1.98420028492401	1.8709992847076	0.100041952760027	1.67491705729795	2.06708151211725	1.8709992847076	0.0761814677848259	1.72651068961377	2.03110322393727	1.87403809768871	0.0717380565171558	1.73337128751628	2.01470490786114
2.01287562867704	0.0817186732546015	1.85270702909802	2.17304422825606	1.96104147723019	0.107213972791239	1.75090209055937	2.17118086390102	1.96104147723019	0.0817186732546015	1.80011710140464	2.11438642832682	1.96350809086539	0.0736760527847052	1.81904262186213	2.10797355986864
2.02631513542301	0.0793218137372797	1.87084438049795	2.18178589034808	2.03945821792161	0.103909713124938	1.83579518019673	2.24312125564649	2.03945821792161	0.0793218137372797	1.89111407612263	2.19130364397427	2.0410112424148	0.0728701154928885	1.89812438061636	2.18389810421325
1.96351589101536	0.0755260694819444	1.81548479483074	2.11154698719997	2.00067417301916	0.0984753696865117	1.80766244843359	2.19368589760472	2.00067417301916	0.0755260694819444	1.85020011312008	2.14688713570883	1.9974393213648	0.0675972439758234	1.86489682506367	2.12998181766593
2.08710189556732	0.0835638839801305	1.92331668296626	2.25088710816838	2.03336422371988	0.109683942020661	1.81838369735939	2.24834475008038	2.03336422371988	0.0835638839801305	1.86603801638419	2.18858418862618	2.03430551558559	0.0779404659303323	1.88146179869285	2.18714923247833
1.90681358109601	0.095393391981306	1.71984253281265	2.09378462937937	1.86815968072149	0.126175821537859	1.62085507050729	2.1154642909357	1.86815968072149	0.095393391981306	1.65896649850134	2.03560385822421	1.86861723130612	0.0891876335539967	1.69369617714499	2.04353828546725
1.97095189924282	0.0671522177970109	1.83933355236068	2.10257024612496	1.99127071664292	0.0887681137353427	1.81728521372165	2.1652562195642	1.99127071664292	0.0671522177970109	1.86226526381942	2.12007613604994	1.99156309239062	0.0649351501701401	1.86424149532951	2.11888468945172
1.99889754037447	0.0801417019877083	1.84181980447856	2.15597527627038	2.03872463483627	0.105253537789819	1.83242770076823	2.24502156890432	2.03872463483627	0.0801417019877083	1.89261144741874	2.20728227620154	2.03690208121468	0.0722092630446693	1.89530732266532	2.17849683976403
2.04951237281575	0.0841219696312877	1.88463331233842	2.21439143329307	2.09974759287478	0.109645494649096	1.88484242336255	2.31465276238701	2.09974759287478	0.0841219696312877	1.94401727176541	2.26578905286732	2.09948333046169	0.0800595848386576	1.942476976191	2.25648968473239
1.97192493129987	0.0746415296257373	1.82562753323343	2.11822232936632	1.93112549929437	0.0948591143354212	1.74520163519694	2.11704936339179	1.93112549929437	0.0746415296257373	1.793945330488	2.07681985253974	1.93081240111418	0.070127636804599	1.79330799079956	2.0683168114288
1.94439656768564	0.077944819138534	1.79162472217411	2.09716841319716	1.96186682230066	0.100730808245767	1.76443443813896	2.15929920646236	1.96186682230066	0.077944819138534	1.81383785425409	2.11065730466737	1.96206668550235	0.0742110153106036	1.81654601479695	2.10758735620775
2.04244418377692	0.085841880983361	1.87419409704954	2.21069427050431	2.03886756524785	0.11427589893574	1.8148868033338	2.2628483271619	2.03886756524785	0.085841880983361	1.86558337411983	2.2016745573075	2.03922272028912	0.0751219513381456	1.89191330183037	2.18653213874787
2.05007212590358	0.0796344901989802	1.89398852511357	2.20615572669358	2.04514210222028	0.106579939902732	1.83624542001093	2.25403878442964	2.04514210222028	0.0796344901989802	1.8906774838937	2.20368280491475	2.04457318379187	0.0717428456999345	1.90389739781233	2.18524896977142
1.97064627535526	0.0792989199150433	1.81522039232178	2.12607215838875	2.03205393965638	0.104552648939708	1.82713074773455	2.23697713157821	2.03205393965638	0.0792989199150433	1.88056209476787	2.19279092010104	2.03247807318081	0.0724966926264888	1.89031667675236	2.17463946960925
1.95930021581303	0.0847666480651045	1.79315758560543	2.12544284602064	1.98388554048721	0.109676700394332	1.76891920771431	2.1988518732601	1.98388554048721	0.0847666480651045	1.82000138274432	2.16086063092953	1.98378419036972	0.0796373236933461	1.82760727453193	2.13996110620751
2.07783326125745	0.0764899766702408	1.92791290698377	2.22775361553112	2.04757994952818	0.0982998414817233	1.854912260224	2.24024763883236	2.04757994952818	0.0764899766702408	1.89870802462865	2.20122531305394	2.04790421711558	0.0715098316472349	1.90768482455252	2.18812360967865
1.87373298990983	0.0988771017582863	1.67993387046359	2.06753210935607	1.83076186710113	0.127502562572564	1.58085684445891	2.08066688974336	1.83076186710113	0.0988771017582863	1.62698749352647	2.00396278299432	1.83130522582282	0.0939623701560663	1.64700692561483	2.01560352603081
1.88320067941377	0.0825751512486708	1.72135338296638	2.04504797586117	1.92468456856564	0.107309704975996	1.71435754681269	2.13501159031859	1.92468456856564	0.0825751512486708	1.77051688894134	2.09028068122172	1.92499144556467	0.0738852718424435	1.78011354869534	2.06986934243401
1.96078756484784	0.0850171246155341	1.79415400060139	2.12742112909429	1.93599318300226	0.111194301257673	1.71805235253722	2.1539340134673	1.93599318300226	0.0850171246155341	1.75881872396146	2.0981231031143	1.93496881836667	0.08290091597771	1.77239227442564	2.09754536230771
2.02692192676717	0.0788130643422958	1.87244832065627	2.18139553287807	2.03269844575302	0.100910908960121	1.83491306419118	2.23048382731486	2.03269844575302	0.0788130643422958	1.87335744798588	2.18344231412274	2.03359158503815	0.0740606721822263	1.88836709598186	2.17881607409445
1.94768371059233	0.0788195817369577	1.79319733038789	2.10217009079676	2.05008005487108	0.103365776696756	1.84748313254544	2.25267697719672	2.05008005487108	0.0788195817369577	1.89733923542407	2.20050001237185	2.04977057425707	0.0710504668689064	1.91044966319756	2.18909148531657
1.98815335857392	0.0867718344688783	1.81808056301492	2.15822615413292	1.96976940108725	0.115352811351827	1.74367789083767	2.19586091133683	1.96976940108725	0.0867718344688783	1.80095226263444	2.13518680682959	1.96908076435992	0.0803394306466986	1.81152763805847	2.12663389066137
1.96447835697545	0.0816009591446154	1.804540477052	2.12441623689889	1.99272486478184	0.103134702107358	1.79058084865142	2.19486888091226	1.99272486478184	0.0816009591446154	1.83447428041172	2.1456495156548	1.99323640599696	0.0776394042805756	1.84098087954699	2.14549193244693
1.97131810910121	0.0774734460244137	1.81947015489336	2.12316606330906	1.99893568581447	0.0989028283182418	1.80508614231071	2.19278522931822	1.99893568581447	0.0774734460244137	1.85545273806524	2.15183915546511	2.0001332815119	0.0736903281746498	1.85562862993565	2.14463793308816
1.90866237097824	0.0922789063561691	1.72779571452014	2.08952902743633	1.91375559437066	0.122180724551204	1.6742813742503	2.15322981449102	1.91375559437066	0.0922789063561691	1.73393140329633	2.10159276918266	1.91197855263221	0.0869434144140701	1.7414583154138	2.08249878985062
2.03972093470715	0.0777190641980003	1.88739156887907	2.19205030053523	2.04362930042769	0.104651220891275	1.83851290748079	2.24874569337459	2.04362930042769	0.0777190641980003	1.89005570889	2.19396149661992	2.04222045939323	0.0687629135876909	1.90739244396252	2.17704847482394
1.89470920215935	0.0820716798241443	1.73384870970403	2.05556969461468	1.91337357928702	0.107699246374008	1.70228305639396	2.12446410218008	1.91337357928702	0.0820716798241443	1.75866483125738	2.07943266635196	1.914551613246	0.0755691995228984	1.76636302690247	2.06274019958954
2.03907264862534	0.0765921720346132	1.8889519914375	2.18919330581318	2.00071881283527	0.100633536058757	1.80347708216011	2.19796054351044	2.00071881283527	0.0765921720346132	1.84588634170086	2.14819516642431	2.0022370227351	0.0693409541106711	1.86627262813638	2.13820141733382
2.06263500104668	0.091710949694996	1.88288153964449	2.24238846244887	2.04580364885733	0.120199155781287	1.810213303526	2.28139399418865	2.04580364885733	0.091710949694996	1.8640724958622	2.21862902725039	2.04282385180724	0.0846654495358113	1.87678087503362	2.20886682858086
1.98469707838526	0.0842495388118411	1.81956798231405	2.14982617445647	2.03466043940553	0.108309372102191	1.82237407008523	2.24694680872582	2.03466043940553	0.0842495388118411	1.88031304578045	2.20578298048588	2.03721811578012	0.0774009838919256	1.88543144619519	2.18900478536506
1.96421648158476	0.0848578274127086	1.79789513985585	2.13053782331367	1.93631745492579	0.109285870339524	1.72211714906033	2.15051776079126	1.93631745492579	0.0848578274127086	1.76482180530703	2.09339489488417	1.9388295666034	0.0796076706170935	1.7827123836685	2.0949467495383
1.95458133992863	0.0879113433916778	1.78227510688094	2.12688757297631	1.97699831409108	0.110710617750514	1.76000550330007	2.19399112488209	1.97699831409108	0.0879113433916778	1.80725887366123	2.15686433421864	1.97701793172607	0.0827034531346849	1.8148209990682	2.13921486438394
1.87800842995257	0.0939593956643055	1.69384801445053	2.06216884545461	1.87358890488077	0.123778029135557	1.63098396777508	2.11619384198647	1.87358890488077	0.0939593956643055	1.69585493011142	2.05200341012186	1.87557470812197	0.0860438644707357	1.70682123285738	2.04432818338657
2.03235704029182	0.0844893766326629	1.8667578620918	2.19795621849184	2.05338127501727	0.111219773549187	1.83539051886086	2.27137203117367	2.05338127501727	0.0844893766326629	1.88005740510116	2.20257678118666	2.0531958280237	0.0774607872389992	1.90129621858617	2.20509543746124
1.84142005536071	0.0964093048825239	1.65245781779096	2.03038229293046	1.8790595969743	0.125006714990965	1.63404643559201	2.12407275835659	1.8790595969743	0.0964093048825239	1.68299628447847	2.07550097102062	1.88257101473204	0.0899814011110938	1.70608841584841	2.05905361361566
2.08011893923863	0.0760456638864877	1.93106943802111	2.22916844045615	2.11473435849316	0.101079758526803	1.91661803178063	2.3128506852057	2.11473435849316	0.0760456638864877	1.96594957239509	2.26426111398791	2.11499160705708	0.0693786216251518	1.97895546843341	2.25102774568075
2.01806208245642	0.0831789176201215	1.85503140392098	2.18109276099185	2.00074532838652	0.108767625924718	1.78756078157407	2.21392987519897	2.00074532838652	0.0831789176201215	1.82185682713948	2.17168122168669	2.00057338667651	0.077057310841045	1.84946351096488	2.15168326238815
2.01910766584601	0.0823947455326939	1.85761396460193	2.18060136709009	2.0026733242331	0.108098404090815	1.7908004522151	2.21454619625109	2.0026733242331	0.0823947455326939	1.8422457878723	2.16606226691876	2.00407340965457	0.0761895310464942	1.8546652070731	2.15348161223603
1.94608090593019	0.0949021112898764	1.76007276780203	2.13208904405835	1.98819293929272	0.123150160966984	1.74681862379744	2.22956725478801	1.98819293929272	0.0949021112898764	1.80045784957317	2.17335148203919	1.9893446043061	0.0868160198310424	1.81908138116533	2.15960782744687
1.96219257368684	0.0757206587113377	1.81378008261261	2.11060506476106	2.04056759681436	0.0986758387331773	1.84716295289733	2.23397224073138	2.04056759681436	0.0757206587113377	1.90446134877201	2.18998972748239	2.03955299014068	0.0709795262959583	1.90037449922516	2.1787314810562
1.89297721341422	0.0813469198602816	1.73353725048807	2.05241717634037	1.93385104654094	0.106770215001563	1.72458142513788	2.143120667944	1.93385104654094	0.0813469198602816	1.76937700122887	2.08941665914244	1.93173361210475	0.0755853252658113	1.78351723401595	2.07994999019354
1.92518949285316	0.0761343129129439	1.77596623954379	2.07441274616253	1.93204320712834	0.104696934775115	1.72683721496912	2.13724919928757	1.93204320712834	0.0761343129129439	1.78215141288347	2.08258405999876	1.93473360637749	0.0677767732430816	1.80183782152746	2.06762939122752
2.0953529664365	0.0871318372948195	1.92457456533865	2.26613136753435	2.0475295536625	0.114563006161967	1.82298606158505	2.27207304573996	2.0475295536625	0.0871318372948195	1.88567325091053	2.24215708389695	2.05073909185171	0.0775820870236509	1.89860159967926	2.20287658402417
1.96008790707891	0.0787744982629186	1.80568989048359	2.11448592367423	2.01330178257075	0.102859125763157	1.81169789607496	2.21490566906653	2.01330178257075	0.0787744982629186	1.86763683366459	2.16689194497506	2.01102863013404	0.0709218372320317	1.87196237421316	2.15009488605492
1.89013605854802	0.0760955495056268	1.74098878151699	2.03928333557905	1.87774243763809	0.0988767819446829	1.68394394502651	2.07154093024967	1.87774243763809	0.0760955495056268	1.72199578858631	2.03393500136538	1.87549949604186	0.0699718407479587	1.7383018473836	2.01269714470012
2.01037208746718	0.0771334220386988	1.85919058027134	2.16155359466303	2.01042445763778	0.099040050812798	1.81630595804469	2.20454295723086	2.01042445763778	0.0771334220386988	1.85795651209184	2.15192764394171	2.01189237909685	0.0721692152506085	1.87037887183591	2.15340588635779
1.91401942125386	0.0832489564267844	1.75085146665737	2.07718737585036	1.9543199419491	0.110893882026955	1.73696793317627	2.17167195072193	1.9543199419491	0.0832489564267844	1.79502496182227	2.13186839161067	1.95557399525232	0.0737873043417086	1.81088130986047	2.10026668064417
2.05721687036865	0.078852920449621	1.90266514628739	2.21176859444991	2.00535471539659	0.104388783997622	1.80075269876125	2.20995673203193	2.00535471539659	0.078852920449621	1.85642378503155	2.15950330654168	2.00534894277148	0.0718439173353402	1.86446830462989	2.14622958091307
1.93965365797116	0.0750889726307966	1.7924792716148	2.08682804432752	1.98706752878602	0.0986958341779707	1.79362369379719	2.18051136377484	1.98706752878602	0.0750889726307966	1.84430082150012	2.12704086881797	1.98426146567213	0.0679875711704559	1.85095026822114	2.11757266312312
1.95977259242888	0.0792825442549139	1.80437880568924	2.11516637916851	1.92968421725753	0.105615998850038	1.72267685951145	2.1366915750036	1.92968421725753	0.0792825442549139	1.7656794677737	2.0756308831857	1.93113622536893	0.0734499870443892	1.78711032958488	2.07516212115297
1.91528863764951	0.0908670765868537	1.73718916753928	2.09338810775974	1.91275118579282	0.11775085017654	1.6819595194468	2.14354285213884	1.91275118579282	0.0908670765868537	1.73116521089968	2.08390813109811	1.91205137109117	0.085284439487924	1.74479526596496	2.07930747621738
2.05909015063056	0.076546968145015	1.90905809306633	2.20912220819479	2.09007090804946	0.0992034102660284	1.89563222392804	2.28450959217087	2.09007090804946	0.076546968145015	1.94380262087856	2.24417491097659	2.09148976491865	0.0711569015637189	1.95196253873846	2.23101699109885
2.09491480664114	0.0759590828617678	1.94603500423208	2.24379460905021	2.06249829530743	0.0994372590719185	1.86760126752647	2.25739532308839	2.06249829530743	0.0759590828617678	1.91759653940029	2.2107581304859	2.06410801287698	0.0696475822179606	1.92753972701967	2.20067629873428
1.99917608160532	0.0753861191008302	1.8514192881677	2.14693287504295	1.9618962129219	0.0984663797980087	1.7689021085178	2.15489031732599	1.9618962129219	0.0753861191008302	1.80890684592563	2.10262759165502	1.96402867493339	0.0705070950930564	1.82577665003084	2.10228069983595
2.00224511093917	0.0828116190200523	1.83993433765987	2.16455588421847	2.03931161273271	0.109025474875743	1.82562168197625	2.25300154348916	2.03931161273271	0.0828116190200523	1.89237141598232	2.20205132136627	2.0398802214088	0.0798398240983286	1.88331377826137	2.19644666455624
1.81239361472352	0.0752213098602524	1.66495984739743	1.95982738204962	1.81156014362676	0.0985095872452563	1.61848135262606	2.00463893462746	1.81156014362676	0.0752213098602524	1.65738450821651	1.95399323827931	1.8111995008521	0.0705669727820236	1.67283522598095	1.94956377572324
1.94855369955894	0.0789910898054552	1.79373116354025	2.10337623557764	1.94088185879466	0.105312972724874	1.73446843225391	2.14729528533541	1.94088185879466	0.0789910898054552	1.77967323392086	2.09318855350813	1.94286374951411	0.0725443623260221	1.80061295804772	2.0851145409805
1.98622582084633	0.0811906195706959	1.82709220648776	2.14535943520489	1.96302538494945	0.105354846869147	1.75652988508593	2.16952088481298	1.96302538494945	0.0811906195706959	1.79479076737294	2.11673970030679	1.96449157292103	0.076269819542918	1.81493123602625	2.1140519098158
2.06684965996399	0.0811643377648942	1.9077675579448	2.22593176198318	2.09943543523856	0.108278292974787	1.88720998100798	2.31166088946914	2.09943543523856	0.0811643377648942	1.93958892716849	2.2728499315427	2.09917842912866	0.0750641005868528	1.95197713276697	2.24637972549035
2.08880594466865	0.0877919572729054	1.91673370841376	2.26087818092355	2.09786029276821	0.116448698556269	1.86962084359792	2.32609974193849	2.09786029276821	0.0877919572729054	1.91160551953782	2.25642774021206	2.09790047160852	0.0814524717800025	1.93816166400492	2.25763927921213
1.96524658918183	0.0744822428855331	1.81926139312619	2.11123178523748	1.99114546020072	0.0983249960797609	1.79842846788439	2.18386245251705	1.99114546020072	0.0744822428855331	1.84919482862668	2.14007524545407	1.9909174226202	0.0678390043184354	1.85789989975373	2.12393494548667
1.89999668350512	0.080599558513381	1.7420215488189	2.05797181819135	1.88462642774888	0.105837949083759	1.67718404754472	2.09206880795305	1.88462642774888	0.080599558513381	1.73471765995316	2.03135963083848	1.88507356276213	0.073326888008425	1.74128770902989	2.02885941649437
2.01186894124051	0.0765725299445817	1.86178678254913	2.16195109993189	1.99432964813637	0.100248818320869	1.79784196422746	2.19081733204527	1.99432964813637	0.0765725299445817	1.85118075442405	2.15416499804649	1.99184726707849	0.0718638094940582	1.85093394168156	2.13276059247543
1.92712587997294	0.0814801594738912	1.76742476740411	2.08682699254176	1.96919860280839	0.105076510989961	1.76324864126806	2.17514856434871	1.96919860280839	0.0814801594738912	1.81230098460794	2.12483069278647	1.96970170200032	0.0741732711828255	1.82425569648479	2.11514770751585
2.10343810890535	0.0812523106458758	1.94418358003943	2.26269263777127	2.09981281103271	0.111410110654256	1.88144899415037	2.31817662791506	2.09981281103271	0.0812523106458758	1.93698920271685	2.26087717851207	2.09725070439883	0.0724148066452421	1.95525634581931	2.23924506297835
2.06263858335815	0.0863782850361839	1.89333714468723	2.23194002202907	2.05012190509999	0.112965508829238	1.82870950779468	2.2715343024053	2.05012190509999	0.0863782850361839	1.87676610563429	2.2101723420422	2.05224622143324	0.077879006890133	1.89952479123324	2.20496765163323
2.0511014151752	0.0910375517268645	1.87266781379055	2.22953501655986	2.10635944281848	0.120528427064871	1.87012372577134	2.34259515986563	2.10635944281848	0.0910375517268645	1.93096894759262	2.28630372549405	2.10732942991298	0.0830591467224213	1.94444008767308	2.27021877215289
2.02011560512851	0.0813270708621909	1.86071454623861	2.1795166640184	2.01922893431343	0.107790551137559	1.80795945408381	2.23049841454304	2.01922893431343	0.0813270708621909	1.8578610205828	2.16582575712351	2.01945218042284	0.0756631557739836	1.87107463035432	2.16782973049136
2.01513982896409	0.0843764798487287	1.84976192846059	2.1805177294676	2.00062840654161	0.111419293428956	1.78224659142086	2.21901022166236	2.00062840654161	0.0843764798487287	1.84024073954364	2.16850281915021	1.99935494523282	0.0775844315825086	1.84720835783428	2.15150153263136
1.85114071933931	0.0760482481771766	1.70208615291204	2.00019528576658	1.83779910639264	0.100934686546307	1.63996712076187	2.0356310920234	1.83779910639264	0.0760482481771766	1.68735732982856	1.98032488716607	1.83799552812334	0.0699702871863778	1.70079277360996	1.97519828263671
1.9993131375497	0.0848842050497168	1.83294009565226	2.16568617944715	2.0365840111783	0.111839687254732	1.81737822415902	2.25578979819757	2.0365840111783	0.0848842050497168	1.8642349096273	2.1876801126806	2.03856288074439	0.0775528670564314	1.88647992929041	2.19064583219838
2.00935681881206	0.0800354578292435	1.85248732146674	2.16622631615738	1.97371316376648	0.103628777193817	1.7706007604666	2.17682556706636	1.97371316376648	0.0800354578292435	1.81333825233816	2.12731548535647	1.9739742944229	0.0735994265771756	1.82964981822621	2.11829877061959
2.06852096983404	0.0916412222925436	1.88890417414065	2.24813776552742	2.07220255924881	0.122075376613205	1.83293482108693	2.31147029741069	2.07220255924881	0.0916412222925436	1.9043231352895	2.26784306975247	2.06861503809817	0.085669957656025	1.90059453136218	2.23663554483415
1.94990935402752	0.0744435735895142	1.80399994979207	2.09581875826296	1.95506522579542	0.0964352783869643	1.76605208015698	2.14407837143387	1.95506522579542	0.0744435735895142	1.81316108779983	2.09552691574805	1.95646155666278	0.0691502293903794	1.82087732929652	2.09204578402903
2.10803054589571	0.071753552256519	1.96739358347294	2.24866750831849	2.10270422677182	0.0915369081910364	1.92329188671739	2.28211656682625	2.10270422677182	0.071753552256519	1.96279508245116	2.24564497768348	2.1031505457196	0.0674775995246421	1.97084040059087	2.23546069084833
2.02732565911313	0.0764566903860127	1.87747054595654	2.17718077226971	1.99703320405654	0.101730484732699	1.79764145398045	2.19642495413263	1.99703320405654	0.0764566903860127	1.85275790053804	2.15136462071096	1.99808212717968	0.069545420193434	1.86171524008083	2.13444901427854
1.95961766093539	0.0811886328291646	1.80048794059023	2.11874738128055	1.98049852377885	0.105026797556193	1.77464600056871	2.18635104698899	1.98049852377885	0.0811886328291646	1.81265130699192	2.13216577828532	1.98094111522715	0.0736055389632889	1.83660363378421	2.12527859667009
2.08637904587053	0.0810962047576688	1.9274304845455	2.24532760719556	2.06146198668983	0.106184457636961	1.85334044972139	2.26958352365828	2.06146198668983	0.0810962047576688	1.89999937572453	2.20833975453057	2.06176015576464	0.0771722805607786	1.91042654347221	2.21309376805707
2.07927345075512	0.0783277704722533	1.9257510206295	2.23279588088073	2.05497306671214	0.0991262751031446	1.86068556750997	2.2492605659143	2.05497306671214	0.0783277704722533	1.89372236794466	2.20142090209236	2.05708012709733	0.0749191673599262	1.91016870969466	2.20399154449999
1.942508256522	0.0908422428717259	1.76445746049342	2.12055905255058	1.8951401094128	0.120756876250388	1.65845663196204	2.13182358686356	1.8951401094128	0.0908422428717259	1.72034104789621	2.06509607052051	1.8948785907738	0.0838288337518299	1.73047213119711	2.05928505035049
1.9550170585488	0.0745096609749209	1.80897812303796	2.10105599405964	1.98665096783264	0.100197009494029	1.79026482922435	2.18303710644094	1.98665096783264	0.0745096609749209	1.84478680481309	2.13380845808361	1.9879855125541	0.0663282981874725	1.85793341734115	2.11803760776705
2.01182821077634	0.0911456114030063	1.83318281242645	2.19047360912623	1.99296244574916	0.119746481133658	1.75825934272719	2.22766554877113	1.99296244574916	0.0911456114030063	1.80567027672343	2.16362054654065	1.99327537797286	0.0851344916781605	1.82630376640208	2.16024698954363
NA	NA	NA	NA	NA	NA	NA	NA	NA	NA	NA	NA	NA	NA	NA	NA
NA	NA	NA	NA	NA	NA	NA	NA	NA	NA	NA	NA	NA	NA	NA	NA
NA	NA	NA	NA	NA	NA	NA	NA	NA	NA	NA	NA	NA	NA	NA	NA
NA	NA	NA	NA	NA	NA	NA	NA	NA	NA	NA	NA	NA	NA	NA	NA
NA	NA	NA	NA	NA	NA	NA	NA	NA	NA	NA	NA	NA	NA	NA	NA
NA	NA	NA	NA	NA	NA	NA	NA	NA	NA	NA	NA	NA	NA	NA	NA
NA	NA	NA	NA	NA	NA	NA	NA	NA	NA	NA	NA	NA	NA	NA	NA
NA	NA	NA	NA	NA	NA	NA	NA	NA	NA	NA	NA	NA	NA	NA	NA
NA	NA	NA	NA	NA	NA	NA	NA	NA	NA	NA	NA	NA	NA	NA	NA
NA	NA	NA	NA	NA	NA	NA	NA	NA	NA	NA	NA	NA	NA	NA	NA
NA	NA	NA	NA	NA	NA	NA	NA	NA	NA	NA	NA	NA	NA	NA	NA
NA	NA	NA	NA	NA	NA	NA	NA	NA	NA	NA	NA	NA	NA	NA	NA
NA	NA	NA	NA	NA	NA	NA	NA	NA	NA	NA	NA	NA	NA	NA	NA
NA	NA	NA	NA	NA	NA	NA	NA	NA	NA	NA	NA	NA	NA	NA	NA
NA	NA	NA	NA	NA	NA	NA	NA	NA	NA	NA	NA	NA	NA	NA	NA
NA	NA	NA	NA	NA	NA	NA	NA	NA	NA	NA	NA	NA	NA	NA	NA
NA	NA	NA	NA	NA	NA	NA	NA	NA	NA	NA	NA	NA	NA	NA	NA
NA	NA	NA	NA	NA	NA	NA	NA	NA	NA	NA	NA	NA	NA	NA	NA
NA	NA	NA	NA	NA	NA	NA	NA	NA	NA	NA	NA	NA	NA	NA	NA
NA	NA	NA	NA	NA	NA	NA	NA	NA	NA	NA	NA	NA	NA	NA	NA
NA	NA	NA	NA	NA	NA	NA	NA	NA	NA	NA	NA	NA	NA	NA	NA
NA	NA	NA	NA	NA	NA	NA	NA	NA	NA	NA	NA	NA	NA	NA	NA
NA	NA	NA	NA	NA	NA	NA	NA	NA	NA	NA	NA	NA	NA	NA	NA
NA	NA	NA	NA	NA	NA	NA	NA	NA	NA	NA	NA	NA	NA	NA	NA
NA	NA	NA	NA	NA	NA	NA	NA	NA	NA	NA	NA	NA	NA	NA	NA
NA	NA	NA	NA	NA	NA	NA	NA	NA	NA	NA	NA	NA	NA	NA	NA
NA	NA	NA	NA	NA	NA	NA	NA	NA	NA	NA	NA	NA	NA	NA	NA
NA	NA	NA	NA	NA	NA	NA	NA	NA	NA	NA	NA	NA	NA	NA	NA
NA	NA	NA	NA	NA	NA	NA	NA	NA	NA	NA	NA	NA	NA	NA	NA
NA	NA	NA	NA	NA	NA	NA	NA	NA	NA	NA	NA	NA	NA	NA	NA
NA	NA	NA	NA	NA	NA	NA	NA	NA	NA	NA	NA	NA	NA	NA	NA
NA	NA	NA	NA	NA	NA	NA	NA	NA	NA	NA	NA	NA	NA	NA	NA
NA	NA	NA	NA	NA	NA	NA	NA	NA	NA	NA	NA	NA	NA	NA	NA
NA	NA	NA	NA	NA	NA	NA	NA	NA	NA	NA	NA	NA	NA	NA	NA
NA	NA	NA	NA	NA	NA	NA	NA	NA	NA	NA	NA	NA	NA	NA	NA
NA	NA	NA	NA	NA	NA	NA	NA	NA	NA	NA	NA	NA	NA	NA	NA
NA	NA	NA	NA	NA	NA	NA	NA	NA	NA	NA	NA	NA	NA	NA	NA
NA	NA	NA	NA	NA	NA	NA	NA	NA	NA	NA	NA	NA	NA	NA	NA
NA	NA	NA	NA	NA	NA	NA	NA	NA	NA	NA	NA	NA	NA	NA	NA
NA	NA	NA	NA	NA	NA	NA	NA	NA	NA	NA	NA	NA	NA	NA	NA
NA	NA	NA	NA	NA	NA	NA	NA	NA	NA	NA	NA	NA	NA	NA	NA
NA	NA	NA	NA	NA	NA	NA	NA	NA	NA	NA	NA	NA	NA	NA	NA
NA	NA	NA	NA	NA	NA	NA	NA	NA	NA	NA	NA	NA	NA	NA	NA
NA	NA	NA	NA	NA	NA	NA	NA	NA	NA	NA	NA	NA	NA	NA	NA
NA	NA	NA	NA	NA	NA	NA	NA	NA	NA	NA	NA	NA	NA	NA	NA
NA	NA	NA	NA	NA	NA	NA	NA	NA	NA	NA	NA	NA	NA	NA	NA
NA	NA	NA	NA	NA	NA	NA	NA	NA	NA	NA	NA	NA	NA	NA	NA
NA	NA	NA	NA	NA	NA	NA	NA	NA	NA	NA	NA	NA	NA	NA	NA
NA	NA	NA	NA	NA	NA	NA	NA	NA	NA	NA	NA	NA	NA	NA	NA
NA	NA	NA	NA	NA	NA	NA	NA	NA	NA	NA	NA	NA	NA	NA	NA
NA	NA	NA	NA	NA	NA	NA	NA	NA	NA	NA	NA	NA	NA	NA	NA
NA	NA	NA	NA	NA	NA	NA	NA	NA	NA	NA	NA	NA	NA	NA	NA
NA	NA	NA	NA	NA	NA	NA	NA	NA	NA	NA	NA	NA	NA	NA	NA
NA	NA	NA	NA	NA	NA	NA	NA	NA	NA	NA	NA	NA	NA	NA	NA
NA	NA	NA	NA	NA	NA	NA	NA	NA	NA	NA	NA	NA	NA	NA	NA
NA	NA	NA	NA	NA	NA	NA	NA	NA	NA	NA	NA	NA	NA	NA	NA
NA	NA	NA	NA	NA	NA	NA	NA	NA	NA	NA	NA	NA	NA	NA	NA
NA	NA	NA	NA	NA	NA	NA	NA	NA	NA	NA	NA	NA	NA	NA	NA
NA	NA	NA	NA	NA	NA	NA	NA	NA	NA	NA	NA	NA	NA	NA	NA
NA	NA	NA	NA	NA	NA	NA	NA	NA	NA	NA	NA	NA	NA	NA	NA
NA	NA	NA	NA	NA	NA	NA	NA	NA	NA	NA	NA	NA	NA	NA	NA
NA	NA	NA	NA	NA	NA	NA	NA	NA	NA	NA	NA	NA	NA	NA	NA
NA	NA	NA	NA	NA	NA	NA	NA	NA	NA	NA	NA	NA	NA	NA	NA
NA	NA	NA	NA	NA	NA	NA	NA	NA	NA	NA	NA	NA	NA	NA	NA
NA	NA	NA	NA	NA	NA	NA	NA	NA	NA	NA	NA	NA	NA	NA	NA
NA	NA	NA	NA	NA	NA	NA	NA	NA	NA	NA	NA	NA	NA	NA	NA
NA	NA	NA	NA	NA	NA	NA	NA	NA	NA	NA	NA	NA	NA	NA	NA
NA	NA	NA	NA	NA	NA	NA	NA	NA	NA	NA	NA	NA	NA	NA	NA
NA	NA	NA	NA	NA	NA	NA	NA	NA	NA	NA	NA	NA	NA	NA	NA
NA	NA	NA	NA	NA	NA	NA	NA	NA	NA	NA	NA	NA	NA	NA	NA
NA	NA	NA	NA	NA	NA	NA	NA	NA	NA	NA	NA	NA	NA	NA	NA
NA	NA	NA	NA	NA	NA	NA	NA	NA	NA	NA	NA	NA	NA	NA	NA
NA	NA	NA	NA	NA	NA	NA	NA	NA	NA	NA	NA	NA	NA	NA	NA
NA	NA	NA	NA	NA	NA	NA	NA	NA	NA	NA	NA	NA	NA	NA	NA
NA	NA	NA	NA	NA	NA	NA	NA	NA	NA	NA	NA	NA	NA	NA	NA
NA	NA	NA	NA	NA	NA	NA	NA	NA	NA	NA	NA	NA	NA	NA	NA
NA	NA	NA	NA	NA	NA	NA	NA	NA	NA	NA	NA	NA	NA	NA	NA
NA	NA	NA	NA	NA	NA	NA	NA	NA	NA	NA	NA	NA	NA	NA	NA
NA	NA	NA	NA	NA	NA	NA	NA	NA	NA	NA	NA	NA	NA	NA	NA
NA	NA	NA	NA	NA	NA	NA	NA	NA	NA	NA	NA	NA	NA	NA	NA
NA	NA	NA	NA	NA	NA	NA	NA	NA	NA	NA	NA	NA	NA	NA	NA
NA	NA	NA	NA	NA	NA	NA	NA	NA	NA	NA	NA	NA	NA	NA	NA
NA	NA	NA	NA	NA	NA	NA	NA	NA	NA	NA	NA	NA	NA	NA	NA
NA	NA	NA	NA	NA	NA	NA	NA	NA	NA	NA	NA	NA	NA	NA	NA
NA	NA	NA	NA	NA	NA	NA	NA	NA	NA	NA	NA	NA	NA	NA	NA
NA	NA	NA	NA	NA	NA	NA	NA	NA	NA	NA	NA	NA	NA	NA	NA
NA	NA	NA	NA	NA	NA	NA	NA	NA	NA	NA	NA	NA	NA	NA	NA
NA	NA	NA	NA	NA	NA	NA	NA	NA	NA	NA	NA	NA	NA	NA	NA
NA	NA	NA	NA	NA	NA	NA	NA	NA	NA	NA	NA	NA	NA	NA	NA
NA	NA	NA	NA	NA	NA	NA	NA	NA	NA	NA	NA	NA	NA	NA	NA
NA	NA	NA	NA	NA	NA	NA	NA	NA	NA	NA	NA	NA	NA	NA	NA
NA	NA	NA	NA	NA	NA	NA	NA	NA	NA	NA	NA	NA	NA	NA	NA
NA	NA	NA	NA	NA	NA	NA	NA	NA	NA	NA	NA	NA	NA	NA	NA
NA	NA	NA	NA	NA	NA	NA	NA	NA	NA	NA	NA	NA	NA	NA	NA
NA	NA	NA	NA	NA	NA	NA	NA	NA	NA	NA	NA	NA	NA	NA	NA
NA	NA	NA	NA	NA	NA	NA	NA	NA	NA	NA	NA	NA	NA	NA	NA
NA	NA	NA	NA	NA	NA	NA	NA	NA	NA	NA	NA	NA	NA	NA	NA
NA	NA	NA	NA	NA	NA	NA	NA	NA	NA	NA	NA	NA	NA	NA	NA
NA	NA	NA	NA	NA	NA	NA	NA	NA	NA	NA	NA	NA	NA	NA	NA
NA	NA	NA	NA	NA	NA	NA	NA	NA	NA	NA	NA	NA	NA	NA	NA
