X1	X2	X3	X4	X1.1	X2.1	X3.1	X4.1	X1.2	X2.2	X3.2	X4.2	X1.3	X2.3	X3.3	X4.3
NA	NA	NA	NA	NA	NA	NA	NA	NA	NA	NA	NA	NA	NA	NA	NA
NA	NA	NA	NA	NA	NA	NA	NA	NA	NA	NA	NA	NA	NA	NA	NA
NA	NA	NA	NA	NA	NA	NA	NA	NA	NA	NA	NA	NA	NA	NA	NA
NA	NA	NA	NA	NA	NA	NA	NA	NA	NA	NA	NA	NA	NA	NA	NA
NA	NA	NA	NA	NA	NA	NA	NA	NA	NA	NA	NA	NA	NA	NA	NA
NA	NA	NA	NA	NA	NA	NA	NA	NA	NA	NA	NA	NA	NA	NA	NA
NA	NA	NA	NA	NA	NA	NA	NA	NA	NA	NA	NA	NA	NA	NA	NA
NA	NA	NA	NA	NA	NA	NA	NA	NA	NA	NA	NA	NA	NA	NA	NA
NA	NA	NA	NA	NA	NA	NA	NA	NA	NA	NA	NA	NA	NA	NA	NA
NA	NA	NA	NA	NA	NA	NA	NA	NA	NA	NA	NA	NA	NA	NA	NA
NA	NA	NA	NA	NA	NA	NA	NA	NA	NA	NA	NA	NA	NA	NA	NA
NA	NA	NA	NA	NA	NA	NA	NA	NA	NA	NA	NA	NA	NA	NA	NA
NA	NA	NA	NA	NA	NA	NA	NA	NA	NA	NA	NA	NA	NA	NA	NA
NA	NA	NA	NA	NA	NA	NA	NA	NA	NA	NA	NA	NA	NA	NA	NA
NA	NA	NA	NA	NA	NA	NA	NA	NA	NA	NA	NA	NA	NA	NA	NA
NA	NA	NA	NA	NA	NA	NA	NA	NA	NA	NA	NA	NA	NA	NA	NA
NA	NA	NA	NA	NA	NA	NA	NA	NA	NA	NA	NA	NA	NA	NA	NA
NA	NA	NA	NA	NA	NA	NA	NA	NA	NA	NA	NA	NA	NA	NA	NA
NA	NA	NA	NA	NA	NA	NA	NA	NA	NA	NA	NA	NA	NA	NA	NA
NA	NA	NA	NA	NA	NA	NA	NA	NA	NA	NA	NA	NA	NA	NA	NA
NA	NA	NA	NA	NA	NA	NA	NA	NA	NA	NA	NA	NA	NA	NA	NA
NA	NA	NA	NA	NA	NA	NA	NA	NA	NA	NA	NA	NA	NA	NA	NA
NA	NA	NA	NA	NA	NA	NA	NA	NA	NA	NA	NA	NA	NA	NA	NA
NA	NA	NA	NA	NA	NA	NA	NA	NA	NA	NA	NA	NA	NA	NA	NA
NA	NA	NA	NA	NA	NA	NA	NA	NA	NA	NA	NA	NA	NA	NA	NA
NA	NA	NA	NA	NA	NA	NA	NA	NA	NA	NA	NA	NA	NA	NA	NA
NA	NA	NA	NA	NA	NA	NA	NA	NA	NA	NA	NA	NA	NA	NA	NA
NA	NA	NA	NA	NA	NA	NA	NA	NA	NA	NA	NA	NA	NA	NA	NA
NA	NA	NA	NA	NA	NA	NA	NA	NA	NA	NA	NA	NA	NA	NA	NA
NA	NA	NA	NA	NA	NA	NA	NA	NA	NA	NA	NA	NA	NA	NA	NA
NA	NA	NA	NA	NA	NA	NA	NA	NA	NA	NA	NA	NA	NA	NA	NA
NA	NA	NA	NA	NA	NA	NA	NA	NA	NA	NA	NA	NA	NA	NA	NA
NA	NA	NA	NA	NA	NA	NA	NA	NA	NA	NA	NA	NA	NA	NA	NA
NA	NA	NA	NA	NA	NA	NA	NA	NA	NA	NA	NA	NA	NA	NA	NA
NA	NA	NA	NA	NA	NA	NA	NA	NA	NA	NA	NA	NA	NA	NA	NA
NA	NA	NA	NA	NA	NA	NA	NA	NA	NA	NA	NA	NA	NA	NA	NA
NA	NA	NA	NA	NA	NA	NA	NA	NA	NA	NA	NA	NA	NA	NA	NA
NA	NA	NA	NA	NA	NA	NA	NA	NA	NA	NA	NA	NA	NA	NA	NA
NA	NA	NA	NA	NA	NA	NA	NA	NA	NA	NA	NA	NA	NA	NA	NA
NA	NA	NA	NA	NA	NA	NA	NA	NA	NA	NA	NA	NA	NA	NA	NA
NA	NA	NA	NA	NA	NA	NA	NA	NA	NA	NA	NA	NA	NA	NA	NA
NA	NA	NA	NA	NA	NA	NA	NA	NA	NA	NA	NA	NA	NA	NA	NA
NA	NA	NA	NA	NA	NA	NA	NA	NA	NA	NA	NA	NA	NA	NA	NA
NA	NA	NA	NA	NA	NA	NA	NA	NA	NA	NA	NA	NA	NA	NA	NA
NA	NA	NA	NA	NA	NA	NA	NA	NA	NA	NA	NA	NA	NA	NA	NA
NA	NA	NA	NA	NA	NA	NA	NA	NA	NA	NA	NA	NA	NA	NA	NA
NA	NA	NA	NA	NA	NA	NA	NA	NA	NA	NA	NA	NA	NA	NA	NA
NA	NA	NA	NA	NA	NA	NA	NA	NA	NA	NA	NA	NA	NA	NA	NA
NA	NA	NA	NA	NA	NA	NA	NA	NA	NA	NA	NA	NA	NA	NA	NA
NA	NA	NA	NA	NA	NA	NA	NA	NA	NA	NA	NA	NA	NA	NA	NA
NA	NA	NA	NA	NA	NA	NA	NA	NA	NA	NA	NA	NA	NA	NA	NA
NA	NA	NA	NA	NA	NA	NA	NA	NA	NA	NA	NA	NA	NA	NA	NA
NA	NA	NA	NA	NA	NA	NA	NA	NA	NA	NA	NA	NA	NA	NA	NA
NA	NA	NA	NA	NA	NA	NA	NA	NA	NA	NA	NA	NA	NA	NA	NA
NA	NA	NA	NA	NA	NA	NA	NA	NA	NA	NA	NA	NA	NA	NA	NA
NA	NA	NA	NA	NA	NA	NA	NA	NA	NA	NA	NA	NA	NA	NA	NA
NA	NA	NA	NA	NA	NA	NA	NA	NA	NA	NA	NA	NA	NA	NA	NA
NA	NA	NA	NA	NA	NA	NA	NA	NA	NA	NA	NA	NA	NA	NA	NA
NA	NA	NA	NA	NA	NA	NA	NA	NA	NA	NA	NA	NA	NA	NA	NA
NA	NA	NA	NA	NA	NA	NA	NA	NA	NA	NA	NA	NA	NA	NA	NA
NA	NA	NA	NA	NA	NA	NA	NA	NA	NA	NA	NA	NA	NA	NA	NA
NA	NA	NA	NA	NA	NA	NA	NA	NA	NA	NA	NA	NA	NA	NA	NA
NA	NA	NA	NA	NA	NA	NA	NA	NA	NA	NA	NA	NA	NA	NA	NA
NA	NA	NA	NA	NA	NA	NA	NA	NA	NA	NA	NA	NA	NA	NA	NA
NA	NA	NA	NA	NA	NA	NA	NA	NA	NA	NA	NA	NA	NA	NA	NA
NA	NA	NA	NA	NA	NA	NA	NA	NA	NA	NA	NA	NA	NA	NA	NA
NA	NA	NA	NA	NA	NA	NA	NA	NA	NA	NA	NA	NA	NA	NA	NA
NA	NA	NA	NA	NA	NA	NA	NA	NA	NA	NA	NA	NA	NA	NA	NA
NA	NA	NA	NA	NA	NA	NA	NA	NA	NA	NA	NA	NA	NA	NA	NA
NA	NA	NA	NA	NA	NA	NA	NA	NA	NA	NA	NA	NA	NA	NA	NA
NA	NA	NA	NA	NA	NA	NA	NA	NA	NA	NA	NA	NA	NA	NA	NA
NA	NA	NA	NA	NA	NA	NA	NA	NA	NA	NA	NA	NA	NA	NA	NA
NA	NA	NA	NA	NA	NA	NA	NA	NA	NA	NA	NA	NA	NA	NA	NA
NA	NA	NA	NA	NA	NA	NA	NA	NA	NA	NA	NA	NA	NA	NA	NA
NA	NA	NA	NA	NA	NA	NA	NA	NA	NA	NA	NA	NA	NA	NA	NA
NA	NA	NA	NA	NA	NA	NA	NA	NA	NA	NA	NA	NA	NA	NA	NA
NA	NA	NA	NA	NA	NA	NA	NA	NA	NA	NA	NA	NA	NA	NA	NA
NA	NA	NA	NA	NA	NA	NA	NA	NA	NA	NA	NA	NA	NA	NA	NA
NA	NA	NA	NA	NA	NA	NA	NA	NA	NA	NA	NA	NA	NA	NA	NA
NA	NA	NA	NA	NA	NA	NA	NA	NA	NA	NA	NA	NA	NA	NA	NA
NA	NA	NA	NA	NA	NA	NA	NA	NA	NA	NA	NA	NA	NA	NA	NA
NA	NA	NA	NA	NA	NA	NA	NA	NA	NA	NA	NA	NA	NA	NA	NA
NA	NA	NA	NA	NA	NA	NA	NA	NA	NA	NA	NA	NA	NA	NA	NA
NA	NA	NA	NA	NA	NA	NA	NA	NA	NA	NA	NA	NA	NA	NA	NA
NA	NA	NA	NA	NA	NA	NA	NA	NA	NA	NA	NA	NA	NA	NA	NA
NA	NA	NA	NA	NA	NA	NA	NA	NA	NA	NA	NA	NA	NA	NA	NA
NA	NA	NA	NA	NA	NA	NA	NA	NA	NA	NA	NA	NA	NA	NA	NA
NA	NA	NA	NA	NA	NA	NA	NA	NA	NA	NA	NA	NA	NA	NA	NA
NA	NA	NA	NA	NA	NA	NA	NA	NA	NA	NA	NA	NA	NA	NA	NA
NA	NA	NA	NA	NA	NA	NA	NA	NA	NA	NA	NA	NA	NA	NA	NA
NA	NA	NA	NA	NA	NA	NA	NA	NA	NA	NA	NA	NA	NA	NA	NA
NA	NA	NA	NA	NA	NA	NA	NA	NA	NA	NA	NA	NA	NA	NA	NA
NA	NA	NA	NA	NA	NA	NA	NA	NA	NA	NA	NA	NA	NA	NA	NA
NA	NA	NA	NA	NA	NA	NA	NA	NA	NA	NA	NA	NA	NA	NA	NA
NA	NA	NA	NA	NA	NA	NA	NA	NA	NA	NA	NA	NA	NA	NA	NA
NA	NA	NA	NA	NA	NA	NA	NA	NA	NA	NA	NA	NA	NA	NA	NA
NA	NA	NA	NA	NA	NA	NA	NA	NA	NA	NA	NA	NA	NA	NA	NA
NA	NA	NA	NA	NA	NA	NA	NA	NA	NA	NA	NA	NA	NA	NA	NA
NA	NA	NA	NA	NA	NA	NA	NA	NA	NA	NA	NA	NA	NA	NA	NA
NA	NA	NA	NA	NA	NA	NA	NA	NA	NA	NA	NA	NA	NA	NA	NA
NA	NA	NA	NA	NA	NA	NA	NA	NA	NA	NA	NA	NA	NA	NA	NA
NA	NA	NA	NA	NA	NA	NA	NA	NA	NA	NA	NA	NA	NA	NA	NA
NA	NA	NA	NA	NA	NA	NA	NA	NA	NA	NA	NA	NA	NA	NA	NA
NA	NA	NA	NA	NA	NA	NA	NA	NA	NA	NA	NA	NA	NA	NA	NA
NA	NA	NA	NA	NA	NA	NA	NA	NA	NA	NA	NA	NA	NA	NA	NA
NA	NA	NA	NA	NA	NA	NA	NA	NA	NA	NA	NA	NA	NA	NA	NA
NA	NA	NA	NA	NA	NA	NA	NA	NA	NA	NA	NA	NA	NA	NA	NA
NA	NA	NA	NA	NA	NA	NA	NA	NA	NA	NA	NA	NA	NA	NA	NA
NA	NA	NA	NA	NA	NA	NA	NA	NA	NA	NA	NA	NA	NA	NA	NA
NA	NA	NA	NA	NA	NA	NA	NA	NA	NA	NA	NA	NA	NA	NA	NA
NA	NA	NA	NA	NA	NA	NA	NA	NA	NA	NA	NA	NA	NA	NA	NA
NA	NA	NA	NA	NA	NA	NA	NA	NA	NA	NA	NA	NA	NA	NA	NA
NA	NA	NA	NA	NA	NA	NA	NA	NA	NA	NA	NA	NA	NA	NA	NA
NA	NA	NA	NA	NA	NA	NA	NA	NA	NA	NA	NA	NA	NA	NA	NA
NA	NA	NA	NA	NA	NA	NA	NA	NA	NA	NA	NA	NA	NA	NA	NA
NA	NA	NA	NA	NA	NA	NA	NA	NA	NA	NA	NA	NA	NA	NA	NA
NA	NA	NA	NA	NA	NA	NA	NA	NA	NA	NA	NA	NA	NA	NA	NA
NA	NA	NA	NA	NA	NA	NA	NA	NA	NA	NA	NA	NA	NA	NA	NA
NA	NA	NA	NA	NA	NA	NA	NA	NA	NA	NA	NA	NA	NA	NA	NA
NA	NA	NA	NA	NA	NA	NA	NA	NA	NA	NA	NA	NA	NA	NA	NA
NA	NA	NA	NA	NA	NA	NA	NA	NA	NA	NA	NA	NA	NA	NA	NA
NA	NA	NA	NA	NA	NA	NA	NA	NA	NA	NA	NA	NA	NA	NA	NA
NA	NA	NA	NA	NA	NA	NA	NA	NA	NA	NA	NA	NA	NA	NA	NA
NA	NA	NA	NA	NA	NA	NA	NA	NA	NA	NA	NA	NA	NA	NA	NA
NA	NA	NA	NA	NA	NA	NA	NA	NA	NA	NA	NA	NA	NA	NA	NA
NA	NA	NA	NA	NA	NA	NA	NA	NA	NA	NA	NA	NA	NA	NA	NA
NA	NA	NA	NA	NA	NA	NA	NA	NA	NA	NA	NA	NA	NA	NA	NA
NA	NA	NA	NA	NA	NA	NA	NA	NA	NA	NA	NA	NA	NA	NA	NA
NA	NA	NA	NA	NA	NA	NA	NA	NA	NA	NA	NA	NA	NA	NA	NA
NA	NA	NA	NA	NA	NA	NA	NA	NA	NA	NA	NA	NA	NA	NA	NA
NA	NA	NA	NA	NA	NA	NA	NA	NA	NA	NA	NA	NA	NA	NA	NA
NA	NA	NA	NA	NA	NA	NA	NA	NA	NA	NA	NA	NA	NA	NA	NA
NA	NA	NA	NA	NA	NA	NA	NA	NA	NA	NA	NA	NA	NA	NA	NA
NA	NA	NA	NA	NA	NA	NA	NA	NA	NA	NA	NA	NA	NA	NA	NA
NA	NA	NA	NA	NA	NA	NA	NA	NA	NA	NA	NA	NA	NA	NA	NA
NA	NA	NA	NA	NA	NA	NA	NA	NA	NA	NA	NA	NA	NA	NA	NA
NA	NA	NA	NA	NA	NA	NA	NA	NA	NA	NA	NA	NA	NA	NA	NA
NA	NA	NA	NA	NA	NA	NA	NA	NA	NA	NA	NA	NA	NA	NA	NA
NA	NA	NA	NA	NA	NA	NA	NA	NA	NA	NA	NA	NA	NA	NA	NA
NA	NA	NA	NA	NA	NA	NA	NA	NA	NA	NA	NA	NA	NA	NA	NA
NA	NA	NA	NA	NA	NA	NA	NA	NA	NA	NA	NA	NA	NA	NA	NA
NA	NA	NA	NA	NA	NA	NA	NA	NA	NA	NA	NA	NA	NA	NA	NA
NA	NA	NA	NA	NA	NA	NA	NA	NA	NA	NA	NA	NA	NA	NA	NA
NA	NA	NA	NA	NA	NA	NA	NA	NA	NA	NA	NA	NA	NA	NA	NA
NA	NA	NA	NA	NA	NA	NA	NA	NA	NA	NA	NA	NA	NA	NA	NA
NA	NA	NA	NA	NA	NA	NA	NA	NA	NA	NA	NA	NA	NA	NA	NA
NA	NA	NA	NA	NA	NA	NA	NA	NA	NA	NA	NA	NA	NA	NA	NA
NA	NA	NA	NA	NA	NA	NA	NA	NA	NA	NA	NA	NA	NA	NA	NA
NA	NA	NA	NA	NA	NA	NA	NA	NA	NA	NA	NA	NA	NA	NA	NA
NA	NA	NA	NA	NA	NA	NA	NA	NA	NA	NA	NA	NA	NA	NA	NA
NA	NA	NA	NA	NA	NA	NA	NA	NA	NA	NA	NA	NA	NA	NA	NA
NA	NA	NA	NA	NA	NA	NA	NA	NA	NA	NA	NA	NA	NA	NA	NA
NA	NA	NA	NA	NA	NA	NA	NA	NA	NA	NA	NA	NA	NA	NA	NA
NA	NA	NA	NA	NA	NA	NA	NA	NA	NA	NA	NA	NA	NA	NA	NA
NA	NA	NA	NA	NA	NA	NA	NA	NA	NA	NA	NA	NA	NA	NA	NA
NA	NA	NA	NA	NA	NA	NA	NA	NA	NA	NA	NA	NA	NA	NA	NA
NA	NA	NA	NA	NA	NA	NA	NA	NA	NA	NA	NA	NA	NA	NA	NA
NA	NA	NA	NA	NA	NA	NA	NA	NA	NA	NA	NA	NA	NA	NA	NA
NA	NA	NA	NA	NA	NA	NA	NA	NA	NA	NA	NA	NA	NA	NA	NA
NA	NA	NA	NA	NA	NA	NA	NA	NA	NA	NA	NA	NA	NA	NA	NA
NA	NA	NA	NA	NA	NA	NA	NA	NA	NA	NA	NA	NA	NA	NA	NA
NA	NA	NA	NA	NA	NA	NA	NA	NA	NA	NA	NA	NA	NA	NA	NA
NA	NA	NA	NA	NA	NA	NA	NA	NA	NA	NA	NA	NA	NA	NA	NA
NA	NA	NA	NA	NA	NA	NA	NA	NA	NA	NA	NA	NA	NA	NA	NA
NA	NA	NA	NA	NA	NA	NA	NA	NA	NA	NA	NA	NA	NA	NA	NA
NA	NA	NA	NA	NA	NA	NA	NA	NA	NA	NA	NA	NA	NA	NA	NA
NA	NA	NA	NA	NA	NA	NA	NA	NA	NA	NA	NA	NA	NA	NA	NA
NA	NA	NA	NA	NA	NA	NA	NA	NA	NA	NA	NA	NA	NA	NA	NA
NA	NA	NA	NA	NA	NA	NA	NA	NA	NA	NA	NA	NA	NA	NA	NA
NA	NA	NA	NA	NA	NA	NA	NA	NA	NA	NA	NA	NA	NA	NA	NA
NA	NA	NA	NA	NA	NA	NA	NA	NA	NA	NA	NA	NA	NA	NA	NA
NA	NA	NA	NA	NA	NA	NA	NA	NA	NA	NA	NA	NA	NA	NA	NA
NA	NA	NA	NA	NA	NA	NA	NA	NA	NA	NA	NA	NA	NA	NA	NA
NA	NA	NA	NA	NA	NA	NA	NA	NA	NA	NA	NA	NA	NA	NA	NA
NA	NA	NA	NA	NA	NA	NA	NA	NA	NA	NA	NA	NA	NA	NA	NA
NA	NA	NA	NA	NA	NA	NA	NA	NA	NA	NA	NA	NA	NA	NA	NA
NA	NA	NA	NA	NA	NA	NA	NA	NA	NA	NA	NA	NA	NA	NA	NA
NA	NA	NA	NA	NA	NA	NA	NA	NA	NA	NA	NA	NA	NA	NA	NA
NA	NA	NA	NA	NA	NA	NA	NA	NA	NA	NA	NA	NA	NA	NA	NA
NA	NA	NA	NA	NA	NA	NA	NA	NA	NA	NA	NA	NA	NA	NA	NA
NA	NA	NA	NA	NA	NA	NA	NA	NA	NA	NA	NA	NA	NA	NA	NA
NA	NA	NA	NA	NA	NA	NA	NA	NA	NA	NA	NA	NA	NA	NA	NA
NA	NA	NA	NA	NA	NA	NA	NA	NA	NA	NA	NA	NA	NA	NA	NA
NA	NA	NA	NA	NA	NA	NA	NA	NA	NA	NA	NA	NA	NA	NA	NA
NA	NA	NA	NA	NA	NA	NA	NA	NA	NA	NA	NA	NA	NA	NA	NA
NA	NA	NA	NA	NA	NA	NA	NA	NA	NA	NA	NA	NA	NA	NA	NA
NA	NA	NA	NA	NA	NA	NA	NA	NA	NA	NA	NA	NA	NA	NA	NA
NA	NA	NA	NA	NA	NA	NA	NA	NA	NA	NA	NA	NA	NA	NA	NA
NA	NA	NA	NA	NA	NA	NA	NA	NA	NA	NA	NA	NA	NA	NA	NA
NA	NA	NA	NA	NA	NA	NA	NA	NA	NA	NA	NA	NA	NA	NA	NA
NA	NA	NA	NA	NA	NA	NA	NA	NA	NA	NA	NA	NA	NA	NA	NA
NA	NA	NA	NA	NA	NA	NA	NA	NA	NA	NA	NA	NA	NA	NA	NA
NA	NA	NA	NA	NA	NA	NA	NA	NA	NA	NA	NA	NA	NA	NA	NA
NA	NA	NA	NA	NA	NA	NA	NA	NA	NA	NA	NA	NA	NA	NA	NA
NA	NA	NA	NA	NA	NA	NA	NA	NA	NA	NA	NA	NA	NA	NA	NA
NA	NA	NA	NA	NA	NA	NA	NA	NA	NA	NA	NA	NA	NA	NA	NA
NA	NA	NA	NA	NA	NA	NA	NA	NA	NA	NA	NA	NA	NA	NA	NA
NA	NA	NA	NA	NA	NA	NA	NA	NA	NA	NA	NA	NA	NA	NA	NA
NA	NA	NA	NA	NA	NA	NA	NA	NA	NA	NA	NA	NA	NA	NA	NA
NA	NA	NA	NA	NA	NA	NA	NA	NA	NA	NA	NA	NA	NA	NA	NA
2.04495718787013	0.0962993246682081	1.85621051152045	2.23370386421982	2.056097648837	0.126517737322063	1.80812288368576	2.30407241398824	2.056097648837	0.0962993246682081	1.8752776590265	2.26552976621996	2.05726288989291	0.0915300860355027	1.87773969863993	2.23678608114588
1.8934720240273	0.0826650892413021	1.73144844911435	2.05549559894025	1.89258923781862	0.107160849218145	1.68255397335106	2.10262450228618	1.89258923781862	0.0826650892413021	1.7293368560215	2.06113431232258	1.89229511932673	0.0780815818460305	1.73917285363219	2.04541738502128
2.05870908894511	0.0846915304688435	1.89271368922618	2.22470448866404	2.06955699324587	0.11286103897615	1.84834935685262	2.29076462963912	2.06955699324587	0.0846915304688435	1.90221939246049	2.2447481182386	2.07095375699445	0.079385302459296	1.91527761169142	2.22662990229748
2.06625938681392	0.0974420534882956	1.87527296197686	2.25724581165098	2.07742602495316	0.120706017725033	1.84084223021209	2.31400981969422	2.07742602495316	0.0974420534882956	1.89452335563003	2.28266664334891	2.07759525316278	0.0936882123311688	1.89383781150556	2.26135269481999
2.04923617611637	0.102559237118206	1.84822007136469	2.25025228086806	2.05496121406866	0.133140622617509	1.79400559373834	2.31591683439898	2.05496121406866	0.102559237118206	1.85203788863672	2.2518981447214	2.05371564994819	0.0949768120909631	1.86742792217226	2.24000337772412
2.00851913312742	0.0835370171640973	1.84478657948579	2.17225168676906	1.98913039567489	0.110669858091815	1.77221747381493	2.20604331753484	1.98913039567489	0.0835370171640973	1.82586517279473	2.15883087692676	1.98970571032065	0.0766517110235273	1.8393957141251	2.14001570651621
2.07992111888891	0.109030020354612	1.86622227899387	2.29361995878395	2.05442648321637	0.144888023252186	1.77044595764209	2.33840700879066	2.05442648321637	0.109030020354612	1.86323747511608	2.27725352817849	2.05560520443934	0.105240724337794	1.84916763192501	2.26204277695367
1.94018594275248	0.0896972611266073	1.76437931094433	2.11599257456063	1.94527098333611	0.11632659741829	1.71727085239626	2.17327111427595	1.94527098333611	0.0896972611266073	1.76381933179188	2.11420680059149	1.94742781553101	0.0838148171295713	1.78305385191241	2.11180177914962
2.09012119238107	0.0859395193403096	1.92167973447406	2.25856265028807	2.0708387779751	0.113399196295913	1.84857635323511	2.29310120271509	2.0708387779751	0.0859395193403096	1.89840556382758	2.23557067102463	2.07253286398197	0.0801435549154874	1.91536345684226	2.22970227112168
2.09180707248954	0.0867602608014394	1.92175696131872	2.26185718366036	2.00143575181829	0.114531240345163	1.77695452074177	2.22591698289481	2.00143575181829	0.0867602608014394	1.83348640464391	2.16801548105582	2.00298344745828	0.0807961954371748	1.84453262644132	2.16143426847525
2.10774124703386	0.0889171278831899	1.93346367638281	2.28201881768491	2.07372072292948	0.118137445563834	1.84217132962437	2.3052701162346	2.07372072292948	0.0889171278831899	1.89823338548076	2.24654707537057	2.07135807434303	0.0812906675426202	1.91194244981617	2.23077369886988
1.91912789334153	0.108431129669979	1.70660287918837	2.13165290749469	1.93096138681708	0.145305045625726	1.64616349739066	2.2157592762435	1.93096138681708	0.108431129669979	1.70923357244022	2.13997757444065	1.93126153961933	0.101276017924847	1.73261143144325	2.12991164779542
2.1101523398577	0.0928461429752804	1.92817389962615	2.29213078008925	2.14323911026716	0.119829704409334	1.90837288962486	2.37810533090945	2.14323911026716	0.0928461429752804	1.94646835781337	2.31727100960223	2.14474537203991	0.0862006710053859	1.97568719552999	2.31380354854982
2.09599916429155	0.0994495956253482	1.90107795686586	2.29092037171723	2.05561896808734	0.130922302096986	1.79901125597725	2.31222668019743	2.05561896808734	0.0994495956253482	1.84913722453632	2.25093869601112	2.05638317783172	0.0932356974294993	1.87351886291867	2.23924749274477
1.90960208848812	0.108042132011192	1.69783950974619	2.12136466723006	1.89578956333828	0.135715877634041	1.62978644317556	2.161792683501	1.89578956333828	0.108042132011192	1.68130157725558	2.11203523856226	1.89781158177503	0.105524270670322	1.690823382022	2.10479978152807
1.93014689596625	0.0940000214482178	1.74590685392774	2.11438693800476	1.9953938978248	0.123891652619357	1.75256625869086	2.23822153695874	1.9953938978248	0.0940000214482178	1.8057981119571	2.17531071730246	1.9960379057374	0.0897738445949312	1.81996394320156	2.17211186827325
1.99681049980198	0.0840673016866304	1.83203858849619	2.16158241110778	1.9337420730671	0.111836561441919	1.71454241264094	2.15294173349326	1.9337420730671	0.0840673016866304	1.75803205880525	2.09380877515892	1.93689149532547	0.0814854062657325	1.77709157868299	2.09669141196794
2.0425489862566	0.107162200559839	1.83251107315932	2.25258689935389	2.08596298955075	0.136626583757333	1.81817488538638	2.35375109371512	2.08596298955075	0.107162200559839	1.88130232956838	2.29906911739312	2.08831320431144	0.100629991230579	1.89092997841352	2.28569643020935
2.00432276444728	0.0985500280654149	1.81116470943907	2.19748081945549	1.92918020253237	0.128481003855247	1.67735743497608	2.18100297008865	1.92918020253237	0.0985500280654149	1.71210136929053	2.10359420150496	1.92988173481957	0.0937357152202592	1.74602509280584	2.11373837683331
1.96214628752551	0.0934500863671158	1.77898411824597	2.14530845680506	2.01469217759546	0.122252555494077	1.77507716882707	2.25430718636385	2.01469217759546	0.0934500863671158	1.84418737133519	2.21083390134036	2.01336536019325	0.0881868161589349	1.84040380043387	2.18632691995262
2.01278159962911	0.0940282742920275	1.82848618201674	2.19707701724149	1.99330738338274	0.120794074085529	1.75655099817511	2.23006376859038	1.99330738338274	0.0940282742920275	1.80590295783978	2.1769362038934	1.9929368585869	0.0876290243509015	1.82107064421901	2.16480307295479
1.91487877698689	0.0866740308880918	1.74499767644623	2.08475987752755	1.96648141518932	0.113139298018373	1.74472839107331	2.18823443930533	1.96648141518932	0.0866740308880918	1.8036055066336	2.13951650252872	1.96704028950646	0.0815200187824636	1.80716377787954	2.12691680113338
2.06805033494122	0.0938504013698724	1.88410354825627	2.25199712162617	2.0225126542927	0.118663216996602	1.78993274897936	2.25509255960603	2.0225126542927	0.0938504013698724	1.82414227997898	2.21363863243735	2.02385961459126	0.0914029547222262	1.84458778175334	2.20313144742919
2.03871122594921	0.089254348535266	1.86377270282009	2.21364974907833	2.02530702283578	0.1211316272071	1.78788903350987	2.2627250121617	2.02530702283578	0.089254348535266	1.84018675879112	2.18969901948522	2.02477838428455	0.0777091761255003	1.87238657253499	2.1771701960341
2.05354626161628	0.091460825307371	1.87428304401383	2.23280947921873	2.06191650701235	0.117571394520346	1.83147657375247	2.29235644027223	2.06191650701235	0.091460825307371	1.89187107713643	2.24265358108165	2.06035759599903	0.0840178057502144	1.8955892321818	2.22512595981626
2.04485668067994	0.0991863374301785	1.85045145931679	2.23926190204309	2.03652441659998	0.128763608087343	1.78414774474878	2.28890108845117	2.03652441659998	0.0991863374301785	1.85087251279621	2.22233773121841	2.03685807742703	0.0927449272189548	1.85495556658861	2.21876058826545
2.00517645350339	0.107506292772016	1.79446411967024	2.21588878733654	1.98695740346166	0.141247974300919	1.71011137383186	2.26380343309146	1.98695740346166	0.107506292772016	1.77343706526726	2.18604953198318	1.98456305718921	0.107298957214726	1.77408763986661	2.19503847451181
1.89541051175905	0.109172939886152	1.68143154958219	2.10938947393591	1.90931319251323	0.140734796853867	1.63347299067965	2.18515339434681	1.90931319251323	0.109172939886152	1.70256235781276	2.13258560329599	1.90742843636876	0.102053512825143	1.70725213609589	2.10760473664162
1.98627880282895	0.0915182539057623	1.80690302517365	2.16565458048424	1.97542655663136	0.120925575296818	1.7384124290496	2.21244068421313	1.97542655663136	0.0915182539057623	1.77703355913926	2.14796383940764	1.97344815847043	0.0854291717022021	1.80590998072514	2.14098633621571
2.1850028432203	0.0893511015637894	2.00987468415527	2.36013100228533	2.14366501181779	0.11960774888077	1.90923382401148	2.3780961996241	2.14366501181779	0.0893511015637894	1.97258374720792	2.32029655490519	2.14482299522906	0.084514492478148	1.97907548326058	2.31057050719754
2.05394991184206	0.108862119023635	1.84058015855574	2.26731966512839	2.0234448469772	0.144678165226814	1.73987564313265	2.30701405082176	2.0234448469772	0.108862119023635	1.81564702567357	2.24627376560609	2.02345912468056	0.103130556459163	1.82116956167834	2.22574868768278
2.05376927140823	0.0897718043909289	1.87781653480201	2.22972200801446	2.0486652110031	0.117067072463605	1.81921374897443	2.27811667303176	2.0486652110031	0.0897718043909289	1.8753795766117	2.2245440688686	2.04841484450833	0.082677775954192	1.88627461619831	2.21055507281836
1.96871153715467	0.0961471523352427	1.7802631185776	2.15715995573175	1.96677768678011	0.119371102124865	1.73281032661538	2.20074504694485	1.96677768678011	0.0961471523352427	1.78217368584496	2.14616059205214	1.96773843796137	0.0916452955759818	1.7880008103718	2.14747606555094
1.88117474096357	0.100375900763527	1.68443797546705	2.07791150646008	1.99441585281977	0.130854383465954	1.7379412612265	2.25089044441304	1.99441585281977	0.100375900763527	1.81436671315667	2.21797759465583	1.99317940836529	0.0957837217363719	1.80530409942445	2.18105471730614
1.93261329667948	0.0890401266408429	1.75809464846343	2.10713194489554	1.95873313453677	0.113841289650153	1.73560420682247	2.18186206225107	1.95873313453677	0.0890401266408429	1.78374118788185	2.15154655040313	1.95927962482273	0.0818464023403762	1.79876991615855	2.11978933348692
2.04180687779671	0.104732144396566	1.83653187477944	2.24708188081398	2.01672291538709	0.137168077888647	1.74787348272534	2.28557234804884	2.01672291538709	0.104732144396566	1.82587503656803	2.25204414523959	2.01744235528215	0.0965979983977416	1.82797759002961	2.20690712053469
2.02456903537847	0.0899208620583531	1.8483241457441	2.20081392501284	1.99573271330608	0.116026398380162	1.76832097248096	2.2231444541312	1.99573271330608	0.0899208620583531	1.82306954017505	2.17729508276113	1.99341722171267	0.0829429497034977	1.83075537000213	2.15607907342321
1.95537473939947	0.0936569947852642	1.77180702962035	2.13894244917859	1.92568464750583	0.12548105178157	1.67974178601396	2.17162750899771	1.92568464750583	0.0936569947852642	1.73652226851386	2.11014950473378	1.92549144704346	0.0875073807448722	1.75387877252035	2.09710412156658
1.94272728970735	0.0866032712184225	1.77298487811924	2.11246970129546	2.01110383731861	0.112282214094552	1.79103069769329	2.23117697694394	2.01110383731861	0.0866032712184225	1.84136366420035	2.17591645004912	2.01223766692458	0.0827479018079828	1.84995421546841	2.17452111838076
2.06081376489727	0.0784306756835534	1.9070896405575	2.21453788923703	2.09206563696198	0.0997881433285368	1.89648087603805	2.28765039788592	2.09206563696198	0.0784306756835534	1.93530601112203	2.25314725531904	2.09275542888472	0.0732198052269419	1.9491789300007	2.23633192776873
2.04136255952835	0.0895298118307137	1.86588412834015	2.21684099071655	2.07207517838962	0.120498437330881	1.83589824122109	2.30825211555815	2.07207517838962	0.0895298118307137	1.90041771668485	2.23539959631392	2.07186406125689	0.0828673982059355	1.90935134805398	2.23437677445981
1.9680799525193	0.0910748246362012	1.78957329623235	2.14658660880626	1.98496808043212	0.118175322029262	1.75334444925477	2.21659171160948	1.98496808043212	0.0910748246362012	1.81901968714572	2.1711395994587	1.98486574971535	0.0824571384176679	1.82315417049865	2.14657732893205
1.99608066700881	0.0939292598391842	1.81197931772401	2.18018201629361	2.02050869954577	0.115655922648603	1.79382309115451	2.24719430793703	2.02050869954577	0.0939292598391842	1.83857161368608	2.20496379954758	2.02149478471458	0.0875697842330596	1.84974745717664	2.19324211225252
1.95972732275108	0.0957380700450298	1.77208070546282	2.14737394003934	1.96532459245929	0.127161968623415	1.7160871339574	2.21456205096118	1.96532459245929	0.0957380700450298	1.78286530623372	2.15692343906761	1.96696652811914	0.0905330236928135	1.78940328759593	2.14452976864235
2.03375269883219	0.0976156030216576	1.84242611690974	2.22507928075463	2.02734281495875	0.130576453481332	1.77141296613534	2.28327266378217	2.02734281495875	0.0976156030216576	1.83306960762038	2.21753279918596	2.02854553840599	0.0976195719283406	1.83707127522388	2.2200198015881
1.90791672134799	0.0871016089960694	1.73719756771569	2.07863587498029	1.95013339288247	0.112241695310984	1.73013967007294	2.170127115692	1.95013339288247	0.0871016089960694	1.79492032916451	2.12952914729754	1.95119430770863	0.0818485950745401	1.79067699875885	2.11171161665842
1.9389709929359	0.0867308093785142	1.76897860655401	2.10896337931779	1.92821208059433	0.110912349298683	1.71082387596891	2.14560028521975	1.92821208059433	0.0867308093785142	1.75200640862505	2.09861099722136	1.92962676039213	0.0828234595155575	1.76719957987748	2.09205394090679
2.02931795723627	0.0878086263016197	1.85721304968509	2.20142286478744	2.01604687144365	0.115945877338614	1.78879295185997	2.24330079102734	2.01604687144365	0.0878086263016197	1.84127210332813	2.18670962778634	2.01763810980363	0.0793108376989605	1.86210652406369	2.17316969554356
2.15268858546517	0.0959805958956276	1.96456661750974	2.3408105534206	2.14598602694931	0.125713268746749	1.89958802020568	2.39238403369294	2.14598602694931	0.0959805958956276	1.95819736423581	2.32534039055896	2.1452442795642	0.088801861763124	1.97107804774227	2.31941051138614
1.80971728825959	0.0853668885542658	1.64239818669322	1.97703638982595	1.86616133150832	0.113753277679367	1.64320490725676	2.08911775575988	1.86616133150832	0.0853668885542658	1.70479087504196	2.02863637943055	1.86490228931839	0.0802401299469296	1.70754385282297	2.0222607258138
1.98244253362941	0.0997019150261921	1.78702678017808	2.17785828708075	1.98651471828828	0.126409440663645	1.73875221458753	2.23427722198902	1.98651471828828	0.0997019150261921	1.79921715321532	2.1901097085519	1.98540943062079	0.0950872544813139	1.79890981178662	2.17190904945496
2.18499217613979	0.14753793962883	1.89581781446729	2.4741665378123	2.2081158687161	0.180640549355512	1.8540603919793	2.56217134545291	2.2081158687161	0.14753793962883	1.99825189719553	2.59485261898473	2.20908449438387	0.144393341066861	1.92579945208898	2.49236953667876
1.7707553698476	0.0962263495957077	1.58215172464002	1.95935901505519	1.83855488761386	0.117912163400993	1.60744704734791	2.06966272787981	1.83855488761386	0.0962263495957077	1.6584510619212	2.02599742742197	1.83745411822044	0.0935473212894757	1.65398005503874	2.02092818140214
2.09463697122145	0.0866460709241487	1.92481067221012	2.26446327023278	2.05491051775328	0.107831596187803	1.84356058922519	2.26626044628138	2.05491051775328	0.0866460709241487	1.88388262163347	2.23258422349762	2.05502704671221	0.0822608905616142	1.89370688277636	2.21634721064805
1.98001597156656	0.0811016706465319	1.82105669709936	2.13897524603376	2.02265607032099	0.107000710730017	1.81293467729015	2.23237746335182	2.02265607032099	0.0811016706465319	1.87425355320469	2.18179683673461	2.02207779115416	0.0766098554459647	1.87184541114725	2.17231017116107
1.94931383913664	0.0883347047283635	1.77617781786904	2.12244986040423	2.01948368038088	0.11583515530211	1.79244677598875	2.24652058477302	2.01948368038088	0.0883347047283635	1.85166752409684	2.19789827915133	2.01763366766497	0.0869125040124592	1.84717182931379	2.18809550601615
1.9186326040598	0.0956338958883561	1.73119016811862	2.10607504000098	1.87776123487231	0.122821906625646	1.63703029788604	2.11849217185857	1.87776123487231	0.0956338958883561	1.67655354198742	2.04859259692712	1.87732556855018	0.08986525947464	1.7010743121044	2.05357682499596
1.87893500498739	0.0962992794412143	1.69018841728261	2.06768159269217	1.8501119091201	0.124481769159744	1.606127641567	2.0940961766732	1.8501119091201	0.0962992794412143	1.64934681044952	2.03690781628019	1.85044204818214	0.0898953763254749	1.67413489683312	2.02674919953115
1.99532145153343	0.103012775144333	1.79341641225054	2.19722649081633	2.03142112346049	0.134151312453982	1.76848455105069	2.2943576958703	2.03142112346049	0.103012775144333	1.83341066322332	2.24835842701922	2.03434108184531	0.0966139352466715	1.84483286467565	2.22384929901498
2.04354699537737	0.0943510913668162	1.85861885629841	2.22847513445633	2.01283225937309	0.125114629682444	1.7676075851955	2.25805693355068	2.01283225937309	0.0943510913668162	1.81813394139946	2.19266071768066	2.01684136929115	0.0905797060478566	1.83919193748817	2.19449080109414
2.00308153529438	0.0941725160856369	1.81850340376653	2.18765966682223	2.01160073807348	0.124074960315268	1.76841381585555	2.2547876602914	2.01160073807348	0.0941725160856369	1.80532005882718	2.19156940350931	2.01319560596657	0.0908832737053859	1.83494382934054	2.1914473825926
2.08641067868303	0.0930445580621956	1.90404334488113	2.26877801248493	1.98674417973075	0.119193887621975	1.75312415999168	2.22036419946982	1.98674417973075	0.0930445580621956	1.78966432664672	2.15790292643374	1.98772510356471	0.0901764747737356	1.81086316115413	2.16458704597529
1.99088359714434	0.103026466075894	1.78895172363559	2.19281547065309	1.93376870433009	0.128667019628223	1.68158134585877	2.18595606280141	1.93376870433009	0.103026466075894	1.73738206816835	2.12167047224258	1.93563182006937	0.0977382354115368	1.74392853614205	2.12733510399669
1.94461656139551	0.0983629911300119	1.75182509878069	2.13740802401033	1.96909402176894	0.128604097000546	1.71702999164787	2.22115805189001	1.96909402176894	0.0983629911300119	1.7773191110261	2.16225777287525	1.97050739140151	0.0945189274399723	1.78512450563502	2.15589027716799
2.14440185908098	0.100455813683039	1.94750846426222	2.34129525389973	2.09105008340012	0.129416796289419	1.83739316267286	2.34470700412738	2.09105008340012	0.100455813683039	1.89572670561483	2.29240162426626	2.08949736896237	0.0965423697377329	1.90013885759418	2.27885588033055
1.89019241194815	0.0871475321847379	1.71938324886606	2.06100157503024	1.91752668486927	0.113602857316372	1.69486508452918	2.14018828520936	1.91752668486927	0.0871475321847379	1.74973878439146	2.09804580601221	1.91831278537194	0.0820919795036019	1.75732600940452	2.07929956133937
1.9275284236605	0.0884463207201634	1.75417363504898	2.10088321227202	1.90366473513576	0.113976177821934	1.68027142660477	2.12705804366675	1.90366473513576	0.0884463207201634	1.74515421534851	2.08766361355323	1.90602196371757	0.0840451936782537	1.741188500881	2.07085542655414
2.09069939393974	0.0949156270188343	1.90466476498283	2.27673402289666	2.02405837940767	0.124094273417357	1.78083360350965	2.26728315530569	2.02405837940767	0.0949156270188343	1.8368471605924	2.21746785567357	2.02695395596454	0.0897787216856219	1.85087509859684	2.20303281333223
2.20745672210932	0.0816168593575537	2.04748767776851	2.36742576645012	2.21443179515436	0.107927983968006	2.00289294657707	2.42597064373166	2.21443179515436	0.0816168593575537	2.06293126833098	2.38045609394486	2.21727431164652	0.0772386785933097	2.06580585948289	2.36874276381015
1.95448970531356	0.0879818418392116	1.7820452953087	2.12693411531841	2.01945281084117	0.115149056670771	1.79376065976646	2.24514496191588	2.01945281084117	0.0879818418392116	1.85141212644079	2.18966505210085	2.02140637723745	0.0858864937469628	1.85296579751127	2.18984695696362
2.06855708133125	0.129778267655182	1.81419167672709	2.32292248593541	2.06054145247196	0.171363253209659	1.72466947618103	2.39641342876289	2.06054145247196	0.129778267655182	1.81324413499471	2.29985891487382	2.06101803435361	0.123904523942098	1.81794985720003	2.30408621150719
2.16804977289304	0.125858077830008	1.92136794034622	2.41473160543986	2.09768437208836	0.154441749835725	1.79497854241034	2.40039020176638	2.09768437208836	0.125858077830008	1.88168066579277	2.3684670157845	2.09923255312983	0.118701110071794	1.86637706967343	2.33208803658624
1.83293198634555	0.0908930439741172	1.65478162015628	2.01108235253482	1.85048546058189	0.12112930479064	1.61307202319224	2.08789889797155	1.85048546058189	0.0908930439741172	1.67288451809314	2.02537937227277	1.85018032363499	0.0852609228597028	1.68296832179877	2.01739232547121
1.95335182299297	0.090584301607203	1.77580659184285	2.13089705414308	1.9105337325873	0.118483512746903	1.67830604760337	2.14276141757123	1.9105337325873	0.090584301607203	1.7412852730089	2.08924155213714	1.91069514381349	0.0858614599670021	1.7423091825575	2.07908110506947
1.97288121161324	0.0802562276819709	1.81557900535657	2.1301834178699	2.03619523724186	0.102997835107331	1.83431948043149	2.23807099405222	2.03619523724186	0.0802562276819709	1.87110985967427	2.17653173521509	2.03797041174951	0.0743273516795367	1.89222120713065	2.18371961636837
2.0655819903532	0.0918790752545297	1.88549900285432	2.24566497785207	1.9879286798828	0.120473255463599	1.75180109917414	2.22405626059145	1.9879286798828	0.0918790752545297	1.80623156325936	2.16524704386276	1.99087354215273	0.0878304798819234	1.81862026635607	2.16312681794939
1.99466452311728	0.0961403582626452	1.80622942092249	2.18309962531206	2.04795181816526	0.126522244239519	1.7999682194558	2.29593541687472	2.04795181816526	0.0961403582626452	1.86824576611459	2.25706443431002	2.04819987521225	0.0897300495286921	1.87220920768007	2.22419054274442
2.00171336741018	0.0813333788478818	1.84229994486833	2.16112678995202	2.02090991861771	0.106125523209587	1.81290389312692	2.2289159441085	2.02090991861771	0.0813333788478818	1.85938872434116	2.18162452466534	2.02077993590699	0.0759581905962391	1.87182805167939	2.16973182013459
2.04367926955209	0.0966055340747917	1.85433242276549	2.23302611633868	2.0142572038305	0.129458308218213	1.7605189197228	2.2679954879382	2.0142572038305	0.0966055340747917	1.82712195460206	2.21637818071709	2.00976415104926	0.089652275219165	1.83393230827545	2.18559599382308
2.02515530098675	0.103494552167136	1.82230597873916	2.22800462323433	1.99397010788368	0.135152153816151	1.72907188640402	2.25886832936333	1.99397010788368	0.103494552167136	1.78388601087202	2.19377515637682	1.99519338502392	0.0957811295930507	1.80733022186018	2.18305654818766
1.9296444741025	0.103508733310178	1.72676735681455	2.13252159139044	1.89368722681746	0.135983174877924	1.62716020405673	2.16021424957819	1.89368722681746	0.103508733310178	1.71502786160596	2.10580604282062	1.89445656573196	0.0990403625838284	1.70019565826885	2.08871747319507
1.97013026170526	0.0865126187041447	1.80056552904513	2.13969499436538	1.98890210643191	0.115127299582996	1.76325259924923	2.21455161361458	1.98890210643191	0.0865126187041447	1.81834704276198	2.1703161598865	1.99174346282738	0.080195988945771	1.83447022641879	2.14901669923597
1.97626177213617	0.0791282409598965	1.82117041985477	2.13135312441756	1.98580066883426	0.100860235264638	1.78811460771557	2.18348672995295	1.98580066883426	0.0791282409598965	1.82333676056796	2.13172101620627	1.98756465291327	0.0758932603276549	1.83873824854474	2.13639105728181
1.91979046299335	0.0853334262268155	1.75253694758879	2.0870439783979	1.94960703816575	0.109111730277424	1.73574804682199	2.1634660295095	1.94960703816575	0.0853334262268155	1.78557232484304	2.11078927385762	1.95121060523057	0.0828197183982834	1.78878576597809	2.11363544448306
1.99212948112112	0.0900327719451661	1.81566524810859	2.16859371413364	1.99287173178489	0.118821643747555	1.75998131003968	2.2257621535301	1.99287173178489	0.0900327719451661	1.82180400080743	2.16435606724863	1.99226621939885	0.081140671787414	1.83313257200083	2.15139986679686
1.97788828742012	0.0775710780190429	1.8258489745028	2.12992760033745	2.01198594350975	0.0983649122476315	1.81919071550439	2.20478117151511	2.01198594350975	0.0775710780190429	1.86718296420241	2.16937730348816	2.01311921342053	0.0736392220450461	1.86871495817287	2.15752346866819
2.12049487600868	0.091205997826041	1.94173112026964	2.29925863174772	2.10373381501137	0.11853675423372	1.87140177671328	2.33606585330946	2.10373381501137	0.091205997826041	1.92103826342342	2.28753508698699	2.10402537324434	0.0849570243909715	1.93740924771433	2.27064149877434
1.90242630447488	0.0880806510892762	1.7297882283399	2.07506438060986	1.89260881188642	0.110754013434829	1.67553094555416	2.10968667821869	1.89260881188642	0.0880806510892762	1.71652950596744	2.06863250717767	1.89289692031475	0.0841326315492784	1.727896320017	2.0578975206125
2.0534137649596	0.0929705146207934	1.87119155630284	2.23563597361635	2.081545448311	0.120727049726541	1.84492043084698	2.31817046577502	2.081545448311	0.0929705146207934	1.89162920197825	2.26428451495012	2.08318541562809	0.0856890681858477	1.91513679531501	2.25123403594117
1.97196368746289	0.0898969360815003	1.79576569274315	2.14816168218263	1.98275653293401	0.117858304483572	1.75175425614621	2.21375880972181	1.98275653293401	0.0898969360815003	1.79619453186225	2.1532049541477	1.98278146586798	0.0855297068217425	1.81503694312782	2.15052598860813
2.19385259017556	0.089504453854659	2.01842386062043	2.36928131973069	2.14573042884201	0.113980408839108	1.92232882751736	2.36913203016666	2.14573042884201	0.089504453854659	1.97331014820957	2.3341876744267	2.14465553069176	0.0851769383486298	1.97760422494727	2.31170683643624
2.08602963832199	0.107625008800612	1.87508462107279	2.29697465557119	2.05961608413678	0.133773006686908	1.79742099103044	2.32181117724312	2.05961608413678	0.107625008800612	1.83428939498527	2.25618550904972	2.06241219745835	0.106144333572154	1.85420120403	2.2706231908867
1.9548477715599	0.0840872407470186	1.79003677969575	2.11965876342406	1.92450913762715	0.110495712758517	1.70793754062046	2.14108073463384	1.92450913762715	0.0840872407470186	1.74389106706607	2.07713865168506	1.92546128595043	0.0798207049513919	1.76892407190072	2.08199850000013
2.0376986748542	0.0797910671004835	1.88130818333725	2.19408916637115	2.06617202883899	0.102794771867409	1.86469427597887	2.26764978169911	2.06617202883899	0.0797910671004835	1.90751442864246	2.21748192701664	2.07146273196394	0.0753822370557063	1.9236426206595	2.21928284326837
2.14657921513926	0.100843302807531	1.9489263416365	2.34423208864202	2.13423893582244	0.132102975666897	1.87531710351532	2.39316076812956	2.13423893582244	0.100843302807531	1.95649642997637	2.35803775098736	2.13415843973402	0.0922985991193669	1.9531291700508	2.31518770941724
2.02190286299749	0.091092212000088	1.84336212747731	2.20044359851766	1.97217932841111	0.122742645191414	1.73160374383594	2.21275491298628	1.97217932841111	0.091092212000088	1.79346564387601	2.15303940550838	1.97607321495085	0.0855028240914876	1.80838003424546	2.14376639565624
1.96709225298348	0.0932517052220118	1.78431891074834	2.14986559521863	1.97612412225358	0.122572011672872	1.73588297937475	2.21636526513241	1.97612412225358	0.0932517052220118	1.79041648889448	2.15768568084084	1.97998936317335	0.0854796795304123	1.81234816940847	2.14763055693824
2.05847070325594	0.115008642652694	1.83305376365666	2.28388764285522	1.9760844245071	0.151040042914672	1.68004594039434	2.27212290861985	1.9760844245071	0.115008642652694	1.7311233410658	2.18382191771522	1.9758549766215	0.108311210063516	1.76339566606436	2.18831428717865
1.89812461381719	0.0876531821934581	1.72632437671801	2.06992485091637	1.92188720771043	0.114469561274841	1.69752686761174	2.14624754780912	1.92188720771043	0.0876531821934581	1.7455699700961	2.09429652631059	1.92153522202416	0.0834475761862398	1.75788019658764	2.08519024746068
1.90204773746133	0.0897795475885185	1.72607982418784	2.07801565073483	1.9469610140074	0.120852052525061	1.71009099105828	2.18383103695652	1.9469610140074	0.0897795475885185	1.77517228975554	2.11424006093092	1.94808670612225	0.0828827193843405	1.78554592582278	2.11062748642172
NA	NA	NA	NA	NA	NA	NA	NA	NA	NA	NA	NA	NA	NA	NA	NA
NA	NA	NA	NA	NA	NA	NA	NA	NA	NA	NA	NA	NA	NA	NA	NA
NA	NA	NA	NA	NA	NA	NA	NA	NA	NA	NA	NA	NA	NA	NA	NA
NA	NA	NA	NA	NA	NA	NA	NA	NA	NA	NA	NA	NA	NA	NA	NA
NA	NA	NA	NA	NA	NA	NA	NA	NA	NA	NA	NA	NA	NA	NA	NA
NA	NA	NA	NA	NA	NA	NA	NA	NA	NA	NA	NA	NA	NA	NA	NA
NA	NA	NA	NA	NA	NA	NA	NA	NA	NA	NA	NA	NA	NA	NA	NA
NA	NA	NA	NA	NA	NA	NA	NA	NA	NA	NA	NA	NA	NA	NA	NA
NA	NA	NA	NA	NA	NA	NA	NA	NA	NA	NA	NA	NA	NA	NA	NA
NA	NA	NA	NA	NA	NA	NA	NA	NA	NA	NA	NA	NA	NA	NA	NA
NA	NA	NA	NA	NA	NA	NA	NA	NA	NA	NA	NA	NA	NA	NA	NA
NA	NA	NA	NA	NA	NA	NA	NA	NA	NA	NA	NA	NA	NA	NA	NA
NA	NA	NA	NA	NA	NA	NA	NA	NA	NA	NA	NA	NA	NA	NA	NA
NA	NA	NA	NA	NA	NA	NA	NA	NA	NA	NA	NA	NA	NA	NA	NA
NA	NA	NA	NA	NA	NA	NA	NA	NA	NA	NA	NA	NA	NA	NA	NA
NA	NA	NA	NA	NA	NA	NA	NA	NA	NA	NA	NA	NA	NA	NA	NA
NA	NA	NA	NA	NA	NA	NA	NA	NA	NA	NA	NA	NA	NA	NA	NA
NA	NA	NA	NA	NA	NA	NA	NA	NA	NA	NA	NA	NA	NA	NA	NA
NA	NA	NA	NA	NA	NA	NA	NA	NA	NA	NA	NA	NA	NA	NA	NA
NA	NA	NA	NA	NA	NA	NA	NA	NA	NA	NA	NA	NA	NA	NA	NA
NA	NA	NA	NA	NA	NA	NA	NA	NA	NA	NA	NA	NA	NA	NA	NA
NA	NA	NA	NA	NA	NA	NA	NA	NA	NA	NA	NA	NA	NA	NA	NA
NA	NA	NA	NA	NA	NA	NA	NA	NA	NA	NA	NA	NA	NA	NA	NA
NA	NA	NA	NA	NA	NA	NA	NA	NA	NA	NA	NA	NA	NA	NA	NA
NA	NA	NA	NA	NA	NA	NA	NA	NA	NA	NA	NA	NA	NA	NA	NA
NA	NA	NA	NA	NA	NA	NA	NA	NA	NA	NA	NA	NA	NA	NA	NA
NA	NA	NA	NA	NA	NA	NA	NA	NA	NA	NA	NA	NA	NA	NA	NA
NA	NA	NA	NA	NA	NA	NA	NA	NA	NA	NA	NA	NA	NA	NA	NA
NA	NA	NA	NA	NA	NA	NA	NA	NA	NA	NA	NA	NA	NA	NA	NA
NA	NA	NA	NA	NA	NA	NA	NA	NA	NA	NA	NA	NA	NA	NA	NA
NA	NA	NA	NA	NA	NA	NA	NA	NA	NA	NA	NA	NA	NA	NA	NA
NA	NA	NA	NA	NA	NA	NA	NA	NA	NA	NA	NA	NA	NA	NA	NA
NA	NA	NA	NA	NA	NA	NA	NA	NA	NA	NA	NA	NA	NA	NA	NA
NA	NA	NA	NA	NA	NA	NA	NA	NA	NA	NA	NA	NA	NA	NA	NA
NA	NA	NA	NA	NA	NA	NA	NA	NA	NA	NA	NA	NA	NA	NA	NA
NA	NA	NA	NA	NA	NA	NA	NA	NA	NA	NA	NA	NA	NA	NA	NA
NA	NA	NA	NA	NA	NA	NA	NA	NA	NA	NA	NA	NA	NA	NA	NA
NA	NA	NA	NA	NA	NA	NA	NA	NA	NA	NA	NA	NA	NA	NA	NA
NA	NA	NA	NA	NA	NA	NA	NA	NA	NA	NA	NA	NA	NA	NA	NA
NA	NA	NA	NA	NA	NA	NA	NA	NA	NA	NA	NA	NA	NA	NA	NA
NA	NA	NA	NA	NA	NA	NA	NA	NA	NA	NA	NA	NA	NA	NA	NA
NA	NA	NA	NA	NA	NA	NA	NA	NA	NA	NA	NA	NA	NA	NA	NA
NA	NA	NA	NA	NA	NA	NA	NA	NA	NA	NA	NA	NA	NA	NA	NA
NA	NA	NA	NA	NA	NA	NA	NA	NA	NA	NA	NA	NA	NA	NA	NA
NA	NA	NA	NA	NA	NA	NA	NA	NA	NA	NA	NA	NA	NA	NA	NA
NA	NA	NA	NA	NA	NA	NA	NA	NA	NA	NA	NA	NA	NA	NA	NA
NA	NA	NA	NA	NA	NA	NA	NA	NA	NA	NA	NA	NA	NA	NA	NA
NA	NA	NA	NA	NA	NA	NA	NA	NA	NA	NA	NA	NA	NA	NA	NA
NA	NA	NA	NA	NA	NA	NA	NA	NA	NA	NA	NA	NA	NA	NA	NA
NA	NA	NA	NA	NA	NA	NA	NA	NA	NA	NA	NA	NA	NA	NA	NA
NA	NA	NA	NA	NA	NA	NA	NA	NA	NA	NA	NA	NA	NA	NA	NA
NA	NA	NA	NA	NA	NA	NA	NA	NA	NA	NA	NA	NA	NA	NA	NA
NA	NA	NA	NA	NA	NA	NA	NA	NA	NA	NA	NA	NA	NA	NA	NA
NA	NA	NA	NA	NA	NA	NA	NA	NA	NA	NA	NA	NA	NA	NA	NA
NA	NA	NA	NA	NA	NA	NA	NA	NA	NA	NA	NA	NA	NA	NA	NA
NA	NA	NA	NA	NA	NA	NA	NA	NA	NA	NA	NA	NA	NA	NA	NA
NA	NA	NA	NA	NA	NA	NA	NA	NA	NA	NA	NA	NA	NA	NA	NA
NA	NA	NA	NA	NA	NA	NA	NA	NA	NA	NA	NA	NA	NA	NA	NA
NA	NA	NA	NA	NA	NA	NA	NA	NA	NA	NA	NA	NA	NA	NA	NA
NA	NA	NA	NA	NA	NA	NA	NA	NA	NA	NA	NA	NA	NA	NA	NA
NA	NA	NA	NA	NA	NA	NA	NA	NA	NA	NA	NA	NA	NA	NA	NA
NA	NA	NA	NA	NA	NA	NA	NA	NA	NA	NA	NA	NA	NA	NA	NA
NA	NA	NA	NA	NA	NA	NA	NA	NA	NA	NA	NA	NA	NA	NA	NA
NA	NA	NA	NA	NA	NA	NA	NA	NA	NA	NA	NA	NA	NA	NA	NA
NA	NA	NA	NA	NA	NA	NA	NA	NA	NA	NA	NA	NA	NA	NA	NA
NA	NA	NA	NA	NA	NA	NA	NA	NA	NA	NA	NA	NA	NA	NA	NA
NA	NA	NA	NA	NA	NA	NA	NA	NA	NA	NA	NA	NA	NA	NA	NA
NA	NA	NA	NA	NA	NA	NA	NA	NA	NA	NA	NA	NA	NA	NA	NA
NA	NA	NA	NA	NA	NA	NA	NA	NA	NA	NA	NA	NA	NA	NA	NA
NA	NA	NA	NA	NA	NA	NA	NA	NA	NA	NA	NA	NA	NA	NA	NA
NA	NA	NA	NA	NA	NA	NA	NA	NA	NA	NA	NA	NA	NA	NA	NA
NA	NA	NA	NA	NA	NA	NA	NA	NA	NA	NA	NA	NA	NA	NA	NA
NA	NA	NA	NA	NA	NA	NA	NA	NA	NA	NA	NA	NA	NA	NA	NA
NA	NA	NA	NA	NA	NA	NA	NA	NA	NA	NA	NA	NA	NA	NA	NA
NA	NA	NA	NA	NA	NA	NA	NA	NA	NA	NA	NA	NA	NA	NA	NA
NA	NA	NA	NA	NA	NA	NA	NA	NA	NA	NA	NA	NA	NA	NA	NA
NA	NA	NA	NA	NA	NA	NA	NA	NA	NA	NA	NA	NA	NA	NA	NA
NA	NA	NA	NA	NA	NA	NA	NA	NA	NA	NA	NA	NA	NA	NA	NA
NA	NA	NA	NA	NA	NA	NA	NA	NA	NA	NA	NA	NA	NA	NA	NA
NA	NA	NA	NA	NA	NA	NA	NA	NA	NA	NA	NA	NA	NA	NA	NA
NA	NA	NA	NA	NA	NA	NA	NA	NA	NA	NA	NA	NA	NA	NA	NA
NA	NA	NA	NA	NA	NA	NA	NA	NA	NA	NA	NA	NA	NA	NA	NA
NA	NA	NA	NA	NA	NA	NA	NA	NA	NA	NA	NA	NA	NA	NA	NA
NA	NA	NA	NA	NA	NA	NA	NA	NA	NA	NA	NA	NA	NA	NA	NA
NA	NA	NA	NA	NA	NA	NA	NA	NA	NA	NA	NA	NA	NA	NA	NA
NA	NA	NA	NA	NA	NA	NA	NA	NA	NA	NA	NA	NA	NA	NA	NA
NA	NA	NA	NA	NA	NA	NA	NA	NA	NA	NA	NA	NA	NA	NA	NA
NA	NA	NA	NA	NA	NA	NA	NA	NA	NA	NA	NA	NA	NA	NA	NA
NA	NA	NA	NA	NA	NA	NA	NA	NA	NA	NA	NA	NA	NA	NA	NA
NA	NA	NA	NA	NA	NA	NA	NA	NA	NA	NA	NA	NA	NA	NA	NA
NA	NA	NA	NA	NA	NA	NA	NA	NA	NA	NA	NA	NA	NA	NA	NA
NA	NA	NA	NA	NA	NA	NA	NA	NA	NA	NA	NA	NA	NA	NA	NA
NA	NA	NA	NA	NA	NA	NA	NA	NA	NA	NA	NA	NA	NA	NA	NA
NA	NA	NA	NA	NA	NA	NA	NA	NA	NA	NA	NA	NA	NA	NA	NA
NA	NA	NA	NA	NA	NA	NA	NA	NA	NA	NA	NA	NA	NA	NA	NA
NA	NA	NA	NA	NA	NA	NA	NA	NA	NA	NA	NA	NA	NA	NA	NA
NA	NA	NA	NA	NA	NA	NA	NA	NA	NA	NA	NA	NA	NA	NA	NA
NA	NA	NA	NA	NA	NA	NA	NA	NA	NA	NA	NA	NA	NA	NA	NA
NA	NA	NA	NA	NA	NA	NA	NA	NA	NA	NA	NA	NA	NA	NA	NA
NA	NA	NA	NA	NA	NA	NA	NA	NA	NA	NA	NA	NA	NA	NA	NA
NA	NA	NA	NA	NA	NA	NA	NA	NA	NA	NA	NA	NA	NA	NA	NA
NA	NA	NA	NA	NA	NA	NA	NA	NA	NA	NA	NA	NA	NA	NA	NA
NA	NA	NA	NA	NA	NA	NA	NA	NA	NA	NA	NA	NA	NA	NA	NA
NA	NA	NA	NA	NA	NA	NA	NA	NA	NA	NA	NA	NA	NA	NA	NA
NA	NA	NA	NA	NA	NA	NA	NA	NA	NA	NA	NA	NA	NA	NA	NA
NA	NA	NA	NA	NA	NA	NA	NA	NA	NA	NA	NA	NA	NA	NA	NA
NA	NA	NA	NA	NA	NA	NA	NA	NA	NA	NA	NA	NA	NA	NA	NA
NA	NA	NA	NA	NA	NA	NA	NA	NA	NA	NA	NA	NA	NA	NA	NA
NA	NA	NA	NA	NA	NA	NA	NA	NA	NA	NA	NA	NA	NA	NA	NA
NA	NA	NA	NA	NA	NA	NA	NA	NA	NA	NA	NA	NA	NA	NA	NA
NA	NA	NA	NA	NA	NA	NA	NA	NA	NA	NA	NA	NA	NA	NA	NA
NA	NA	NA	NA	NA	NA	NA	NA	NA	NA	NA	NA	NA	NA	NA	NA
NA	NA	NA	NA	NA	NA	NA	NA	NA	NA	NA	NA	NA	NA	NA	NA
NA	NA	NA	NA	NA	NA	NA	NA	NA	NA	NA	NA	NA	NA	NA	NA
NA	NA	NA	NA	NA	NA	NA	NA	NA	NA	NA	NA	NA	NA	NA	NA
NA	NA	NA	NA	NA	NA	NA	NA	NA	NA	NA	NA	NA	NA	NA	NA
NA	NA	NA	NA	NA	NA	NA	NA	NA	NA	NA	NA	NA	NA	NA	NA
NA	NA	NA	NA	NA	NA	NA	NA	NA	NA	NA	NA	NA	NA	NA	NA
NA	NA	NA	NA	NA	NA	NA	NA	NA	NA	NA	NA	NA	NA	NA	NA
NA	NA	NA	NA	NA	NA	NA	NA	NA	NA	NA	NA	NA	NA	NA	NA
NA	NA	NA	NA	NA	NA	NA	NA	NA	NA	NA	NA	NA	NA	NA	NA
NA	NA	NA	NA	NA	NA	NA	NA	NA	NA	NA	NA	NA	NA	NA	NA
NA	NA	NA	NA	NA	NA	NA	NA	NA	NA	NA	NA	NA	NA	NA	NA
NA	NA	NA	NA	NA	NA	NA	NA	NA	NA	NA	NA	NA	NA	NA	NA
NA	NA	NA	NA	NA	NA	NA	NA	NA	NA	NA	NA	NA	NA	NA	NA
NA	NA	NA	NA	NA	NA	NA	NA	NA	NA	NA	NA	NA	NA	NA	NA
NA	NA	NA	NA	NA	NA	NA	NA	NA	NA	NA	NA	NA	NA	NA	NA
NA	NA	NA	NA	NA	NA	NA	NA	NA	NA	NA	NA	NA	NA	NA	NA
NA	NA	NA	NA	NA	NA	NA	NA	NA	NA	NA	NA	NA	NA	NA	NA
NA	NA	NA	NA	NA	NA	NA	NA	NA	NA	NA	NA	NA	NA	NA	NA
NA	NA	NA	NA	NA	NA	NA	NA	NA	NA	NA	NA	NA	NA	NA	NA
NA	NA	NA	NA	NA	NA	NA	NA	NA	NA	NA	NA	NA	NA	NA	NA
NA	NA	NA	NA	NA	NA	NA	NA	NA	NA	NA	NA	NA	NA	NA	NA
NA	NA	NA	NA	NA	NA	NA	NA	NA	NA	NA	NA	NA	NA	NA	NA
NA	NA	NA	NA	NA	NA	NA	NA	NA	NA	NA	NA	NA	NA	NA	NA
NA	NA	NA	NA	NA	NA	NA	NA	NA	NA	NA	NA	NA	NA	NA	NA
NA	NA	NA	NA	NA	NA	NA	NA	NA	NA	NA	NA	NA	NA	NA	NA
NA	NA	NA	NA	NA	NA	NA	NA	NA	NA	NA	NA	NA	NA	NA	NA
NA	NA	NA	NA	NA	NA	NA	NA	NA	NA	NA	NA	NA	NA	NA	NA
NA	NA	NA	NA	NA	NA	NA	NA	NA	NA	NA	NA	NA	NA	NA	NA
NA	NA	NA	NA	NA	NA	NA	NA	NA	NA	NA	NA	NA	NA	NA	NA
NA	NA	NA	NA	NA	NA	NA	NA	NA	NA	NA	NA	NA	NA	NA	NA
NA	NA	NA	NA	NA	NA	NA	NA	NA	NA	NA	NA	NA	NA	NA	NA
NA	NA	NA	NA	NA	NA	NA	NA	NA	NA	NA	NA	NA	NA	NA	NA
NA	NA	NA	NA	NA	NA	NA	NA	NA	NA	NA	NA	NA	NA	NA	NA
NA	NA	NA	NA	NA	NA	NA	NA	NA	NA	NA	NA	NA	NA	NA	NA
NA	NA	NA	NA	NA	NA	NA	NA	NA	NA	NA	NA	NA	NA	NA	NA
NA	NA	NA	NA	NA	NA	NA	NA	NA	NA	NA	NA	NA	NA	NA	NA
NA	NA	NA	NA	NA	NA	NA	NA	NA	NA	NA	NA	NA	NA	NA	NA
NA	NA	NA	NA	NA	NA	NA	NA	NA	NA	NA	NA	NA	NA	NA	NA
NA	NA	NA	NA	NA	NA	NA	NA	NA	NA	NA	NA	NA	NA	NA	NA
NA	NA	NA	NA	NA	NA	NA	NA	NA	NA	NA	NA	NA	NA	NA	NA
NA	NA	NA	NA	NA	NA	NA	NA	NA	NA	NA	NA	NA	NA	NA	NA
NA	NA	NA	NA	NA	NA	NA	NA	NA	NA	NA	NA	NA	NA	NA	NA
NA	NA	NA	NA	NA	NA	NA	NA	NA	NA	NA	NA	NA	NA	NA	NA
NA	NA	NA	NA	NA	NA	NA	NA	NA	NA	NA	NA	NA	NA	NA	NA
NA	NA	NA	NA	NA	NA	NA	NA	NA	NA	NA	NA	NA	NA	NA	NA
NA	NA	NA	NA	NA	NA	NA	NA	NA	NA	NA	NA	NA	NA	NA	NA
NA	NA	NA	NA	NA	NA	NA	NA	NA	NA	NA	NA	NA	NA	NA	NA
NA	NA	NA	NA	NA	NA	NA	NA	NA	NA	NA	NA	NA	NA	NA	NA
NA	NA	NA	NA	NA	NA	NA	NA	NA	NA	NA	NA	NA	NA	NA	NA
NA	NA	NA	NA	NA	NA	NA	NA	NA	NA	NA	NA	NA	NA	NA	NA
NA	NA	NA	NA	NA	NA	NA	NA	NA	NA	NA	NA	NA	NA	NA	NA
NA	NA	NA	NA	NA	NA	NA	NA	NA	NA	NA	NA	NA	NA	NA	NA
NA	NA	NA	NA	NA	NA	NA	NA	NA	NA	NA	NA	NA	NA	NA	NA
NA	NA	NA	NA	NA	NA	NA	NA	NA	NA	NA	NA	NA	NA	NA	NA
NA	NA	NA	NA	NA	NA	NA	NA	NA	NA	NA	NA	NA	NA	NA	NA
NA	NA	NA	NA	NA	NA	NA	NA	NA	NA	NA	NA	NA	NA	NA	NA
NA	NA	NA	NA	NA	NA	NA	NA	NA	NA	NA	NA	NA	NA	NA	NA
NA	NA	NA	NA	NA	NA	NA	NA	NA	NA	NA	NA	NA	NA	NA	NA
NA	NA	NA	NA	NA	NA	NA	NA	NA	NA	NA	NA	NA	NA	NA	NA
NA	NA	NA	NA	NA	NA	NA	NA	NA	NA	NA	NA	NA	NA	NA	NA
NA	NA	NA	NA	NA	NA	NA	NA	NA	NA	NA	NA	NA	NA	NA	NA
NA	NA	NA	NA	NA	NA	NA	NA	NA	NA	NA	NA	NA	NA	NA	NA
NA	NA	NA	NA	NA	NA	NA	NA	NA	NA	NA	NA	NA	NA	NA	NA
NA	NA	NA	NA	NA	NA	NA	NA	NA	NA	NA	NA	NA	NA	NA	NA
NA	NA	NA	NA	NA	NA	NA	NA	NA	NA	NA	NA	NA	NA	NA	NA
NA	NA	NA	NA	NA	NA	NA	NA	NA	NA	NA	NA	NA	NA	NA	NA
NA	NA	NA	NA	NA	NA	NA	NA	NA	NA	NA	NA	NA	NA	NA	NA
NA	NA	NA	NA	NA	NA	NA	NA	NA	NA	NA	NA	NA	NA	NA	NA
NA	NA	NA	NA	NA	NA	NA	NA	NA	NA	NA	NA	NA	NA	NA	NA
NA	NA	NA	NA	NA	NA	NA	NA	NA	NA	NA	NA	NA	NA	NA	NA
NA	NA	NA	NA	NA	NA	NA	NA	NA	NA	NA	NA	NA	NA	NA	NA
NA	NA	NA	NA	NA	NA	NA	NA	NA	NA	NA	NA	NA	NA	NA	NA
NA	NA	NA	NA	NA	NA	NA	NA	NA	NA	NA	NA	NA	NA	NA	NA
NA	NA	NA	NA	NA	NA	NA	NA	NA	NA	NA	NA	NA	NA	NA	NA
NA	NA	NA	NA	NA	NA	NA	NA	NA	NA	NA	NA	NA	NA	NA	NA
NA	NA	NA	NA	NA	NA	NA	NA	NA	NA	NA	NA	NA	NA	NA	NA
NA	NA	NA	NA	NA	NA	NA	NA	NA	NA	NA	NA	NA	NA	NA	NA
NA	NA	NA	NA	NA	NA	NA	NA	NA	NA	NA	NA	NA	NA	NA	NA
NA	NA	NA	NA	NA	NA	NA	NA	NA	NA	NA	NA	NA	NA	NA	NA
NA	NA	NA	NA	NA	NA	NA	NA	NA	NA	NA	NA	NA	NA	NA	NA
NA	NA	NA	NA	NA	NA	NA	NA	NA	NA	NA	NA	NA	NA	NA	NA
NA	NA	NA	NA	NA	NA	NA	NA	NA	NA	NA	NA	NA	NA	NA	NA
NA	NA	NA	NA	NA	NA	NA	NA	NA	NA	NA	NA	NA	NA	NA	NA
NA	NA	NA	NA	NA	NA	NA	NA	NA	NA	NA	NA	NA	NA	NA	NA
NA	NA	NA	NA	NA	NA	NA	NA	NA	NA	NA	NA	NA	NA	NA	NA
NA	NA	NA	NA	NA	NA	NA	NA	NA	NA	NA	NA	NA	NA	NA	NA
NA	NA	NA	NA	NA	NA	NA	NA	NA	NA	NA	NA	NA	NA	NA	NA
NA	NA	NA	NA	NA	NA	NA	NA	NA	NA	NA	NA	NA	NA	NA	NA
